4.250000000000000000e+02 1.838965659544141484e+00 4.162091140073425621e-01
4.306532663316583012e+02 1.960414434388934257e+00 3.877193868611617522e-01
4.363065326633166023e+02 2.024123507033571023e+00 3.722232626081354856e-01
4.419597989949749035e+02 2.070143540499006285e+00 3.600195715578177746e-01
4.476130653266331478e+02 2.108070888516761610e+00 3.489288130436399293e-01
4.532663316582914490e+02 2.141641153385620999e+00 3.381085424831041797e-01
4.589195979899497502e+02 2.172682002470748053e+00 3.271290792059079466e-01
4.645728643216080513e+02 2.202217492729135806e+00 3.157228881949989963e-01
4.702261306532663525e+02 2.230874522366868895e+00 3.036919767332158515e-01
4.758793969849245968e+02 2.259059928370033443e+00 2.908645667496681519e-01
4.815326633165828980e+02 2.287046434060802547e+00 2.770689011218716580e-01
4.871859296482411992e+02 2.315016516579978756e+00 2.621114336934886047e-01
4.928391959798995003e+02 2.343083203278261362e+00 2.457515043689195711e-01
4.984924623115578015e+02 2.371293598389823565e+00 2.276632285437256986e-01
5.041457286432161027e+02 2.399610177449793547e+00 2.073666179618394168e-01
5.097989949748744039e+02 2.427841746024838709e+00 1.840815380011258939e-01
5.154522613065327050e+02 2.455400854984830072e+00 1.563516054243269393e-01
5.211055276381910062e+02 2.480111782841686097e+00 1.207155573903223311e-01
5.267587939698491937e+02 2.479585545719667383e+00 6.091373653778334868e-02
5.324120603015074948e+02 2.440764888579446623e+00 1.704263451452434075e-02
5.380653266331657960e+02 2.397923189997062110e+00 1.769587383703765532e-02
5.437185929648240972e+02 2.372620979887815729e+00 1.823214033689817340e-02
5.493718592964823983e+02 2.354633460147311119e+00 1.871639148970716954e-02
5.550251256281406995e+02 2.340807125445468984e+00 1.916837539339325339e-02
5.606783919597990007e+02 2.329693873735761755e+00 1.959689560361669441e-02
5.663316582914573019e+02 2.320495309697141462e+00 2.000647829274383727e-02
5.719849246231156030e+02 2.312721821034957159e+00 2.039937334288020182e-02
5.776381909547739042e+02 2.306052922445736897e+00 2.077598968195042833e-02
5.832914572864322054e+02 2.300274181608144453e+00 2.113382536326574232e-02
5.889447236180903928e+02 2.295262631067669812e+00 2.146082064291517794e-02
5.945979899497488077e+02 2.291167290657354805e+00 2.166797206422304417e-02
6.002512562814069952e+02 2.296783101553043771e+00 1.569095989027157606e-02
6.059045226130652964e+02 2.293473467487257000e+00 1.540318968762447588e-02
6.115577889447235975e+02 2.290208203086971928e+00 1.544150356400602817e-02
6.172110552763818987e+02 2.287212689727577519e+00 1.550648043867087524e-02
6.228643216080401999e+02 2.284467233797186303e+00 1.557688387873110841e-02
6.285175879396985010e+02 2.281944386377615874e+00 1.564769190273868765e-02
6.341708542713568022e+02 2.279618982489212797e+00 1.571721104876639893e-02
6.398241206030151034e+02 2.277469115394597843e+00 1.578478111781751389e-02
6.454773869346734045e+02 2.275475892427101243e+00 1.585014155548568338e-02
6.511306532663315920e+02 2.273623011147114514e+00 1.591320842068681338e-02
6.567839195979900069e+02 2.271896354928240491e+00 1.597398253269311993e-02
6.624371859296481944e+02 2.270283646154038770e+00 1.603250727744938084e-02
6.680904522613064955e+02 2.268774157807100345e+00 1.608884763535761361e-02
6.737437185929647967e+02 2.267358475639743798e+00 1.614307914016973808e-02
6.793969849246230979e+02 2.266028302116022797e+00 1.619528182284358381e-02
6.850502512562813990e+02 2.264776294301086068e+00 1.624553679867029102e-02
6.907035175879397002e+02 2.263595929229060832e+00 1.629392431933608665e-02
6.963567839195980014e+02 2.262481391538881059e+00 1.634052266447767743e-02
7.020100502512563025e+02 2.261427479218682368e+00 1.638540752770722975e-02
7.076633165829146037e+02 2.260429524143598101e+00 1.642865169968420538e-02
7.133165829145727912e+02 2.259483324759253620e+00 1.647032493167787867e-02
7.189698492462312061e+02 2.258585088788340745e+00 1.651049390951487422e-02
7.246231155778893935e+02 2.257731384250692308e+00 1.654922229482388638e-02
7.302763819095478084e+02 2.256919097413076614e+00 1.658657080644656417e-02
7.359296482412059959e+02 2.256145396542872827e+00 1.662259732502679999e-02
7.415829145728642970e+02 2.255407700545020155e+00 1.665735701018461815e-02
7.472361809045225982e+02 2.254703651725692204e+00 1.669090242273835525e-02
7.528894472361808994e+02 2.254031092057968699e+00 1.672328364835545811e-02
7.585427135678392006e+02 2.253388042431240912e+00 1.675454841919927704e-02
7.641959798994975017e+02 2.252772684452481577e+00 1.678474223223458059e-02
7.698492462311558029e+02 2.252183344437961754e+00 1.681390846306227149e-02
7.755025125628139904e+02 2.251618479291717101e+00 1.684208847480671983e-02
7.811557788944724052e+02 2.251076664014566742e+00 1.686932172168306016e-02
7.868090452261305927e+02 2.250556580626744907e+00 1.689564584734398051e-02
7.924623115577890076e+02 2.250057008319780838e+00 1.692109677798285874e-02
7.981155778894471950e+02 2.249576814680422920e+00 1.694570881036572621e-02
8.037688442211054962e+02 2.249114947852094648e+00 1.696951469510799351e-02
8.094221105527637974e+02 2.248670429518443648e+00 1.699254571511962450e-02
8.150753768844220986e+02 2.248242348609599706e+00 1.701483175990597951e-02
8.207286432160803997e+02 2.247829855645334440e+00 1.703640139552540719e-02
8.263819095477387009e+02 2.247432157640826489e+00 1.705728193075817245e-02
8.320351758793970021e+02 2.247048513510533141e+00 1.707749947948754288e-02
8.376884422110551895e+02 2.246678229914032876e+00 1.709707901974775318e-02
8.433417085427136044e+02 2.246320657494839335e+00 1.711604444937117608e-02
8.489949748743717919e+02 2.245975187469346324e+00 1.713441863868780599e-02
8.546482412060302067e+02 2.245641248528335243e+00 1.715222348032783770e-02
8.603015075376883942e+02 2.245318304018026900e+00 1.716947993627208902e-02
8.659547738693468091e+02 2.245005849371625395e+00 1.718620808245366338e-02
8.716080402010049966e+02 2.244703409765683499e+00 1.720242715086873000e-02
8.772613065326632977e+02 2.244410537978630771e+00 1.721815556957362672e-02
8.829145728643215989e+02 2.244126812431351592e+00 1.723341100043394858e-02
8.885678391959799001e+02 2.243851835391994065e+00 1.724821037502765816e-02
8.942211055276382012e+02 2.243585231329143337e+00 1.726256992855598055e-02
8.998743718592965024e+02 2.243326645399230657e+00 1.727650523210091937e-02
9.055276381909548036e+02 2.243075742055576249e+00 1.729003122313795687e-02
9.111809045226129911e+02 2.242832203767802568e+00 1.730316223454304511e-02
9.168341708542714059e+02 2.242595729841516672e+00 1.731591202208450711e-02
9.224874371859295934e+02 2.242366035329234730e+00 1.732829379057961722e-02
9.281407035175880083e+02 2.242142850024412049e+00 1.734032021868689086e-02
9.337939698492461957e+02 2.241925917531285783e+00 1.735200348245631921e-02
9.394472361809044969e+02 2.241714994403942285e+00 1.736335527776952659e-02
9.451005025125627981e+02 2.241509849348683581e+00 1.737438684156895896e-02
9.507537688442210992e+02 2.241310262484326632e+00 1.738510897218257037e-02
9.564070351758794004e+02 2.241116024655601002e+00 1.739553204851096782e-02
9.620603015075377016e+02 2.240926936795248015e+00 1.740566604837937709e-02
9.677135678391960028e+02 2.240742809330846796e+00 1.741552056597128750e-02
9.733668341708543039e+02 2.240563461632762099e+00 1.742510482839999472e-02
9.790201005025126051e+02 2.240388721499926294e+00 1.743442771153627668e-02
9.846733668341707926e+02 2.240218424680473053e+00 1.744349775500523420e-02
9.903266331658290937e+02 2.240052414424507976e+00 1.745232317658275759e-02
9.959798994974873949e+02 2.239890541066529739e+00 1.746091188582583192e-02
1.001633165829145696e+03 2.239732661635246647e+00 1.746927149703782212e-02
1.007286432160803997e+03 2.239578639488716938e+00 1.747740934175740293e-02
1.012939698492462298e+03 2.239428343972919677e+00 1.748533248053943737e-02
1.018592964824120600e+03 2.239281650102030952e+00 1.749304771422785509e-02
1.024246231155778787e+03 2.239138438258811536e+00 1.750056159474151427e-02
1.029899497487437202e+03 2.238998593913653856e+00 1.750788043535549121e-02
1.035552763819095617e+03 2.238862007360954642e+00 1.751501032042165201e-02
1.041206030150753804e+03 2.238728573471574279e+00 1.752195711485224697e-02
1.046859296482411992e+03 2.238598191460265951e+00 1.752872647292880864e-02
1.052512562814070407e+03 2.238470764667023882e+00 1.753532384687328180e-02
1.058165829145728594e+03 2.238346200351396753e+00 1.754175449500895712e-02
1.063819095477386782e+03 2.238224409498881240e+00 1.754802348954159763e-02
1.069472361809045196e+03 2.238105306638581649e+00 1.755413572395255958e-02
1.075125628140703611e+03 2.237988809671376700e+00 1.756009592014737969e-02
1.080778894472361799e+03 2.237874839707902019e+00 1.756590863524971208e-02
1.086432160804019986e+03 2.237763320915703069e+00 1.757157826805695253e-02
1.092085427135678401e+03 2.237654180374956780e+00 1.757710906531258221e-02
1.097738693467336816e+03 2.237547347942217435e+00 1.758250512755814635e-02
1.103391959798995003e+03 2.237442756121665433e+00 1.758777041492156495e-02
1.109045226130653191e+03 2.237340339943390433e+00 1.759290875247801131e-02
1.114698492462311606e+03 2.237240036848261671e+00 1.759792383546383149e-02
1.120351758793969793e+03 2.237141786578982217e+00 1.760281923432033269e-02
1.126005025125627981e+03 2.237045531076936822e+00 1.760759839936778398e-02
1.131658291457286396e+03 2.236951214384485187e+00 1.761226466547743605e-02
1.137311557788944810e+03 2.236858782552368918e+00 1.761682125631459928e-02
1.142964824120602998e+03 2.236768183551925748e+00 1.762127128870925180e-02
1.148618090452261185e+03 2.236679367191816148e+00 1.762561777648763775e-02
1.154271356783919600e+03 2.236592285039010086e+00 1.762986363443441035e-02
1.159924623115578015e+03 2.236506890343767040e+00 1.763401168194556057e-02
1.165577889447236203e+03 2.236423137968392982e+00 1.763806464654982947e-02
1.171231155778894390e+03 2.236340984319542091e+00 1.764202516735019488e-02
1.176884422110552805e+03 2.236260387283869111e+00 1.764589579818505102e-02
1.182537688442210992e+03 2.236181306166838301e+00 1.764967901087520497e-02
1.188190954773869180e+03 2.236103701634513108e+00 1.765337719805422367e-02
1.193844221105527595e+03 2.236027535658156040e+00 1.765699267618704021e-02
1.199497487437186010e+03 2.235952771461485966e+00 1.766052768824920988e-02
1.205150753768844197e+03 2.235879373470444964e+00 1.766398440635701464e-02
1.210804020100502385e+03 2.235807307265339716e+00 1.766736493434904395e-02
1.216457286432160799e+03 2.235736539535222001e+00 1.767067131020681747e-02
1.222110552763819214e+03 2.235667038034396814e+00 1.767390550836539856e-02
1.227763819095477402e+03 2.235598771540939556e+00 1.767706944201508784e-02
1.233417085427135589e+03 2.235531709817109025e+00 1.768016496523143119e-02
1.239070351758794004e+03 2.235465823571572308e+00 1.768319387502202342e-02
1.244723618090452419e+03 2.235401084423330520e+00 1.768615791335338694e-02
1.250376884422110379e+03 2.235337464867266810e+00 1.768905876909555516e-02
1.256030150753768794e+03 2.235274938241229137e+00 1.769189807975928355e-02
1.261683417085427209e+03 2.235213478694570544e+00 1.769467743339033297e-02
1.267336683417085396e+03 2.235153061158069221e+00 1.769739837018185352e-02
1.272989949748743584e+03 2.235093661315167957e+00 1.770006238414411834e-02
1.278643216080401999e+03 2.235035255574452151e+00 1.770267092471895440e-02
1.284296482412060413e+03 2.234977821043321100e+00 1.770522539817613247e-02
1.289949748743718601e+03 2.234921335502778827e+00 1.770772716921847206e-02
1.295603015075376788e+03 2.234865777383298724e+00 1.771017756229421175e-02
1.301256281407035203e+03 2.234811125741707816e+00 1.771257786290543132e-02
1.306909547738693618e+03 2.234757360239036927e+00 1.771492931907564516e-02
1.312562814070351806e+03 2.234704461119296770e+00 1.771723314237509672e-02
1.318216080402009993e+03 2.234652409189128441e+00 1.771949050931873049e-02
1.323869346733668408e+03 2.234601185798295475e+00 1.772170256242261779e-02
1.329522613065326595e+03 2.234550772820965925e+00 1.772387041133258873e-02
1.335175879396984783e+03 2.234501152637760946e+00 1.772599513392499396e-02
1.340829145728643198e+03 2.234452308118523689e+00 1.772807777734217854e-02
1.346482412060301613e+03 2.234404222605778312e+00 1.773011935896279950e-02
1.352135678391959800e+03 2.234356879898848902e+00 1.773212086738232968e-02
1.357788944723617988e+03 2.234310264238607679e+00 1.773408326334122501e-02
1.363442211055276402e+03 2.234264360292821383e+00 1.773600748061342908e-02
1.369095477386934817e+03 2.234219153142070979e+00 1.773789442689284110e-02
1.374748743718593005e+03 2.234174628266217599e+00 1.773974498457780991e-02
1.380402010050251192e+03 2.234130771531395609e+00 1.774156001162891655e-02
1.386055276381909607e+03 2.234087569177496402e+00 1.774334034227488185e-02
1.391708542713567795e+03 2.234045007806138461e+00 1.774508678782953791e-02
1.397361809045225982e+03 2.234003074369089070e+00 1.774680013735711187e-02
1.403015075376884397e+03 2.233961756157122114e+00 1.774848115841116611e-02
1.408668341708542812e+03 2.233921040789295986e+00 1.775013059765957746e-02
1.414321608040200999e+03 2.233880916202630296e+00 1.775174918154581727e-02
1.419974874371859187e+03 2.233841370642162705e+00 1.775333761696147941e-02
1.425628140703517602e+03 2.233802392651375701e+00 1.775489659179260368e-02
1.431281407035176017e+03 2.233763971062971088e+00 1.775642677547744491e-02
1.436934673366834204e+03 2.233726094989981092e+00 1.775792881966325315e-02
1.442587939698492391e+03 2.233688753817202777e+00 1.775940335866199246e-02
1.448241206030150806e+03 2.233651937192938863e+00 1.776085101003018613e-02
1.453894472361808994e+03 2.233615635021034329e+00 1.776227237504788073e-02
1.459547738693467409e+03 2.233579837453198547e+00 1.776366803918427023e-02
1.465201005025125596e+03 2.233544534881596988e+00 1.776503857263754191e-02
1.470854271356784011e+03 2.233509717931704941e+00 1.776638453074897220e-02
1.476507537688442198e+03 2.233475377455410360e+00 1.776770645442883600e-02
1.482160804020100386e+03 2.233441504524359189e+00 1.776900487061913378e-02
1.487814070351758801e+03 2.233408090423527614e+00 1.777028029268069506e-02
1.493467336683416988e+03 2.233375126645019915e+00 1.777153322084216308e-02
1.499120603015075403e+03 2.233342604882074589e+00 1.777276414248596045e-02
1.504773869346733591e+03 2.233310517023278763e+00 1.777397353264615135e-02
1.510427135678392006e+03 2.233278855146975772e+00 1.777516185425586162e-02
1.516080402010050193e+03 2.233247611515861930e+00 1.777632955858165359e-02
1.521733668341708608e+03 2.233216778571764927e+00 1.777747708549500330e-02
1.527386934673366795e+03 2.233186348930599419e+00 1.777860486389325201e-02
1.533040201005025210e+03 2.233156315377482493e+00 1.777971331187030643e-02
1.538693467336683398e+03 2.233126670862018326e+00 1.778080283717422411e-02
1.544346733668341585e+03 2.233097408493734282e+00 1.778187383742711736e-02
1.550000000000000000e+03 2.233068521537664886e+00 1.778292670038215603e-02
