4.250000000000000000e+02 1.864041292587634402e+00 4.041188611329486480e-01
4.306532663316583012e+02 1.980921944260214840e+00 3.772347456794446496e-01
4.363065326633166023e+02 2.042428897681526578e+00 3.622719869183653185e-01
4.419597989949749035e+02 2.086949327417803701e+00 3.503280644909919639e-01
4.476130653266331478e+02 2.123692653066377112e+00 3.393899400796203669e-01
4.532663316582914490e+02 2.156246844394855255e+00 3.286756455278194156e-01
4.589195979899497502e+02 2.186368704645227368e+00 3.177839458069504630e-01
4.645728643216080513e+02 2.215043445337067762e+00 3.064629723675168504e-01
4.702261306532663525e+02 2.242874846712426429e+00 2.945243770908576586e-01
4.758793969849245968e+02 2.270255328765528269e+00 2.818028527339233591e-01
4.815326633165828980e+02 2.297448535010773174e+00 2.681312865427774583e-01
4.871859296482411992e+02 2.324631533880280099e+00 2.533196048421173519e-01
4.928391959798995003e+02 2.351914908179626895e+00 2.371296690268314689e-01
4.984924623115578015e+02 2.379346351360595690e+00 2.192368917424624142e-01
5.041457286432161027e+02 2.406893117005821647e+00 1.991600151131225072e-01
5.097989949748744039e+02 2.434376586214904936e+00 1.761103417217160794e-01
5.154522613065327050e+02 2.461240834517977039e+00 1.485965524794422843e-01
5.211055276381910062e+02 2.485397089664982850e+00 1.129815834361027338e-01
5.267587939698491937e+02 2.480452039050981217e+00 4.981873709313620890e-02
5.324120603015074948e+02 2.440091319777253354e+00 1.502587747645887928e-02
5.380653266331657960e+02 2.401006927124975210e+00 1.528093470221592032e-02
5.437185929648240972e+02 2.377441326828256596e+00 1.544243923504500307e-02
5.493718592964823983e+02 2.360542461127044689e+00 1.556259915107299427e-02
5.550251256281406995e+02 2.347485433078492445e+00 1.565834945722745578e-02
5.606783919597990007e+02 2.336949548222436501e+00 1.573772559178809524e-02
5.663316582914573019e+02 2.328198133803181413e+00 1.580527265055357497e-02
5.719849246231156030e+02 2.320774808175712689e+00 1.586384417397977697e-02
5.776381909547739042e+02 2.314376200090559443e+00 1.591536152219682684e-02
5.832914572864322054e+02 2.308790122998563454e+00 1.596118542750214059e-02
5.889447236180903928e+02 2.303862321996648976e+00 1.600231726270217453e-02
5.945979899497488077e+02 2.299477193459783297e+00 1.603951655231887485e-02
6.002512562814069952e+02 2.295545939799841229e+00 1.607337365910364163e-02
6.059045226130652964e+02 2.291998948727474783e+00 1.610435685815242088e-02
6.115577889447235975e+02 2.288780702277023682e+00 1.613284398881278253e-02
6.172110552763818987e+02 2.285846267477595006e+00 1.615914441205202820e-02
6.228643216080401999e+02 2.283158812208516686e+00 1.618351465089443511e-02
6.285175879396985010e+02 2.280687806230373482e+00 1.620616978675045589e-02
6.341708542713568022e+02 2.278407692386379857e+00 1.622729192900109960e-02
6.398241206030151034e+02 2.276296887926692492e+00 1.624703661901015159e-02
6.454773869346734045e+02 2.274337022344377957e+00 1.626553774717987358e-02
6.511306532663315920e+02 2.272512347710161862e+00 1.628291138013241920e-02
6.567839195979900069e+02 2.270809276839509838e+00 1.629925877644575194e-02
6.624371859296481944e+02 2.269216017557003084e+00 1.631466878940854986e-02
6.680904522613064955e+02 2.267722280141357682e+00 1.632921980080639240e-02
6.737437185929647967e+02 2.266319041157501601e+00 1.634298129161773291e-02
6.793969849246230979e+02 2.264998351203695304e+00 1.635601512861968934e-02
6.850502512562813990e+02 2.263753177197539213e+00 1.636837662653269423e-02
6.907035175879397002e+02 2.262577272072830326e+00 1.638011543105453993e-02
6.963567839195980014e+02 2.261465066412258196e+00 1.639127625810825675e-02
7.020100502512563025e+02 2.260411577770461200e+00 1.640189951633496193e-02
7.076633165829146037e+02 2.259412334366223796e+00 1.641202183436769532e-02
7.133165829145727912e+02 2.258463310524332357e+00 1.642167651002582329e-02
7.189698492462312061e+02 2.257560871785196266e+00 1.643089389460764688e-02
7.246231155778893935e+02 2.256701728015840569e+00 1.643970172361423551e-02
7.302763819095478084e+02 2.255882893179443904e+00 1.644812540227405528e-02
7.359296482412059959e+02 2.255101650674601110e+00 1.645618825331048030e-02
7.415829145728642970e+02 2.254355523356198265e+00 1.646391173281552475e-02
7.472361809045225982e+02 2.253642247509462848e+00 1.647131561879212197e-02
7.528894472361808994e+02 2.252959750176614317e+00 1.647841817673436488e-02
7.585427135678392006e+02 2.252306129338442986e+00 1.648523630535423182e-02
7.641959798994975017e+02 2.251679636536539242e+00 1.649178566520288075e-02
7.698492462311558029e+02 2.251078661589714702e+00 1.649808079270199263e-02
7.755025125628139904e+02 2.250501719113700894e+00 1.650413520136195800e-02
7.811557788944724052e+02 2.249947436598818573e+00 1.650996147201108655e-02
7.868090452261305927e+02 2.249414543837997993e+00 1.651557133334525043e-02
7.924623115577890076e+02 2.248901863528790734e+00 1.652097573405357511e-02
7.981155778894471950e+02 2.248408302899012501e+00 1.652618490760288800e-02
8.037688442211054962e+02 2.247932846227426840e+00 1.653120843045858060e-02
8.094221105527637974e+02 2.247474548149123841e+00 1.653605527457885360e-02
8.150753768844220986e+02 2.247032527650627998e+00 1.654073385485158726e-02
8.207286432160803997e+02 2.246605962672744816e+00 1.654525207208357510e-02
8.263819095477387009e+02 2.246194085250192707e+00 1.654961735190577446e-02
8.320351758793970021e+02 2.245796177126408999e+00 1.655383668014210469e-02
8.376884422110551895e+02 2.245411565789932951e+00 1.655791663510544978e-02
8.433417085427136044e+02 2.245039620885586729e+00 1.656186341689247499e-02
8.489949748743717919e+02 2.244679750959562625e+00 1.656568287424305466e-02
8.546482412060302067e+02 2.244331400502547424e+00 1.656938052905829531e-02
8.603015075376883942e+02 2.243994047259404656e+00 1.657296159895107340e-02
8.659547738693468091e+02 2.243667199777654719e+00 1.657643101775920641e-02
8.716080402010049966e+02 2.243350395170306211e+00 1.657979345457978246e-02
8.772613065326632977e+02 2.243043197071389105e+00 1.658305333118532260e-02
8.829145728643215989e+02 2.242745193765034895e+00 1.658621483804322352e-02
8.885678391959799001e+02 2.242455996471087065e+00 1.658928194914559284e-02
8.942211055276382012e+02 2.242175237772136231e+00 1.659225843573536655e-02
8.998743718592965024e+02 2.241902570168490705e+00 1.659514787886661943e-02
9.055276381909548036e+02 2.241637664749087655e+00 1.659795368119162257e-02
9.111809045226129911e+02 2.241380209967582360e+00 1.660067907771084136e-02
9.168341708542714059e+02 2.241129910514024992e+00 1.660332714594421610e-02
9.224874371859295934e+02 2.240886486273488298e+00 1.660590081515217475e-02
9.281407035175880083e+02 2.240649671363916351e+00 1.660840287514418756e-02
9.337939698492461957e+02 2.240419213246227947e+00 1.661083598423592975e-02
9.394472361809044969e+02 2.240194871900417439e+00 1.661320267683862387e-02
9.451005025125627981e+02 2.239976419061988633e+00 1.661550537045523857e-02
9.507537688442210992e+02 2.239763637513628058e+00 1.661774637225902143e-02
9.564070351758794004e+02 2.239556320427498637e+00 1.661992788509563182e-02
9.620603015075377016e+02 2.239354270753970422e+00 1.662205201328446208e-02
9.677135678391960028e+02 2.239157300653011884e+00 1.662412076795308918e-02
9.733668341708543039e+02 2.238965230964791164e+00 1.662613607194621257e-02
9.790201005025126051e+02 2.238777890716372898e+00 1.662809976461729344e-02
9.846733668341707926e+02 2.238595116661662665e+00 1.663001360611647897e-02
9.903266331658290937e+02 2.238416752852011804e+00 1.663187928154965731e-02
9.959798994974873949e+02 2.238242650235121811e+00 1.663369840487579840e-02
1.001633165829145696e+03 2.238072666280094491e+00 1.663547252243654032e-02
1.007286432160803997e+03 2.237906664626660103e+00 1.663720311646571526e-02
1.012939698492462298e+03 2.237744514756775160e+00 1.663889160821897459e-02
1.018592964824120600e+03 2.237586091686952994e+00 1.664053936104441245e-02
1.024246231155778787e+03 2.237431275679806486e+00 1.664214768320773641e-02
1.029899497487437202e+03 2.237279951973419223e+00 1.664371783053923345e-02
1.035552763819095617e+03 2.237132010527273174e+00 1.664525100900962964e-02
1.041206030150753804e+03 2.236987345783558290e+00 1.664674837708841199e-02
1.046859296482411992e+03 2.236845856442797764e+00 1.664821104796504470e-02
1.052512562814070407e+03 2.236707445252783977e+00 1.664964009174007414e-02
1.058165829145728594e+03 2.236572018809923179e+00 1.665103653735959185e-02
1.063819095477386782e+03 2.236439487372138490e+00 1.665240137454683522e-02
1.069472361809045196e+03 2.236309764682565149e+00 1.665373555561099408e-02
1.075125628140703611e+03 2.236182767803299942e+00 1.665503999710686578e-02
1.080778894472361799e+03 2.236058416958564443e+00 1.665631558147883176e-02
1.086432160804019986e+03 2.235936635386649662e+00 1.665756315855606434e-02
1.092085427135678401e+03 2.235817349200079907e+00 1.665878354700570108e-02
1.097738693467336816e+03 2.235700487253470481e+00 1.665997753573087922e-02
1.103391959798995003e+03 2.235585981018585411e+00 1.666114588512043054e-02
1.109045226130653191e+03 2.235473764466146651e+00 1.666228932831029935e-02
1.114698492462311606e+03 2.235363773953970234e+00 1.666340857235020304e-02
1.120351758793969793e+03 2.235255948121037228e+00 1.666450429928895832e-02
1.126005025125627981e+03 2.235150227787139787e+00 1.666557716729849536e-02
1.131658291457286396e+03 2.235046555857757244e+00 1.666662781159681389e-02
1.137311557788944810e+03 2.234944877233855376e+00 1.666765684544978948e-02
1.142964824120602998e+03 2.234845138726302860e+00 1.666866486107865947e-02
1.148618090452261185e+03 2.234747288974646917e+00 1.666965243048665335e-02
1.154271356783919600e+03 2.234651278369975014e+00 1.667062010635129293e-02
1.159924623115578015e+03 2.234557058981639255e+00 1.667156842272938394e-02
1.165577889447236203e+03 2.234464584487610317e+00 1.667249789585447534e-02
1.171231155778894390e+03 2.234373810108261527e+00 1.667340902484035214e-02
1.176884422110552805e+03 2.234284692543375694e+00 1.667430229234386982e-02
1.182537688442210992e+03 2.234197189912209058e+00 1.667517816525381294e-02
1.188190954773869180e+03 2.234111261696426265e+00 1.667603709523267017e-02
1.193844221105527595e+03 2.234026868685759837e+00 1.667687951939099411e-02
1.199497487437186010e+03 2.233943972926232924e+00 1.667770586080146930e-02
1.205150753768844197e+03 2.233862537670812554e+00 1.667851652902581361e-02
1.210804020100502385e+03 2.233782527332361045e+00 1.667931192069444651e-02
1.216457286432160799e+03 2.233703907438759906e+00 1.668009241989939009e-02
1.222110552763819214e+03 2.233626644590087196e+00 1.668085839875977847e-02
1.227763819095477402e+03 2.233550706417751108e+00 1.668161021778735015e-02
1.233417085427135589e+03 2.233476061545460745e+00 1.668234822639799372e-02
1.239070351758794004e+03 2.233402679551951930e+00 1.668307276326322017e-02
1.244723618090452419e+03 2.233330530935371261e+00 1.668378415671459628e-02
1.250376884422110379e+03 2.233259587079230890e+00 1.668448272512123090e-02
1.256030150753768794e+03 2.233189820219860344e+00 1.668516877728030284e-02
1.261683417085427209e+03 2.233121203415271872e+00 1.668584261271419469e-02
1.267336683417085396e+03 2.233053710515376267e+00 1.668650452202058085e-02
1.272989949748743584e+03 2.232987316133473676e+00 1.668715478723559534e-02
1.278643216080401999e+03 2.232921995618964317e+00 1.668779368202382568e-02
1.284296482412060413e+03 2.232857725031209384e+00 1.668842147212089635e-02
1.289949748743718601e+03 2.232794481114494634e+00 1.668903841546981459e-02
1.295603015075376788e+03 2.232732241274041574e+00 1.668964476259666985e-02
1.301256281407035203e+03 2.232670983553007638e+00 1.669024075678655558e-02
1.306909547738693618e+03 2.232610686610439377e+00 1.669082663440570047e-02
1.312562814070351806e+03 2.232551329700126264e+00 1.669140262507708486e-02
1.318216080402009993e+03 2.232492892650312921e+00 1.669196895194904537e-02
1.323869346733668408e+03 2.232435355844233360e+00 1.669252583188394687e-02
1.329522613065326595e+03 2.232378700201424149e+00 1.669307347569989886e-02
1.335175879396984783e+03 2.232322907159783210e+00 1.669361208833256352e-02
1.340829145728643198e+03 2.232267958658340046e+00 1.669414186907667089e-02
1.346482412060301613e+03 2.232213837120700539e+00 1.669466301172097336e-02
1.352135678391959800e+03 2.232160525439146337e+00 1.669517570480285110e-02
1.357788944723617988e+03 2.232108006959343527e+00 1.669568013168988910e-02
1.363442211055276402e+03 2.232056265465648170e+00 1.669617647079436190e-02
1.369095477386934817e+03 2.232005285166970499e+00 1.669666489576106597e-02
1.374748743718593005e+03 2.231955050683184894e+00 1.669714557554862616e-02
1.380402010050251192e+03 2.231905547032047910e+00 1.669761867465704985e-02
1.386055276381909607e+03 2.231856759616612340e+00 1.669808435320891196e-02
1.391708542713567795e+03 2.231808674213113353e+00 1.669854276712354202e-02
1.397361809045225982e+03 2.231761276959304485e+00 1.669899406823799684e-02
1.403015075376884397e+03 2.231714554343222634e+00 1.669943840440132540e-02
1.408668341708542812e+03 2.231668493192370928e+00 1.669987591966188081e-02
1.414321608040200999e+03 2.231623080663293290e+00 1.670030675434821393e-02
1.419974874371859187e+03 2.231578304231529586e+00 1.670073104518976503e-02
1.425628140703517602e+03 2.231534151681931366e+00 1.670114892542424317e-02
1.431281407035176017e+03 2.231490611099328447e+00 1.670156052489164822e-02
1.436934673366834204e+03 2.231447670859528998e+00 1.670196597016813597e-02
1.442587939698492391e+03 2.231405319620633598e+00 1.670236538464664813e-02
1.448241206030150806e+03 2.231363546314661939e+00 1.670275888863081981e-02
1.453894472361808994e+03 2.231322340139472615e+00 1.670314659942882807e-02
1.459547738693467409e+03 2.231281690550961816e+00 1.670352863143391084e-02
1.465201005025125596e+03 2.231241587255533343e+00 1.670390509623144101e-02
1.470854271356784011e+03 2.231202020202832870e+00 1.670427610267939331e-02
1.476507537688442198e+03 2.231162979578726890e+00 1.670464175696216927e-02
1.482160804020100386e+03 2.231124455798521034e+00 1.670500216269757074e-02
1.487814070351758801e+03 2.231086439500414187e+00 1.670535742099058668e-02
1.493467336683416988e+03 2.231048921539165342e+00 1.670570763051372476e-02
1.499120603015075403e+03 2.231011892979981592e+00 1.670605288758731863e-02
1.504773869346733591e+03 2.230975345092603757e+00 1.670639328623322803e-02
1.510427135678392006e+03 2.230939269345591391e+00 1.670672891822850420e-02
1.516080402010050193e+03 2.230903657400796103e+00 1.670705987321222455e-02
1.521733668341708608e+03 2.230868501108017377e+00 1.670738623869924208e-02
1.527386934673366795e+03 2.230833792499831603e+00 1.670770810017366964e-02
1.533040201005025210e+03 2.230799523786589855e+00 1.670802554110259464e-02
1.538693467336683398e+03 2.230765687351577764e+00 1.670833864305611149e-02
1.544346733668341585e+03 2.230732275746331705e+00 1.670864748569441879e-02
1.550000000000000000e+03 2.230699281686103763e+00 1.670895214687451863e-02
