4.250000000000000000e+02 1.773145107362727568e+00 4.068115491673912065e-01
4.306532663316583012e+02 1.890602404939664805e+00 3.779889592309063628e-01
4.363065326633166023e+02 1.952585565522258593e+00 3.618502638441934427e-01
4.419597989949749035e+02 1.997556098997402607e+00 3.489132525177547905e-01
4.476130653266331478e+02 2.034737224168476022e+00 3.370398220581272697e-01
4.532663316582914490e+02 2.067721003818215220e+00 3.253981807771246793e-01
4.589195979899497502e+02 2.098265001142014086e+00 3.135586681134247544e-01
4.645728643216080513e+02 2.127353247521277968e+00 3.012476232329909798e-01
4.702261306532663525e+02 2.155586560588642175e+00 2.882553423619322319e-01
4.758793969849245968e+02 2.183352126704214413e+00 2.743914575560692515e-01
4.815326633165828980e+02 2.210904836764863823e+00 2.594556180747731311e-01
4.871859296482411992e+02 2.238406820944232489e+00 2.432095997252143593e-01
4.928391959798995003e+02 2.265941624885022154e+00 2.253399539629012682e-01
4.984924623115578015e+02 2.293503292858090070e+00 2.053941485888770568e-01
5.041457286432161027e+02 2.320937281339259695e+00 1.826492541672186110e-01
5.097989949748744039e+02 2.347725144140672793e+00 1.557832537154767161e-01
5.154522613065327050e+02 2.371949770770775512e+00 1.217660546709456726e-01
5.211055276381910062e+02 2.377251250470916233e+00 6.825245341501001706e-02
5.267587939698491937e+02 2.343569079702332303e+00 1.547328637648542199e-02
5.324120603015074948e+02 2.300119123385678144e+00 1.577342954187605992e-02
5.380653266331657960e+02 2.275121702151768233e+00 1.595419009295893573e-02
5.437185929648240972e+02 2.257567335165872713e+00 1.608530402606223736e-02
5.493718592964823983e+02 2.244171742309789774e+00 1.618799027624343023e-02
5.550251256281406995e+02 2.233454801016188096e+00 1.627196784605967200e-02
5.606783919597990007e+02 2.224609830166024871e+00 1.634261242075525297e-02
5.663316582914573019e+02 2.217145051897689623e+00 1.640324670735755774e-02
5.719849246231156030e+02 2.210737438328353566e+00 1.645608199121289389e-02
5.776381909547739042e+02 2.205163136991318495e+00 1.650266997902020277e-02
5.832914572864322054e+02 2.200260622077318651e+00 1.654414397088999414e-02
5.889447236180903928e+02 2.195909587705925592e+00 1.658135804066447963e-02
5.945979899497488077e+02 2.192018108188273473e+00 1.661497231842135741e-02
6.002512562814069952e+02 2.188514445053754365e+00 1.664550779270632108e-02
6.059045226130652964e+02 2.185341611748504054e+00 1.667338291624838667e-02
6.115577889447235975e+02 2.182453649327666056e+00 1.669893885607590805e-02
6.172110552763818987e+02 2.179813003879477851e+00 1.672245739036188825e-02
6.228643216080401999e+02 2.177388636055878735e+00 1.674417389200446443e-02
6.285175879396985010e+02 2.175154630429525504e+00 1.676428693973878656e-02
6.341708542713568022e+02 2.173089154208937668e+00 1.678296555957905709e-02
6.398241206030151034e+02 2.171173665227825289e+00 1.680035476679881193e-02
6.454773869346734045e+02 2.169392301071145113e+00 1.681657986661683549e-02
6.511306532663315920e+02 2.167731401983124417e+00 1.683174983354700227e-02
6.567839195979900069e+02 2.166179134034580400e+00 1.684595999695532101e-02
6.624371859296481944e+02 2.164725188422705227e+00 1.685929419700789994e-02
6.680904522613064955e+02 2.163360539277245032e+00 1.687182653190608464e-02
6.737437185929647967e+02 2.162077246920082185e+00 1.688362278578071918e-02
6.793969849246230979e+02 2.160868296791277565e+00 1.689474160510332987e-02
6.850502512562813990e+02 2.159727466619656422e+00 1.690523547463219922e-02
6.907035175879397002e+02 2.158649216150416716e+00 1.691515153284944145e-02
6.963567839195980014e+02 2.157628595029103646e+00 1.692453225734269484e-02
7.020100502512563025e+02 2.156661165406432268e+00 1.693341604423279079e-02
7.076633165829146037e+02 2.155742936559578826e+00 1.694183770090707669e-02
7.133165829145727912e+02 2.154870309384552041e+00 1.694982886683987083e-02
7.189698492462312061e+02 2.154040029045425353e+00 1.695741837501946528e-02
7.246231155778893935e+02 2.153249144401382154e+00 1.696463256363033370e-02
7.302763819095478084e+02 2.152494973095152364e+00 1.697149554590652101e-02
7.359296482412059959e+02 2.151775071393610350e+00 1.697802944483753004e-02
7.415829145728642970e+02 2.151087208035852960e+00 1.698425459798468332e-02
7.472361809045225982e+02 2.150429341475655676e+00 1.699018973697859550e-02
7.528894472361808994e+02 2.149799600010938061e+00 1.699585214503097907e-02
7.585427135678392006e+02 2.149196264378416821e+00 1.700125779618747238e-02
7.641959798994975017e+02 2.148617752461140729e+00 1.700642147809619531e-02
7.698492462311558029e+02 2.148062605813418013e+00 1.701135690113999774e-02
7.755025125628139904e+02 2.147529477754263727e+00 1.701607679544048235e-02
7.811557788944724052e+02 2.147017122818977164e+00 1.702059299734330275e-02
7.868090452261305927e+02 2.146524387390305932e+00 1.702491652669351277e-02
7.924623115577890076e+02 2.146050201357154741e+00 1.702905765617253667e-02
7.981155778894471950e+02 2.145593570670929040e+00 1.703302597352840050e-02
8.037688442211054962e+02 2.145153570688147049e+00 1.703683043757559662e-02
8.094221105527637974e+02 2.144729340203569645e+00 1.704047942870420829e-02
8.150753768844220986e+02 2.144320076091254190e+00 1.704398079459322826e-02
8.207286432160803997e+02 2.143925028482117856e+00 1.704734189151895299e-02
8.263819095477387009e+02 2.143543496416060457e+00 1.705056962190617392e-02
8.320351758793970021e+02 2.143174823914785865e+00 1.705367046838873399e-02
8.376884422110551895e+02 2.142818396428372463e+00 1.705665052486496011e-02
8.433417085427136044e+02 2.142473637614562776e+00 1.705951552483560285e-02
8.489949748743717919e+02 2.142140006414827713e+00 1.706227086715395372e-02
8.546482412060302067e+02 2.141816994395668416e+00 1.706492163981066998e-02
8.603015075376883942e+02 2.141504123327382381e+00 1.706747264146328547e-02
8.659547738693468091e+02 2.141200942975832522e+00 1.706992840134331779e-02
8.716080402010049966e+02 2.140907029085593827e+00 1.707229319752202878e-02
8.772613065326632977e+02 2.140621981535338225e+00 1.707457107369713539e-02
8.829145728643215989e+02 2.140345422648484153e+00 1.707676585457115759e-02
8.885678391959799001e+02 2.140076995644026869e+00 1.707888116020327487e-02
8.942211055276382012e+02 2.139816363214128714e+00 1.708092041909186135e-02
8.998743718592965024e+02 2.139563206216491320e+00 1.708288688030359589e-02
9.055276381909548036e+02 2.139317222470828117e+00 1.708478362479536397e-02
9.111809045226129911e+02 2.139078125649862550e+00 1.708661357576294476e-02
9.168341708542714059e+02 2.138845644256286871e+00 1.708837950835697186e-02
9.224874371859295934e+02 2.138619520677985886e+00 1.709008405850860612e-02
9.281407035175880083e+02 2.138399510314624496e+00 1.709172973141273588e-02
9.337939698492461957e+02 2.138185380769356936e+00 1.709331890916368155e-02
9.394472361809044969e+02 2.137976911100071931e+00 1.709485385796095241e-02
9.451005025125627981e+02 2.137773891125098302e+00 1.709633673483436020e-02
9.507537688442210992e+02 2.137576120778799993e+00 1.709776959388993600e-02
9.564070351758794004e+02 2.137383409512925603e+00 1.709915439210363958e-02
9.620603015075377016e+02 2.137195575739955000e+00 1.710049299484586033e-02
9.677135678391960028e+02 2.137012446315046166e+00 1.710178718089077829e-02
9.733668341708543039e+02 2.136833856053489633e+00 1.710303864717119260e-02
9.790201005025126051e+02 2.136659647280858554e+00 1.710424901331852182e-02
9.846733668341707926e+02 2.136489669413296433e+00 1.710541982570297145e-02
9.903266331658290937e+02 2.136323778565616838e+00 1.710655256145484845e-02
9.959798994974873949e+02 2.136161837185076795e+00 1.710764863206515329e-02
1.001633165829145696e+03 2.136003713708888974e+00 1.710870938685149500e-02
1.007286432160803997e+03 2.135849282243691860e+00 1.710973611613402987e-02
1.012939698492462298e+03 2.135698422265354779e+00 1.711073005435545871e-02
1.018592964824120600e+03 2.135551018337623841e+00 1.711169238284689781e-02
1.024246231155778787e+03 2.135406959848250352e+00 1.711262423257743290e-02
1.029899497487437202e+03 2.135266140761335585e+00 1.711352668665402227e-02
1.035552763819095617e+03 2.135128459384751043e+00 1.711440078264991546e-02
1.041206030150753804e+03 2.134993818151571965e+00 1.711524751496940056e-02
1.046859296482411992e+03 2.134862123414543955e+00 1.711606783680798619e-02
1.052512562814070407e+03 2.134733285252689239e+00 1.711686266227908926e-02
1.058165829145728594e+03 2.134607217289226977e+00 1.711763286822736568e-02
1.063819095477386782e+03 2.134483836520035371e+00 1.711837929600128899e-02
1.069472361809045196e+03 2.134363063151956119e+00 1.711910275317221272e-02
1.075125628140703611e+03 2.134244820450289293e+00 1.711980401510915240e-02
1.080778894472361799e+03 2.134129034594871133e+00 1.712048382642247790e-02
1.086432160804019986e+03 2.134015634544182749e+00 1.712114290248411066e-02
1.092085427135678401e+03 2.133904551906960823e+00 1.712178193068714799e-02
1.097738693467336816e+03 2.133795720820851560e+00 1.712240157179512751e-02
1.103391959798995003e+03 2.133689077837637171e+00 1.712300246106984378e-02
1.109045226130653191e+03 2.133584561814642289e+00 1.712358520943710327e-02
1.114698492462311606e+03 2.133482113811931313e+00 1.712415040465164323e-02
1.120351758793969793e+03 2.133381676994932974e+00 1.712469861217592176e-02
1.126005025125627981e+03 2.133283196542169691e+00 1.712523037631755868e-02
1.131658291457286396e+03 2.133186619557778663e+00 1.712574622101597013e-02
1.137311557788944810e+03 2.133091894988537351e+00 1.712624665084878234e-02
1.142964824120602998e+03 2.132998973545125576e+00 1.712673215173948424e-02
1.148618090452261185e+03 2.132907807627375085e+00 1.712720319188493212e-02
1.154271356783919600e+03 2.132818351253273903e+00 1.712766022238415564e-02
1.159924623115578015e+03 2.132730559991502073e+00 1.712810367807412679e-02
1.165577889447236203e+03 2.132644390897307396e+00 1.712853397811881992e-02
1.171231155778894390e+03 2.132559802451515107e+00 1.712895152671448790e-02
1.176884422110552805e+03 2.132476754502508509e+00 1.712935671370386867e-02
1.182537688442210992e+03 2.132395208211004700e+00 1.712974991515114898e-02
1.188190954773869180e+03 2.132315125997470417e+00 1.713013149391659495e-02
1.193844221105527595e+03 2.132236471492039431e+00 1.713050180017904739e-02
1.199497487437186010e+03 2.132159209486783613e+00 1.713086117198408045e-02
1.205150753768844197e+03 2.132083305890216884e+00 1.713120993567521233e-02
1.210804020100502385e+03 2.132008727683911253e+00 1.713154840641563717e-02
1.216457286432160799e+03 2.131935442881106813e+00 1.713187688860605060e-02
1.222110552763819214e+03 2.131863420487213556e+00 1.713219567628927742e-02
1.227763819095477402e+03 2.131792630462106430e+00 1.713250505359361145e-02
1.233417085427135589e+03 2.131723043684116803e+00 1.713280529509822112e-02
1.239070351758794004e+03 2.131654631915631981e+00 1.713309666622428798e-02
1.244723618090452419e+03 2.131587367770219288e+00 1.713337942354823187e-02
1.250376884422110379e+03 2.131521224681202753e+00 1.713365381515370364e-02
1.256030150753768794e+03 2.131456176871611152e+00 1.713392008100931771e-02
1.261683417085427209e+03 2.131392199325428116e+00 1.713417845319076260e-02
1.267336683417085396e+03 2.131329267760087909e+00 1.713442915623240512e-02
1.272989949748743584e+03 2.131267358600140049e+00 1.713467240738804354e-02
1.278643216080401999e+03 2.131206448952044141e+00 1.713490841693045622e-02
1.284296482412060413e+03 2.131146516580019412e+00 1.713513738837308537e-02
1.289949748743718601e+03 2.131087539882909887e+00 1.713535951871755780e-02
1.295603015075376788e+03 2.131029497872016787e+00 1.713557499875295945e-02
1.301256281407035203e+03 2.130972370149843087e+00 1.713578401321248432e-02
1.306909547738693618e+03 2.130916136889710710e+00 1.713598674100775751e-02
1.312562814070351806e+03 2.130860778816217493e+00 1.713618335548901597e-02
1.318216080402009993e+03 2.130806277186473974e+00 1.713637402457563602e-02
1.323869346733668408e+03 2.130752613772107562e+00 1.713655891097731060e-02
1.329522613065326595e+03 2.130699770841983032e+00 1.713673817242813285e-02
1.335175879396984783e+03 2.130647731145604240e+00 1.713691196175215828e-02
1.340829145728643198e+03 2.130596477897180208e+00 1.713708042714923510e-02
1.346482412060301613e+03 2.130545994760311146e+00 1.713724371228637910e-02
1.352135678391959800e+03 2.130496265833274894e+00 1.713740195650576698e-02
1.357788944723617988e+03 2.130447275634879567e+00 1.713755529490307294e-02
1.363442211055276402e+03 2.130399009090866880e+00 1.713770385856129910e-02
1.369095477386934817e+03 2.130351451520827943e+00 1.713784777460312936e-02
1.374748743718593005e+03 2.130304588625626661e+00 1.713798716639877012e-02
1.380402010050251192e+03 2.130258406475288524e+00 1.713812215364415859e-02
1.386055276381909607e+03 2.130212891497353045e+00 1.713825285254282071e-02
1.391708542713567795e+03 2.130168030465653839e+00 1.713837937581924944e-02
1.397361809045225982e+03 2.130123810489521929e+00 1.713850183295254070e-02
1.403015075376884397e+03 2.130080219003382513e+00 1.713862033020266060e-02
1.408668341708542812e+03 2.130037243756735865e+00 1.713873497076629990e-02
1.414321608040200999e+03 2.129994872804500616e+00 1.713884585484198864e-02
1.419974874371859187e+03 2.129953094497712751e+00 1.713895307977291935e-02
1.425628140703517602e+03 2.129911897474555449e+00 1.713905674008613794e-02
1.431281407035176017e+03 2.129871270651708670e+00 1.713915692762236001e-02
1.436934673366834204e+03 2.129831203216011826e+00 1.713925373160103335e-02
1.442587939698492391e+03 2.129791684616419989e+00 1.713934723873718896e-02
1.448241206030150806e+03 2.129752704556241660e+00 1.713943753328054168e-02
1.453894472361808994e+03 2.129714252985649203e+00 1.713952469713231341e-02
1.459547738693467409e+03 2.129676320094450848e+00 1.713960880987136157e-02
1.465201005025125596e+03 2.129638896305115381e+00 1.713968994892279760e-02
1.470854271356784011e+03 2.129601972266028209e+00 1.713976818946748304e-02
1.476507537688442198e+03 2.129565538844991668e+00 1.713984360470131169e-02
1.482160804020100386e+03 2.129529587122933609e+00 1.713991626575765356e-02
1.487814070351758801e+03 2.129494108387838924e+00 1.713998624181115732e-02
1.493467336683416988e+03 2.129459094128878682e+00 1.714005360015561155e-02
1.499120603015075403e+03 2.129424536030742221e+00 1.714011840626888244e-02
1.504773869346733591e+03 2.129390425968151757e+00 1.714018072382598665e-02
1.510427135678392006e+03 2.129356756000563067e+00 1.714024061478991445e-02
1.516080402010050193e+03 2.129323518367041590e+00 1.714029813946355355e-02
1.521733668341708608e+03 2.129290705481301504e+00 1.714035335651572720e-02
1.527386934673366795e+03 2.129258309926911785e+00 1.714040632304605905e-02
1.533040201005025210e+03 2.129226324452656804e+00 1.714045709464985870e-02
1.538693467336683398e+03 2.129194741968045257e+00 1.714050572543115644e-02
1.544346733668341585e+03 2.129163555538962527e+00 1.714055226806758536e-02
1.550000000000000000e+03 2.129132758383467383e+00 1.714059677383635710e-02
