4.250000000000000000e+02 1.719890730852764893e+00 3.833974830289931246e-01
4.306532663316583012e+02 1.830981245821008851e+00 3.567898895305394169e-01
4.363065326633166023e+02 1.889640194162598652e+00 3.418080697072307106e-01
4.419597989949749035e+02 1.932215850409693347e+00 3.297536258593769531e-01
4.476130653266331478e+02 1.967428034554608018e+00 3.186595581608348549e-01
4.532663316582914490e+02 1.998673568342779872e+00 3.077587504115336658e-01
4.589195979899497502e+02 2.027614811067386391e+00 2.966536848165309825e-01
4.645728643216080513e+02 2.055182671705315656e+00 2.850900996411007693e-01
4.702261306532663525e+02 2.081945661266901393e+00 2.728721957860601455e-01
4.758793969849245968e+02 2.108270257887306709e+00 2.598213940606202699e-01
4.815326633165828980e+02 2.134397836520655733e+00 2.457490817515027848e-01
4.871859296482411992e+02 2.160482081827262757e+00 2.304305202376137895e-01
4.928391959798995003e+02 2.186602448515215347e+00 2.135697643415576663e-01
4.984924623115578015e+02 2.212753974740825136e+00 1.947396250121932737e-01
5.041457286432161027e+02 2.238791834601269848e+00 1.732583287181163334e-01
5.097989949748744039e+02 2.264229498883314484e+00 1.478815223107355636e-01
5.154522613065327050e+02 2.287272251762002551e+00 1.157680769995435288e-01
5.211055276381910062e+02 2.292866832527655330e+00 6.550171283261889410e-02
5.267587939698491937e+02 2.261235485054637895e+00 1.453679383670796431e-02
5.324120603015074948e+02 2.219782497378085750e+00 1.481451651670163440e-02
5.380653266331657960e+02 2.195990777550288708e+00 1.498091799799430163e-02
5.437185929648240972e+02 2.179301402788895725e+00 1.510118606231416333e-02
5.493718592964823983e+02 2.166574149661607773e+00 1.519509344451186635e-02
5.550251256281406995e+02 2.156396362525391019e+00 1.527167911175453426e-02
5.606783919597990007e+02 2.147999047699693964e+00 1.533593581061744836e-02
5.663316582914573019e+02 2.140913802464634585e+00 1.539094637034171299e-02
5.719849246231156030e+02 2.134833151065959278e+00 1.543876073399836311e-02
5.776381909547739042e+02 2.129544125977006264e+00 1.548081638647727694e-02
5.832914572864322054e+02 2.124893118382188195e+00 1.551816256473096539e-02
5.889447236180903928e+02 2.120765757674734964e+00 1.555158955632185772e-02
5.945979899497488077e+02 2.117074678170596247e+00 1.558170787882780239e-02
6.002512562814069952e+02 2.113751716609405307e+00 1.560899913347393343e-02
6.059045226130652964e+02 2.110742737885372922e+00 1.563384995789486934e-02
6.115577889447235975e+02 2.108004090781277373e+00 1.565657543676629224e-02
6.172110552763818987e+02 2.105500112902069620e+00 1.567743568891582714e-02
6.228643216080401999e+02 2.103201332583922056e+00 1.569664789689196108e-02
6.285175879396985010e+02 2.101083146509534316e+00 1.571439520923061106e-02
6.341708542713568022e+02 2.099124829737937237e+00 1.573083344610758452e-02
6.398241206030151034e+02 2.097308782864450105e+00 1.574609622990379501e-02
6.454773869346734045e+02 2.095619951457031949e+00 1.576029896588791376e-02
6.511306532663315920e+02 2.094045372706565100e+00 1.577354196931203545e-02
6.567839195979900069e+02 2.092573817397684000e+00 1.578591295013667684e-02
6.624371859296481944e+02 2.091195504250310311e+00 1.579748900734607650e-02
6.680904522613064955e+02 2.089901869868576956e+00 1.580833824483783220e-02
6.737437185929647967e+02 2.088685381885070580e+00 1.581852109190095418e-02
6.793969849246230979e+02 2.087539385995396124e+00 1.582809139077898108e-02
6.850502512562813990e+02 2.086457979827596176e+00 1.583709729893346269e-02
6.907035175879397002e+02 2.085435908240430791e+00 1.584558204265825582e-02
6.963567839195980014e+02 2.084468475868184623e+00 1.585358455047736204e-02
7.020100502512563025e+02 2.083551473647307084e+00 1.586113998855413418e-02
7.076633165829146037e+02 2.082681116755233042e+00 1.586828021585298676e-02
7.133165829145727912e+02 2.081853991923098501e+00 1.587503417287589036e-02
7.189698492462312061e+02 2.081067012493838408e+00 1.588142821546068700e-02
7.246231155778893935e+02 2.080317379915712639e+00 1.588748640254094083e-02
7.302763819095478084e+02 2.079602550610841316e+00 1.589323074537344130e-02
7.359296482412059959e+02 2.078920207355205552e+00 1.589868142408987564e-02
7.415829145728642970e+02 2.078268234462912201e+00 1.590385697684621596e-02
7.472361809045225982e+02 2.077644696192504803e+00 1.590877446528252484e-02
7.528894472361808994e+02 2.077047817893551418e+00 1.591344962006239691e-02
7.585427135678392006e+02 2.076475969493002616e+00 1.591789696913888455e-02
7.641959798994975017e+02 2.075927650986822304e+00 1.592212995103244391e-02
7.698492462311558029e+02 2.075401479656370451e+00 1.592616101551034766e-02
7.755025125628139904e+02 2.074896178773276034e+00 1.593000171295129441e-02
7.811557788944724052e+02 2.074410567593080845e+00 1.593366277401368422e-02
7.868090452261305927e+02 2.073943552468189289e+00 1.593715418094911879e-02
7.924623115577890076e+02 2.073494118935797825e+00 1.594048523141921095e-02
7.981155778894471950e+02 2.073061324657513804e+00 1.594366459574958136e-02
8.037688442211054962e+02 2.072644293104966007e+00 1.594670036858990975e-02
8.094221105527637974e+02 2.072242207900529820e+00 1.594960011535852262e-02
8.150753768844220986e+02 2.071854307734799949e+00 1.595237091430492041e-02
8.207286432160803997e+02 2.071479881793025335e+00 1.595501939457423177e-02
8.263819095477387009e+02 2.071118265631731514e+00 1.595755177062656641e-02
8.320351758793970021e+02 2.070768837454422862e+00 1.595997387368160852e-02
8.376884422110551895e+02 2.070431014741810571e+00 1.596229118020230792e-02
8.433417085427136044e+02 2.070104251197639300e+00 1.596450883791676600e-02
8.489949748743717919e+02 2.069788033976016628e+00 1.596663168951387157e-02
8.546482412060302067e+02 2.069481881160308845e+00 1.596866429448073887e-02
8.603015075376883942e+02 2.069185339467269902e+00 1.597061094883940255e-02
8.659547738693468091e+02 2.068897982153189652e+00 1.597247570345715004e-02
8.716080402010049966e+02 2.068619407101546237e+00 1.597426238075561056e-02
8.772613065326632977e+02 2.068349235074008252e+00 1.597597459012966778e-02
8.829145728643215989e+02 2.068087108108683569e+00 1.597761574208075852e-02
8.885678391959799001e+02 2.067832688051312040e+00 1.597918906127703334e-02
8.942211055276382012e+02 2.067585655206662931e+00 1.598069759864113870e-02
8.998743718592965024e+02 2.067345707098784846e+00 1.598214424239926407e-02
9.055276381909548036e+02 2.067112557329967348e+00 1.598353172844150377e-02
9.111809045226129911e+02 2.066885934529341551e+00 1.598486264982924149e-02
9.168341708542714059e+02 2.066665581382991057e+00 1.598613946559054172e-02
9.224874371859295934e+02 2.066451253738278204e+00 1.598736450897222591e-02
9.281407035175880083e+02 2.066242719775829073e+00 1.598853999496956807e-02
9.337939698492461957e+02 2.066039759243279761e+00 1.598966802742692386e-02
9.394472361809044969e+02 2.065842162745461952e+00 1.599075060562713674e-02
9.451005025125627981e+02 2.065649731086229846e+00 1.599178963038484780e-02
9.507537688442210992e+02 2.065462274657587916e+00 1.599278690975580730e-02
9.564070351758794004e+02 2.065279612872202186e+00 1.599374416432148768e-02
9.620603015075377016e+02 2.065101573635726329e+00 1.599466303221639546e-02
9.677135678391960028e+02 2.064927992855725147e+00 1.599554507367671047e-02
9.733668341708543039e+02 2.064758713984262695e+00 1.599639177549963542e-02
9.790201005025126051e+02 2.064593587591486479e+00 1.599720455490039051e-02
9.846733668341707926e+02 2.064432470967787925e+00 1.599798476351698556e-02
9.903266331658290937e+02 2.064275227752323083e+00 1.599873369078595037e-02
9.959798994974873949e+02 2.064121727585877419e+00 1.599945256741118135e-02
1.001633165829145696e+03 2.063971845786233938e+00 1.600014256837109516e-02
1.007286432160803997e+03 2.063825463044357544e+00 1.600080481593641260e-02
1.012939698492462298e+03 2.063682465139855982e+00 1.600144038235178784e-02
1.018592964824120600e+03 2.063542742674304709e+00 1.600205029250087452e-02
1.024246231155778787e+03 2.063406190821134967e+00 1.600263552626358943e-02
1.029899497487437202e+03 2.063272709090908652e+00 1.600319702082947035e-02
1.035552763819095617e+03 2.063142201110873319e+00 1.600373567289800278e-02
1.041206030150753804e+03 2.063014574417801228e+00 1.600425234062725563e-02
1.046859296482411992e+03 2.062889740263189164e+00 1.600474784559473285e-02
1.052512562814070407e+03 2.062767613429960178e+00 1.600522297460399770e-02
1.058165829145728594e+03 2.062648112059890515e+00 1.600567848136501617e-02
1.063819095477386782e+03 2.062531157491031664e+00 1.600611508808997413e-02
1.069472361809045196e+03 2.062416674104457837e+00 1.600653348704623308e-02
1.075125628140703611e+03 2.062304589179730918e+00 1.600693434194178782e-02
1.080778894472361799e+03 2.062194832758492247e+00 1.600731828933739040e-02
1.086432160804019986e+03 2.062087337515674079e+00 1.600768593986363550e-02
1.092085427135678401e+03 2.061982038637820036e+00 1.600803787946487519e-02
1.097738693467336816e+03 2.061878873708076654e+00 1.600837467054532295e-02
1.103391959798995003e+03 2.061777782597422615e+00 1.600869685305892492e-02
1.109045226130653191e+03 2.061678707361749296e+00 1.600900494548766761e-02
1.114698492462311606e+03 2.061581592144431596e+00 1.600929944591633278e-02
1.120351758793969793e+03 2.061486383084043972e+00 1.600958083282934957e-02
1.126005025125627981e+03 2.061393028226914392e+00 1.600984956611516130e-02
1.131658291457286396e+03 2.061301477444217767e+00 1.601010608777889491e-02
1.137311557788944810e+03 2.061211682353342844e+00 1.601035082282102617e-02
1.142964824120602998e+03 2.061123596243268796e+00 1.601058417994923044e-02
1.148618090452261185e+03 2.061037174003728545e+00 1.601080655227600860e-02
1.154271356783919600e+03 2.060952372057921256e+00 1.601101831804371822e-02
1.159924623115578015e+03 2.060869148298582587e+00 1.601121984119674782e-02
1.165577889447236203e+03 2.060787462027210193e+00 1.601141147206435952e-02
1.171231155778894390e+03 2.060707273896265512e+00 1.601159354787685951e-02
1.176884422110552805e+03 2.060628545854191973e+00 1.601176639337860766e-02
1.182537688442210992e+03 2.060551241093076413e+00 1.601193032134371960e-02
1.188190954773869180e+03 2.060475323998820052e+00 1.601208563300838411e-02
1.193844221105527595e+03 2.060400760103672457e+00 1.601223261864164610e-02
1.199497487437186010e+03 2.060327516041004614e+00 1.601237155794963535e-02
1.205150753768844197e+03 2.060255559502190970e+00 1.601250272053508089e-02
1.210804020100502385e+03 2.060184859195495211e+00 1.601262636625962188e-02
1.216457286432160799e+03 2.060115384806849637e+00 1.601274274570305134e-02
1.222110552763819214e+03 2.060047106962421548e+00 1.601285210052537031e-02
1.227763819095477402e+03 2.059979997192883605e+00 1.601295466378711493e-02
1.233417085427135589e+03 2.059914027899288236e+00 1.601305066031118163e-02
1.239070351758794004e+03 2.059849172320468824e+00 1.601314030704456548e-02
1.244723618090452419e+03 2.059785404501885964e+00 1.601322381332293335e-02
1.250376884422110379e+03 2.059722699265847279e+00 1.601330138119055543e-02
1.256030150753768794e+03 2.059661032183028428e+00 1.601337320567861391e-02
1.261683417085427209e+03 2.059600379545230009e+00 1.601343947511111795e-02
1.267336683417085396e+03 2.059540718339312626e+00 1.601350037129984499e-02
1.272989949748743584e+03 2.059482026222240414e+00 1.601355606986403293e-02
1.278643216080401999e+03 2.059424281497195253e+00 1.601360674042517571e-02
1.284296482412060413e+03 2.059367463090688410e+00 1.601365254682954320e-02
1.289949748743718601e+03 2.059311550530642965e+00 1.601369364741223045e-02
1.295603015075376788e+03 2.059256523925381277e+00 1.601373019515022270e-02
1.301256281407035203e+03 2.059202363943483327e+00 1.601376233792637521e-02
1.306909547738693618e+03 2.059149051794475493e+00 1.601379021862693250e-02
1.312562814070351806e+03 2.059096569210304484e+00 1.601381397547474439e-02
1.318216080402009993e+03 2.059044898427561776e+00 1.601383374201581500e-02
1.323869346733668408e+03 2.058994022170427929e+00 1.601384964745244249e-02
1.329522613065326595e+03 2.058943923634296791e+00 1.601386181671290293e-02
1.335175879396984783e+03 2.058894586470048083e+00 1.601387037063201069e-02
1.340829145728643198e+03 2.058845994768948806e+00 1.601387542610394760e-02
1.346482412060301613e+03 2.058798133048138190e+00 1.601387709622117267e-02
1.352135678391959800e+03 2.058750986236687730e+00 1.601387549042722347e-02
1.357788944723617988e+03 2.058704539662191468e+00 1.601387071461397166e-02
1.363442211055276402e+03 2.058658779037882525e+00 1.601386287124665492e-02
1.369095477386934817e+03 2.058613690450238121e+00 1.601385205955817986e-02
1.374748743718593005e+03 2.058569260347054897e+00 1.601383837557703374e-02
1.380402010050251192e+03 2.058525475525975423e+00 1.601382191225223656e-02
1.386055276381909607e+03 2.058482323123450364e+00 1.601380275963375927e-02
1.391708542713567795e+03 2.058439790604106978e+00 1.601378100487265560e-02
1.397361809045225982e+03 2.058397865750515088e+00 1.601375673242917339e-02
1.403015075376884397e+03 2.058356536653330959e+00 1.601373002404515161e-02
1.408668341708542812e+03 2.058315791701802233e+00 1.601370095895210052e-02
1.414321608040200999e+03 2.058275619574617021e+00 1.601366961387130569e-02
1.419974874371859187e+03 2.058236009231089625e+00 1.601363606315257815e-02
1.425628140703517602e+03 2.058196949902658890e+00 1.601360037882980022e-02
1.431281407035176017e+03 2.058158431084693873e+00 1.601356263071805272e-02
1.436934673366834204e+03 2.058120442528590832e+00 1.601352288648302813e-02
1.442587939698492391e+03 2.058082974234150431e+00 1.601348121166880009e-02
1.448241206030150806e+03 2.058046016442222292e+00 1.601343766985042355e-02
1.453894472361808994e+03 2.058009559627608898e+00 1.601339232263398679e-02
1.459547738693467409e+03 2.057973594492215952e+00 1.601334522975369698e-02
1.465201005025125596e+03 2.057938111958437233e+00 1.601329644914127603e-02
1.470854271356784011e+03 2.057903103162773917e+00 1.601324603691211407e-02
1.476507537688442198e+03 2.057868559449663071e+00 1.601319404757330436e-02
1.482160804020100386e+03 2.057834472365527301e+00 1.601314053391273209e-02
1.487814070351758801e+03 2.057800833653014472e+00 1.601308554713777241e-02
1.493467336683416988e+03 2.057767635245440818e+00 1.601302913694464120e-02
1.499120603015075403e+03 2.057734869261414801e+00 1.601297135151840897e-02
1.504773869346733591e+03 2.057702527999643483e+00 1.601291223761621557e-02
1.510427135678392006e+03 2.057670603933908104e+00 1.601285184058116179e-02
1.516080402010050193e+03 2.057639089708207081e+00 1.601279020443937412e-02
1.521733668341708608e+03 2.057607978132058424e+00 1.601272737187229775e-02
1.527386934673366795e+03 2.057577262175954935e+00 1.601266338431374392e-02
1.533040201005025210e+03 2.057546934966965502e+00 1.601259828196378854e-02
1.538693467336683398e+03 2.057516989784482941e+00 1.601253210387196951e-02
1.544346733668341585e+03 2.057487420056102856e+00 1.601246488788181377e-02
1.550000000000000000e+03 2.057458219353637041e+00 1.601239667075565060e-02
