4.250000000000000000e+02 1.671277020972811167e+00 4.067016911104234245e-01
4.306532663316583012e+02 1.789989922928548527e+00 3.773583919163538969e-01
4.363065326633166023e+02 1.851864684232406466e+00 3.618449807188625078e-01
4.419597989949749035e+02 1.896344103447923812e+00 3.498769234211976942e-01
4.476130653266331478e+02 1.932861891269423760e+00 3.391700146287172646e-01
4.532663316582914490e+02 1.965086635515644442e+00 3.288521756041093425e-01
4.589195979899497502e+02 1.994812450158173878e+00 3.184871656428782116e-01
4.645728643216080513e+02 2.023044990512774088e+00 3.078116579285897769e-01
4.702261306532663525e+02 2.050401077771950575e+00 2.966392990494625681e-01
4.758793969849245968e+02 2.077283061766598049e+00 2.848172229333628680e-01
4.815326633165828980e+02 2.103963995627873729e+00 2.722016502008340888e-01
4.871859296482411992e+02 2.130632204339594438e+00 2.586400731581221524e-01
4.928391959798995003e+02 2.157414738531790555e+00 2.439535836503163024e-01
4.984924623115578015e+02 2.184387492646225670e+00 2.279137738617880160e-01
5.041457286432161027e+02 2.211573149993104170e+00 2.102058198567546277e-01
5.097989949748744039e+02 2.238920206932065948e+00 1.903598170343802354e-01
5.154522613065327050e+02 2.266235167023905372e+00 1.676025136739316135e-01
5.211055276381910062e+02 2.292948512175564169e+00 1.404678905250788812e-01
5.267587939698491937e+02 2.316950722639391724e+00 1.053736013982898151e-01
5.324120603015074948e+02 2.311687707716703510e+00 4.312750885880111545e-02
5.380653266331657960e+02 2.270611601166931948e+00 8.700888457703051179e-03
5.437185929648240972e+02 2.230676578748601369e+00 9.041725928132356149e-03
5.493718592964823983e+02 2.206480701979532277e+00 9.325857054744654887e-03
5.550251256281406995e+02 2.189064579157094403e+00 9.584259490818586649e-03
5.606783919597990007e+02 2.175566320493711014e+00 9.826708928093046830e-03
5.663316582914573019e+02 2.164646270109428006e+00 1.005771634276019476e-02
5.719849246231156030e+02 2.155556123340407471e+00 1.027975947571498766e-02
5.776381909547739042e+02 2.147831587363987715e+00 1.049434652560634479e-02
5.832914572864322054e+02 2.141163539055813025e+00 1.070246094799117385e-02
5.889447236180903928e+02 2.135335410859859007e+00 1.090477709278043529e-02
5.945979899497488077e+02 2.130189494973099507e+00 1.110177593451039044e-02
6.002512562814069952e+02 2.125607394211644685e+00 1.129381198782752026e-02
6.059045226130652964e+02 2.121498003639934016e+00 1.148115426116942325e-02
6.115577889447235975e+02 2.117789772978532437e+00 1.166401246479992909e-02
6.172110552763818987e+02 2.114425533740662111e+00 1.184255438954266541e-02
6.228643216080401999e+02 2.111358930725058869e+00 1.201691776686921072e-02
6.285175879396985010e+02 2.108551893995443294e+00 1.218721855222176451e-02
6.341708542713568022e+02 2.105972806669545783e+00 1.235355682016885635e-02
6.398241206030151034e+02 2.103595150464586006e+00 1.251602102219996800e-02
6.454773869346734045e+02 2.101396486900645844e+00 1.267469109761825731e-02
6.511306532663315920e+02 2.099357679133461385e+00 1.282964076539505095e-02
6.567839195979900069e+02 2.097462289401921698e+00 1.298093922192376098e-02
6.624371859296481944e+02 2.095696106701222750e+00 1.312865240148027024e-02
6.680904522613064955e+02 2.094046772416102709e+00 1.327284391136658234e-02
6.737437185929647967e+02 2.092503480601827892e+00 1.341357572264254353e-02
6.793969849246230979e+02 2.091056735820032042e+00 1.355090867578425881e-02
6.850502512562813990e+02 2.089698155828133341e+00 1.368490284542766763e-02
6.907035175879397002e+02 2.088420309568582045e+00 1.381561779750101193e-02
6.963567839195980014e+02 2.087216583190864672e+00 1.394311276378486231e-02
7.020100502512563025e+02 2.086081068521454362e+00 1.406744675340448371e-02
7.076633165829146037e+02 2.085008469648714335e+00 1.418867861605879917e-02
7.133165829145727912e+02 2.083994024231281106e+00 1.430686706859535598e-02
7.189698492462312061e+02 2.083033436853616305e+00 1.442207069398476586e-02
7.246231155778893935e+02 2.082122822300576104e+00 1.453434791977598409e-02
7.302763819095478084e+02 2.081258657046691773e+00 1.464375698165370880e-02
7.359296482412059959e+02 2.080437737586120051e+00 1.475035587633657073e-02
7.415829145728642970e+02 2.079657144488565645e+00 1.485420230731157414e-02
7.472361809045225982e+02 2.078914211271520429e+00 1.495535362620489112e-02
7.528894472361808994e+02 2.078206497342367065e+00 1.505386677170930318e-02
7.585427135678392006e+02 2.077531764394596525e+00 1.514979820777913669e-02
7.641959798994975017e+02 2.076887955747700687e+00 1.524320386245806361e-02
7.698492462311558029e+02 2.076273178205586767e+00 1.533413906798307587e-02
7.755025125628139904e+02 2.075685686077830105e+00 1.542265850308108081e-02
7.811557788944724052e+02 2.075123867064942562e+00 1.550881613810736054e-02
7.868090452261305927e+02 2.074586229755574163e+00 1.559266518278423427e-02
7.924623115577890076e+02 2.074071392522186752e+00 1.567425803747736143e-02
7.981155778894471950e+02 2.073578073633782548e+00 1.575364624754730519e-02
8.037688442211054962e+02 2.073105082430954038e+00 1.583088046101310820e-02
8.094221105527637974e+02 2.072651311430836696e+00 1.590601038948109489e-02
8.150753768844220986e+02 2.072215729248292782e+00 1.597908477225670407e-02
8.207286432160803997e+02 2.071797374235424538e+00 1.605015134328638057e-02
8.263819095477387009e+02 2.071395348754869747e+00 1.611925680094845881e-02
8.320351758793970021e+02 2.071008814013639565e+00 1.618644678046398527e-02
8.376884422110551895e+02 2.070636985393901508e+00 1.625176582859497870e-02
8.433417085427136044e+02 2.070279128225312348e+00 1.631525738030492265e-02
8.489949748743717919e+02 2.069934553950554257e+00 1.637696373735957403e-02
8.546482412060302067e+02 2.069602616641766701e+00 1.643692604831339249e-02
8.603015075376883942e+02 2.069282709830758460e+00 1.649518428971227454e-02
8.659547738693468091e+02 2.068974263620379173e+00 1.655177724821789431e-02
8.716080402010049966e+02 2.068676742048313866e+00 1.660674250308916133e-02
8.772613065326632977e+02 2.068389640677938068e+00 1.666011640913907590e-02
8.829145728643215989e+02 2.068112484393789696e+00 1.671193407923290616e-02
8.885678391959799001e+02 2.067844825381793594e+00 1.676222936638327790e-02
8.942211055276382012e+02 2.067586241276592407e+00 1.681103484486014266e-02
8.998743718592965024e+02 2.067336333460305209e+00 1.685838178990244768e-02
9.055276381909548036e+02 2.067094725498757946e+00 1.690430015547912321e-02
9.111809045226129911e+02 2.066861061702744529e+00 1.694881854982896105e-02
9.168341708542714059e+02 2.066635005803225678e+00 1.699196420801194277e-02
9.224874371859295934e+02 2.066416239730545890e+00 1.703376296084355146e-02
9.281407035175880083e+02 2.066204462488829385e+00 1.707423919984745603e-02
9.337939698492461957e+02 2.065999389117634699e+00 1.711341583705490790e-02
9.394472361809044969e+02 2.065800749733813113e+00 1.715131425916315358e-02
9.451005025125627981e+02 2.065608288647264867e+00 1.718795427486355387e-02
9.507537688442210992e+02 2.065421763544983413e+00 1.722335405440143796e-02
9.564070351758794004e+02 2.065240944738412576e+00 1.725753006004308865e-02
9.620603015075377016e+02 2.065065614469705491e+00 1.729049696599970973e-02
9.677135678391960028e+02 2.064895566273037719e+00 1.732226756625683886e-02
9.733668341708543039e+02 2.064730604387608803e+00 1.735285266816797775e-02
9.790201005025126051e+02 2.064570543219482079e+00 1.738226096982701044e-02
9.846733668341707926e+02 2.064415206849851359e+00 1.741049891811907377e-02
9.903266331658290937e+02 2.064264428587832434e+00 1.743757054493796227e-02
9.959798994974873949e+02 2.064118050566315699e+00 1.746347727697232857e-02
1.001633165829145696e+03 2.063975923379949950e+00 1.748821771546815035e-02
1.007286432160803997e+03 2.063837905764834169e+00 1.751178737996844995e-02
1.012939698492462298e+03 2.063703864320087344e+00 1.753417840979252032e-02
1.018592964824120600e+03 2.063573673272121489e+00 1.755537921564737439e-02
1.024246231155778787e+03 2.063447214283198772e+00 1.757537407152670247e-02
1.029899497487437202e+03 2.063324376306723273e+00 1.759414263558949434e-02
1.035552763819095617e+03 2.063205055492804973e+00 1.761165938570841832e-02
1.041206030150753804e+03 2.063089155148887244e+00 1.762789295206207418e-02
1.046859296482411992e+03 2.062976585761847392e+00 1.764280532509747423e-02
1.052512562814070407e+03 2.062867265089951552e+00 1.765635091136085605e-02
1.058165829145728594e+03 2.062761118335575627e+00 1.766847540319927204e-02
1.063819095477386782e+03 2.062658078412819229e+00 1.767911441856939367e-02
1.069472361809045196e+03 2.062558086328324158e+00 1.768819185599567606e-02
1.075125628140703611e+03 2.062461091699041127e+00 1.769561789310105868e-02
1.080778894472361799e+03 2.062367053437911490e+00 1.770128653699646476e-02
1.086432160804019986e+03 2.062275940647986250e+00 1.770507260603565794e-02
1.092085427135678401e+03 2.062187733778452436e+00 1.770682798437444791e-02
1.097738693467336816e+03 2.062102426113581632e+00 1.770637693852942368e-02
1.103391959798995003e+03 2.062020025689829783e+00 1.770351021231909849e-02
1.109045226130653191e+03 2.061940557769946558e+00 1.769797751450239917e-02
1.114698492462311606e+03 2.061864068050427434e+00 1.768947786923759369e-02
1.120351758793969793e+03 2.061790626846342622e+00 1.767764709023168790e-02
1.126005025125627981e+03 2.061720334595614990e+00 1.766204133537382578e-02
1.131658291457286396e+03 2.061653329168854132e+00 1.764211524585121080e-02
1.137311557788944810e+03 2.061589795685713877e+00 1.761719249056212591e-02
1.142964824120602998e+03 2.061529979864841433e+00 1.758642548523580221e-02
1.148618090452261185e+03 2.061474206438001389e+00 1.754873940690235973e-02
1.154271356783919600e+03 2.061422904951061508e+00 1.750275298097610580e-02
1.159924623115578015e+03 2.061376646544436753e+00 1.744666418660518331e-02
1.165577889447236203e+03 2.061336197380398083e+00 1.737808175430961138e-02
1.171231155778894390e+03 2.061302597834004935e+00 1.729377082324123210e-02
1.176884422110552805e+03 2.061277282374329278e+00 1.718925909613511563e-02
1.182537688442210992e+03 2.061262264869649918e+00 1.705821024560222332e-02
1.188190954773869180e+03 2.061260430189640225e+00 1.689139953395640478e-02
1.193844221105527595e+03 2.061275996841513969e+00 1.667499911839787075e-02
1.199497487437186010e+03 2.061315236504325465e+00 1.638767937734899455e-02
1.205150753768844197e+03 2.061387476167798827e+00 1.599587579940292201e-02
1.210804020100502385e+03 2.061505859952977193e+00 1.544750358223280495e-02
1.216457286432160799e+03 2.061684615068488213e+00 1.467224166702225246e-02
1.222110552763819214e+03 2.061921310597349954e+00 1.363017887005860129e-02
1.227763819095477402e+03 2.062158920598302636e+00 1.247069642737560526e-02
1.233417085427135589e+03 2.062312975149836358e+00 1.153154544633122960e-02
1.239070351758794004e+03 2.062372981237571956e+00 1.093561259292936613e-02
1.244723618090452419e+03 2.062375807066537892e+00 1.057896572350420540e-02
1.250376884422110379e+03 2.062349312162724324e+00 1.035652693932653454e-02
1.256030150753768794e+03 2.062307670507064206e+00 1.020903350241975961e-02
1.261683417085427209e+03 2.062257841736906183e+00 1.010568886200261148e-02
1.267336683417085396e+03 2.062203425795574141e+00 1.002995154790013721e-02
1.272989949748743584e+03 2.062146410353454584e+00 9.972419059707025510e-03
1.278643216080401999e+03 2.062087960001609765e+00 9.927439250480209199e-03
1.284296482412060413e+03 2.062028791869386701e+00 9.891441992521890145e-03
1.289949748743718601e+03 2.061969365733895110e+00 9.862074418155317851e-03
1.295603015075376788e+03 2.061909985987849581e+00 9.837728727979735965e-03
1.301256281407035203e+03 2.061850859229742206e+00 9.817271737932517853e-03
1.306909547738693618e+03 2.061792128291034754e+00 9.799883250917398522e-03
1.312562814070351806e+03 2.061733893146088015e+00 9.784955782251397033e-03
1.318216080402009993e+03 2.061676224208731867e+00 9.772030267944932860e-03
1.323869346733668408e+03 2.061619171044499765e+00 9.760753630263092201e-03
1.329522613065326595e+03 2.061562768231348652e+00 9.750850041005419688e-03
1.335175879396984783e+03 2.061507039394901319e+00 9.742101010883259110e-03
1.340829145728643198e+03 2.061452000044687427e+00 9.734331309426682774e-03
1.346482412060301613e+03 2.061397659604598420e+00 9.727398823811444356e-03
1.352135678391959800e+03 2.061344022890532646e+00 9.721187132406453046e-03
1.357788944723617988e+03 2.061291091201641112e+00 9.715599984133045999e-03
1.363442211055276402e+03 2.061238863136934274e+00 9.710557138350854947e-03
1.369095477386934817e+03 2.061187335213624294e+00 9.705991189937033733e-03
1.374748743718593005e+03 2.061136502340370935e+00 9.701845119227656133e-03
1.380402010050251192e+03 2.061086358182931288e+00 9.698070380487320077e-03
1.386055276381909607e+03 2.061036895449116280e+00 9.694625396466821296e-03
1.391708542713567795e+03 2.060988106112549900e+00 9.691474361978541160e-03
1.397361809045225982e+03 2.060939981589568148e+00 9.688586284800800030e-03
1.403015075376884397e+03 2.060892512879906935e+00 9.685934211371005978e-03
1.408668341708542812e+03 2.060845690679161013e+00 9.683494596501501794e-03
1.414321608040200999e+03 2.060799505469076198e+00 9.681246787355738889e-03
1.419974874371859187e+03 2.060753947590305835e+00 9.679172598069074943e-03
1.425628140703517602e+03 2.060709007301198881e+00 9.677255956866753425e-03
1.431281407035176017e+03 2.060664674825400500e+00 9.675482611955164500e-03
1.436934673366834204e+03 2.060620940390435862e+00 9.673839884952295520e-03
1.442587939698492391e+03 2.060577794258995787e+00 9.672316463071621226e-03
1.448241206030150806e+03 2.060535226754275584e+00 9.670902223420792601e-03
1.453894472361808994e+03 2.060493228280463995e+00 9.669588083331527237e-03
1.459547738693467409e+03 2.060451789339245110e+00 9.668365872855137072e-03
1.465201005025125596e+03 2.060410900543021562e+00 9.667228225350762288e-03
1.470854271356784011e+03 2.060370552625433671e+00 9.666168483245982448e-03
1.476507537688442198e+03 2.060330736449627942e+00 9.665180616885276146e-03
1.482160804020100386e+03 2.060291443014672375e+00 9.664259153888601211e-03
1.487814070351758801e+03 2.060252663460417022e+00 9.663399118110720457e-03
1.493467336683416988e+03 2.060214389071072905e+00 9.662595976159737629e-03
1.499120603015075403e+03 2.060176611277707792e+00 9.661845590576662729e-03
1.504773869346733591e+03 2.060139321659849809e+00 9.661144179026632042e-03
1.510427135678392006e+03 2.060102511946343640e+00 9.660488278067827506e-03
1.516080402010050193e+03 2.060066174015579676e+00 9.659874711532245167e-03
1.521733668341708608e+03 2.060030299895204031e+00 9.659300562309416915e-03
1.527386934673366795e+03 2.059994881761399554e+00 9.658763147448633929e-03
1.533040201005025210e+03 2.059959911937801813e+00 9.658259996080194656e-03
1.538693467336683398e+03 2.059925382894124191e+00 9.657788829701067015e-03
1.544346733668341585e+03 2.059891287244539182e+00 9.657347544530339375e-03
1.550000000000000000e+03 2.059857617745853631e+00 9.656934195892011644e-03
