4.250000000000000000e+02 1.698061985170379318e+00 3.970639492724808983e-01
4.306532663316583012e+02 1.813212883885851445e+00 3.684400951467504126e-01
4.363065326633166023e+02 1.873886943518650705e+00 3.525321039859264927e-01
4.419597989949749035e+02 1.917861410112754683e+00 3.398424127804308137e-01
4.476130653266331478e+02 1.954190290036232236e+00 3.282366756893210225e-01
4.532663316582914490e+02 1.986398709785085259e+00 3.168873967251994994e-01
4.589195979899497502e+02 2.016211303784206876e+00 3.053693397600297232e-01
4.645728643216080513e+02 2.044593841734358097e+00 2.934138008229045802e-01
4.702261306532663525e+02 2.072136433033864744e+00 2.808170794784460300e-01
4.758793969849245968e+02 2.099220135465849957e+00 2.673965482102768076e-01
4.815326633165828980e+02 2.126097118484487236e+00 2.529624020539130158e-01
4.871859296482411992e+02 2.152930156863072320e+00 2.372916097347043396e-01
4.928391959798995003e+02 2.179808063961736764e+00 2.200940602102734733e-01
4.984924623115578015e+02 2.206738692292620652e+00 2.009561079822418939e-01
5.041457286432161027e+02 2.233601607469367867e+00 1.792273480885321901e-01
5.097989949748744039e+02 2.259976027186370029e+00 1.537465060661481753e-01
5.154522613065327050e+02 2.284350395726232552e+00 1.219693098554911481e-01
5.211055276381910062e+02 2.295981151375771745e+00 7.498536586505540058e-02
5.267587939698491937e+02 2.266380265636778635e+00 1.246630123096201248e-02
5.324120603015074948e+02 2.220629402624290982e+00 1.272364580130244845e-02
5.380653266331657960e+02 2.194903408894207875e+00 1.287302903326592585e-02
5.437185929648240972e+02 2.177019457691555804e+00 1.297879432942676374e-02
5.493718592964823983e+02 2.163450578337459795e+00 1.305999056957035491e-02
5.550251256281406995e+02 2.152635172078106507e+00 1.312519921483740540e-02
5.606783919597990007e+02 2.143731981729402047e+00 1.317911462631747230e-02
5.663316582914573019e+02 2.136232327081431848e+00 1.322461543639954010e-02
5.719849246231156030e+02 2.129804093202648740e+00 1.326360578339616340e-02
5.776381909547739042e+02 2.124218197336274372e+00 1.329741529239060645e-02
5.832914572864322054e+02 2.119309945635460046e+00 1.332701102843235862e-02
5.889447236180903928e+02 2.114957036515372923e+00 1.335311911054715486e-02
5.945979899497488077e+02 2.111066247918478744e+00 1.337629888140063998e-02
6.002512562814069952e+02 2.107564978682090473e+00 1.339699038393367923e-02
6.059045226130652964e+02 2.104395657171918010e+00 1.341554597066325211e-02
6.115577889447235975e+02 2.101511921810656158e+00 1.343225204723159580e-02
6.172110552763818987e+02 2.098875938625814896e+00 1.344734444738127088e-02
6.228643216080401999e+02 2.096456472087840694e+00 1.346101956376596562e-02
6.285175879396985010e+02 2.094227468884255927e+00 1.347344257273591639e-02
6.341708542713568022e+02 2.092166999381348091e+00 1.348475362122891937e-02
6.398241206030151034e+02 2.090256453775472867e+00 1.349507255464784186e-02
6.454773869346734045e+02 2.088479922973943470e+00 1.350450258098452594e-02
6.511306532663315920e+02 2.086823715684621217e+00 1.351313314647938947e-02
6.567839195979900069e+02 2.085275977430161021e+00 1.352104221799832300e-02
6.624371859296481944e+02 2.083826386853930845e+00 1.352829811365187547e-02
6.680904522613064955e+02 2.082465911349482113e+00 1.353496098442076578e-02
6.737437185929647967e+02 2.081186608726042664e+00 1.354108402402881203e-02
6.793969849246230979e+02 2.079981464960113158e+00 1.354671446456880840e-02
6.850502512562813990e+02 2.078844260496601315e+00 1.355189440156372334e-02
6.907035175879397002e+02 2.077769459330468749e+00 1.355666148280353957e-02
6.963567839195980014e+02 2.076752116409673832e+00 1.356104948655767473e-02
7.020100502512563025e+02 2.075787799881460671e+00 1.356508880999916615e-02
7.076633165829146037e+02 2.074872525446578297e+00 1.356880688391860421e-02
7.133165829145727912e+02 2.074002700653231113e+00 1.357222852676665849e-02
7.189698492462312061e+02 2.073175077399563637e+00 1.357537624812090414e-02
7.246231155778893935e+02 2.072386711253026981e+00 1.357827051025367431e-02
7.302763819095478084e+02 2.071634926460701021e+00 1.358092995421715000e-02
7.359296482412059959e+02 2.070917285734198643e+00 1.358337159622424739e-02
7.415829145728642970e+02 2.070231564059057394e+00 1.358561099890796646e-02
7.472361809045225982e+02 2.069575725911390496e+00 1.358766242090661200e-02
7.528894472361808994e+02 2.068947905371285589e+00 1.358953894841972813e-02
7.585427135678392006e+02 2.068346388708733663e+00 1.359125261078539433e-02
7.641959798994975017e+02 2.067769599087931454e+00 1.359281448258384262e-02
7.698492462311558029e+02 2.067216083093051271e+00 1.359423477420063434e-02
7.755025125628139904e+02 2.066684498825524408e+00 1.359552291206740302e-02
7.811557788944724052e+02 2.066173605361611099e+00 1.359668761013097665e-02
7.868090452261305927e+02 2.065682253391064815e+00 1.359773693366849757e-02
7.924623115577890076e+02 2.065209376884364900e+00 1.359867835633071093e-02
7.981155778894471950e+02 2.064753985658229318e+00 1.359951881130635511e-02
8.037688442211054962e+02 2.064315158727754174e+00 1.360026473723470464e-02
8.094221105527637974e+02 2.063892038349214086e+00 1.360092211963654339e-02
8.150753768844220986e+02 2.063483824670766076e+00 1.360149652809187343e-02
8.207286432160803997e+02 2.063089770919527499e+00 1.360199315009219534e-02
8.263819095477387009e+02 2.062709179062980791e+00 1.360241682143180017e-02
8.320351758793970021e+02 2.062341395890799234e+00 1.360277205394764925e-02
8.376884422110551895e+02 2.061985809470083808e+00 1.360306306059968010e-02
8.433417085427136044e+02 2.061641845932965289e+00 1.360329377838817751e-02
8.489949748743717919e+02 2.061308966560611466e+00 1.360346788908142930e-02
8.546482412060302067e+02 2.060986665132085616e+00 1.360358883829736881e-02
8.603015075376883942e+02 2.060674465510298425e+00 1.360365985284549620e-02
8.659547738693468091e+02 2.060371919440584509e+00 1.360368395661025118e-02
8.716080402010049966e+02 2.060078604540294123e+00 1.360366398506052815e-02
8.772613065326632977e+02 2.059794122460261612e+00 1.360360259863288047e-02
8.829145728643215989e+02 2.059518097201206821e+00 1.360350229499065339e-02
8.885678391959799001e+02 2.059250173569983300e+00 1.360336542022635119e-02
8.942211055276382012e+02 2.058990015762275583e+00 1.360319417940061663e-02
8.998743718592965024e+02 2.058737306059784000e+00 1.360299064584801279e-02
9.055276381909548036e+02 2.058491743631221560e+00 1.360275677019756255e-02
9.111809045226129911e+02 2.058253043427574980e+00 1.360249438842354996e-02
9.168341708542714059e+02 2.058020935163069165e+00 1.360220522936825792e-02
9.224874371859295934e+02 2.057795162374165265e+00 1.360189092172108330e-02
9.281407035175880083e+02 2.057575481549687613e+00 1.360155300048739198e-02
9.337939698492461957e+02 2.057361661325871616e+00 1.360119291288240835e-02
9.394472361809044969e+02 2.057153481740740197e+00 1.360081202391181035e-02
9.451005025125627981e+02 2.056950733542758591e+00 1.360041162157422587e-02
9.507537688442210992e+02 2.056753217549201374e+00 1.359999292153904124e-02
9.564070351758794004e+02 2.056560744050108802e+00 1.359955707161005292e-02
9.620603015075377016e+02 2.056373132254087466e+00 1.359910515597525897e-02
9.677135678391960028e+02 2.056190209772560618e+00 1.359863819886749509e-02
9.733668341708543039e+02 2.056011812139399098e+00 1.359815716830556527e-02
9.790201005025126051e+02 2.055837782363106658e+00 1.359766297936088747e-02
9.846733668341707926e+02 2.055667970509040376e+00 1.359715649732537793e-02
9.903266331658290937e+02 2.055502233309311588e+00 1.359663854060107722e-02
9.959798994974873949e+02 2.055340433798270805e+00 1.359610988339327725e-02
1.001633165829145696e+03 2.055182440971622171e+00 1.359557125835423805e-02
1.007286432160803997e+03 2.055028129467408871e+00 1.359502335886726872e-02
1.012939698492462298e+03 2.054877379267245008e+00 1.359446684131422958e-02
1.018592964824120600e+03 2.054730075416303148e+00 1.359390232719583091e-02
1.024246231155778787e+03 2.054586107760711933e+00 1.359333040505580729e-02
1.029899497487437202e+03 2.054445370701096341e+00 1.359275163229066961e-02
1.035552763819095617e+03 2.054307762961126382e+00 1.359216653695938595e-02
1.041206030150753804e+03 2.054173187370014642e+00 1.359157561931538701e-02
1.046859296482411992e+03 2.054041550657986992e+00 1.359097935337122247e-02
1.052512562814070407e+03 2.053912763263839203e+00 1.359037818828357988e-02
1.058165829145728594e+03 2.053786739153752539e+00 1.358977254977102381e-02
1.063819095477386782e+03 2.053663395650602741e+00 1.358916284130309501e-02
1.069472361809045196e+03 2.053542653273063401e+00 1.358854944532216467e-02
1.075125628140703611e+03 2.053424435583860674e+00 1.358793272431833669e-02
1.080778894472361799e+03 2.053308669046562063e+00 1.358731302198616826e-02
1.086432160804019986e+03 2.053195282890364126e+00 1.358669066407103623e-02
1.092085427135678401e+03 2.053084208982344006e+00 1.358606595946073095e-02
1.097738693467336816e+03 2.052975381706715563e+00 1.358543920090131592e-02
1.103391959798995003e+03 2.052868737850632730e+00 1.358481066597460110e-02
1.109045226130653191e+03 2.052764216496138161e+00 1.358418061781425414e-02
1.114698492462311606e+03 2.052661758917873946e+00 1.358354930582201733e-02
1.120351758793969793e+03 2.052561308486192893e+00 1.358291696643311973e-02
1.126005025125627981e+03 2.052462810575353291e+00 1.358228382373467477e-02
1.131658291457286396e+03 2.052366212476471663e+00 1.358165009011692848e-02
1.137311557788944810e+03 2.052271463314968347e+00 1.358101596682651999e-02
1.142964824120602998e+03 2.052178513972222174e+00 1.358038164453622375e-02
1.148618090452261185e+03 2.052087317011191292e+00 1.357974730391480790e-02
1.154271356783919600e+03 2.051997826605773234e+00 1.357911311606622463e-02
1.159924623115578015e+03 2.051909998473679497e+00 1.357847924306699629e-02
1.165577889447236203e+03 2.051823789812624810e+00 1.357784583837291954e-02
1.171231155778894390e+03 2.051739159239646781e+00 1.357721304720951525e-02
1.176884422110552805e+03 2.051656066733368533e+00 1.357658100706069307e-02
1.182537688442210992e+03 2.051574473579052427e+00 1.357594984799399482e-02
1.188190954773869180e+03 2.051494342316274366e+00 1.357531969301863962e-02
1.193844221105527595e+03 2.051415636689087663e+00 1.357469065849271905e-02
1.199497487437186010e+03 2.051338321598531245e+00 1.357406285435058292e-02
1.205150753768844197e+03 2.051262363057354765e+00 1.357343638446114123e-02
1.210804020100502385e+03 2.051187728146849576e+00 1.357281134696992388e-02
1.216457286432160799e+03 2.051114384975657678e+00 1.357218783446124781e-02
1.222110552763819214e+03 2.051042302640471604e+00 1.357156593433315149e-02
1.227763819095477402e+03 2.050971451188508876e+00 1.357094572902516755e-02
1.233417085427135589e+03 2.050901801581676231e+00 1.357032729614797255e-02
1.239070351758794004e+03 2.050833325662339224e+00 1.356971070890764484e-02
1.244723618090452419e+03 2.050765996120605283e+00 1.356909603612092147e-02
1.250376884422110379e+03 2.050699786463046959e+00 1.356848334257412456e-02
1.256030150753768794e+03 2.050634670982795615e+00 1.356787268910399080e-02
1.261683417085427209e+03 2.050570624730930103e+00 1.356726413287490975e-02
1.267336683417085396e+03 2.050507623489100872e+00 1.356665772749258460e-02
1.272989949748743584e+03 2.050445643743320723e+00 1.356605352316681869e-02
1.278643216080401999e+03 2.050384662658877311e+00 1.356545156693983976e-02
1.284296482412060413e+03 2.050324658056295934e+00 1.356485190278372902e-02
1.289949748743718601e+03 2.050265608388315730e+00 1.356425457173062593e-02
1.295603015075376788e+03 2.050207492717819768e+00 1.356365961205208831e-02
1.301256281407035203e+03 2.050150290696681310e+00 1.356306705938937866e-02
1.306909547738693618e+03 2.050093982545477811e+00 1.356247694681832379e-02
1.312562814070351806e+03 2.050038549034029156e+00 1.356188930504515985e-02
1.318216080402009993e+03 2.049983971462731258e+00 1.356130416250420079e-02
1.323869346733668408e+03 2.049930231644633061e+00 1.356072154537367458e-02
1.329522613065326595e+03 2.049877311888236964e+00 1.356014147785355832e-02
1.335175879396984783e+03 2.049825194980980037e+00 1.355956398206684815e-02
1.340829145728643198e+03 2.049773864173366711e+00 1.355898907833747585e-02
1.346482412060301613e+03 2.049723303163724086e+00 1.355841678510799966e-02
1.352135678391959800e+03 2.049673496083554536e+00 1.355784711916845249e-02
1.357788944723617988e+03 2.049624427483449640e+00 1.355728009567234993e-02
1.363442211055276402e+03 2.049576082319553905e+00 1.355671572818543946e-02
1.369095477386934817e+03 2.049528445940537402e+00 1.355615402881639106e-02
1.374748743718593005e+03 2.049481504075073790e+00 1.355559500824922090e-02
1.380402010050251192e+03 2.049435242819781067e+00 1.355503867589041324e-02
1.386055276381909607e+03 2.049389648627623739e+00 1.355448503975396034e-02
1.391708542713567795e+03 2.049344708296743089e+00 1.355393410672317729e-02
1.397361809045225982e+03 2.049300408959700448e+00 1.355338588251769373e-02
1.403015075376884397e+03 2.049256738073124584e+00 1.355284037172597815e-02
1.408668341708542812e+03 2.049213683407729913e+00 1.355229757788700869e-02
1.414321608040200999e+03 2.049171233038703743e+00 1.355175750355560801e-02
1.419974874371859187e+03 2.049129375336438574e+00 1.355122015036777303e-02
1.425628140703517602e+03 2.049088098957603243e+00 1.355068551899133583e-02
1.431281407035176017e+03 2.049047392836526260e+00 1.355015360928963838e-02
1.436934673366834204e+03 2.049007246176893116e+00 1.354962442028859529e-02
1.442587939698492391e+03 2.048967648443732248e+00 1.354909795024208941e-02
1.448241206030150806e+03 2.048928589355686558e+00 1.354857419668098820e-02
1.453894472361808994e+03 2.048890058877553599e+00 1.354805315641300495e-02
1.459547738693467409e+03 2.048852047213085115e+00 1.354753482560452395e-02
1.465201005025125596e+03 2.048814544798036597e+00 1.354701919976408417e-02
1.470854271356784011e+03 2.048777542293457543e+00 1.354650627384061841e-02
1.476507537688442198e+03 2.048741030579205535e+00 1.354599604219056813e-02
1.482160804020100386e+03 2.048705000747689908e+00 1.354548849864335193e-02
1.487814070351758801e+03 2.048669444097819259e+00 1.354498363650128573e-02
1.493467336683416988e+03 2.048634352129155456e+00 1.354448144862145827e-02
1.499120603015075403e+03 2.048599716536266602e+00 1.354398192736647882e-02
1.504773869346733591e+03 2.048565529203262514e+00 1.354348506468638393e-02
1.510427135678392006e+03 2.048531782198515394e+00 1.354299085215135943e-02
1.516080402010050193e+03 2.048498467769551024e+00 1.354249928088610555e-02
1.521733668341708608e+03 2.048465578338112270e+00 1.354201034168455234e-02
1.527386934673366795e+03 2.048433106495377576e+00 1.354152402500981463e-02
1.533040201005025210e+03 2.048401044997339771e+00 1.354104032099414864e-02
1.538693467336683398e+03 2.048369386760330979e+00 1.354055921943892252e-02
1.544346733668341585e+03 2.048338124856690978e+00 1.354008070989655595e-02
1.550000000000000000e+03 2.048307252510576326e+00 1.353960478163771138e-02
