4.250000000000000000e+02 1.642973007065904989e+00 3.874606924141502096e-01
4.306532663316583012e+02 1.754803807098272550e+00 3.599090366440356181e-01
4.363065326633166023e+02 1.813465159917357461e+00 3.448806946582961830e-01
4.419597989949749035e+02 1.855832352481481706e+00 3.330467273380675608e-01
4.476130653266331478e+02 1.890738364225892143e+00 3.223184344984213467e-01
4.532663316582914490e+02 1.921621205769358909e+00 3.118914412872797470e-01
4.589195979899497502e+02 1.950162959562552256e+00 3.013577846230744983e-01
4.645728643216080513e+02 1.977306256666766293e+00 2.904655644208485876e-01
4.702261306532663525e+02 2.003628351451115730e+00 2.790303791833734226e-01
4.758793969849245968e+02 2.029504110318392396e+00 2.668941600372025102e-01
4.815326633165828980e+02 2.055185135474439040e+00 2.539006418858800185e-01
4.871859296482411992e+02 2.080840205057863823e+00 2.398754029600333459e-01
4.928391959798995003e+02 2.106574567861124958e+00 2.246032290147838562e-01
4.984924623115578015e+02 2.132433548126137612e+00 2.077946552950485637e-01
5.041457286432161027e+02 2.158386250092439784e+00 1.890263236535978109e-01
5.097989949748744039e+02 2.184264833279736528e+00 1.676162797194682974e-01
5.154522613065327050e+02 2.209552758543966711e+00 1.423089643501847246e-01
5.211055276381910062e+02 2.232368297026240622e+00 1.102010961676113537e-01
5.267587939698491937e+02 2.236159376672717691e+00 5.912515539015442828e-02
5.324120603015074948e+02 2.203079687864772485e+00 1.133482514319959604e-02
5.380653266331657960e+02 2.161661418985044492e+00 1.155491981176447365e-02
5.437185929648240972e+02 2.137629664361451187e+00 1.168751627408486440e-02
5.493718592964823983e+02 2.120664572764374700e+00 1.178349136354645520e-02
5.550251256281406995e+02 2.107667075384488609e+00 1.185842565933773081e-02
5.606783919597990007e+02 2.097234497485844340e+00 1.191948552907301506e-02
5.663316582914573019e+02 2.088599890285790739e+00 1.197064691465718825e-02
5.719849246231156030e+02 2.081294450350029024e+00 1.201437321401933704e-02
5.776381909547739042e+02 2.075009525408854305e+00 1.205230698504806269e-02
5.832914572864322054e+02 2.069530777436103364e+00 1.208560264202858218e-02
5.889447236180903928e+02 2.064703248095173027e+00 1.211510437796331323e-02
5.945979899497488077e+02 2.060411315599170567e+00 1.214144902012741049e-02
6.002512562814069952e+02 2.056566483890601926e+00 1.216512915303647781e-02
6.059045226130652964e+02 2.053099580284946768e+00 1.218653374020540504e-02
6.115577889447235975e+02 2.049955572626380729e+00 1.220597529413038236e-02
6.172110552763818987e+02 2.047090013599949021e+00 1.222370864204541836e-02
6.228643216080401999e+02 2.044466533937800090e+00 1.223994424246322051e-02
6.285175879396985010e+02 2.042055033349225113e+00 1.225485785715758370e-02
6.341708542713568022e+02 2.039830348282755335e+00 1.226859771812882291e-02
6.398241206030151034e+02 2.037771253299645924e+00 1.228128993330917032e-02
6.454773869346734045e+02 2.035859700712300047e+00 1.229304262709463545e-02
6.511306532663315920e+02 2.034080233520437542e+00 1.230394915650056577e-02
6.567839195979900069e+02 2.032419526456152870e+00 1.231409064027860246e-02
6.624371859296481944e+02 2.030866023122511077e+00 1.232353797015129336e-02
6.680904522613064955e+02 2.029409646165348580e+00 1.233235342651686252e-02
6.737437185929647967e+02 2.028041563618128151e+00 1.234059198862354906e-02
6.793969849246230979e+02 2.026753998924424760e+00 1.234830240583213723e-02
6.850502512562813990e+02 2.025540075262009410e+00 1.235552808044819081e-02
6.907035175879397002e+02 2.024393687052882029e+00 1.236230780057544394e-02
6.963567839195980014e+02 2.023309393202378459e+00 1.236867635249484787e-02
7.020100502512563025e+02 2.022282327842065186e+00 1.237466503545371459e-02
7.076633165829146037e+02 2.021308125275416145e+00 1.238030209701036777e-02
7.133165829145727912e+02 2.020382856525924975e+00 1.238561310316349529e-02
7.189698492462312061e+02 2.019502975423355995e+00 1.239062125466586402e-02
7.246231155778893935e+02 2.018665272577516046e+00 1.239534765840855611e-02
7.302763819095478084e+02 2.017866835910817613e+00 1.239981156162751376e-02
7.359296482412059959e+02 2.017105016673156115e+00 1.240403055448222047e-02
7.415829145728642970e+02 2.016377400061861724e+00 1.240802074638125592e-02
7.472361809045225982e+02 2.015681779727757750e+00 1.241179691965665563e-02
7.528894472361808994e+02 2.015016135574996703e+00 1.241537266423679321e-02
7.585427135678392006e+02 2.014378614364209508e+00 1.241876049580638297e-02
7.641959798994975017e+02 2.013767512710918250e+00 1.242197196013023613e-02
7.698492462311558029e+02 2.013181262138215466e+00 1.242501772510473494e-02
7.755025125628139904e+02 2.012618415897518886e+00 1.242790766251306023e-02
7.811557788944724052e+02 2.012077637316223910e+00 1.243065092042706758e-02
7.868090452261305927e+02 2.011557689468243648e+00 1.243325598809878405e-02
7.924623115577890076e+02 2.011057425994207559e+00 1.243573075358466416e-02
7.981155778894471950e+02 2.010575782923717192e+00 1.243808255553538987e-02
8.037688442211054962e+02 2.010111771373471079e+00 1.244031822971979062e-02
8.094221105527637974e+02 2.009664471013030251e+00 1.244244415059671260e-02
8.150753768844220986e+02 2.009233024205099305e+00 1.244446626913671243e-02
8.207286432160803997e+02 2.008816630739989950e+00 1.244639014668157823e-02
8.263819095477387009e+02 2.008414543094717342e+00 1.244822098578694976e-02
8.320351758793970021e+02 2.008026062156419211e+00 1.244996365802689825e-02
8.376884422110551895e+02 2.007650533357596245e+00 1.245162272932618004e-02
8.433417085427136044e+02 2.007287343177406314e+00 1.245320248295575527e-02
8.489949748743717919e+02 2.006935915968983242e+00 1.245470694053972018e-02
8.546482412060302067e+02 2.006595711077717503e+00 1.245613988113518540e-02
8.603015075376883942e+02 2.006266220219678598e+00 1.245750485869518386e-02
8.659547738693468091e+02 2.005946965093077239e+00 1.245880521811663054e-02
8.716080402010049966e+02 2.005637495198845155e+00 1.246004410984297844e-02
8.772613065326632977e+02 2.005337385849183640e+00 1.246122450332904849e-02
8.829145728643215989e+02 2.005046236345376265e+00 1.246234919940768758e-02
8.885678391959799001e+02 2.004763668308232383e+00 1.246342084157947387e-02
8.942211055276382012e+02 2.004489324146413676e+00 1.246444192653145197e-02
8.998743718592965024e+02 2.004222865649480934e+00 1.246541481379840298e-02
9.055276381909548036e+02 2.003963972693934448e+00 1.246634173458681036e-02
9.111809045226129911e+02 2.003712342051770179e+00 1.246722480006641487e-02
9.168341708542714059e+02 2.003467686292164096e+00 1.246806600898859099e-02
9.224874371859295934e+02 2.003229732767878968e+00 1.246886725466880841e-02
9.281407035175880083e+02 2.002998222678846751e+00 1.246963033156607038e-02
9.337939698492461957e+02 2.002772910206130241e+00 1.247035694131810174e-02
9.394472361809044969e+02 2.002553561710164853e+00 1.247104869837581918e-02
9.451005025125627981e+02 2.002339954987754744e+00 1.247170713523807796e-02
9.507537688442210992e+02 2.002131878582862345e+00 1.247233370728751886e-02
9.564070351758794004e+02 2.001929131146678031e+00 1.247292979733514127e-02
9.620603015075377016e+02 2.001731520842913614e+00 1.247349671989203372e-02
9.677135678391960028e+02 2.001538864794608852e+00 1.247403572499087426e-02
9.733668341708543039e+02 2.001350988569122080e+00 1.247454800198498012e-02
9.790201005025126051e+02 2.001167725698242528e+00 1.247503468282692464e-02
9.846733668341707926e+02 2.000988917230667852e+00 1.247549684545021069e-02
9.903266331658290937e+02 2.000814411314316477e+00 1.247593551663132155e-02
9.959798994974873949e+02 2.000644062806185897e+00 1.247635167484874297e-02
1.001633165829145696e+03 2.000477732907643080e+00 1.247674625289002005e-02
1.007286432160803997e+03 2.000315288823248938e+00 1.247712014036734922e-02
1.012939698492462298e+03 2.000156603441345382e+00 1.247747418596393404e-02
1.018592964824120600e+03 2.000001555034810252e+00 1.247780919963382106e-02
1.024246231155778787e+03 1.999850026980507067e+00 1.247812595464863061e-02
1.029899497487437202e+03 1.999701907496076458e+00 1.247842518944684669e-02
1.035552763819095617e+03 1.999557089392832498e+00 1.247870760951719747e-02
1.041206030150753804e+03 1.999415469843626614e+00 1.247897388904042199e-02
1.046859296482411992e+03 1.999276950164627031e+00 1.247922467249421540e-02
1.052512562814070407e+03 1.999141435610054085e+00 1.247946057615916156e-02
1.058165829145728594e+03 1.999008835178977428e+00 1.247968218947241581e-02
1.063819095477386782e+03 1.998879061433362470e+00 1.247989007647829461e-02
1.069472361809045196e+03 1.998752030326599982e+00 1.248008477696666355e-02
1.075125628140703611e+03 1.998627661041831205e+00 1.248026680770840044e-02
1.080778894472361799e+03 1.998505875839411416e+00 1.248043666358340797e-02
1.086432160804019986e+03 1.998386599912923334e+00 1.248059481861903304e-02
1.092085427135678401e+03 1.998269761253179677e+00 1.248074172700121102e-02
1.097738693467336816e+03 1.998155290519707750e+00 1.248087782396943742e-02
1.103391959798995003e+03 1.998043120919236637e+00 1.248100352680912330e-02
1.109045226130653191e+03 1.997933188090747159e+00 1.248111923559440742e-02
1.114698492462311606e+03 1.997825429996676228e+00 1.248122533403735017e-02
1.120351758793969793e+03 1.997719786819892374e+00 1.248132219025667282e-02
1.126005025125627981e+03 1.997616200866088931e+00 1.248141015745722268e-02
1.131658291457286396e+03 1.997514616471267157e+00 1.248148957464472603e-02
1.137311557788944810e+03 1.997414979914001520e+00 1.248156076722460768e-02
1.142964824120602998e+03 1.997317239332200955e+00 1.248162404768952093e-02
1.148618090452261185e+03 1.997221344644100061e+00 1.248167971611095078e-02
1.154271356783919600e+03 1.997127247473231337e+00 1.248172806076403539e-02
1.159924623115578015e+03 1.997034901077148428e+00 1.248176935860097030e-02
1.165577889447236203e+03 1.996944260279680750e+00 1.248180387576871934e-02
1.171231155778894390e+03 1.996855281406519467e+00 1.248183186809099371e-02
1.176884422110552805e+03 1.996767922223943836e+00 1.248185358148779477e-02
1.182537688442210992e+03 1.996682141880514072e+00 1.248186925244821298e-02
1.188190954773869180e+03 1.996597900851557972e+00 1.248187910836078343e-02
1.193844221105527595e+03 1.996515160886305873e+00 1.248188336799493404e-02
1.199497487437186010e+03 1.996433884957519389e+00 1.248188224178664769e-02
1.205150753768844197e+03 1.996354037213482924e+00 1.248187593224855951e-02
1.210804020100502385e+03 1.996275582932228954e+00 1.248186463426434120e-02
1.216457286432160799e+03 1.996198488477875177e+00 1.248184853541857257e-02
1.222110552763819214e+03 1.996122721258961397e+00 1.248182781629097321e-02
1.227763819095477402e+03 1.996048249688685550e+00 1.248180265078614563e-02
1.233417085427135589e+03 1.995975043146926753e+00 1.248177320634762631e-02
1.239070351758794004e+03 1.995903071943977425e+00 1.248173964426972302e-02
1.244723618090452419e+03 1.995832307285883234e+00 1.248170211991145827e-02
1.250376884422110379e+03 1.995762721241315374e+00 1.248166078298162777e-02
1.256030150753768794e+03 1.995694286709894572e+00 1.248161577769039965e-02
1.261683417085427209e+03 1.995626977391894208e+00 1.248156724307876095e-02
1.267336683417085396e+03 1.995560767759250620e+00 1.248151531310777961e-02
1.272989949748743584e+03 1.995495633027819959e+00 1.248146011695241107e-02
1.278643216080401999e+03 1.995431549130814108e+00 1.248140177912626832e-02
1.284296482412060413e+03 1.995368492693364360e+00 1.248134041970422325e-02
1.289949748743718601e+03 1.995306441008149578e+00 1.248127615448270909e-02
1.295603015075376788e+03 1.995245372012043772e+00 1.248120909514000010e-02
1.301256281407035203e+03 1.995185264263732661e+00 1.248113934940537316e-02
1.306909547738693618e+03 1.995126096922249292e+00 1.248106702120155807e-02
1.312562814070351806e+03 1.995067849726388287e+00 1.248099221079607829e-02
1.318216080402009993e+03 1.995010502974957411e+00 1.248091501494366651e-02
1.323869346733668408e+03 1.994954037507824962e+00 1.248083552702868027e-02
1.329522613065326595e+03 1.994898434687725874e+00 1.248075383713633663e-02
1.335175879396984783e+03 1.994843676382796138e+00 1.248067003228404970e-02
1.340829145728643198e+03 1.994789744949793997e+00 1.248058419641258875e-02
1.346482412060301613e+03 1.994736623217983507e+00 1.248049641060850271e-02
1.352135678391959800e+03 1.994684294473647368e+00 1.248040675311304880e-02
1.357788944723617988e+03 1.994632742445200169e+00 1.248031529954461358e-02
1.363442211055276402e+03 1.994581951288876054e+00 1.248022212285423635e-02
1.369095477386934817e+03 1.994531905574966180e+00 1.248012729355692414e-02
1.374748743718593005e+03 1.994482590274578859e+00 1.248003087972274563e-02
1.380402010050251192e+03 1.994433990746901753e+00 1.247993294711917563e-02
1.386055276381909607e+03 1.994386092726943227e+00 1.247983355929114732e-02
1.391708542713567795e+03 1.994338882313733574e+00 1.247973277759662630e-02
1.397361809045225982e+03 1.994292345958962098e+00 1.247963066135782985e-02
1.403015075376884397e+03 1.994246470456035647e+00 1.247952726786121479e-02
1.408668341708542812e+03 1.994201242929539708e+00 1.247942265248199421e-02
1.414321608040200999e+03 1.994156650825083421e+00 1.247931686872860366e-02
1.419974874371859187e+03 1.994112681899512296e+00 1.247920996831384903e-02
1.425628140703517602e+03 1.994069324211475980e+00 1.247910200121714677e-02
1.431281407035176017e+03 1.994026566112333976e+00 1.247899301573787700e-02
1.436934673366834204e+03 1.993984396237383994e+00 1.247888305859322193e-02
1.442587939698492391e+03 1.993942803497403826e+00 1.247877217490922508e-02
1.448241206030150806e+03 1.993901777070488768e+00 1.247866040830973924e-02
1.453894472361808994e+03 1.993861306394179245e+00 1.247854780100534841e-02
1.459547738693467409e+03 1.993821381157857120e+00 1.247843439377555042e-02
1.465201005025125596e+03 1.993781991295411560e+00 1.247832022604878840e-02
1.470854271356784011e+03 1.993743126978153590e+00 1.247820533595579880e-02
1.476507537688442198e+03 1.993704778607974903e+00 1.247808976036516616e-02
1.482160804020100386e+03 1.993666936810741364e+00 1.247797353491886946e-02
1.487814070351758801e+03 1.993629592429906783e+00 1.247785669409453777e-02
1.493467336683416988e+03 1.993592736520346298e+00 1.247773927123209566e-02
1.499120603015075403e+03 1.993556360342392919e+00 1.247762129856042589e-02
1.504773869346733591e+03 1.993520455356077470e+00 1.247750280725961475e-02
1.510427135678392006e+03 1.993485013215553270e+00 1.247738382747871043e-02
1.516080402010050193e+03 1.993450025763711109e+00 1.247726438838017531e-02
1.521733668341708608e+03 1.993415485026966971e+00 1.247714451815765124e-02
1.527386934673366795e+03 1.993381383210221847e+00 1.247702424408930408e-02
1.533040201005025210e+03 1.993347712691984741e+00 1.247690359253779760e-02
1.538693467336683398e+03 1.993314466019652897e+00 1.247678258903033542e-02
1.544346733668341585e+03 1.993281635904943894e+00 1.247666125822303844e-02
1.550000000000000000e+03 1.993249215219475179e+00 1.247653962399878844e-02
