4.250000000000000000e+02 1.671636965029353883e+00 4.079584753829263999e-01
4.306532663316583012e+02 1.790718026144614727e+00 3.784563917405522337e-01
4.363065326633166023e+02 1.852772988037030943e+00 3.628726373717388598e-01
4.419597989949749035e+02 1.897375342775906804e+00 3.508581163611448339e-01
4.476130653266331478e+02 1.933989406675160172e+00 3.401152693320517173e-01
4.532663316582914490e+02 1.966295475149815841e+00 3.297673060588839355e-01
4.589195979899497502e+02 1.996093289476536858e+00 3.193759259691386077e-01
4.645728643216080513e+02 2.024391587977690143e+00 3.086768432165634679e-01
4.702261306532663525e+02 2.051809015807115166e+00 2.974833181577980490e-01
4.758793969849245968e+02 2.078749037103865493e+00 2.856424735232490630e-01
4.815326633165828980e+02 2.105485364671525250e+00 2.730108383134493000e-01
4.871859296482411992e+02 2.132206641656595014e+00 2.594365684154507634e-01
4.928391959798995003e+02 2.159039919082005543e+00 2.447419084997465022e-01
4.984924623115578015e+02 2.186060710730714174e+00 2.287003893598494875e-01
5.041457286432161027e+02 2.213290737964227706e+00 2.110005493627780115e-01
5.097989949748744039e+02 2.240676453733417173e+00 1.911787541621312314e-01
5.154522613065327050e+02 2.268019923044082731e+00 1.684749219189167757e-01
5.211055276381910062e+02 2.294740825887905178e+00 1.414566715215039572e-01
5.267587939698491937e+02 2.318700042087756152e+00 1.066667311752994285e-01
5.324120603015074948e+02 2.315690480597044409e+00 4.674505670107279715e-02
5.380653266331657960e+02 2.275995211414159503e+00 8.299980139001879656e-03
5.437185929648240972e+02 2.234815901532885896e+00 8.624104346945916932e-03
5.493718592964823983e+02 2.210130347010016649e+00 8.891354977038593010e-03
5.550251256281406995e+02 2.192438222729415909e+00 9.133122793284357069e-03
5.606783919597990007e+02 2.178758284476538520e+00 9.359163828330123447e-03
5.663316582914573019e+02 2.167707706778112531e+00 9.573950003260814703e-03
5.719849246231156030e+02 2.158518326699536249e+00 9.779931594645251830e-03
5.776381909547739042e+02 2.150715281085137320e+00 9.978600471821738593e-03
5.832914572864322054e+02 2.143983236232727130e+00 1.017093173447711392e-02
5.889447236180903928e+02 2.138101705310332168e+00 1.035759679169454689e-02
5.945979899497488077e+02 2.132910369741151335e+00 1.053907730716719185e-02
6.002512562814069952e+02 2.128289018038612923e+00 1.071573089634292320e-02
6.059045226130652964e+02 2.124145240927524991e+00 1.088783124332702405e-02
6.115577889447235975e+02 2.120406524018010330e+00 1.105559372500501333e-02
6.172110552763818987e+02 2.117014969575829131e+00 1.121919237665404759e-02
6.228643216080401999e+02 2.113923660004075167e+00 1.137877145535435772e-02
6.285175879396985010e+02 2.111094084446461849e+00 1.153445350880077415e-02
6.341708542713568022e+02 2.108494275428979492e+00 1.168634511383670124e-02
6.398241206030151034e+02 2.106097432490485311e+00 1.183454102040992079e-02
6.454773869346734045e+02 2.103880887629380414e+00 1.197912718021868807e-02
6.511306532663315920e+02 2.101825315588331744e+00 1.212018297992750043e-02
6.567839195979900069e+02 2.099914122692542851e+00 1.225778289852411801e-02
6.624371859296481944e+02 2.098132968005734789e+00 1.239199774134464374e-02
6.680904522613064955e+02 2.096469383961455879e+00 1.252289555992283122e-02
6.737437185929647967e+02 2.094912472756935262e+00 1.265054233575443193e-02
6.793969849246230979e+02 2.093452661133698545e+00 1.277500248607692408e-02
6.850502512562813990e+02 2.092081500640734060e+00 1.289633923392212271e-02
6.907035175879397002e+02 2.090791503678675500e+00 1.301461487481445078e-02
6.963567839195980014e+02 2.089576007948998004e+00 1.312989096431716428e-02
7.020100502512563025e+02 2.088429063642027295e+00 1.324222844510826794e-02
7.076633165829146037e+02 2.087345338969353481e+00 1.335168772765049985e-02
7.133165829145727912e+02 2.086320040602301251e+00 1.345832873593818049e-02
7.189698492462312061e+02 2.085348846304031944e+00 1.356221092659297585e-02
7.246231155778893935e+02 2.084427847599048089e+00 1.366339328838942282e-02
7.302763819095478084e+02 2.083553500753773768e+00 1.376193432708490774e-02
7.359296482412059959e+02 2.082722584676768296e+00 1.385789204019568198e-02
7.415829145728642970e+02 2.081932164609999969e+00 1.395132388449313830e-02
7.472361809045225982e+02 2.081179560690415542e+00 1.404228673921526817e-02
7.528894472361808994e+02 2.080462320626353279e+00 1.413083686648847551e-02
7.585427135678392006e+02 2.079778195865757517e+00 1.421702987094685192e-02
7.641959798994975017e+02 2.079125120739782506e+00 1.430092065947479417e-02
7.698492462311558029e+02 2.078501194151708198e+00 1.438256340196080937e-02
7.755025125628139904e+02 2.077904663451436651e+00 1.446201149387334531e-02
7.811557788944724052e+02 2.077333910193350786e+00 1.453931752098801267e-02
7.868090452261305927e+02 2.076787437522638946e+00 1.461453322665685547e-02
7.924623115577890076e+02 2.076263858974251697e+00 1.468770948188807476e-02
7.981155778894471950e+02 2.075761888501065577e+00 1.475889625823833921e-02
8.037688442211054962e+02 2.075280331574830939e+00 1.482814260372930515e-02
8.094221105527637974e+02 2.074818077226039836e+00 1.489549662152893361e-02
8.150753768844220986e+02 2.074374090907802337e+00 1.496100545168033147e-02
8.207286432160803997e+02 2.073947408084777955e+00 1.502471525543850814e-02
8.263819095477387009e+02 2.073537128461692358e+00 1.508667120234606467e-02
8.320351758793970021e+02 2.073142410777413680e+00 1.514691745983195136e-02
8.376884422110551895e+02 2.072762468100296296e+00 1.520549718510364780e-02
8.433417085427136044e+02 2.072396563568791983e+00 1.526245251932100040e-02
8.489949748743717919e+02 2.072044006528463544e+00 1.531782458371281144e-02
8.546482412060302067e+02 2.071704149022603136e+00 1.537165347767321943e-02
8.603015075376883942e+02 2.071376382598941746e+00 1.542397827846025450e-02
8.659547738693468091e+02 2.071060135399435786e+00 1.547483704244796698e-02
8.716080402010049966e+02 2.070754869504070950e+00 1.552426680775810183e-02
8.772613065326632977e+02 2.070460078502990076e+00 1.557230359801762241e-02
8.829145728643215989e+02 2.070175285274234778e+00 1.561898242726539321e-02
8.885678391959799001e+02 2.069900039946945824e+00 1.566433730556306136e-02
8.942211055276382012e+02 2.069633918032134368e+00 1.570840124549698069e-02
8.998743718592965024e+02 2.069376518705086987e+00 1.575120626913244920e-02
9.055276381909548036e+02 2.069127463225210128e+00 1.579278341548191397e-02
9.111809045226129911e+02 2.068886393480627195e+00 1.583316274815292982e-02
9.168341708542714059e+02 2.068652970646176481e+00 1.587237336326602355e-02
9.224874371859295934e+02 2.068426873944650080e+00 1.591044339730982721e-02
9.281407035175880083e+02 2.068207799502139732e+00 1.594740003492473371e-02
9.337939698492461957e+02 2.067995459289290405e+00 1.598326951640925350e-02
9.394472361809044969e+02 2.067789580141077721e+00 1.601807714481310110e-02
9.451005025125627981e+02 2.067589902848453676e+00 1.605184729266015062e-02
9.507537688442210992e+02 2.067396181315849457e+00 1.608460340787083026e-02
9.564070351758794004e+02 2.067208181779117471e+00 1.611636801898095467e-02
9.620603015075377016e+02 2.067025682078986737e+00 1.614716273952850750e-02
9.677135678391960028e+02 2.066848470985595210e+00 1.617700827121775972e-02
9.733668341708543039e+02 2.066676347570058248e+00 1.620592440597887901e-02
9.790201005025126051e+02 2.066509120619418383e+00 1.623393002673483715e-02
9.846733668341707926e+02 2.066346608091643500e+00 1.626104310650853049e-02
9.903266331658290937e+02 2.066188636607661611e+00 1.628728070581757573e-02
9.959798994974873949e+02 2.066035040977676207e+00 1.631265896830061055e-02
1.001633165829145696e+03 2.065885663759267743e+00 1.633719311408046368e-02
1.007286432160803997e+03 2.065740354845003068e+00 1.636089743087329115e-02
1.012939698492462298e+03 2.065598971077487356e+00 1.638378526237358260e-02
1.018592964824120600e+03 2.065461375889973805e+00 1.640586899378382313e-02
1.024246231155778787e+03 2.065327438970829377e+00 1.642716003419149653e-02
1.029899497487437202e+03 2.065197035950292470e+00 1.644766879521045513e-02
1.035552763819095617e+03 2.065070048108133438e+00 1.646740466572159736e-02
1.041206030150753804e+03 2.064946362100946953e+00 1.648637598212559022e-02
1.046859296482411992e+03 2.064825869707930917e+00 1.650458999366701332e-02
1.052512562814070407e+03 2.064708467594144281e+00 1.652205282198252953e-02
1.058165829145728594e+03 2.064594057090338275e+00 1.653876941462883651e-02
1.063819095477386782e+03 2.064482543988571006e+00 1.655474349146707561e-02
1.069472361809045196e+03 2.064373838352926427e+00 1.656997748297989528e-02
1.075125628140703611e+03 2.064267854344767894e+00 1.658447245976664777e-02
1.080778894472361799e+03 2.064164510062055591e+00 1.659822805177183641e-02
1.086432160804019986e+03 2.064063727392391634e+00 1.661124235589013856e-02
1.092085427135678401e+03 2.063965431879539736e+00 1.662351183044857503e-02
1.097738693467336816e+03 2.063869552603324831e+00 1.663503117446761895e-02
1.103391959798995003e+03 2.063776022072925098e+00 1.664579318964407029e-02
1.109045226130653191e+03 2.063684776133734466e+00 1.665578862243418876e-02
1.114698492462311606e+03 2.063595753888124662e+00 1.666500598294180790e-02
1.120351758793969793e+03 2.063508897630629502e+00 1.667343133731706215e-02
1.126005025125627981e+03 2.063424152798300604e+00 1.668104806903165233e-02
1.131658291457286396e+03 2.063341467937206630e+00 1.668783660400881622e-02
1.137311557788944810e+03 2.063260794686382571e+00 1.669377409343995866e-02
1.142964824120602998e+03 2.063182087780865981e+00 1.669883404689240930e-02
1.148618090452261185e+03 2.063105305075893181e+00 1.670298590653319926e-02
1.154271356783919600e+03 2.063030407594854676e+00 1.670619455208602333e-02
1.159924623115578015e+03 2.062957359604248531e+00 1.670841972284747845e-02
1.165577889447236203e+03 2.062886128719644940e+00 1.670961534090755971e-02
1.171231155778894390e+03 2.062816686047689085e+00 1.670972871575946567e-02
1.176884422110552805e+03 2.062749006370369287e+00 1.670869960554756395e-02
1.182537688442210992e+03 2.062683068379349560e+00 1.670645910476343046e-02
1.188190954773869180e+03 2.062618854970139193e+00 1.670292832010145112e-02
1.193844221105527595e+03 2.062556353608395288e+00 1.669801678674821474e-02
1.199497487437186010e+03 2.062495556783904505e+00 1.669162056422964294e-02
1.205150753768844197e+03 2.062436462572034390e+00 1.668361993477446639e-02
1.210804020100502385e+03 2.062379075327958056e+00 1.667387660465097232e-02
1.216457286432160799e+03 2.062323406546257676e+00 1.666223028021172198e-02
1.222110552763819214e+03 2.062269475928201867e+00 1.664849445084832721e-02
1.227763819095477402e+03 2.062217312711996264e+00 1.663245115851736886e-02
1.233417085427135589e+03 2.062166957338892104e+00 1.661384446079145275e-02
1.239070351758794004e+03 2.062118463552053083e+00 1.659237219480524939e-02
1.244723618090452419e+03 2.062071901058205814e+00 1.656767551015305914e-02
1.250376884422110379e+03 2.062027358928210319e+00 1.653932544218064682e-02
1.256030150753768794e+03 2.061984949977588855e+00 1.650680551649996372e-02
1.261683417085427209e+03 2.061944816460301588e+00 1.646948896958408057e-02
1.267336683417085396e+03 2.061907137541536539e+00 1.642660857582003975e-02
1.272989949748743584e+03 2.061872139207419963e+00 1.637721618864880491e-02
1.278643216080401999e+03 2.061840107550493517e+00 1.632012777610877818e-02
1.284296482412060413e+03 2.061811406783171652e+00 1.625384770939405574e-02
1.289949748743718601e+03 2.061786503940232773e+00 1.617646294941533711e-02
1.295603015075376788e+03 2.061766003121322743e+00 1.608549294615321812e-02
1.301256281407035203e+03 2.061750693390596911e+00 1.597767356893489699e-02
1.306909547738693618e+03 2.061741616128125898e+00 1.584864192583255657e-02
1.312562814070351806e+03 2.061740159426257879e+00 1.569247228472106861e-02
1.318216080402009993e+03 2.061748187537244981e+00 1.550099262751995950e-02
1.323869346733668408e+03 2.061768206819849514e+00 1.526279954135222224e-02
1.329522613065326595e+03 2.061803537593491775e+00 1.496194521680441029e-02
1.335175879396984783e+03 2.061858347224926113e+00 1.457661641896259956e-02
1.340829145728643198e+03 2.061937055196817692e+00 1.407948245827848714e-02
1.346482412060301613e+03 2.062041824102258225e+00 1.344543975659498285e-02
1.352135678391959800e+03 2.062166300875379221e+00 1.267887419702880790e-02
1.357788944723617988e+03 2.062288775578737354e+00 1.185855881297502752e-02
1.363442211055276402e+03 2.062380759017638177e+00 1.112624611862882314e-02
1.369095477386934817e+03 2.062430477385994276e+00 1.057333962260758459e-02
1.374748743718593005e+03 2.062445634843427023e+00 1.019093575387198559e-02
1.380402010050251192e+03 2.062438389704464914e+00 9.930011757099404743e-03
1.386055276381909607e+03 2.062417654191883276e+00 9.747823650617897309e-03
1.391708542713567795e+03 2.062388822990095960e+00 9.616250113190146290e-03
1.397361809045225982e+03 2.062355045715936530e+00 9.518002377530677960e-03
1.403015075376884397e+03 2.062318192876160250e+00 9.442430127571146276e-03
1.408668341708542812e+03 2.062279412854339800e+00 9.382804023985329145e-03
1.414321608040200999e+03 2.062239436281032123e+00 9.334735375569730084e-03
1.419974874371859187e+03 2.062198743688489877e+00 9.295269996442593469e-03
1.425628140703517602e+03 2.062157660482434540e+00 9.262360030795490154e-03
1.431281407035176017e+03 2.062116412581088021e+00 9.234547771367748389e-03
1.436934673366834204e+03 2.062075160131030760e+00 9.210770774473369185e-03
1.442587939698492391e+03 2.062034018599463003e+00 9.190238242423163020e-03
1.448241206030150806e+03 2.061993072360927659e+00 9.172350469109854382e-03
1.453894472361808994e+03 2.061952383684729995e+00 9.156645025524224810e-03
1.459547738693467409e+03 2.061911998824251580e+00 9.142759984036793325e-03
1.465201005025125596e+03 2.061871952232904981e+00 9.130408260824372096e-03
1.470854271356784011e+03 2.061832269540631923e+00 9.119359376005628168e-03
1.476507537688442198e+03 2.061792969692764377e+00 9.109426262489686565e-03
1.482160804020100386e+03 2.061754066511757522e+00 9.100455575756977167e-03
1.487814070351758801e+03 2.061715569854205565e+00 9.092320473377074608e-03
1.493467336683416988e+03 2.061677486479407850e+00 9.084915163164730689e-03
1.499120603015075403e+03 2.061639820709305404e+00 9.078150737635131903e-03
1.504773869346733591e+03 2.061602574935422538e+00 9.071951954964648998e-03
1.510427135678392006e+03 2.061565750012226417e+00 9.066254726400014077e-03
1.516080402010050193e+03 2.061529345565153992e+00 9.061004135796373385e-03
1.521733668341708608e+03 2.061493360233859207e+00 9.056152865290725829e-03
1.527386934673366795e+03 2.061457791865779932e+00 9.051659933089315976e-03
1.533040201005025210e+03 2.061422637671256108e+00 9.047489673771761179e-03
1.538693467336683398e+03 2.061387894348637229e+00 9.043610908928797348e-03
1.544346733668341585e+03 2.061353558185771817e+00 9.039996267536012237e-03
1.550000000000000000e+03 2.061319625142775003e+00 9.036621626146601471e-03
