4.250000000000000000e+02 1.605023538964995389e+00 3.513358577561770946e-01
4.306532663316583012e+02 1.705689686524963555e+00 3.284251046244348049e-01
4.363065326633166023e+02 1.758399897787232602e+00 3.159476563691654416e-01
4.419597989949749035e+02 1.796401516144890964e+00 3.061386187462441510e-01
4.476130653266331478e+02 1.827666864527802915e+00 2.972485440463819573e-01
4.532663316582914490e+02 1.855301041914668936e+00 2.886026213328229950e-01
4.589195979899497502e+02 1.880824497166088793e+00 2.798593565846849707e-01
4.645728643216080513e+02 1.905090499654611413e+00 2.708095326804009217e-01
4.702261306532663525e+02 1.928623047529275381e+00 2.613023655223100650e-01
4.758793969849245968e+02 1.951764396396696855e+00 2.512117062626366693e-01
4.815326633165828980e+02 1.974747150183634448e+00 2.404167447346370334e-01
4.871859296482411992e+02 1.997731974352550122e+00 2.287875394042047095e-01
4.928391959798995003e+02 2.020827403827716751e+00 2.161702510063803484e-01
4.984924623115578015e+02 2.044098300670381896e+00 2.023674590226052505e-01
5.041457286432161027e+02 2.067563882560558675e+00 1.871063947464975674e-01
5.097989949748744039e+02 2.091179445160662009e+00 1.699796202622607388e-01
5.154522613065327050e+02 2.114777640085094834e+00 1.503167614096823090e-01
5.211055276381910062e+02 2.137866194262604491e+00 1.268474740767079889e-01
5.267587939698491937e+02 2.158622815973223474e+00 9.646901662499413055e-02
5.324120603015074948e+02 2.153963558013304969e+00 4.252895379551842325e-02
5.380653266331657960e+02 2.118489989485862868e+00 1.306272330899094052e-02
5.437185929648240972e+02 2.084268762347300186e+00 1.328162358261676147e-02
5.493718592964823983e+02 2.063549693196642831e+00 1.341913825606370902e-02
5.550251256281406995e+02 2.048646338172134929e+00 1.352065825661554095e-02
5.606783919597990007e+02 2.037101528436032094e+00 1.360093101232528329e-02
5.663316582914573019e+02 2.027764934018738696e+00 1.366696179067852443e-02
5.719849246231156030e+02 2.019994112019214860e+00 1.372271639005533984e-02
5.776381909547739042e+02 2.013390577124741565e+00 1.377068629712700082e-02
5.832914572864322054e+02 2.007689127612108493e+00 1.381254989257045714e-02
5.889447236180903928e+02 2.002704054566230241e+00 1.384949617568948139e-02
5.945979899497488077e+02 1.998300193924741119e+00 1.388240023233402835e-02
6.002512562814069952e+02 1.994376132618891795e+00 1.391192574513569480e-02
6.059045226130652964e+02 1.990853884909331351e+00 1.393858844022833297e-02
6.115577889447235975e+02 1.987672246550266530e+00 1.396279720286985361e-02
6.172110552763818987e+02 1.984782352321287968e+00 1.398488173993236820e-02
6.228643216080401999e+02 1.982144611765489950e+00 1.400511178152130144e-02
6.285175879396985010e+02 1.979726538669266844e+00 1.402371076649826416e-02
6.341708542713568022e+02 1.977501178161418016e+00 1.404086582025360942e-02
6.398241206030151034e+02 1.975445944108897622e+00 1.405673517378018718e-02
6.454773869346734045e+02 1.973541744746530657e+00 1.407145377646869082e-02
6.511306532663315920e+02 1.971772314918358582e+00 1.408513760738420301e-02
6.567839195979900069e+02 1.970123699092880987e+00 1.409788703254382866e-02
6.624371859296481944e+02 1.968583846173492580e+00 1.410978945113637584e-02
6.680904522613064955e+02 1.967142288397965455e+00 1.412092140458222692e-02
6.737437185929647967e+02 1.965789884310642721e+00 1.413135027429125896e-02
6.793969849246230979e+02 1.964518611132342718e+00 1.414113566091926982e-02
6.850502512562813990e+02 1.963321395624228582e+00 1.415033051423270245e-02
6.907035175879397002e+02 1.962191975244535591e+00 1.415898206587723994e-02
6.963567839195980014e+02 1.961124783360390422e+00 1.416713260485624390e-02
7.020100502512563025e+02 1.960114853721178330e+00 1.417482012660745486e-02
7.076633165829146037e+02 1.959157740474553044e+00 1.418207887944535756e-02
7.133165829145727912e+02 1.958249450814368187e+00 1.418893982741236022e-02
7.189698492462312061e+02 1.957386387963649055e+00 1.419543104426797958e-02
7.246231155778893935e+02 1.956565302666203987e+00 1.420157805060843700e-02
7.302763819095478084e+02 1.955783251724232175e+00 1.420740410367053730e-02
7.359296482412059959e+02 1.955037562402714091e+00 1.421293044751115522e-02
7.415829145728642970e+02 1.954325801743942437e+00 1.421817652996550455e-02
7.472361809045225982e+02 1.953645750011499871e+00 1.422316019142580261e-02
7.528894472361808994e+02 1.952995377623049533e+00 1.422789782974580135e-02
7.585427135678392006e+02 1.952372825043472648e+00 1.423240454487549600e-02
7.641959798994975017e+02 1.951776385200245434e+00 1.423669426596713833e-02
7.698492462311558029e+02 1.951204488056156983e+00 1.424077986362595923e-02
7.755025125628139904e+02 1.950655687034086538e+00 1.424467324912105301e-02
7.811557788944724052e+02 1.950128647037347118e+00 1.424838546257153372e-02
7.868090452261305927e+02 1.949622133849242323e+00 1.425192675126573522e-02
7.924623115577890076e+02 1.949135004728614895e+00 1.425530663967194273e-02
7.981155778894471950e+02 1.948666200045687358e+00 1.425853399192513436e-02
8.037688442211054962e+02 1.948214735825390287e+00 1.426161706793205482e-02
8.094221105527637974e+02 1.947779697084546013e+00 1.426456357374692070e-02
8.150753768844220986e+02 1.947360231865357338e+00 1.426738070687217676e-02
8.207286432160803997e+02 1.946955545881205119e+00 1.427007519725059445e-02
8.263819095477387009e+02 1.946564897702215413e+00 1.427265334416608598e-02
8.320351758793970021e+02 1.946187594417776445e+00 1.427512104982763159e-02
8.376884422110551895e+02 1.945822987721451680e+00 1.427748384966077110e-02
8.433417085427136044e+02 1.945470470370799232e+00 1.427974694004453815e-02
8.489949748743717919e+02 1.945129472980639207e+00 1.428191520333510489e-02
8.546482412060302067e+02 1.944799461113504435e+00 1.428399323088675073e-02
8.603015075376883942e+02 1.944479932635470920e+00 1.428598534397050417e-02
8.659547738693468091e+02 1.944170415309409261e+00 1.428789561289400649e-02
8.716080402010049966e+02 1.943870464601043180e+00 1.428972787457828512e-02
8.772613065326632977e+02 1.943579661676077430e+00 1.429148574863636605e-02
8.829145728643215989e+02 1.943297611569177130e+00 1.429317265215337279e-02
8.885678391959799001e+02 1.943023941507767471e+00 1.429479181326594704e-02
8.942211055276382012e+02 1.942758299375530351e+00 1.429634628366942446e-02
8.998743718592965024e+02 1.942500352302151123e+00 1.429783895019611818e-02
9.055276381909548036e+02 1.942249785367330395e+00 1.429927254539021392e-02
9.111809045226129911e+02 1.942006300408364972e+00 1.430064965738493329e-02
9.168341708542714059e+02 1.941769614921738274e+00 1.430197273901450718e-02
9.224874371859295934e+02 1.941539461050153736e+00 1.430324411618640393e-02
9.281407035175880083e+02 1.941315584647334225e+00 1.430446599573314756e-02
9.337939698492461957e+02 1.941097744413690096e+00 1.430564047262117104e-02
9.394472361809044969e+02 1.940885711096649979e+00 1.430676953671227748e-02
9.451005025125627981e+02 1.940679266750062082e+00 1.430785507898590936e-02
9.507537688442210992e+02 1.940478204047630495e+00 1.430889889734759078e-02
9.564070351758794004e+02 1.940282325645823258e+00 1.430990270208667113e-02
9.620603015075377016e+02 1.940091443592137477e+00 1.431086812089120246e-02
9.677135678391960028e+02 1.939905378774990252e+00 1.431179670356044591e-02
9.733668341708543039e+02 1.939723960411847470e+00 1.431268992640028631e-02
9.790201005025126051e+02 1.939547025572523342e+00 1.431354919631767572e-02
9.846733668341707926e+02 1.939374418734855832e+00 1.431437585470010480e-02
9.903266331658290937e+02 1.939205991370216431e+00 1.431517118094096687e-02
9.959798994974873949e+02 1.939041601556539041e+00 1.431593639585180752e-02
1.001633165829145696e+03 1.938881113616759411e+00 1.431667266480671045e-02
1.007286432160803997e+03 1.938724397780730246e+00 1.431738110065028727e-02
1.012939698492462298e+03 1.938571329868858717e+00 1.431806276653247757e-02
1.018592964824120600e+03 1.938421790995844551e+00 1.431871867846105061e-02
1.024246231155778787e+03 1.938275667293049231e+00 1.431934980775827031e-02
1.029899497487437202e+03 1.938132849648139144e+00 1.431995708336765948e-02
1.035552763819095617e+03 1.937993233460760356e+00 1.432054139400335338e-02
1.041206030150753804e+03 1.937856718413104140e+00 1.432110359016552578e-02
1.046859296482411992e+03 1.937723208254316543e+00 1.432164448609184182e-02
1.052512562814070407e+03 1.937592610597780984e+00 1.432216486152108371e-02
1.058165829145728594e+03 1.937464836730392825e+00 1.432266546343188840e-02
1.063819095477386782e+03 1.937339801432997888e+00 1.432314700758620905e-02
1.069472361809045196e+03 1.937217422811247314e+00 1.432361018011794017e-02
1.075125628140703611e+03 1.937097622136164210e+00 1.432405563887999625e-02
1.080778894472361799e+03 1.936980323693780592e+00 1.432448401485226716e-02
1.086432160804019986e+03 1.936865454643246665e+00 1.432489591341676999e-02
1.092085427135678401e+03 1.936752944882862648e+00 1.432529191549234207e-02
1.097738693467336816e+03 1.936642726923519353e+00 1.432567257876144265e-02
1.103391959798995003e+03 1.936534735769075644e+00 1.432603843868692287e-02
1.109045226130653191e+03 1.936428908803232041e+00 1.432639000956678968e-02
1.114698492462311606e+03 1.936325185682493233e+00 1.432672778548755264e-02
1.120351758793969793e+03 1.936223508234841573e+00 1.432705224124594494e-02
1.126005025125627981e+03 1.936123820363767400e+00 1.432736383320033259e-02
1.131658291457286396e+03 1.936026067957329122e+00 1.432766300012159807e-02
1.137311557788944810e+03 1.935930198801941060e+00 1.432795016394279412e-02
1.142964824120602998e+03 1.935836162500601310e+00 1.432822573054709850e-02
1.148618090452261185e+03 1.935743910395296918e+00 1.432849009042363661e-02
1.154271356783919600e+03 1.935653395493339701e+00 1.432874361936165367e-02
1.159924623115578015e+03 1.935564572397402872e+00 1.432898667908236862e-02
1.165577889447236203e+03 1.935477397239042663e+00 1.432921961783174131e-02
1.171231155778894390e+03 1.935391827615504212e+00 1.432944277098071283e-02
1.176884422110552805e+03 1.935307822529625410e+00 1.432965646154768166e-02
1.182537688442210992e+03 1.935225342332663079e+00 1.432986100073621247e-02
1.188190954773869180e+03 1.935144348669872949e+00 1.433005668840279731e-02
1.193844221105527595e+03 1.935064804428699325e+00 1.433024381356313645e-02
1.199497487437186010e+03 1.934986673689417902e+00 1.433042265482072433e-02
1.205150753768844197e+03 1.934909921678108935e+00 1.433059348079527770e-02
1.210804020100502385e+03 1.934834514721824439e+00 1.433075655052773283e-02
1.216457286432160799e+03 1.934760420205837717e+00 1.433091211390058288e-02
1.222110552763819214e+03 1.934687606532857762e+00 1.433106041194961468e-02
1.227763819095477402e+03 1.934616043084110837e+00 1.433120167728395289e-02
1.233417085427135589e+03 1.934545700182181749e+00 1.433133613437430343e-02
1.239070351758794004e+03 1.934476549055532679e+00 1.433146399987204368e-02
1.244723618090452419e+03 1.934408561804603632e+00 1.433158548299019903e-02
1.250376884422110379e+03 1.934341711369417238e+00 1.433170078569063859e-02
1.256030150753768794e+03 1.934275971498610192e+00 1.433181010305709796e-02
1.261683417085427209e+03 1.934211316719819163e+00 1.433191362350544860e-02
1.267336683417085396e+03 1.934147722311349682e+00 1.433201152905584988e-02
1.272989949748743584e+03 1.934085164275069602e+00 1.433210399561257210e-02
1.278643216080401999e+03 1.934023619310457853e+00 1.433219119312756189e-02
1.284296482412060413e+03 1.933963064789760544e+00 1.433227328590337517e-02
1.289949748743718601e+03 1.933903478734191994e+00 1.433235043274886690e-02
1.295603015075376788e+03 1.933844839791136083e+00 1.433242278721229626e-02
1.301256281407035203e+03 1.933787127212293511e+00 1.433249049777564170e-02
1.306909547738693618e+03 1.933730320832735439e+00 1.433255370804112708e-02
1.312562814070351806e+03 1.933674401050814673e+00 1.433261255690996064e-02
1.318216080402009993e+03 1.933619348808899518e+00 1.433266717874552565e-02
1.323869346733668408e+03 1.933565145574884570e+00 1.433271770356754106e-02
1.329522613065326595e+03 1.933511773324448013e+00 1.433276425719968473e-02
1.335175879396984783e+03 1.933459214524019254e+00 1.433280696139396966e-02
1.340829145728643198e+03 1.933407452114420222e+00 1.433284593399379928e-02
1.346482412060301613e+03 1.933356469495155938e+00 1.433288128912799456e-02
1.352135678391959800e+03 1.933306250509319035e+00 1.433291313724211272e-02
1.357788944723617988e+03 1.933256779429083139e+00 1.433294158531566234e-02
1.363442211055276402e+03 1.933208040941758021e+00 1.433296673694760097e-02
1.369095477386934817e+03 1.933160020136381885e+00 1.433298869246505541e-02
1.374748743718593005e+03 1.933112702490826118e+00 1.433300754907848931e-02
1.380402010050251192e+03 1.933066073859390110e+00 1.433302340095166973e-02
1.386055276381909607e+03 1.933020120460864355e+00 1.433303633931805668e-02
1.391708542713567795e+03 1.932974828867042527e+00 1.433304645259721004e-02
1.397361809045225982e+03 1.932930185991662109e+00 1.433305382648018128e-02
1.403015075376884397e+03 1.932886179079753797e+00 1.433305854401488964e-02
1.408668341708542812e+03 1.932842795697385707e+00 1.433306068570698588e-02
1.414321608040200999e+03 1.932800023721782612e+00 1.433306032962844770e-02
1.419974874371859187e+03 1.932757851331804444e+00 1.433305755143320440e-02
1.425628140703517602e+03 1.932716266998769639e+00 1.433305242451994067e-02
1.431281407035176017e+03 1.932675259477611984e+00 1.433304502004769873e-02
1.436934673366834204e+03 1.932634817798347893e+00 1.433303540704443553e-02
1.442587939698492391e+03 1.932594931257854753e+00 1.433302365247684194e-02
1.448241206030150806e+03 1.932555589411933727e+00 1.433300982126592231e-02
1.453894472361808994e+03 1.932516782067656314e+00 1.433299397644975486e-02
1.459547738693467409e+03 1.932478499275975592e+00 1.433297617916032447e-02
1.465201005025125596e+03 1.932440731324597927e+00 1.433295648871655767e-02
1.470854271356784011e+03 1.932403468731096918e+00 1.433293496270958943e-02
1.476507537688442198e+03 1.932366702236267830e+00 1.433291165701832195e-02
1.482160804020100386e+03 1.932330422797708946e+00 1.433288662587919871e-02
1.487814070351758801e+03 1.932294621583617866e+00 1.433285992194047176e-02
1.493467336683416988e+03 1.932259289966803850e+00 1.433283159631647784e-02
1.499120603015075403e+03 1.932224419518895564e+00 1.433280169864190566e-02
1.504773869346733591e+03 1.932190002004746221e+00 1.433277027711056181e-02
1.510427135678392006e+03 1.932156029377023909e+00 1.433273737850639801e-02
1.516080402010050193e+03 1.932122493770982219e+00 1.433270304826551184e-02
1.521733668341708608e+03 1.932089387499400290e+00 1.433266733053814058e-02
1.527386934673366795e+03 1.932056703047692503e+00 1.433263026818095386e-02
1.533040201005025210e+03 1.932024433069174485e+00 1.433259190285001740e-02
1.538693467336683398e+03 1.931992570380483443e+00 1.433255227497759465e-02
1.544346733668341585e+03 1.931961107957147039e+00 1.433251142388059993e-02
1.550000000000000000e+03 1.931930038929294158e+00 1.433246938772963705e-02
