4.250000000000000000e+02 1.622195413766864380e+00 3.427644172421477342e-01
4.306532663316583012e+02 1.720346917099696116e+00 3.211045756405497831e-01
4.363065326633166023e+02 1.771788225470106948e+00 3.092305662038449254e-01
4.419597989949749035e+02 1.808896254113824487e+00 2.998536728701419740e-01
4.476130653266331478e+02 1.839439819972451318e+00 2.913253811045349861e-01
4.532663316582914490e+02 1.866445920980832174e+00 2.830079082642167343e-01
4.589195979899497502e+02 1.891397189817275670e+00 2.745773383943211354e-01
4.645728643216080513e+02 1.915125877708224067e+00 2.658342913340855929e-01
4.702261306532663525e+02 1.938143187149936386e+00 2.566342542971321583e-01
4.758793969849245968e+02 1.960783076600373542e+00 2.468556065086336959e-01
4.815326633165828980e+02 1.983272531961185470e+00 2.363812722382670206e-01
4.871859296482411992e+02 2.005768315994943762e+00 2.250848613684383881e-01
4.928391959798995003e+02 2.028376242628945558e+00 2.128164238279671716e-01
4.984924623115578015e+02 2.051159347504050601e+00 1.993833783776156332e-01
5.041457286432161027e+02 2.074135808765709577e+00 1.845196933858470334e-01
5.097989949748744039e+02 2.097260771195533557e+00 1.678283708339187996e-01
5.154522613065327050e+02 2.120368173559713743e+00 1.486573239339957220e-01
5.211055276381910062e+02 2.142970628652250742e+00 1.257743732113977275e-01
5.267587939698491937e+02 2.163267525581807238e+00 9.618701875177208815e-02
5.324120603015074948e+02 2.159551252059069615e+00 4.430407549331749628e-02
5.380653266331657960e+02 2.125360634624051226e+00 1.400908439270205988e-02
5.437185929648240972e+02 2.091442534898453331e+00 1.424404083033222260e-02
5.493718592964823983e+02 2.071011971339709934e+00 1.439200280950135233e-02
5.550251256281406995e+02 2.056347794606620649e+00 1.450175718072782213e-02
5.606783919597990007e+02 2.045002209054688880e+00 1.458901928046063730e-02
5.663316582914573019e+02 2.035834192134670761e+00 1.466121993677423421e-02
5.719849246231156030e+02 2.028208173149299132e+00 1.472255390497660341e-02
5.776381909547739042e+02 2.021730630240103466e+00 1.477565150844404283e-02
5.832914572864322054e+02 2.016140001951252980e+00 1.482228233791112876e-02
5.889447236180903928e+02 2.011253307416941194e+00 1.486369888410914684e-02
5.945979899497488077e+02 2.006937470528888934e+00 1.490082242042670667e-02
6.002512562814069952e+02 2.003092706943131240e+00 1.493435142143256962e-02
6.059045226130652964e+02 1.999642322920871296e+00 1.496482857633838620e-02
6.115577889447235975e+02 1.996526154328987168e+00 1.499268416692451332e-02
6.172110552763818987e+02 1.993696184217208955e+00 1.501826522368134194e-02
6.228643216080401999e+02 1.991113521925798935e+00 1.504185574732960773e-02
6.285175879396985010e+02 1.988746264474510861e+00 1.506369111046387994e-02
6.341708542713568022e+02 1.986567947534401135e+00 1.508396855075595268e-02
6.398241206030151034e+02 1.984556400955249877e+00 1.510285496877870025e-02
6.454773869346734045e+02 1.982692888355538807e+00 1.512049282431204150e-02
6.511306532663315920e+02 1.980961450245876998e+00 1.513700466350616572e-02
6.567839195979900069e+02 1.979348395622601897e+00 1.515249664275249500e-02
6.624371859296481944e+02 1.977841903610103591e+00 1.516706130537480782e-02
6.680904522613064955e+02 1.976431707852475350e+00 1.518077979403323688e-02
6.737437185929647967e+02 1.975108843938995884e+00 1.519372363121052581e-02
6.793969849246230979e+02 1.973865445413653941e+00 1.520595616539307908e-02
6.850502512562813990e+02 1.972694577635488944e+00 1.521753375563189570e-02
6.907035175879397002e+02 1.971590101419065988e+00 1.522850674926921367e-02
6.963567839195980014e+02 1.970546560318071849e+00 1.523892029484199412e-02
7.020100502512563025e+02 1.969559086836990547e+00 1.524881502233806953e-02
7.076633165829146037e+02 1.968623323913649914e+00 1.525822761604915881e-02
7.133165829145727912e+02 1.967735358810781321e+00 1.526719129965730358e-02
7.189698492462312061e+02 1.966891667158677581e+00 1.527573624932138802e-02
7.246231155778893935e+02 1.966089065353864296e+00 1.528388994711858684e-02
7.302763819095478084e+02 1.965324669876435282e+00 1.529167748489994316e-02
7.359296482412059959e+02 1.964595862367429779e+00 1.529912182677753418e-02
7.415829145728642970e+02 1.963900259526429215e+00 1.530624403666408506e-02
7.472361809045225982e+02 1.963235687062524937e+00 1.531306347638400171e-02
7.528894472361808994e+02 1.962600157069459561e+00 1.531959797885924443e-02
7.585427135678392006e+02 1.961991848305974395e+00 1.532586399990092801e-02
7.641959798994975017e+02 1.961409088951177493e+00 1.533187675180667717e-02
7.698492462311558029e+02 1.960850341476674252e+00 1.533765032127813732e-02
7.755025125628139904e+02 1.960314189335762292e+00 1.534319777382046196e-02
7.811557788944724052e+02 1.959799325217919108e+00 1.534853124643073205e-02
7.868090452261305927e+02 1.959304540656219507e+00 1.535366203011116065e-02
7.924623115577890076e+02 1.958828716807878401e+00 1.535860064353298214e-02
7.981155778894471950e+02 1.958370816255108116e+00 1.536335689896957922e-02
8.037688442211054962e+02 1.957929875695985755e+00 1.536793996138338322e-02
8.094221105527637974e+02 1.957504999413832714e+00 1.537235840162230228e-02
8.150753768844220986e+02 1.957095353429394669e+00 1.537662024426258642e-02
8.207286432160803997e+02 1.956700160253423748e+00 1.538073301088227658e-02
8.263819095477387009e+02 1.956318694168500683e+00 1.538470375917599595e-02
8.320351758793970021e+02 1.955950276978475788e+00 1.538853911836853862e-02
8.376884422110551895e+02 1.955594274172023583e+00 1.539224532143888824e-02
8.433417085427136044e+02 1.955250091453725858e+00 1.539582823438911084e-02
8.489949748743717919e+02 1.954917171602034598e+00 1.539929338294891877e-02
8.546482412060302067e+02 1.954594991618541222e+00 1.540264597689530550e-02
8.603015075376883942e+02 1.954283060137368855e+00 1.540589093233081866e-02
8.659547738693468091e+02 1.953980915067276003e+00 1.540903289206767800e-02
8.716080402010049966e+02 1.953688121442327397e+00 1.541207624431416463e-02
8.772613065326632977e+02 1.953404269459828146e+00 1.541502513979369979e-02
8.829145728643215989e+02 1.953128972686674736e+00 1.541788350756290518e-02
8.885678391959799001e+02 1.952861866417427983e+00 1.542065506950588208e-02
8.942211055276382012e+02 1.952602606169280275e+00 1.542334335372617937e-02
8.998743718592965024e+02 1.952350866300735399e+00 1.542595170687720632e-02
9.055276381909548036e+02 1.952106338742254366e+00 1.542848330560084302e-02
9.111809045226129911e+02 1.951868731828381609e+00 1.543094116704917321e-02
9.168341708542714059e+02 1.951637769221979291e+00 1.543332815868696944e-02
9.224874371859295934e+02 1.951413188922179520e+00 1.543564700732749130e-02
9.281407035175880083e+02 1.951194742348524080e+00 1.543790030756965470e-02
9.337939698492461957e+02 1.950982193494533279e+00 1.544009052955980753e-02
9.394472361809044969e+02 1.950775318144623682e+00 1.544222002630313631e-02
9.451005025125627981e+02 1.950573903148896227e+00 1.544429104039710468e-02
9.507537688442210992e+02 1.950377745750852654e+00 1.544630571032521230e-02
9.564070351758794004e+02 1.950186652963575629e+00 1.544826607633415991e-02
9.620603015075377016e+02 1.950000440990339090e+00 1.545017408588852080e-02
9.677135678391960028e+02 1.949818934685990435e+00 1.545203159883353460e-02
9.733668341708543039e+02 1.949641967055787184e+00 1.545384039212334935e-02
9.790201005025126051e+02 1.949469378788681206e+00 1.545560216431690788e-02
9.846733668341707926e+02 1.949301017822313797e+00 1.545731853977050201e-02
9.903266331658290937e+02 1.949136738937230273e+00 1.545899107256368081e-02
9.959798994974873949e+02 1.948976403378047006e+00 1.546062125013773422e-02
1.001633165829145696e+03 1.948819878499503222e+00 1.546221049679820207e-02
1.007286432160803997e+03 1.948667037435505289e+00 1.546376017693115376e-02
1.012939698492462298e+03 1.948517758789440224e+00 1.546527159802001290e-02
1.018592964824120600e+03 1.948371926344178107e+00 1.546674601357105570e-02
1.024246231155778787e+03 1.948229428790314577e+00 1.546818462573264566e-02
1.029899497487437202e+03 1.948090159471331573e+00 1.546958858788862086e-02
1.035552763819095617e+03 1.947954016144453959e+00 1.547095900698926274e-02
1.041206030150753804e+03 1.947820900756090934e+00 1.547229694585707145e-02
1.046859296482411992e+03 1.947690719230825707e+00 1.547360342527386544e-02
1.052512562814070407e+03 1.947563381273018202e+00 1.547487942596430070e-02
1.058165829145728594e+03 1.947438800180143037e+00 1.547612589054064500e-02
1.063819095477386782e+03 1.947316892667060539e+00 1.547734372524399611e-02
1.069472361809045196e+03 1.947197578700484932e+00 1.547853380162568515e-02
1.075125628140703611e+03 1.947080781342961808e+00 1.547969695818335149e-02
1.080778894472361799e+03 1.946966426605724942e+00 1.548083400182279599e-02
1.086432160804019986e+03 1.946854443309847804e+00 1.548194570931071129e-02
1.092085427135678401e+03 1.946744762955151309e+00 1.548303282863956569e-02
1.097738693467336816e+03 1.946637319596363325e+00 1.548409608026173924e-02
1.103391959798995003e+03 1.946532049726068969e+00 1.548513615836515436e-02
1.109045226130653191e+03 1.946428892164022484e+00 1.548615373196820730e-02
1.114698492462311606e+03 1.946327787952415900e+00 1.548714944605641096e-02
1.120351758793969793e+03 1.946228680256740118e+00 1.548812392258873752e-02
1.126005025125627981e+03 1.946131514271889795e+00 1.548907776149566727e-02
1.131658291457286396e+03 1.946036237133189406e+00 1.549001154161882242e-02
1.137311557788944810e+03 1.945942797832049598e+00 1.549092582157792636e-02
1.142964824120602998e+03 1.945851147135966297e+00 1.549182114065118104e-02
1.148618090452261185e+03 1.945761237512611208e+00 1.549269801954728486e-02
1.154271356783919600e+03 1.945673023057767903e+00 1.549355696118380997e-02
1.159924623115578015e+03 1.945586459426889903e+00 1.549439845142901000e-02
1.165577889447236203e+03 1.945501503770069807e+00 1.549522295974260777e-02
1.171231155778894390e+03 1.945418114670222964e+00 1.549603093991625685e-02
1.176884422110552805e+03 1.945336252084303164e+00 1.549682283063425793e-02
1.182537688442210992e+03 1.945255877287374702e+00 1.549759905610537808e-02
1.188190954773869180e+03 1.945176952819387850e+00 1.549836002662963522e-02
1.193844221105527595e+03 1.945099442434496950e+00 1.549910613913596177e-02
1.199497487437186010e+03 1.945023311052788806e+00 1.549983777772654531e-02
1.205150753768844197e+03 1.944948524714285254e+00 1.550055531413479203e-02
1.210804020100502385e+03 1.944875050535095573e+00 1.550125910823302137e-02
1.216457286432160799e+03 1.944802856665605706e+00 1.550194950848247932e-02
1.222110552763819214e+03 1.944731912250590167e+00 1.550262685234002173e-02
1.227763819095477402e+03 1.944662187391150487e+00 1.550329146671460857e-02
1.233417085427135589e+03 1.944593653108376508e+00 1.550394366831603712e-02
1.239070351758794004e+03 1.944526281308647686e+00 1.550458376407502954e-02
1.244723618090452419e+03 1.944460044750482730e+00 1.550521205147707693e-02
1.250376884422110379e+03 1.944394917012861379e+00 1.550582881892469470e-02
1.256030150753768794e+03 1.944330872464940185e+00 1.550643434605645903e-02
1.261683417085427209e+03 1.944267886237096343e+00 1.550702890408013970e-02
1.267336683417085396e+03 1.944205934193224516e+00 1.550761275605549820e-02
1.272989949748743584e+03 1.944144992904230929e+00 1.550818615723415644e-02
1.278643216080401999e+03 1.944085039622660549e+00 1.550874935525609934e-02
1.284296482412060413e+03 1.944026052258405857e+00 1.550930259049632977e-02
1.289949748743718601e+03 1.943968009355437232e+00 1.550984609628249834e-02
1.295603015075376788e+03 1.943910890069512787e+00 1.551038009914101207e-02
1.301256281407035203e+03 1.943854674146813677e+00 1.551090481906446800e-02
1.306909547738693618e+03 1.943799341903464706e+00 1.551142046968588366e-02
1.312562814070351806e+03 1.943744874205897144e+00 1.551192725855301754e-02
1.318216080402009993e+03 1.943691252452009355e+00 1.551242538727371466e-02
1.323869346733668408e+03 1.943638458553096138e+00 1.551291505179713467e-02
1.329522613065326595e+03 1.943586474916502160e+00 1.551339644253024383e-02
1.335175879396984783e+03 1.943535284428971277e+00 1.551386974456156476e-02
1.340829145728643198e+03 1.943484870440657319e+00 1.551433513784187743e-02
1.346482412060301613e+03 1.943435216749764827e+00 1.551479279732905295e-02
1.352135678391959800e+03 1.943386307587796846e+00 1.551524289317573156e-02
1.357788944723617988e+03 1.943338127605373167e+00 1.551568559089544497e-02
1.363442211055276402e+03 1.943290661858599666e+00 1.551612105145711018e-02
1.369095477386934817e+03 1.943243895795964793e+00 1.551654943152254787e-02
1.374748743718593005e+03 1.943197815245734761e+00 1.551697088351221276e-02
1.380402010050251192e+03 1.943152406403829024e+00 1.551738555576386014e-02
1.386055276381909607e+03 1.943107655822153390e+00 1.551779359268401492e-02
1.391708542713567795e+03 1.943063550397372996e+00 1.551819513482780195e-02
1.397361809045225982e+03 1.943020077360102960e+00 1.551859031907891658e-02
1.403015075376884397e+03 1.942977224264500480e+00 1.551897927870073135e-02
1.408668341708542812e+03 1.942934978978241523e+00 1.551936214351615391e-02
1.414321608040200999e+03 1.942893329672864766e+00 1.551973903995148250e-02
1.419974874371859187e+03 1.942852264814466379e+00 1.552011009118755246e-02
1.425628140703517602e+03 1.942811773154734301e+00 1.552047541724642897e-02
1.431281407035176017e+03 1.942771843722303604e+00 1.552083513507091644e-02
1.436934673366834204e+03 1.942732465814422271e+00 1.552118935864695536e-02
1.442587939698492391e+03 1.942693628988913401e+00 1.552153819906158805e-02
1.448241206030150806e+03 1.942655323056423189e+00 1.552188176463242981e-02
1.453894472361808994e+03 1.942617538072940020e+00 1.552222016094411371e-02
1.459547738693467409e+03 1.942580264332576467e+00 1.552255349097053302e-02
1.465201005025125596e+03 1.942543492360603086e+00 1.552288185511123755e-02
1.470854271356784011e+03 1.942507212906721570e+00 1.552320535130645440e-02
1.476507537688442198e+03 1.942471416938571727e+00 1.552352407509488379e-02
1.482160804020100386e+03 1.942436095635458715e+00 1.552383811967144797e-02
1.487814070351758801e+03 1.942401240382295224e+00 1.552414757598080154e-02
1.493467336683416988e+03 1.942366842763747936e+00 1.552445253275357324e-02
1.499120603015075403e+03 1.942332894558581602e+00 1.552475307659982248e-02
1.504773869346733591e+03 1.942299387734192084e+00 1.552504929204524646e-02
1.510427135678392006e+03 1.942266314441321251e+00 1.552534126159598772e-02
1.516080402010050193e+03 1.942233667008949505e+00 1.552562906582485511e-02
1.521733668341708608e+03 1.942201437939351960e+00 1.552591278337888195e-02
1.527386934673366795e+03 1.942169619903321154e+00 1.552619249105121300e-02
1.533040201005025210e+03 1.942138205735543188e+00 1.552646826387444300e-02
1.538693467336683398e+03 1.942107188430124642e+00 1.552674017510665208e-02
1.544346733668341585e+03 1.942076561136263146e+00 1.552700829629611104e-02
1.550000000000000000e+03 1.942046317154058732e+00 1.552727269738170268e-02
