4.250000000000000000e+02 1.643466356043907117e+00 3.473384663033433073e-01
4.306532663316583012e+02 1.743329148398853112e+00 3.248941224506053937e-01
4.363065326633166023e+02 1.795902379330752696e+00 3.123554058257889121e-01
4.419597989949749035e+02 1.833961871326752480e+00 3.023232853089415362e-01
4.476130653266331478e+02 1.865375499222795774e+00 2.931194943913733031e-01
4.532663316582914490e+02 1.893209519889008208e+00 2.840908163864887537e-01
4.589195979899497502e+02 1.918965592038464951e+00 2.749014725451373597e-01
4.645728643216080513e+02 1.943485948641976213e+00 2.653403340375606323e-01
4.702261306532663525e+02 1.967286756299376327e+00 2.552493446791698761e-01
4.758793969849245968e+02 1.990703427480823962e+00 2.444897853216893013e-01
4.815326633165828980e+02 2.013961156829708443e+00 2.329216270262313704e-01
4.871859296482411992e+02 2.037210913423738390e+00 2.203860670698798985e-01
4.928391959798995003e+02 2.060546471215902287e+00 2.066849980514853802e-01
4.984924623115578015e+02 2.084007215042365857e+00 1.915499429701497114e-01
5.041457286432161027e+02 2.107562600153687349e+00 1.745858966650204458e-01
5.097989949748744039e+02 2.131055098776441614e+00 1.551526088844385476e-01
5.154522613065327050e+02 2.154000487838871436e+00 1.320606784546919654e-01
5.211055276381910062e+02 2.174613976158731532e+00 1.025105697163796598e-01
5.267587939698491937e+02 2.175539417460939262e+00 5.387441624331639617e-02
5.324120603015074948e+02 2.144125284845708634e+00 1.499882867767729326e-02
5.380653266331657960e+02 2.107990665489293924e+00 1.526491898235044636e-02
5.437185929648240972e+02 2.086800327865669047e+00 1.542854674901557657e-02
5.493718592964823983e+02 2.071778370546959458e+00 1.554866739325671751e-02
5.550251256281406995e+02 2.060245115074195610e+00 1.564359881031392868e-02
5.606783919597990007e+02 2.050976600626476465e+00 1.572183261250682113e-02
5.663316582914573019e+02 2.043299809648341014e+00 1.578810238428051890e-02
5.719849246231156030e+02 2.036801798653588236e+00 1.584535025120758014e-02
5.776381909547739042e+02 2.031209966056024108e+00 1.589554254093503149e-02
5.832914572864322054e+02 2.026334636690604540e+00 1.594006378854450484e-02
5.889447236180903928e+02 2.022038478465711275e+00 1.597992810312091894e-02
5.945979899497488077e+02 2.018218903118394802e+00 1.601590163821107679e-02
6.002512562814069952e+02 2.014797318774320445e+00 1.604857788302501906e-02
6.059045226130652964e+02 2.011712249433022848e+00 1.607842617783585698e-02
6.115577889447235975e+02 2.008914757249987915e+00 1.610582419722842926e-02
6.172110552763818987e+02 2.006365297868839104e+00 1.613108040275542526e-02
6.228643216080401999e+02 2.004031500951950040e+00 1.615444998622181730e-02
6.285175879396985010e+02 2.001886566962062908e+00 1.617614645502051321e-02
6.341708542713568022e+02 1.999908085571606486e+00 1.619635022081015313e-02
6.398241206030151034e+02 1.998077149347625703e+00 1.621521507966022096e-02
6.454773869346734045e+02 1.996377678500989017e+00 1.623287317745780375e-02
6.511306532663315920e+02 1.994795899263238415e+00 1.624943886772043516e-02
6.567839195979900069e+02 1.993319935905411011e+00 1.626501174630702248e-02
6.624371859296481944e+02 1.991939488047972384e+00 1.627967906544521004e-02
6.680904522613064955e+02 1.990645572827013599e+00 1.629351767370313189e-02
6.737437185929647967e+02 1.989430316966973367e+00 1.630659558945456514e-02
6.793969849246230979e+02 1.988286787674229616e+00 1.631897328807117853e-02
6.850502512562813990e+02 1.987208854029232752e+00 1.633070476309555347e-02
6.907035175879397002e+02 1.986191072558401105e+00 1.634183840746538177e-02
6.963567839195980014e+02 1.985228592138048809e+00 1.635241775018209803e-02
7.020100502512563025e+02 1.984317074475347109e+00 1.636248207607553240e-02
7.076633165829146037e+02 1.983452627231752752e+00 1.637206695008932428e-02
7.133165829145727912e+02 1.982631747476511164e+00 1.638120466336302414e-02
7.189698492462312061e+02 1.981851273634014587e+00 1.638992461456725488e-02
7.246231155778893935e+02 1.981108344456419479e+00 1.639825363757159080e-02
7.302763819095478084e+02 1.980400363839002642e+00 1.640621628417090680e-02
7.359296482412059959e+02 1.979724970520076122e+00 1.641383506908166562e-02
7.415829145728642970e+02 1.979080011884417178e+00 1.642113068311936222e-02
7.472361809045225982e+02 1.978463521230014788e+00 1.642812217937019564e-02
7.528894472361808994e+02 1.977873697970579769e+00 1.643482713637070200e-02
7.585427135678392006e+02 1.977308890336935132e+00 1.644126180156848735e-02
7.641959798994975017e+02 1.976767580213762976e+00 1.644744121793002833e-02
7.698492462311558029e+02 1.976248369807874994e+00 1.645337933598541025e-02
7.755025125628139904e+02 1.975749969892974578e+00 1.645908911319864457e-02
7.811557788944724052e+02 1.975271189415977124e+00 1.646458260247226149e-02
7.868090452261305927e+02 1.974810926283043555e+00 1.646987103110012299e-02
7.924623115577890076e+02 1.974368159170913462e+00 1.647496487137524793e-02
7.981155778894471950e+02 1.973941940231956460e+00 1.647987390390033557e-02
8.037688442211054962e+02 1.973531388580432644e+00 1.648460727453210720e-02
8.094221105527637974e+02 1.973135684463469097e+00 1.648917354559998466e-02
8.150753768844220986e+02 1.972754064033708676e+00 1.649358074220218934e-02
8.207286432160803997e+02 1.972385814651992586e+00 1.649783639403338067e-02
8.263819095477387009e+02 1.972030270658061024e+00 1.650194757331501644e-02
8.320351758793970021e+02 1.971686809555468267e+00 1.650592092919392351e-02
8.376884422110551895e+02 1.971354848563902307e+00 1.650976271908581941e-02
8.433417085427136044e+02 1.971033841498072370e+00 1.651347883716206347e-02
8.489949748743717919e+02 1.970723275937468877e+00 1.651707484038420631e-02
8.546482412060302067e+02 1.970422670655709307e+00 1.652055597230734155e-02
8.603015075376883942e+02 1.970131573281985293e+00 1.652392718483128298e-02
8.659547738693468091e+02 1.969849558170429615e+00 1.652719315817803222e-02
8.716080402010049966e+02 1.969576224456054625e+00 1.653035831918458001e-02
8.772613065326632977e+02 1.969311194278407395e+00 1.653342685818045069e-02
8.829145728643215989e+02 1.969054111156240738e+00 1.653640274446313216e-02
8.885678391959799001e+02 1.968804638498369508e+00 1.653928974059883442e-02
8.942211055276382012e+02 1.968562458237545831e+00 1.654209141561396867e-02
8.998743718592965024e+02 1.968327269575614880e+00 1.654481115715572201e-02
9.055276381909548036e+02 1.968098787829485774e+00 1.654745218276660462e-02
9.111809045226129911e+02 1.967876743368566217e+00 1.655001755031679234e-02
9.168341708542714059e+02 1.967660880635288878e+00 1.655251016767783634e-02
9.224874371859295934e+02 1.967450957241226428e+00 1.655493280168084461e-02
9.281407035175880083e+02 1.967246743132059494e+00 1.655728808645548847e-02
9.337939698492461957e+02 1.967048019815339499e+00 1.655957853119227260e-02
9.394472361809044969e+02 1.966854579645592960e+00 1.656180652732338818e-02
9.451005025125627981e+02 1.966666225161850745e+00 1.656397435527137002e-02
9.507537688442210992e+02 1.966482768473161391e+00 1.656608419069344543e-02
9.564070351758794004e+02 1.966304030688073023e+00 1.656813811030342920e-02
9.620603015075377016e+02 1.966129841384453014e+00 1.657013809736627291e-02
9.677135678391960028e+02 1.965960038116348452e+00 1.657208604679267713e-02
9.733668341708543039e+02 1.965794465954899373e+00 1.657398376988176297e-02
9.790201005025126051e+02 1.965632977060588038e+00 1.657583299879980196e-02
9.846733668341707926e+02 1.965475430284355562e+00 1.657763539078915827e-02
9.903266331658290937e+02 1.965321690795331699e+00 1.657939253204792143e-02
9.959798994974873949e+02 1.965171629733130976e+00 1.658110594144167685e-02
1.001633165829145696e+03 1.965025123882836899e+00 1.658277707394086378e-02
1.007286432160803997e+03 1.964882055370972935e+00 1.658440732388475822e-02
1.012939698492462298e+03 1.964742311380882622e+00 1.658599802801232967e-02
1.018592964824120600e+03 1.964605783886099299e+00 1.658755046834076499e-02
1.024246231155778787e+03 1.964472369400382723e+00 1.658906587486534689e-02
1.029899497487437202e+03 1.964341968743225308e+00 1.659054542812116867e-02
1.035552763819095617e+03 1.964214486819716887e+00 1.659199026154687187e-02
1.041206030150753804e+03 1.964089832413757675e+00 1.659340146378454617e-02
1.046859296482411992e+03 1.963967917993677537e+00 1.659478008078893799e-02
1.052512562814070407e+03 1.963848659529407126e+00 1.659612711783323494e-02
1.058165829145728594e+03 1.963731976320407968e+00 1.659744354144510742e-02
1.063819095477386782e+03 1.963617790833622756e+00 1.659873028117959601e-02
1.069472361809045196e+03 1.963506028550782601e+00 1.659998823132268625e-02
1.075125628140703611e+03 1.963396617824436197e+00 1.660121825250568395e-02
1.080778894472361799e+03 1.963289489742133798e+00 1.660242117322393088e-02
1.086432160804019986e+03 1.963184577998226210e+00 1.660359779128666238e-02
1.092085427135678401e+03 1.963081818772790532e+00 1.660474887515816719e-02
1.097738693467336816e+03 1.962981150617219450e+00 1.660587516528388638e-02
1.103391959798995003e+03 1.962882514346055984e+00 1.660697737530132667e-02
1.109045226130653191e+03 1.962785852934675335e+00 1.660805619320278315e-02
1.114698492462311606e+03 1.962691111422449897e+00 1.660911228244322732e-02
1.120351758793969793e+03 1.962598236821060826e+00 1.661014628300019544e-02
1.126005025125627981e+03 1.962507178027634414e+00 1.661115881237240285e-02
1.131658291457286396e+03 1.962417885742415491e+00 1.661215046649035937e-02
1.137311557788944810e+03 1.962330312390700104e+00 1.661312182065278684e-02
1.142964824120602998e+03 1.962244412048774755e+00 1.661407343040193288e-02
1.148618090452261185e+03 1.962160140373625294e+00 1.661500583227775926e-02
1.154271356783919600e+03 1.962077454536191201e+00 1.661591954465819337e-02
1.159924623115578015e+03 1.961996313157959859e+00 1.661681506843827941e-02
1.165577889447236203e+03 1.961916676250710534e+00 1.661769288778880763e-02
1.171231155778894390e+03 1.961838505159221313e+00 1.661855347079404036e-02
1.176884422110552805e+03 1.961761762506776030e+00 1.661939727010217430e-02
1.182537688442210992e+03 1.961686412143310410e+00 1.662022472352850389e-02
1.188190954773869180e+03 1.961612419096050886e+00 1.662103625465134391e-02
1.193844221105527595e+03 1.961539749522506426e+00 1.662183227334736169e-02
1.199497487437186010e+03 1.961468370665684802e+00 1.662261317633311614e-02
1.205150753768844197e+03 1.961398250811410504e+00 1.662337934767276967e-02
1.210804020100502385e+03 1.961329359247633297e+00 1.662413115925197998e-02
1.216457286432160799e+03 1.961261666225615263e+00 1.662486897124477656e-02
1.222110552763819214e+03 1.961195142922900869e+00 1.662559313258002436e-02
1.227763819095477402e+03 1.961129761407971905e+00 1.662630398129405843e-02
1.233417085427135589e+03 1.961065494606502480e+00 1.662700184501657644e-02
1.239070351758794004e+03 1.961002316269124801e+00 1.662768704129591671e-02
1.244723618090452419e+03 1.960940200940633371e+00 1.662835987801760881e-02
1.250376884422110379e+03 1.960879123930551415e+00 1.662902065369575161e-02
1.256030150753768794e+03 1.960819061284986953e+00 1.662966965789102608e-02
1.261683417085427209e+03 1.960759989759716992e+00 1.663030717144820675e-02
1.267336683417085396e+03 1.960701886794438353e+00 1.663093346688701568e-02
1.272989949748743584e+03 1.960644730488121823e+00 1.663154880863254928e-02
1.278643216080401999e+03 1.960588499575420807e+00 1.663215345335898598e-02
1.284296482412060413e+03 1.960533173404078511e+00 1.663274765021296661e-02
1.289949748743718601e+03 1.960478731913286143e+00 1.663333164111691770e-02
1.295603015075376788e+03 1.960425155612946391e+00 1.663390566099209530e-02
1.301256281407035203e+03 1.960372425563797538e+00 1.663446993801485224e-02
1.306909547738693618e+03 1.960320523358356049e+00 1.663502469383941126e-02
1.312562814070351806e+03 1.960269431102642734e+00 1.663557014383382562e-02
1.318216080402009993e+03 1.960219131398649006e+00 1.663610649726910903e-02
1.323869346733668408e+03 1.960169607327515440e+00 1.663663395756831767e-02
1.329522613065326595e+03 1.960120842433382027e+00 1.663715272244871077e-02
1.335175879396984783e+03 1.960072820707886576e+00 1.663766298415727402e-02
1.340829145728643198e+03 1.960025526575275290e+00 1.663816492961267199e-02
1.346482412060301613e+03 1.959978944878099760e+00 1.663865874064057032e-02
1.352135678391959800e+03 1.959933060863475296e+00 1.663914459406203375e-02
1.357788944723617988e+03 1.959887860169872598e+00 1.663962266191530009e-02
1.363442211055276402e+03 1.959843328814420138e+00 1.664009311160409219e-02
1.369095477386934817e+03 1.959799453180692597e+00 1.664055610601913177e-02
1.374748743718593005e+03 1.959756220006968697e+00 1.664101180370631747e-02
1.380402010050251192e+03 1.959713616374931799e+00 1.664146035900812906e-02
1.386055276381909607e+03 1.959671629698797268e+00 1.664190192217829267e-02
1.391708542713567795e+03 1.959630247714846396e+00 1.664233663951637104e-02
1.397361809045225982e+03 1.959589458471352907e+00 1.664276465352234127e-02
1.403015075376884397e+03 1.959549250318878055e+00 1.664318610295771605e-02
1.408668341708542812e+03 1.959509611900926762e+00 1.664360112302665923e-02
1.414321608040200999e+03 1.959470532144943267e+00 1.664400984542368372e-02
1.419974874371859187e+03 1.959432000253635620e+00 1.664441239849465820e-02
1.425628140703517602e+03 1.959394005696612151e+00 1.664480890729773399e-02
1.431281407035176017e+03 1.959356538202321030e+00 1.664519949374428445e-02
1.436934673366834204e+03 1.959319587750274261e+00 1.664558427664638435e-02
1.442587939698492391e+03 1.959283144563552792e+00 1.664596337186433767e-02
1.448241206030150806e+03 1.959247199101571413e+00 1.664633689234743669e-02
1.453894472361808994e+03 1.959211742053101002e+00 1.664670494822803951e-02
1.459547738693467409e+03 1.959176764329534359e+00 1.664706764696897642e-02
1.465201005025125596e+03 1.959142257058384073e+00 1.664742509332417866e-02
1.470854271356784011e+03 1.959108211577005543e+00 1.664777738953270719e-02
1.476507537688442198e+03 1.959074619426538488e+00 1.664812463533267561e-02
1.482160804020100386e+03 1.959041472346050528e+00 1.664846692803518755e-02
1.487814070351758801e+03 1.959008762266884141e+00 1.664880436262489161e-02
1.493467336683416988e+03 1.958976481307190820e+00 1.664913703178718535e-02
1.499120603015075403e+03 1.958944621766653293e+00 1.664946502601540382e-02
1.504773869346733591e+03 1.958913176121379163e+00 1.664978843363797492e-02
1.510427135678392006e+03 1.958882137018968406e+00 1.665010734089887937e-02
1.516080402010050193e+03 1.958851497273741860e+00 1.665042183201144443e-02
1.521733668341708608e+03 1.958821249862127356e+00 1.665073198922543615e-02
1.527386934673366795e+03 1.958791387918196403e+00 1.665103789287413275e-02
1.533040201005025210e+03 1.958761904729346970e+00 1.665133962140805113e-02
1.538693467336683398e+03 1.958732793732124611e+00 1.665163725148865667e-02
1.544346733668341585e+03 1.958704048508179474e+00 1.665193085799538536e-02
1.550000000000000000e+03 1.958675662780352766e+00 1.665222051411932927e-02
