4.250000000000000000e+02 1.676838205820344818e+00 3.425984794005925149e-01
4.306532663316583012e+02 1.775717283234684363e+00 3.209915283341598369e-01
4.363065326633166023e+02 1.827821795321910692e+00 3.088340424822669794e-01
4.419597989949749035e+02 1.865565729300245668e+00 2.990592189585433158e-01
4.476130653266331478e+02 1.896734382568406430e+00 2.900586627590473476e-01
4.532663316582914490e+02 1.924362817761437139e+00 2.812044128464408765e-01
4.589195979899497502e+02 1.949937796612351226e+00 2.721723201182897345e-01
4.645728643216080513e+02 1.974293391828121358e+00 2.627573827968463505e-01
4.702261306532663525e+02 1.997940889401580655e+00 2.528050276017632658e-01
4.758793969849245968e+02 2.021212613188783980e+00 2.421785712285955128e-01
4.815326633165828980e+02 2.044331742598696877e+00 2.307391240501553975e-01
4.871859296482411992e+02 2.067447931767446345e+00 2.183283703505596585e-01
4.928391959798995003e+02 2.090654142905853163e+00 2.047480839740156711e-01
4.984924623115578015e+02 2.113989359278904967e+00 1.897288914473762578e-01
5.041457286432161027e+02 2.137423024191662968e+00 1.728735158950627515e-01
5.097989949748744039e+02 2.160797990388307444e+00 1.535362585219361142e-01
5.154522613065327050e+02 2.183630352052960522e+00 1.305126757809492166e-01
5.211055276381910062e+02 2.204126780701472832e+00 1.009446077440559197e-01
5.267587939698491937e+02 2.203923589432168928e+00 5.146588102165445405e-02
5.324120603015074948e+02 2.172046472542714213e+00 1.483772106392217474e-02
5.380653266331657960e+02 2.136753352485150526e+00 1.509167905935107114e-02
5.437185929648240972e+02 2.115941967450140293e+00 1.524863080663507557e-02
5.493718592964823983e+02 2.101155475247960869e+00 1.536409013282423984e-02
5.550251256281406995e+02 2.089789269659818594e+00 1.545544399619225642e-02
5.606783919597990007e+02 2.080648149585945017e+00 1.553078718251374446e-02
5.663316582914573019e+02 2.073073030673629358e+00 1.559464387312907083e-02
5.719849246231156030e+02 2.066658741984497283e+00 1.564983090363068763e-02
5.776381909547739042e+02 2.061137447500621001e+00 1.569823315835480390e-02
5.832914572864322054e+02 2.056322598801636925e+00 1.574117902323250023e-02
5.889447236180903928e+02 2.052079022467184544e+00 1.577964215888929059e-02
5.945979899497488077e+02 2.048305680817889662e+00 1.581435857177512089e-02
6.002512562814069952e+02 2.044925131651100791e+00 1.584589866261608415e-02
6.059045226130652964e+02 2.041876773772958398e+00 1.587471369187693979e-02
6.115577889447235975e+02 2.039112349521986278e+00 1.590116691166855445e-02
6.172110552763818987e+02 2.036592853141915960e+00 1.592555509660174839e-02
6.228643216080401999e+02 2.034286347503812209e+00 1.594812383979968967e-02
6.285175879396985010e+02 2.032166386261796465e+00 1.596907867206506099e-02
6.341708542713568022e+02 2.030210850474572837e+00 1.598859330806179022e-02
6.398241206030151034e+02 2.028401075632535466e+00 1.600681586972672876e-02
6.454773869346734045e+02 2.026721186359136784e+00 1.602387365617677015e-02
6.511306532663315920e+02 2.025157582330831207e+00 1.603987685059033927e-02
6.567839195979900069e+02 2.023698536095240641e+00 1.605492143673463087e-02
6.624371859296481944e+02 2.022333874897291661e+00 1.606909151941256567e-02
6.680904522613064955e+02 2.021054726403328061e+00 1.608246118959320500e-02
6.737437185929647967e+02 2.019853313606396306e+00 1.609509603740102990e-02
6.793969849246230979e+02 2.018722787996610535e+00 1.610705439011740278e-02
6.850502512562813990e+02 2.017657092799454155e+00 1.611838833274490887e-02
6.907035175879397002e+02 2.016650850056765698e+00 1.612914455584145076e-02
6.963567839195980014e+02 2.015699266773436804e+00 1.613936506436186233e-02
7.020100502512563025e+02 2.014798056428864115e+00 1.614908777390526573e-02
7.076633165829146037e+02 2.013943372960322886e+00 1.615834701536900814e-02
7.133165829145727912e+02 2.013131754938362050e+00 1.616717396431973167e-02
7.189698492462312061e+02 2.012360078123526019e+00 1.617559700806979125e-02
7.246231155778893935e+02 2.011625514956019600e+00 1.618364206115535317e-02
7.302763819095478084e+02 2.010925499811909045e+00 1.619133283759257788e-02
7.359296482412059959e+02 2.010257699080634897e+00 1.619869108679637335e-02
7.415829145728642970e+02 2.009619985293250366e+00 1.620573679892028246e-02
7.472361809045225982e+02 2.009010414669700761e+00 1.621248838419960328e-02
7.528894472361808994e+02 2.008427207564557282e+00 1.621896283016979051e-02
7.585427135678392006e+02 2.007868731380042959e+00 1.622517583986449879e-02
7.641959798994975017e+02 2.007333485587560862e+00 1.623114195387219058e-02
7.698492462311558029e+02 2.006820088557832005e+00 1.623687465826805301e-02
7.755025125628139904e+02 2.006327265947884353e+00 1.624238648042973521e-02
7.811557788944724052e+02 2.005853840432711088e+00 1.624768907441275639e-02
7.868090452261305927e+02 2.005398722602073747e+00 1.625279329695857033e-02
7.924623115577890076e+02 2.004960902869988182e+00 1.625770927572956631e-02
7.981155778894471950e+02 2.004539444266972392e+00 1.626244647019331468e-02
8.037688442211054962e+02 2.004133476003960634e+00 1.626701372670421447e-02
8.094221105527637974e+02 2.003742187712596046e+00 1.627141932784840345e-02
8.150753768844220986e+02 2.003364824279894041e+00 1.627567103709544674e-02
8.207286432160803997e+02 2.003000681206521971e+00 1.627977613919456487e-02
8.263819095477387009e+02 2.002649100427454254e+00 1.628374147674908901e-02
8.320351758793970021e+02 2.002309466541852601e+00 1.628757348342673578e-02
8.376884422110551895e+02 2.001981203405943432e+00 1.629127821423297443e-02
8.433417085427136044e+02 2.001663771048551865e+00 1.629486137301315932e-02
8.489949748743717919e+02 2.001356662874034242e+00 1.629832833752437385e-02
8.546482412060302067e+02 2.001059403121701052e+00 1.630168418252489482e-02
8.603015075376883942e+02 2.000771544554584835e+00 1.630493370068726924e-02
8.659547738693468091e+02 2.000492666353653526e+00 1.630808142194357241e-02
8.716080402010049966e+02 2.000222372196392318e+00 1.631113163116173700e-02
8.772613065326632977e+02 1.999960288501115402e+00 1.631408838440510933e-02
8.829145728643215989e+02 1.999706062820510999e+00 1.631695552393792881e-02
8.885678391959799001e+02 1.999459362369770510e+00 1.631973669200937130e-02
8.942211055276382012e+02 1.999219872676286647e+00 1.632243534359783740e-02
8.998743718592965024e+02 1.998987296339326702e+00 1.632505475819460983e-02
9.055276381909548036e+02 1.998761351889340121e+00 1.632759805068497577e-02
9.111809045226129911e+02 1.998541772737656208e+00 1.633006818141862632e-02
9.168341708542714059e+02 1.998328306208304594e+00 1.633246796557424538e-02
9.224874371859295934e+02 1.998120712644542163e+00 1.633480008184133581e-02
9.281407035175880083e+02 1.997918764583427764e+00 1.633706708044880065e-02
9.337939698492461957e+02 1.997722245992463508e+00 1.633927139068517068e-02
9.394472361809044969e+02 1.997530951562907831e+00 1.634141532785110540e-02
9.451005025125627981e+02 1.997344686054908669e+00 1.634350109978181462e-02
9.507537688442210992e+02 1.997163263690057811e+00 1.634553081287294304e-02
9.564070351758794004e+02 1.996986507587411586e+00 1.634750647774710006e-02
9.620603015075377016e+02 1.996814249239375449e+00 1.634943001453516287e-02
9.677135678391960028e+02 1.996646328024206829e+00 1.635130325781408711e-02
9.733668341708543039e+02 1.996482590752172381e+00 1.635312796118871051e-02
9.790201005025126051e+02 1.996322891242683584e+00 1.635490580168138738e-02
9.846733668341707926e+02 1.996167089929964167e+00 1.635663838370613951e-02
9.903266331658290937e+02 1.996015053495024949e+00 1.635832724291327173e-02
9.959798994974873949e+02 1.995866654521922134e+00 1.635997384972855129e-02
1.001633165829145696e+03 1.995721771176444781e+00 1.636157961271652098e-02
1.007286432160803997e+03 1.995580286905542566e+00 1.636314588169383855e-02
1.012939698492462298e+03 1.995442090155947090e+00 1.636467395070848388e-02
1.018592964824120600e+03 1.995307074110568735e+00 1.636616506080387085e-02
1.024246231155778787e+03 1.995175136441376340e+00 1.636762040264964219e-02
1.029899497487437202e+03 1.995046179077563764e+00 1.636904111898530856e-02
1.035552763819095617e+03 1.994920107987914859e+00 1.637042830696518875e-02
1.041206030150753804e+03 1.994796832976359457e+00 1.637178302031002536e-02
1.046859296482411992e+03 1.994676267489798427e+00 1.637310627142833999e-02
1.052512562814070407e+03 1.994558328437346484e+00 1.637439903332465335e-02
1.058165829145728594e+03 1.994442936020208945e+00 1.637566224145755103e-02
1.063819095477386782e+03 1.994330013571469218e+00 1.637689679545968960e-02
1.069472361809045196e+03 1.994219487405121782e+00 1.637810356083517493e-02
1.075125628140703611e+03 1.994111286673730499e+00 1.637928337045821414e-02
1.080778894472361799e+03 1.994005343234148464e+00 1.638043702609693480e-02
1.086432160804019986e+03 1.993901591520765182e+00 1.638156529977272124e-02
1.092085427135678401e+03 1.993799968425799207e+00 1.638266893510431990e-02
1.097738693467336816e+03 1.993700413186181519e+00 1.638374864854871132e-02
1.103391959798995003e+03 1.993602867276608848e+00 1.638480513060668053e-02
1.109045226130653191e+03 1.993507274308381039e+00 1.638583904693892423e-02
1.114698492462311606e+03 1.993413579933658308e+00 1.638685103944030608e-02
1.120351758793969793e+03 1.993321731754806425e+00 1.638784172725191862e-02
1.126005025125627981e+03 1.993231679238511411e+00 1.638881170773147031e-02
1.131658291457286396e+03 1.993143373634381765e+00 1.638976155738877324e-02
1.137311557788944810e+03 1.993056767897758874e+00 1.639069183271867763e-02
1.142964824120602998e+03 1.992971816616492253e+00 1.639160307106704920e-02
1.148618090452261185e+03 1.992888475941437365e+00 1.639249579140106966e-02
1.154271356783919600e+03 1.992806703520461742e+00 1.639337049508557062e-02
1.159924623115578015e+03 1.992726458435753356e+00 1.639422766655030186e-02
1.165577889447236203e+03 1.992647701144240724e+00 1.639506777403106075e-02
1.171231155778894390e+03 1.992570393420945107e+00 1.639589127018827378e-02
1.176884422110552805e+03 1.992494498305099171e+00 1.639669859271148181e-02
1.182537688442210992e+03 1.992419980048876882e+00 1.639749016495040124e-02
1.188190954773869180e+03 1.992346804068584554e+00 1.639826639643711045e-02
1.193844221105527595e+03 1.992274936898182691e+00 1.639902768347548806e-02
1.199497487437186010e+03 1.992204346145004301e+00 1.639977440957451557e-02
1.205150753768844197e+03 1.992135000447551541e+00 1.640050694604362758e-02
1.210804020100502385e+03 1.992066869435261234e+00 1.640122565235073090e-02
1.216457286432160799e+03 1.991999923690127350e+00 1.640193087666269242e-02
1.222110552763819214e+03 1.991934134710085846e+00 1.640262295621617780e-02
1.227763819095477402e+03 1.991869474874066848e+00 1.640330221774240552e-02
1.233417085427135589e+03 1.991805917408626891e+00 1.640396897786447830e-02
1.239070351758794004e+03 1.991743436356076868e+00 1.640462354346737886e-02
1.244723618090452419e+03 1.991682006544031269e+00 1.640526621205417451e-02
1.250376884422110379e+03 1.991621603556302800e+00 1.640589727208843079e-02
1.256030150753768794e+03 1.991562203705076639e+00 1.640651700332286522e-02
1.261683417085427209e+03 1.991503784004292843e+00 1.640712567711424819e-02
1.267336683417085396e+03 1.991446322144187153e+00 1.640772355672455787e-02
1.272989949748743584e+03 1.991389796466921824e+00 1.640831089761519285e-02
1.278643216080401999e+03 1.991334185943255619e+00 1.640888794771392864e-02
1.284296482412060413e+03 1.991279470150206343e+00 1.640945494767492158e-02
1.289949748743718601e+03 1.991225629249650630e+00 1.641001213115212201e-02
1.295603015075376788e+03 1.991172643967817901e+00 1.641055972503866964e-02
1.301256281407035203e+03 1.991120495575638083e+00 1.641109794967911262e-02
1.306909547738693618e+03 1.991069165869897795e+00 1.641162701912205618e-02
1.312562814070351806e+03 1.991018637155169024e+00 1.641214714132535613e-02
1.318216080402009993e+03 1.990968892226472775e+00 1.641265851834088074e-02
1.323869346733668408e+03 1.990919914352644815e+00 1.641316134657358830e-02
1.329522613065326595e+03 1.990871687260367118e+00 1.641365581689164729e-02
1.335175879396984783e+03 1.990824195118838791e+00 1.641414211487853686e-02
1.340829145728643198e+03 1.990777422525052742e+00 1.641462042097006219e-02
1.346482412060301613e+03 1.990731354489653882e+00 1.641509091065888881e-02
1.352135678391959800e+03 1.990685976423349546e+00 1.641555375459757132e-02
1.357788944723617988e+03 1.990641274123848392e+00 1.641600911882998975e-02
1.363442211055276402e+03 1.990597233763304885e+00 1.641645716488743592e-02
1.369095477386934817e+03 1.990553841876245400e+00 1.641689804995905347e-02
1.374748743718593005e+03 1.990511085347955067e+00 1.641733192701482977e-02
1.380402010050251192e+03 1.990468951403305375e+00 1.641775894496236982e-02
1.386055276381909607e+03 1.990427427596002996e+00 1.641817924876977364e-02
1.391708542713567795e+03 1.990386501798240060e+00 1.641859297955465535e-02
1.397361809045225982e+03 1.990346162190733015e+00 1.641900027478130145e-02
1.403015075376884397e+03 1.990306397253126303e+00 1.641940126829548666e-02
1.408668341708542812e+03 1.990267195754752194e+00 1.641979609047418062e-02
1.414321608040200999e+03 1.990228546745727467e+00 1.642018486834143087e-02
1.419974874371859187e+03 1.990190439548374046e+00 1.642056772566387671e-02
1.425628140703517602e+03 1.990152863748948731e+00 1.642094478302597027e-02
1.431281407035176017e+03 1.990115809189672458e+00 1.642131615797274777e-02
1.436934673366834204e+03 1.990079265961042898e+00 1.642168196505791253e-02
1.442587939698492391e+03 1.990043224394419052e+00 1.642204231596626832e-02
1.448241206030150806e+03 1.990007675054870528e+00 1.642239731958200499e-02
1.453894472361808994e+03 1.989972608734275727e+00 1.642274708208401116e-02
1.459547738693467409e+03 1.989938016444663171e+00 1.642309170700735621e-02
1.465201005025125596e+03 1.989903889411780868e+00 1.642343129534529558e-02
1.470854271356784011e+03 1.989870219068891055e+00 1.642376594561067993e-02
1.476507537688442198e+03 1.989836997050777878e+00 1.642409575391764326e-02
1.482160804020100386e+03 1.989804215187955805e+00 1.642442081402944315e-02
1.487814070351758801e+03 1.989771865501080095e+00 1.642474121746035493e-02
1.493467336683416988e+03 1.989739940195543566e+00 1.642505705350996714e-02
1.499120603015075403e+03 1.989708431656252996e+00 1.642536840935151024e-02
1.504773869346733591e+03 1.989677332442584268e+00 1.642567537005933456e-02
1.510427135678392006e+03 1.989646635283502496e+00 1.642597801871749016e-02
1.516080402010050193e+03 1.989616333072843579e+00 1.642627643644039778e-02
1.521733668341708608e+03 1.989586418864752959e+00 1.642657070242057107e-02
1.527386934673366795e+03 1.989556885869270042e+00 1.642686089401683425e-02
1.533040201005025210e+03 1.989527727448059835e+00 1.642714708678172375e-02
1.538693467336683398e+03 1.989498937110281807e+00 1.642742935452266156e-02
1.544346733668341585e+03 1.989470508508589530e+00 1.642770776933607374e-02
1.550000000000000000e+03 1.989442435435263556e+00 1.642798240167528401e-02
