4.250000000000000000e+02 1.677360848003123683e+00 3.515534888696769666e-01
4.306532663316583012e+02 1.779249249671686961e+00 3.288337410803881533e-01
4.363065326633166023e+02 1.832873085967666960e+00 3.161368489266783155e-01
4.419597989949749035e+02 1.871685919337663817e+00 3.059737974615894807e-01
4.476130653266331478e+02 1.903717368518495157e+00 2.966460254619208703e-01
4.532663316582914490e+02 1.932096532468477568e+00 2.874923901442648644e-01
4.589195979899497502e+02 1.958355785438669283e+00 2.781730013311221050e-01
4.645728643216080513e+02 1.983354571913890307e+00 2.684741181403551002e-01
4.702261306532663525e+02 2.007619615190140649e+00 2.582357222245162398e-01
4.758793969849245968e+02 2.031493217231762127e+00 2.473173955410293556e-01
4.815326633165828980e+02 2.055205254280769278e+00 2.355774594543373623e-01
4.871859296482411992e+02 2.078909932856985776e+00 2.228553666422033452e-01
4.928391959798995003e+02 2.102703222725954557e+00 2.089510588172519834e-01
4.984924623115578015e+02 2.126625839721655975e+00 1.935938286442280276e-01
5.041457286432161027e+02 2.150647688882020958e+00 1.763862219091555106e-01
5.097989949748744039e+02 2.174610564425508485e+00 1.566859737660837304e-01
5.154522613065327050e+02 2.198028119646955769e+00 1.333057919684376424e-01
5.211055276381910062e+02 2.219118573438686681e+00 1.034783266574435395e-01
5.267587939698491937e+02 2.221493412152695690e+00 5.521665210858416745e-02
5.324120603015074948e+02 2.190293906214441755e+00 1.316413615762193449e-02
5.380653266331657960e+02 2.152735957762909713e+00 1.340179101434356077e-02
5.437185929648240972e+02 2.130852315220248094e+00 1.354708887597516793e-02
5.493718592964823983e+02 2.115380473490525937e+00 1.365350733694122194e-02
5.550251256281406995e+02 2.103519154514606360e+00 1.373751033860895823e-02
5.606783919597990007e+02 2.093995625504285307e+00 1.380669066501021176e-02
5.663316582914573019e+02 2.086112388697532349e+00 1.386526700490250431e-02
5.719849246231156030e+02 2.079442460762762401e+00 1.391585557758445203e-02
5.776381909547739042e+02 2.073704440576126018e+00 1.396020206621117338e-02
5.832914572864322054e+02 2.068702776646313968e+00 1.399953415332164455e-02
5.889447236180903928e+02 2.064296021282605587e+00 1.403475021910525859e-02
5.945979899497488077e+02 2.060378594885450276e+00 1.406652848470964570e-02
6.002512562814069952e+02 2.056869665822866011e+00 1.409539401449481574e-02
6.059045226130652964e+02 2.053706039736586941e+00 1.412176183984974187e-02
6.115577889447235975e+02 2.050837433357124873e+00 1.414596580392038679e-02
6.172110552763818987e+02 2.048223230565192843e+00 1.416827848296699048e-02
6.228643216080401999e+02 2.045830194501665034e+00 1.418892532202805680e-02
6.285175879396985010e+02 2.043630815952957924e+00 1.420809490038211879e-02
6.341708542713568022e+02 2.041602096752213935e+00 1.422594653789891091e-02
6.398241206030151034e+02 2.039724637640113247e+00 1.424261603115883554e-02
6.454773869346734045e+02 2.037981943633417892e+00 1.425822004694784519e-02
6.511306532663315920e+02 2.036359887632594123e+00 1.427285953469085988e-02
6.567839195979900069e+02 2.034846291030575571e+00 1.428662240966042767e-02
6.624371859296481944e+02 2.033430592098684819e+00 1.429958568700226591e-02
6.680904522613064955e+02 2.032103581095102918e+00 1.431181719619413310e-02
6.737437185929647967e+02 2.030857186699130512e+00 1.432337697126270792e-02
6.793969849246230979e+02 2.029684302358386372e+00 1.433431838782613793e-02
6.850502512562813990e+02 2.028578643983940388e+00 1.434468910038849167e-02
6.907035175879397002e+02 2.027534632492390632e+00 1.435453182048284336e-02
6.963567839195980014e+02 2.026547296208819571e+00 1.436388496710111311e-02
7.020100502512563025e+02 2.025612189269502483e+00 1.437278321388742348e-02
7.076633165829146037e+02 2.024725323007620315e+00 1.438125795191971812e-02
7.133165829145727912e+02 2.023883107945359860e+00 1.438933768337431925e-02
7.189698492462312061e+02 2.023082304505599005e+00 1.439704835821594038e-02
7.246231155778893935e+02 2.022319980934410566e+00 1.440441366324990251e-02
7.302763819095478084e+02 2.021593477219762125e+00 1.441145527165008274e-02
7.359296482412059959e+02 2.020900374022361667e+00 1.441819305909415420e-02
7.415829145728642970e+02 2.020238465816694529e+00 1.442464529198927807e-02
7.472361809045225982e+02 2.019605737584954763e+00 1.443082879157636320e-02
7.528894472361808994e+02 2.019000344522356105e+00 1.443675907799109662e-02
7.585427135678392006e+02 2.018420594305408766e+00 1.444245049678070589e-02
7.641959798994975017e+02 2.017864931550103158e+00 1.444791633069826033e-02
7.698492462311558029e+02 2.017331924148225930e+00 1.445316889840164709e-02
7.755025125628139904e+02 2.016820251220153182e+00 1.445821964224817957e-02
7.811557788944724052e+02 2.016328692463614125e+00 1.446307920629802228e-02
7.868090452261305927e+02 2.015856118711895739e+00 1.446775750602550918e-02
7.924623115577890076e+02 2.015401483543104444e+00 1.447226379050413000e-02
7.981155778894471950e+02 2.014963815805536740e+00 1.447660669845095109e-02
8.037688442211054962e+02 2.014542212943779997e+00 1.448079430823444834e-02
8.094221105527637974e+02 2.014135835026590993e+00 1.448483418321704248e-02
8.150753768844220986e+02 2.013743899391414072e+00 1.448873341255512391e-02
8.207286432160803997e+02 2.013365675832076374e+00 1.449249864809667998e-02
8.263819095477387009e+02 2.013000482266093627e+00 1.449613613785922205e-02
8.320351758793970021e+02 2.012647680826424423e+00 1.449965175633762676e-02
8.376884422110551895e+02 2.012306674329685130e+00 1.450305103222575796e-02
8.433417085427136044e+02 2.011976903078978474e+00 1.450633917353595648e-02
8.489949748743717919e+02 2.011657841964742399e+00 1.450952109049688174e-02
8.546482412060302067e+02 2.011348997831551966e+00 1.451260141666944371e-02
8.603015075376883942e+02 2.011049907082712807e+00 1.451558452804561049e-02
8.659547738693468091e+02 2.010760133497861091e+00 1.451847456073557079e-02
8.716080402010049966e+02 2.010479266241692820e+00 1.452127542708226554e-02
8.772613065326632977e+02 2.010206918044508129e+00 1.452399083060764567e-02
8.829145728643215989e+02 2.009942723537447407e+00 1.452662427956697387e-02
8.885678391959799001e+02 2.009686337727234040e+00 1.452917909968204531e-02
8.942211055276382012e+02 2.009437434596926586e+00 1.453165844570611549e-02
8.998743718592965024e+02 2.009195705820656208e+00 1.453406531220670546e-02
9.055276381909548036e+02 2.008960859581630842e+00 1.453640254346279422e-02
9.111809045226129911e+02 2.008732619483820425e+00 1.453867284276979914e-02
9.168341708542714059e+02 2.008510723548747823e+00 1.454087878086489372e-02
9.224874371859295934e+02 2.008294923289703604e+00 1.454302280388755468e-02
9.281407035175880083e+02 2.008084982856477740e+00 1.454510724080113060e-02
9.337939698492461957e+02 2.007880678244409633e+00 1.454713431009418273e-02
9.394472361809044969e+02 2.007681796562164056e+00 1.454910612628249923e-02
9.451005025125627981e+02 2.007488135353202363e+00 1.455102470580107478e-02
9.507537688442210992e+02 2.007299501966394395e+00 1.455289197245548428e-02
9.564070351758794004e+02 2.007115712971665467e+00 1.455470976266281385e-02
9.620603015075377016e+02 2.006936593616955200e+00 1.455647983026956381e-02
9.677135678391960028e+02 2.006761977323105572e+00 1.455820385100868239e-02
9.733668341708543039e+02 2.006591705213633947e+00 1.455988342674916988e-02
9.790201005025126051e+02 2.006425625676591107e+00 1.456152008943229631e-02
9.846733668341707926e+02 2.006263593955986746e+00 1.456311530475621480e-02
9.903266331658290937e+02 2.006105471770468718e+00 1.456467047564014711e-02
9.959798994974873949e+02 2.005951126957163932e+00 1.456618694548399671e-02
1.001633165829145696e+03 2.005800433138754446e+00 1.456766600122394277e-02
1.007286432160803997e+03 2.005653269412043027e+00 1.456910887616929065e-02
1.012939698492462298e+03 2.005509520056403705e+00 1.457051675277345852e-02
1.018592964824120600e+03 2.005369074260648254e+00 1.457189076504992152e-02
1.024246231155778787e+03 2.005231825866968798e+00 1.457323200107549926e-02
1.029899497487437202e+03 2.005097673130718849e+00 1.457454150516981212e-02
1.035552763819095617e+03 2.004966518494902150e+00 1.457582028001033238e-02
1.041206030150753804e+03 2.004838268378330568e+00 1.457706928868326285e-02
1.046859296482411992e+03 2.004712832976490944e+00 1.457828945656388167e-02
1.052512562814070407e+03 2.004590126074239365e+00 1.457948167299612761e-02
1.058165829145728594e+03 2.004470064869515955e+00 1.458064679310677909e-02
1.063819095477386782e+03 2.004352569807324791e+00 1.458178563932788045e-02
1.069472361809045196e+03 2.004237564423293261e+00 1.458289900288660054e-02
1.075125628140703611e+03 2.004124975196165614e+00 1.458398764526263984e-02
1.080778894472361799e+03 2.004014731408650274e+00 1.458505229952195871e-02
1.086432160804019986e+03 2.003906765016066238e+00 1.458609367158793073e-02
1.092085427135678401e+03 2.003801010522285875e+00 1.458711244143477692e-02
1.097738693467336816e+03 2.003697404862509135e+00 1.458810926424910018e-02
1.103391959798995003e+03 2.003595887292426880e+00 1.458908477151393997e-02
1.109045226130653191e+03 2.003496399283380303e+00 1.459003957204590800e-02
1.114698492462311606e+03 2.003398884423132298e+00 1.459097425292460969e-02
1.120351758793969793e+03 2.003303288321911513e+00 1.459188938051230074e-02
1.126005025125627981e+03 2.003209558523399103e+00 1.459278550122902057e-02
1.131658291457286396e+03 2.003117644420363774e+00 1.459366314247897457e-02
1.137311557788944810e+03 2.003027497174656002e+00 1.459452281339344501e-02
1.142964824120602998e+03 2.002939069641311409e+00 1.459536500560329984e-02
1.148618090452261185e+03 2.002852316296511948e+00 1.459619019396510980e-02
1.154271356783919600e+03 2.002767193169179727e+00 1.459699883724092061e-02
1.159924623115578015e+03 2.002683657775993886e+00 1.459779137874692156e-02
1.165577889447236203e+03 2.002601669059632439e+00 1.459856824701671538e-02
1.171231155778894390e+03 2.002521187330049912e+00 1.459932985631190797e-02
1.176884422110552805e+03 2.002442174208624248e+00 1.460007660726904410e-02
1.182537688442210992e+03 2.002364592575005986e+00 1.460080888739393942e-02
1.188190954773869180e+03 2.002288406516521402e+00 1.460152707158597629e-02
1.193844221105527595e+03 2.002213581279989718e+00 1.460223152264672822e-02
1.199497487437186010e+03 2.002140083225812717e+00 1.460292259172736411e-02
1.205150753768844197e+03 2.002067879784224846e+00 1.460360061876044002e-02
1.210804020100502385e+03 2.001996939413576815e+00 1.460426593293696722e-02
1.216457286432160799e+03 2.001927231560547416e+00 1.460491885306148575e-02
1.222110552763819214e+03 2.001858726622181450e+00 1.460555968798284664e-02
1.227763819095477402e+03 2.001791395909654270e+00 1.460618873694867134e-02
1.233417085427135589e+03 2.001725211613672784e+00 1.460680628994434106e-02
1.239070351758794004e+03 2.001660146771431670e+00 1.460741262810772573e-02
1.244723618090452419e+03 2.001596175235034636e+00 1.460800802394603484e-02
1.250376884422110379e+03 2.001533271641316336e+00 1.460859274173487848e-02
1.256030150753768794e+03 2.001471411382989007e+00 1.460916703779546917e-02
1.261683417085427209e+03 2.001410570581039217e+00 1.460973116074124750e-02
1.267336683417085396e+03 2.001350726058327201e+00 1.461028535181550271e-02
1.272989949748743584e+03 2.001291855314315526e+00 1.461082984510721217e-02
1.278643216080401999e+03 2.001233936500874666e+00 1.461136486784271431e-02
1.284296482412060413e+03 2.001176948399116640e+00 1.461189064060122028e-02
1.289949748743718601e+03 2.001120870397201656e+00 1.461240737753018507e-02
1.295603015075376788e+03 2.001065682469069351e+00 1.461291528660612141e-02
1.301256281407035203e+03 2.001011365154058197e+00 1.461341456986488263e-02
1.306909547738693618e+03 2.000957899537359808e+00 1.461390542349505842e-02
1.312562814070351806e+03 2.000905267231275264e+00 1.461438803818958417e-02
1.318216080402009993e+03 2.000853450357233942e+00 1.461486259923889565e-02
1.323869346733668408e+03 2.000802431528538872e+00 1.461532928668479031e-02
1.329522613065326595e+03 2.000752193833802650e+00 1.461578827564129213e-02
1.335175879396984783e+03 2.000702720821047720e+00 1.461623973625079433e-02
1.340829145728643198e+03 2.000653996482432806e+00 1.461668383406550774e-02
1.346482412060301613e+03 2.000606005239581098e+00 1.461712073001863142e-02
1.352135678391959800e+03 2.000558731929484413e+00 1.461755058065370913e-02
1.357788944723617988e+03 2.000512161790954035e+00 1.461797353833870980e-02
1.363442211055276402e+03 2.000466280451592027e+00 1.461838975125217405e-02
1.369095477386934817e+03 2.000421073915269687e+00 1.461879936362753783e-02
1.374748743718593005e+03 2.000376528550074084e+00 1.461920251583029642e-02
1.380402010050251192e+03 2.000332631076720435e+00 1.461959934451105211e-02
1.386055276381909607e+03 2.000289368557393921e+00 1.461998998271293870e-02
1.391708542713567795e+03 2.000246728385014716e+00 1.462037455997899221e-02
1.397361809045225982e+03 2.000204698272899595e+00 1.462075320245947649e-02
1.403015075376884397e+03 2.000163266244805005e+00 1.462112603304951096e-02
1.408668341708542812e+03 2.000122420625340958e+00 1.462149317142037545e-02
1.414321608040200999e+03 2.000082150030729977e+00 1.462185473418742103e-02
1.419974874371859187e+03 2.000042443359905331e+00 1.462221083500962228e-02
1.425628140703517602e+03 2.000003289785928118e+00 1.462256158461313835e-02
1.431281407035176017e+03 1.999964678747718327e+00 1.462290709093633755e-02
1.436934673366834204e+03 1.999926599942071670e+00 1.462324745917608151e-02
1.442587939698492391e+03 1.999889043315969950e+00 1.462358279191747559e-02
1.448241206030150806e+03 1.999851999059155450e+00 1.462391318918009227e-02
1.453894472361808994e+03 1.999815457596970436e+00 1.462423874848692296e-02
1.459547738693467409e+03 1.999779409583443801e+00 1.462455956497127167e-02
1.465201005025125596e+03 1.999743845894619731e+00 1.462487573140010613e-02
1.470854271356784011e+03 1.999708757622115307e+00 1.462518733831125184e-02
1.476507537688442198e+03 1.999674136066899255e+00 1.462549447400633348e-02
1.482160804020100386e+03 1.999639972733284310e+00 1.462579722464996124e-02
1.487814070351758801e+03 1.999606259323121416e+00 1.462609567435372085e-02
1.493467336683416988e+03 1.999572987730192875e+00 1.462638990519181045e-02
1.499120603015075403e+03 1.999540150034790909e+00 1.462667999727739268e-02
1.504773869346733591e+03 1.999507738498478293e+00 1.462696602883892597e-02
1.510427135678392006e+03 1.999475745559023521e+00 1.462724807623574756e-02
1.516080402010050193e+03 1.999444163825504051e+00 1.462752621404954899e-02
1.521733668341708608e+03 1.999412986073567433e+00 1.462780051509234014e-02
1.527386934673366795e+03 1.999382205240850974e+00 1.462807105050546730e-02
1.533040201005025210e+03 1.999351814422548390e+00 1.462833788976755471e-02
1.538693467336683398e+03 1.999321806867120799e+00 1.462860110074036372e-02
1.544346733668341585e+03 1.999292175972143815e+00 1.462886074975259729e-02
1.550000000000000000e+03 1.999262915280290764e+00 1.462911690158502469e-02
