4.250000000000000000e+02 1.750209646695477295e+00 3.654302530696798001e-01
4.306532663316583012e+02 1.856694048458140456e+00 3.412772700144957594e-01
4.363065326633166023e+02 1.913018585603606603e+00 3.274919900370877324e-01
4.419597989949749035e+02 1.953946273605892570e+00 3.162996067568594749e-01
4.476130653266331478e+02 1.987825421767069667e+00 3.059297841360029135e-01
4.532663316582914490e+02 2.017910152941968072e+00 2.956878211584028082e-01
4.589195979899497502e+02 2.045793755749169218e+00 2.852107440836349483e-01
4.645728643216080513e+02 2.072368837007219966e+00 2.742637842321053454e-01
4.702261306532663525e+02 2.098180730747033707e+00 2.626637616197107228e-01
4.758793969849245968e+02 2.123581096392622936e+00 2.502414547538099332e-01
4.815326633165828980e+02 2.148801593576348701e+00 2.368162932520700426e-01
4.871859296482411992e+02 2.173989668253724972e+00 2.221716192890004216e-01
4.928391959798995003e+02 2.199221313248505894e+00 2.060209295653250006e-01
4.984924623115578015e+02 2.224490976070774284e+00 1.879496663846663140e-01
5.041457286432161027e+02 2.249657507598747053e+00 1.672951944023866877e-01
5.097989949748744039e+02 2.274247507764261655e+00 1.428462910580692857e-01
5.154522613065327050e+02 2.296511361930037243e+00 1.118302830614722465e-01
5.211055276381910062e+02 2.301581238322671474e+00 6.299320036369331077e-02
5.267587939698491937e+02 2.270888543456325070e+00 1.450632946300495045e-02
5.324120603015074948e+02 2.231139480768007832e+00 1.477272378789882407e-02
5.380653266331657960e+02 2.208303309861406660e+00 1.493302915737323641e-02
5.437185929648240972e+02 2.192279775542215869e+00 1.504930142201389709e-02
5.493718592964823983e+02 2.180059462028793860e+00 1.514038384879031265e-02
5.550251256281406995e+02 2.170287218573339949e+00 1.521489511961902387e-02
5.606783919597990007e+02 2.162224933964858486e+00 1.527759732252689621e-02
5.663316582914573019e+02 2.155422860851200273e+00 1.533143162324004244e-02
5.719849246231156030e+02 2.149585706081866388e+00 1.537835432049993768e-02
5.776381909547739042e+02 2.144508912839120374e+00 1.541973771177367232e-02
5.832914572864322054e+02 2.140044926777994849e+00 1.545658388628438386e-02
5.889447236180903928e+02 2.136083880120939416e+00 1.548964801512732123e-02
5.945979899497488077e+02 2.132541844961127087e+00 1.551951384673612259e-02
6.002512562814069952e+02 2.129353339870794226e+00 1.554664219072954094e-02
6.059045226130652964e+02 2.126466360000722311e+00 1.557140328533876926e-02
6.115577889447235975e+02 2.123838972486917331e+00 1.559409911338086561e-02
6.172110552763818987e+02 2.121436919545954591e+00 1.561497921249866382e-02
6.228643216080401999e+02 2.119231891039416116e+00 1.563425214088713308e-02
6.285175879396985010e+02 2.117200254007529203e+00 1.565209396220999111e-02
6.341708542713568022e+02 2.115322101544160560e+00 1.566865463684876530e-02
6.398241206030151034e+02 2.113580529487078863e+00 1.568406291230470956e-02
6.454773869346734045e+02 2.111961078623252330e+00 1.569843011787188866e-02
6.511306532663315920e+02 2.110451299118512924e+00 1.571185314597285665e-02
6.567839195979900069e+02 2.109040406530810152e+00 1.572441682144619726e-02
6.624371859296481944e+02 2.107719007357757857e+00 1.573619580371108176e-02
6.680904522613064955e+02 2.106478878012517431e+00 1.574725612836260988e-02
6.737437185929647967e+02 2.105312785302403622e+00 1.575765646726041969e-02
6.793969849246230979e+02 2.104214339469780537e+00 1.576744916681701442e-02
6.850502512562813990e+02 2.103177873016134569e+00 1.577668110959440373e-02
6.907035175879397002e+02 2.102198340115044140e+00 1.578539443443776474e-02
6.963567839195980014e+02 2.101271232595501637e+00 1.579362714180307381e-02
7.020100502512563025e+02 2.100392509358731896e+00 1.580141360586927515e-02
7.076633165829146037e+02 2.099558536759498661e+00 1.580878501004442938e-02
7.133165829145727912e+02 2.098766037993450073e+00 1.581576971915828189e-02
7.189698492462312061e+02 2.098012049925789491e+00 1.582239359931178480e-02
7.246231155778893935e+02 2.097293886102640226e+00 1.582868029362336643e-02
7.302763819095478084e+02 2.096609104926252520e+00 1.583465146140539473e-02
7.359296482412059959e+02 2.095955482164358674e+00 1.584032698606242101e-02
7.415829145728642970e+02 2.095330987114211840e+00 1.584572515670152476e-02
7.472361809045225982e+02 2.094733761861919952e+00 1.585086282737082491e-02
7.528894472361808994e+02 2.094162103174223244e+00 1.585575555691934313e-02
7.585427135678392006e+02 2.093614446637917847e+00 1.586041773264961971e-02
7.641959798994975017e+02 2.093089352725569174e+00 1.586486267942355255e-02
7.698492462311558029e+02 2.092585494518010236e+00 1.586910275681364946e-02
7.755025125628139904e+02 2.092101646856644681e+00 1.587314944530639205e-02
7.811557788944724052e+02 2.091636676733696465e+00 1.587701342339079696e-02
7.868090452261305927e+02 2.091189534757589730e+00 1.588070463644384797e-02
7.924623115577890076e+02 2.090759247554824896e+00 1.588423235848326898e-02
7.981155778894471950e+02 2.090344910989898164e+00 1.588760524778018088e-02
8.037688442211054962e+02 2.089945684101746526e+00 1.589083139678642773e-02
8.094221105527637974e+02 2.089560783669398791e+00 1.589391837734326768e-02
8.150753768844220986e+02 2.089189479331568844e+00 1.589687328144865838e-02
8.207286432160803997e+02 2.088831089195075652e+00 1.589970275834565183e-02
8.263819095477387009e+02 2.088484975875622318e+00 1.590241304802067143e-02
8.320351758793970021e+02 2.088150542921856090e+00 1.590501001179837545e-02
8.376884422110551895e+02 2.087827231579903131e+00 1.590749916015880144e-02
8.433417085427136044e+02 2.087514517860994179e+00 1.590988567812404858e-02
8.489949748743717919e+02 2.087211909879428173e+00 1.591217444842048245e-02
8.546482412060302067e+02 2.086918945432117312e+00 1.591437007281636465e-02
8.603015075376883942e+02 2.086635189794436407e+00 1.591647689146145905e-02
8.659547738693468091e+02 2.086360233710051304e+00 1.591849900079373922e-02
8.716080402010049966e+02 2.086093691555056751e+00 1.592044027003315307e-02
8.772613065326632977e+02 2.085835199658958139e+00 1.592230435614221118e-02
8.829145728643215989e+02 2.085584414767056138e+00 1.592409471787184505e-02
8.885678391959799001e+02 2.085341012630475444e+00 1.592581462853390195e-02
8.942211055276382012e+02 2.085104686711619415e+00 1.592746718790839094e-02
8.998743718592965024e+02 2.084875146994142003e+00 1.592905533313519056e-02
9.055276381909548036e+02 2.084652118887696748e+00 1.593058184891377529e-02
9.111809045226129911e+02 2.084435342218756038e+00 1.593204937694361889e-02
9.168341708542714059e+02 2.084224570299682000e+00 1.593346042453786318e-02
9.224874371859295934e+02 2.084019569069062161e+00 1.593481737280246641e-02
9.281407035175880083e+02 2.083820116296997149e+00 1.593612248417341712e-02
9.337939698492461957e+02 2.083626000849682747e+00 1.593737790931363391e-02
9.394472361809044969e+02 2.083437022008181039e+00 1.593858569377500436e-02
9.451005025125627981e+02 2.083252988836762132e+00 1.593974778392511296e-02
9.507537688442210992e+02 2.083073719596664208e+00 1.594086603269717281e-02
9.564070351758794004e+02 2.082899041201493162e+00 1.594194220485747882e-02
9.620603015075377016e+02 2.082728788710845436e+00 1.594297798188890058e-02
9.677135678391960028e+02 2.082562804859068528e+00 1.594397496672791958e-02
9.733668341708543039e+02 2.082400939616327662e+00 1.594493468791020885e-02
9.790201005025126051e+02 2.082243049779434418e+00 1.594585860376608946e-02
9.846733668341707926e+02 2.082088998590100992e+00 1.594674810609536877e-02
9.903266331658290937e+02 2.081938655378499980e+00 1.594760452378166105e-02
9.959798994974873949e+02 2.081791895230187261e+00 1.594842912609599136e-02
1.001633165829145696e+03 2.081648598674628925e+00 1.594922312581540172e-02
1.007286432160803997e+03 2.081508651393705112e+00 1.594998768212909854e-02
1.012939698492462298e+03 2.081371943948715941e+00 1.595072390348559188e-02
1.018592964824120600e+03 2.081238371524533726e+00 1.595143285011664525e-02
1.024246231155778787e+03 2.081107833689652686e+00 1.595211553646103814e-02
1.029899497487437202e+03 2.080980234171002863e+00 1.595277293351622661e-02
1.035552763819095617e+03 2.080855480642471278e+00 1.595340597095109766e-02
1.041206030150753804e+03 2.080733484526173793e+00 1.595401553923053370e-02
1.046859296482411992e+03 2.080614160805584589e+00 1.595460249140404768e-02
1.052512562814070407e+03 2.080497427849708370e+00 1.595516764507361532e-02
1.058165829145728594e+03 2.080383207247539445e+00 1.595571178395628967e-02
1.063819095477386782e+03 2.080271423652119811e+00 1.595623565964019927e-02
1.069472361809045196e+03 2.080162004633540285e+00 1.595673999301914364e-02
1.075125628140703611e+03 2.080054880540305184e+00 1.595722547578159664e-02
1.080778894472361799e+03 2.079949984368503646e+00 1.595769277175947132e-02
1.086432160804019986e+03 2.079847251638283101e+00 1.595814251822015584e-02
1.092085427135678401e+03 2.079746620277150626e+00 1.595857532714370364e-02
1.097738693467336816e+03 2.079648030509670509e+00 1.595899178627652876e-02
1.103391959798995003e+03 2.079551424753149469e+00 1.595939246033734396e-02
1.109045226130653191e+03 2.079456747518935611e+00 1.595977789202758165e-02
1.114698492462311606e+03 2.079363945318985607e+00 1.596014860295764254e-02
1.120351758793969793e+03 2.079272966577364823e+00 1.596050509466994879e-02
1.126005025125627981e+03 2.079183761546393505e+00 1.596084784948051741e-02
1.131658291457286396e+03 2.079096282227147707e+00 1.596117733137568384e-02
1.137311557788944810e+03 2.079010482294053386e+00 1.596149398668572986e-02
1.142964824120602998e+03 2.078926317023337855e+00 1.596179824503630648e-02
1.148618090452261185e+03 2.078843743225103680e+00 1.596209051990993277e-02
1.154271356783919600e+03 2.078762719178815832e+00 1.596237120940183912e-02
1.159924623115578015e+03 2.078683204572002730e+00 1.596264069690593243e-02
1.165577889447236203e+03 2.078605160441987287e+00 1.596289935166131727e-02
1.171231155778894390e+03 2.078528549120476132e+00 1.596314752943762266e-02
1.176884422110552805e+03 2.078453334180842660e+00 1.596338557298357386e-02
1.182537688442210992e+03 2.078379480387952061e+00 1.596361381268396676e-02
1.188190954773869180e+03 2.078306953650391975e+00 1.596383256700773662e-02
1.193844221105527595e+03 2.078235720974968448e+00 1.596404214299757679e-02
1.199497487437186010e+03 2.078165750423345504e+00 1.596424283674538827e-02
1.205150753768844197e+03 2.078097011070719979e+00 1.596443493386759047e-02
1.210804020100502385e+03 2.078029472966403723e+00 1.596461870985506001e-02
1.216457286432160799e+03 2.077963107096229223e+00 1.596479443054806685e-02
1.222110552763819214e+03 2.077897885346670304e+00 1.596496235248592160e-02
1.227763819095477402e+03 2.077833780470593084e+00 1.596512272329817309e-02
1.233417085427135589e+03 2.077770766054545692e+00 1.596527578202616010e-02
1.239070351758794004e+03 2.077708816487515708e+00 1.596542175950006054e-02
1.244723618090452419e+03 2.077647906931069155e+00 1.596556087859067954e-02
1.250376884422110379e+03 2.077588013290809776e+00 1.596569335462798972e-02
1.256030150753768794e+03 2.077529112189083094e+00 1.596581939556929522e-02
1.261683417085427209e+03 2.077471180938870177e+00 1.596593920238975964e-02
1.267336683417085396e+03 2.077414197518803185e+00 1.596605296923648762e-02
1.272989949748743584e+03 2.077358140549254717e+00 1.596616088381892090e-02
1.278643216080401999e+03 2.077302989269442346e+00 1.596626312754883398e-02
1.284296482412060413e+03 2.077248723515500384e+00 1.596635987581934008e-02
1.289949748743718601e+03 2.077195323699472240e+00 1.596645129821431391e-02
1.295603015075376788e+03 2.077142770789177639e+00 1.596653755874555269e-02
1.301256281407035203e+03 2.077091046288912946e+00 1.596661881606207395e-02
1.306909547738693618e+03 2.077040132220945967e+00 1.596669522358983018e-02
1.312562814070351806e+03 2.076990011107764822e+00 1.596676692982437404e-02
1.318216080402009993e+03 2.076940665955048448e+00 1.596683407840093077e-02
1.323869346733668408e+03 2.076892080235321458e+00 1.596689680833134409e-02
1.329522613065326595e+03 2.076844237872266685e+00 1.596695525421317277e-02
1.335175879396984783e+03 2.076797123225657238e+00 1.596700954627184449e-02
1.340829145728643198e+03 2.076750721076888961e+00 1.596705981061141005e-02
1.346482412060301613e+03 2.076705016615076893e+00 1.596710616935399785e-02
1.352135678391959800e+03 2.076659995423698390e+00 1.596714874073751345e-02
1.357788944723617988e+03 2.076615643467748296e+00 1.596718763928288085e-02
1.363442211055276402e+03 2.076571947081397251e+00 1.596722297589166922e-02
1.369095477386934817e+03 2.076528892956114092e+00 1.596725485805501957e-02
1.374748743718593005e+03 2.076486468129246088e+00 1.596728338986779308e-02
1.380402010050251192e+03 2.076444659973030404e+00 1.596730867222353675e-02
1.386055276381909607e+03 2.076403456184015450e+00 1.596733080288423659e-02
1.391708542713567795e+03 2.076362844772880578e+00 1.596734987657788887e-02
1.397361809045225982e+03 2.076322814054634591e+00 1.596736598519338940e-02
1.403015075376884397e+03 2.076283352639172186e+00 1.596737921772509866e-02
1.408668341708542812e+03 2.076244449422180782e+00 1.596738966050942690e-02
1.414321608040200999e+03 2.076206093576377310e+00 1.596739739725280480e-02
1.419974874371859187e+03 2.076168274543064296e+00 1.596740250911528325e-02
1.425628140703517602e+03 2.076130982023988381e+00 1.596740507479409502e-02
1.431281407035176017e+03 2.076094205973492368e+00 1.596740517067677181e-02
1.436934673366834204e+03 2.076057936590945285e+00 1.596740287079953524e-02
1.442587939698492391e+03 2.076022164313443330e+00 1.596739824700038266e-02
1.448241206030150806e+03 2.075986879808767505e+00 1.596739136898871897e-02
1.453894472361808994e+03 2.075952073968583722e+00 1.596738230441498846e-02
1.459547738693467409e+03 2.075917737901886717e+00 1.596737111892638367e-02
1.465201005025125596e+03 2.075883862928666002e+00 1.596735787619475017e-02
1.470854271356784011e+03 2.075850440573791200e+00 1.596734263805571138e-02
1.476507537688442198e+03 2.075817462561110105e+00 1.596732546453655949e-02
1.482160804020100386e+03 2.075784920807741241e+00 1.596730641388413585e-02
1.487814070351758801e+03 2.075752807418566714e+00 1.596728554264832678e-02
1.493467336683416988e+03 2.075721114680908030e+00 1.596726290575163978e-02
1.499120603015075403e+03 2.075689835059378208e+00 1.596723855653099308e-02
1.504773869346733591e+03 2.075658961190908869e+00 1.596721254673773641e-02
1.510427135678392006e+03 2.075628485879940754e+00 1.596718492669069525e-02
1.516080402010050193e+03 2.075598402093773664e+00 1.596715574522055217e-02
1.521733668341708608e+03 2.075568702958067391e+00 1.596712504976725497e-02
1.527386934673366795e+03 2.075539381752490975e+00 1.596709288642175067e-02
1.533040201005025210e+03 2.075510431906514519e+00 1.596705929993992926e-02
1.538693467336683398e+03 2.075481846995332003e+00 1.596702433385389919e-02
1.544346733668341585e+03 2.075453620735922655e+00 1.596698803040248402e-02
1.550000000000000000e+03 2.075425746983231789e+00 1.596695043065640349e-02
