4.250000000000000000e+02 1.715659588559798943e+00 3.804876157339526777e-01
4.306532663316583012e+02 1.828015976762174200e+00 3.548635919965955621e-01
4.363065326633166023e+02 1.886698430736655885e+00 3.410792609065531611e-01
4.419597989949749035e+02 1.928941063790064359e+00 3.303149187942825415e-01
4.476130653266331478e+02 1.963660308050501735e+00 3.205935883568984957e-01
4.532663316582914490e+02 1.994326273286848972e+00 3.111550378817636853e-01
4.589195979899497502e+02 2.022637050319032070e+00 3.016156305023880990e-01
4.645728643216080513e+02 2.049545004642722823e+00 2.917410608045962195e-01
4.702261306532663525e+02 2.075634600216948566e+00 2.813630544630276731e-01
4.758793969849245968e+02 2.101287304881780393e+00 2.703413381766706647e-01
4.815326633165828980e+02 2.126762158657346191e+00 2.585420098046255499e-01
4.871859296482411992e+02 2.152237923998285840e+00 2.458214070918759986e-01
4.928391959798995003e+02 2.177835238059308676e+00 2.320097393709524003e-01
4.984924623115578015e+02 2.203626102081545302e+00 2.168893589346582440e-01
5.041457286432161027e+02 2.229631754551472778e+00 2.001597826160083637e-01
5.097989949748744039e+02 2.255802401741145324e+00 1.813724897192917074e-01
5.154522613065327050e+02 2.281951949130648138e+00 1.597901895662821592e-01
5.211055276381910062e+02 2.307532974895152300e+00 1.340179681603316519e-01
5.267587939698491937e+02 2.330519339664213874e+00 1.006611269222911498e-01
5.324120603015074948e+02 2.326228463445870531e+00 4.189184261648425112e-02
5.380653266331657960e+02 2.287459281629153462e+00 7.889094481334447267e-03
5.437185929648240972e+02 2.249053155482480193e+00 8.188160993337750479e-03
5.493718592964823983e+02 2.225876017564587528e+00 8.437479708197706540e-03
5.550251256281406995e+02 2.209223392228159000e+00 8.664264831015597995e-03
5.606783919597990007e+02 2.196331022366390773e+00 8.877057645053918963e-03
5.663316582914573019e+02 2.185909003945500473e+00 9.079789143285246084e-03
5.719849246231156030e+02 2.177238262265090096e+00 9.274616062396146693e-03
5.776381909547739042e+02 2.169873271019520988e+00 9.462851190556308134e-03
5.832914572864322054e+02 2.163517719006451845e+00 9.645351427268621450e-03
5.889447236180903928e+02 2.157964190909035018e+00 9.822705549941201236e-03
5.945979899497488077e+02 2.153061749409573178e+00 9.995334823368109620e-03
6.002512562814069952e+02 2.148697147356815940e+00 1.016355108842027268e-02
6.059045226130652964e+02 2.144783287483006173e+00 1.032759226610493325e-02
6.115577889447235975e+02 2.141251798058319000e+00 1.048764504839013768e-02
6.172110552763818987e+02 2.138048072563576874e+00 1.064385992514065363e-02
6.228643216080401999e+02 2.135127849671667466e+00 1.079636142538694873e-02
6.285175879396985010e+02 2.132454791585210785e+00 1.094525526062122868e-02
6.341708542713568022e+02 2.129998729659753565e+00 1.109063340101788635e-02
6.398241206030151034e+02 2.127734367984185138e+00 1.123257773656187973e-02
6.454773869346734045e+02 2.125640308573531367e+00 1.137116274791610988e-02
6.511306532663315920e+02 2.123698307034501020e+00 1.150645747116598935e-02
6.567839195979900069e+02 2.121892696375114351e+00 1.163852695100890677e-02
6.624371859296481944e+02 2.120209935460803052e+00 1.176743331799078203e-02
6.680904522613064955e+02 2.118638251206573120e+00 1.189323658670173207e-02
6.737437185929647967e+02 2.117167352179055939e+00 1.201599524472455986e-02
6.793969849246230979e+02 2.115788197243392066e+00 1.213576668342075497e-02
6.850502512562813990e+02 2.114492807097823057e+00 1.225260750857899879e-02
6.907035175879397002e+02 2.113274109553829216e+00 1.236657375980757326e-02
6.963567839195980014e+02 2.112125811609463000e+00 1.247772105979964331e-02
7.020100502512563025e+02 2.111042292974103951e+00 1.258610471052923341e-02
7.076633165829146037e+02 2.110018516901033703e+00 1.269177974888677229e-02
7.133165829145727912e+02 2.109049955085249728e+00 1.279480097168962834e-02
7.189698492462312061e+02 2.108132524068119018e+00 1.289522293770277786e-02
7.246231155778893935e+02 2.107262531114863169e+00 1.299309995303106827e-02
7.302763819095478084e+02 2.106436627936170591e+00 1.308848604401476219e-02
7.359296482412059959e+02 2.105651770941085577e+00 1.318143492184456131e-02
7.415829145728642970e+02 2.104905186956225194e+00 1.327199994161784927e-02
7.472361809045225982e+02 2.104194343542385770e+00 1.336023405789756383e-02
7.528894472361808994e+02 2.103516923195595911e+00 1.344618977897507270e-02
7.585427135678392006e+02 2.102870800844553578e+00 1.352991912062545543e-02
7.641959798994975017e+02 2.102254024157019341e+00 1.361147356094108592e-02
7.698492462311558029e+02 2.101664796249213207e+00 1.369090399670852207e-02
7.755025125628139904e+02 2.101101460458624892e+00 1.376826070186706538e-02
7.811557788944724052e+02 2.100562486894957281e+00 1.384359328873902527e-02
7.868090452261305927e+02 2.100046460528558701e+00 1.391695067205470093e-02
7.924623115577890076e+02 2.099552070612589638e+00 1.398838103598662799e-02
7.981155778894471950e+02 2.099078101265752228e+00 1.405793180444758761e-02
8.037688442211054962e+02 2.098623423067901506e+00 1.412564961445775431e-02
8.094221105527637974e+02 2.098186985542157323e+00 1.419158029272285862e-02
8.150753768844220986e+02 2.097767810415016587e+00 1.425576883521627834e-02
8.207286432160803997e+02 2.097364985561046780e+00 1.431825938982722590e-02
8.263819095477387009e+02 2.096977659551456430e+00 1.437909524177661581e-02
8.320351758793970021e+02 2.096605036736653549e+00 1.443831880176936651e-02
8.376884422110551895e+02 2.096246372802085034e+00 1.449597159683182167e-02
8.433417085427136044e+02 2.095900970744483338e+00 1.455209426333537066e-02
8.489949748743717919e+02 2.095568177222378647e+00 1.460672654249007586e-02
8.546482412060302067e+02 2.095247379240471552e+00 1.465990727781698449e-02
8.603015075376883942e+02 2.094938001132436334e+00 1.471167441450477523e-02
8.659547738693468091e+02 2.094639501810991344e+00 1.476206500068320653e-02
8.716080402010049966e+02 2.094351372257781119e+00 1.481111519013848452e-02
8.772613065326632977e+02 2.094073133228823380e+00 1.485886024657864096e-02
8.829145728643215989e+02 2.093804333154065667e+00 1.490533454928752270e-02
8.885678391959799001e+02 2.093544546212015245e+00 1.495057159972913545e-02
8.942211055276382012e+02 2.093293370562553601e+00 1.499460402947470385e-02
8.998743718592965024e+02 2.093050426722882218e+00 1.503746360881184040e-02
9.055276381909548036e+02 2.092815356073186805e+00 1.507918125630783313e-02
9.111809045226129911e+02 2.092587819480033584e+00 1.511978704891642905e-02
9.168341708542714059e+02 2.092367496026785290e+00 1.515931023279653254e-02
9.224874371859295934e+02 2.092154081841413937e+00 1.519777923450942557e-02
9.281407035175880083e+02 2.091947289013095457e+00 1.523522167258696026e-02
9.337939698492461957e+02 2.091746844589823962e+00 1.527166436940316507e-02
9.394472361809044969e+02 2.091552489650065016e+00 1.530713336329548105e-02
9.451005025125627981e+02 2.091363978442148497e+00 1.534165392064919600e-02
9.507537688442210992e+02 2.091181077585714920e+00 1.537525054815249217e-02
9.564070351758794004e+02 2.091003565330078917e+00 1.540794700496234647e-02
9.620603015075377016e+02 2.090831230864846013e+00 1.543976631471063662e-02
9.677135678391960028e+02 2.090663873678564766e+00 1.547073077743630481e-02
9.733668341708543039e+02 2.090501302961586205e+00 1.550086198109590883e-02
9.790201005025126051e+02 2.090343337049648920e+00 1.553018081296552583e-02
9.846733668341707926e+02 2.090189802905015437e+00 1.555870747046908184e-02
9.903266331658290937e+02 2.090040535632282648e+00 1.558646147168493354e-02
9.959798994974873949e+02 2.089895378026235484e+00 1.561346166539241687e-02
1.001633165829145696e+03 2.089754180149336449e+00 1.563972624026413460e-02
1.007286432160803997e+03 2.089616798936669628e+00 1.566527273387569030e-02
1.012939698492462298e+03 2.089483097826324354e+00 1.569011804052337228e-02
1.018592964824120600e+03 2.089352946413389311e+00 1.571427841860322319e-02
1.024246231155778787e+03 2.089226220125884215e+00 1.573776949705128422e-02
1.029899497487437202e+03 2.089102799921078724e+00 1.576060628072926614e-02
1.035552763819095617e+03 2.088982572000797955e+00 1.578280315490607905e-02
1.041206030150753804e+03 2.088865427544426723e+00 1.580437388857417955e-02
1.046859296482411992e+03 2.088751262458415692e+00 1.582533163655091071e-02
1.052512562814070407e+03 2.088639977141214743e+00 1.584568894017296739e-02
1.058165829145728594e+03 2.088531476262638797e+00 1.586545772662978360e-02
1.063819095477386782e+03 2.088425668556745940e+00 1.588464930650361831e-02
1.069472361809045196e+03 2.088322466627407170e+00 1.590327436968619335e-02
1.075125628140703611e+03 2.088221786765802612e+00 1.592134297915435981e-02
1.080778894472361799e+03 2.088123548779146077e+00 1.593886456277218006e-02
1.086432160804019986e+03 2.088027675830023355e+00 1.595584790237792802e-02
1.092085427135678401e+03 2.087934094285764708e+00 1.597230112037757027e-02
1.097738693467336816e+03 2.087842733577351062e+00 1.598823166322791214e-02
1.103391959798995003e+03 2.087753526067393839e+00 1.600364628154151911e-02
1.109045226130653191e+03 2.087666406926804274e+00 1.601855100634990564e-02
1.114698492462311606e+03 2.087581314019794743e+00 1.603295112101972911e-02
1.120351758793969793e+03 2.087498187796941185e+00 1.604685112841308658e-02
1.126005025125627981e+03 2.087416971196068616e+00 1.606025471236961766e-02
1.131658291457286396e+03 2.087337609550793172e+00 1.607316469294834890e-02
1.137311557788944810e+03 2.087260050506620335e+00 1.608558297436789991e-02
1.142964824120602998e+03 2.087184243944550932e+00 1.609751048468005541e-02
1.148618090452261185e+03 2.087110141912252637e+00 1.610894710594755821e-02
1.154271356783919600e+03 2.087037698562903110e+00 1.611989159310260253e-02
1.159924623115578015e+03 2.086966870101941041e+00 1.613034148022585504e-02
1.165577889447236203e+03 2.086897614742053264e+00 1.614029297168630139e-02
1.171231155778894390e+03 2.086829892666872244e+00 1.614974081568940414e-02
1.176884422110552805e+03 2.086763666004004758e+00 1.615867815737536892e-02
1.182537688442210992e+03 2.086698898808208469e+00 1.616709636733556013e-02
1.188190954773869180e+03 2.086635557055771528e+00 1.617498484154165569e-02
1.193844221105527595e+03 2.086573608651416833e+00 1.618233076670096485e-02
1.199497487437186010e+03 2.086513023449416249e+00 1.618911884471429044e-02
1.205150753768844197e+03 2.086453773291038871e+00 1.619533096742532124e-02
1.210804020100502385e+03 2.086395832061003652e+00 1.620094583206818303e-02
1.216457286432160799e+03 2.086339175766304788e+00 1.620593848364720174e-02
1.222110552763819214e+03 2.086283782641691342e+00 1.621027976897758058e-02
1.227763819095477402e+03 2.086229633287217666e+00 1.621393568147946537e-02
1.233417085427135589e+03 2.086176710844794169e+00 1.621686657096148981e-02
1.239070351758794004e+03 2.086125001222648656e+00 1.621902618533955717e-02
1.244723618090452419e+03 2.086074493379197925e+00 1.622036050112892966e-02
1.250376884422110379e+03 2.086025179681330499e+00 1.622080628729281188e-02
1.256030150753768794e+03 2.085977056356794090e+00 1.622028932852482772e-02
1.261683417085427209e+03 2.085930124066800229e+00 1.621872221131047745e-02
1.267336683417085396e+03 2.085884388633763020e+00 1.621600154151305734e-02
1.272989949748743584e+03 2.085839861971451104e+00 1.621200441711071957e-02
1.278643216080401999e+03 2.085796563282201976e+00 1.620658391308035795e-02
1.284296482412060413e+03 2.085754520610804352e+00 1.619956324096082784e-02
1.289949748743718601e+03 2.085713772880904759e+00 1.619072810749709601e-02
1.295603015075376788e+03 2.085674372593393056e+00 1.617981659137643358e-02
1.301256281407035203e+03 2.085636389446779759e+00 1.616650554686153637e-02
1.306909547738693618e+03 2.085599915263179671e+00 1.615039206448813311e-02
1.312562814070351806e+03 2.085565070796966403e+00 1.613096776521944636e-02
1.318216080402009993e+03 2.085532015313283249e+00 1.610758248648741509e-02
1.323869346733668408e+03 2.085500960333527498e+00 1.607939190095422979e-02
1.329522613065326595e+03 2.085472189807684895e+00 1.604528016029306212e-02
1.335175879396984783e+03 2.085446090480385983e+00 1.600374256777008924e-02
1.340829145728643198e+03 2.085423198945003609e+00 1.595270211739519342e-02
1.346482412060301613e+03 2.085404277017619545e+00 1.588921236914960650e-02
1.352135678391959800e+03 2.085390437182997214e+00 1.580895620735847315e-02
1.357788944723617988e+03 2.085383360819353271e+00 1.570535891138528928e-02
1.363442211055276402e+03 2.085385697710885111e+00 1.556792807931152087e-02
1.369095477386934817e+03 2.085401841065691375e+00 1.537893471187760409e-02
1.374748743718593005e+03 2.085439525897260005e+00 1.510626027281970242e-02
1.380402010050251192e+03 2.085513279624961580e+00 1.468679111922380209e-02
1.386055276381909607e+03 2.085651355858898715e+00 1.398737297623746552e-02
1.391708542713567795e+03 2.085897671779192386e+00 1.275399593058016388e-02
1.397361809045225982e+03 2.086211753443301120e+00 1.100055363341963244e-02
1.403015075376884397e+03 2.086379716040160925e+00 9.793911378884922331e-03
1.408668341708542812e+03 2.086418137126437866e+00 9.274789467624626818e-03
1.414321608040200999e+03 2.086410949123539194e+00 9.031551723737422932e-03
1.419974874371859187e+03 2.086387127366034822e+00 8.896991326800331515e-03
1.425628140703517602e+03 2.086356110579160372e+00 8.813015773005515932e-03
1.431281407035176017e+03 2.086321594015907888e+00 8.756084114015207781e-03
1.436934673366834204e+03 2.086285271405050157e+00 8.715151363825984071e-03
1.442587939698492391e+03 2.086248015044479764e+00 8.684417888874815597e-03
1.448241206030150806e+03 2.086210314507494612e+00 8.660566065676283606e-03
1.453894472361808994e+03 2.086172462817061035e+00 8.641567748394305901e-03
1.459547738693467409e+03 2.086134644089054468e+00 8.626115979802090328e-03
1.465201005025125596e+03 2.086096978329790019e+00 8.613331790362086654e-03
1.470854271356784011e+03 2.086059545907448687e+00 8.602602833929544335e-03
1.476507537688442198e+03 2.086022401671047799e+00 8.593489713037355884e-03
1.482160804020100386e+03 2.085985583477021788e+00 8.585669110988309455e-03
1.487814070351758801e+03 2.085949117541447961e+00 8.578897930771144445e-03
1.493467336683416988e+03 2.085913021912815690e+00 8.572989929489066921e-03
1.499120603015075403e+03 2.085877308790780038e+00 8.567800056148213231e-03
1.504773869346733591e+03 2.085841986113577740e+00 8.563213688293451822e-03
1.510427135678392006e+03 2.085807058668883496e+00 8.559139071120460546e-03
1.516080402010050193e+03 2.085772528886419508e+00 8.555501901287445796e-03
1.521733668341708608e+03 2.085738397413320566e+00 8.552241378221050322e-03
1.527386934673366795e+03 2.085704663538272996e+00 8.549307280162010692e-03
1.533040201005025210e+03 2.085671325508495766e+00 8.546657767110533988e-03
1.538693467336683398e+03 2.085638380769585520e+00 8.544257709080200353e-03
1.544346733668341585e+03 2.085605826149001807e+00 8.542077398581020969e-03
1.550000000000000000e+03 2.085573657997840336e+00 8.540091548063965393e-03
