4.250000000000000000e+02 1.672064656207834954e+00 3.733145296704225569e-01
4.306532663316583012e+02 1.778219326528293731e+00 3.478322813561644522e-01
4.363065326633166023e+02 1.834331045490166678e+00 3.334558182931801062e-01
4.419597989949749035e+02 1.875083261188857930e+00 3.218786908657144119e-01
4.476130653266331478e+02 1.908801501636439246e+00 3.112186300656017979e-01
4.532663316582914490e+02 1.938730054868131880e+00 3.007406062007046965e-01
4.589195979899497502e+02 1.966456983332530273e+00 2.900632338774749575e-01
4.645728643216080513e+02 1.992871710302548838e+00 2.789421990974743637e-01
4.702261306532663525e+02 2.018517412836478009e+00 2.671890350952716986e-01
4.758793969849245968e+02 2.043744142067435821e+00 2.546315399549684555e-01
4.815326633165828980e+02 2.068782235041189743e+00 2.410875275267237161e-01
4.871859296482411992e+02 2.093777921438562117e+00 2.263395750952037766e-01
4.928391959798995003e+02 2.118805908294284723e+00 2.101009166358154545e-01
4.984924623115578015e+02 2.143859007342862721e+00 1.919568419156704175e-01
5.041457286432161027e+02 2.168793383661436813e+00 1.712438039558906999e-01
5.097989949748744039e+02 2.193129294800007845e+00 1.467457847903052004e-01
5.154522613065327050e+02 2.215090203733368401e+00 1.156639944761852085e-01
5.211055276381910062e+02 2.219185762874932077e+00 6.640758928691561924e-02
5.267587939698491937e+02 2.188129578935114505e+00 1.965996671969331283e-02
5.324120603015074948e+02 2.149013504402053965e+00 2.002844492646429012e-02
5.380653266331657960e+02 2.126462027319292236e+00 2.025092239838614111e-02
5.437185929648240972e+02 2.110614882382276125e+00 2.041248890274931227e-02
5.493718592964823983e+02 2.098519740552225343e+00 2.053911572061258017e-02
5.550251256281406995e+02 2.088843353673219383e+00 2.064271948857082997e-02
5.606783919597990007e+02 2.080858170129305851e+00 2.072989881961338071e-02
5.663316582914573019e+02 2.074120281086663908e+00 2.080473562135130849e-02
5.719849246231156030e+02 2.068337933048945754e+00 2.086994821988584492e-02
5.776381909547739042e+02 2.063308862674965827e+00 2.092744524009168203e-02
5.832914572864322054e+02 2.058887078510688085e+00 2.097862143615466732e-02
5.889447236180903928e+02 2.054963820922764750e+00 2.102452849870985185e-02
5.945979899497488077e+02 2.051455973369800567e+00 2.106597975554596464e-02
6.002512562814069952e+02 2.048298664513599210e+00 2.110361747161884280e-02
6.059045226130652964e+02 2.045440358667193870e+00 2.113795781329010429e-02
6.115577889447235975e+02 2.042839490765410382e+00 2.116942187062075334e-02
6.172110552763818987e+02 2.040462096218059074e+00 2.119835764935758954e-02
6.228643216080401999e+02 2.038280102060934684e+00 2.122505602831213992e-02
6.285175879396985010e+02 2.036270069702676544e+00 2.124976257399245269e-02
6.341708542713568022e+02 2.034412253385801783e+00 2.127268644375410536e-02
6.398241206030151034e+02 2.032689883957559118e+00 2.129400720100234345e-02
6.454773869346734045e+02 2.031088616389619350e+00 2.131388010496769805e-02
6.511306532663315920e+02 2.029596098254238257e+00 2.133244026822143230e-02
6.567839195979900069e+02 2.028201628858853578e+00 2.134980596141488815e-02
6.624371859296481944e+02 2.026895887229909210e+00 2.136608126711075917e-02
6.680904522613064955e+02 2.025670713010871538e+00 2.138135823097070398e-02
6.737437185929647967e+02 2.024518928472397228e+00 2.139571862057186927e-02
6.793969849246230979e+02 2.023434192784725028e+00 2.140923537462360512e-02
6.850502512562813990e+02 2.022410881840335684e+00 2.142197380598694079e-02
6.907035175879397002e+02 2.021443988483001331e+00 2.143399260694357072e-02
6.963567839195980014e+02 2.020529039162896723e+00 2.144534469460396275e-02
7.020100502512563025e+02 2.019662023910206106e+00 2.145607792596600921e-02
7.076633165829146037e+02 2.018839337180841742e+00 2.146623570604678372e-02
7.133165829145727912e+02 2.018057727633478571e+00 2.147585750773735661e-02
7.189698492462312061e+02 2.017314255287054436e+00 2.148497931833969962e-02
7.246231155778893935e+02 2.016606254811086352e+00 2.149363402480458998e-02
7.302763819095478084e+02 2.015931303938713892e+00 2.150185174756812090e-02
7.359296482412059959e+02 2.015287196179786022e+00 2.150966013097158416e-02
7.415829145728642970e+02 2.014671917160225867e+00 2.151708459678536994e-02
7.472361809045225982e+02 2.014083624032876774e+00 2.152414856652195077e-02
7.528894472361808994e+02 2.013520627500758664e+00 2.153087365684447363e-02
7.585427135678392006e+02 2.012981376071022677e+00 2.153727985190915378e-02
7.641959798994975017e+02 2.012464442220810668e+00 2.154338565597845034e-02
7.698492462311558029e+02 2.011968510207623684e+00 2.154920822872530978e-02
7.755025125628139904e+02 2.011492365298996887e+00 2.155476350574840952e-02
7.811557788944724052e+02 2.011034884231086561e+00 2.156006630601506671e-02
7.868090452261305927e+02 2.010595026734606439e+00 2.156513042801477820e-02
7.924623115577890076e+02 2.010171827990513194e+00 2.156996873592932282e-02
7.981155778894471950e+02 2.009764391897896463e+00 2.157459323708344270e-02
8.037688442211054962e+02 2.009371885053282014e+00 2.157901515176604071e-02
8.094221105527637974e+02 2.008993531354695605e+00 2.158324497604105149e-02
8.150753768844220986e+02 2.008628607155763302e+00 2.158729253885027441e-02
8.207286432160803997e+02 2.008276436905201745e+00 2.159116705340835898e-02
8.263819095477387009e+02 2.007936389215651207e+00 2.159487716416156125e-02
8.320351758793970021e+02 2.007607873313109081e+00 2.159843098925091562e-02
8.376884422110551895e+02 2.007290335824476912e+00 2.160183615934298945e-02
8.433417085427136044e+02 2.006983257866089776e+00 2.160509985293784449e-02
8.489949748743717919e+02 2.006686152400715795e+00 2.160822882876537940e-02
8.546482412060302067e+02 2.006398561834464189e+00 2.161122945525205050e-02
8.603015075376883942e+02 2.006120055828501059e+00 2.161410773769621707e-02
8.659547738693468091e+02 2.005850229303412835e+00 2.161686934312065031e-02
8.716080402010049966e+02 2.005588700616663722e+00 2.161951962306772265e-02
8.772613065326632977e+02 2.005335109895832968e+00 2.162206363468376774e-02
8.829145728643215989e+02 2.005089117512255825e+00 2.162450616007852502e-02
8.885678391959799001e+02 2.004850402681447985e+00 2.162685172412987661e-02
8.942211055276382012e+02 2.004618662178144550e+00 2.162910461103670010e-02
8.998743718592965024e+02 2.004393609155138201e+00 2.163126887957294436e-02
9.055276381909548036e+02 2.004174972056234072e+00 2.163334837711877387e-02
9.111809045226129911e+02 2.003962493614676266e+00 2.163534675282131545e-02
9.168341708542714059e+02 2.003755929929287749e+00 2.163726746964169181e-02
9.224874371859295934e+02 2.003555049611365213e+00 2.163911381569139092e-02
9.281407035175880083e+02 2.003359632996083661e+00 2.164088891459358538e-02
9.337939698492461957e+02 2.003169471412768132e+00 2.164259573526146688e-02
9.394472361809044969e+02 2.002984366508978820e+00 2.164423710092113970e-02
9.451005025125627981e+02 2.002804129623815044e+00 2.164581569757565924e-02
9.507537688442210992e+02 2.002628581206315594e+00 2.164733408182972080e-02
9.564070351758794004e+02 2.002457550275194009e+00 2.164879468821997305e-02
9.620603015075377016e+02 2.002290873916539038e+00 2.165019983612395671e-02
9.677135678391960028e+02 2.002128396816382327e+00 2.165155173608467737e-02
9.733668341708543039e+02 2.001969970825350220e+00 2.165285249583895691e-02
9.790201005025126051e+02 2.001815454552859919e+00 2.165410412592736963e-02
9.846733668341707926e+02 2.001664712988536543e+00 2.165530854492758728e-02
9.903266331658290937e+02 2.001517617148752315e+00 2.165646758436310521e-02
9.959798994974873949e+02 2.001374043746360520e+00 2.165758299335974330e-02
1.001633165829145696e+03 2.001233874881864327e+00 2.165865644292751593e-02
1.007286432160803997e+03 2.001096997754422624e+00 2.165968953007337688e-02
1.012939698492462298e+03 2.000963304391213171e+00 2.166068378158131011e-02
1.018592964824120600e+03 2.000832691393815033e+00 2.166164065761397653e-02
1.024246231155778787e+03 2.000705059700365940e+00 2.166256155514650200e-02
1.029899497487437202e+03 2.000580314362372825e+00 2.166344781106877351e-02
1.035552763819095617e+03 2.000458364335124362e+00 2.166430070524357973e-02
1.041206030150753804e+03 2.000339122280752502e+00 2.166512146328508637e-02
1.046859296482411992e+03 2.000222504383061484e+00 2.166591125927318229e-02
1.052512562814070407e+03 2.000108430173313412e+00 2.166667121823480022e-02
1.058165829145728594e+03 1.999996822366218341e+00 2.166740241852053647e-02
1.063819095477386782e+03 1.999887606705445187e+00 2.166810589402552029e-02
1.069472361809045196e+03 1.999780711818008871e+00 2.166878263636232496e-02
1.075125628140703611e+03 1.999676069076948615e+00 2.166943359680158221e-02
1.080778894472361799e+03 1.999573612471752693e+00 2.167005968819057590e-02
1.086432160804019986e+03 1.999473278486022743e+00 2.167066178674740759e-02
1.092085427135678401e+03 1.999375005981912423e+00 2.167124073374630464e-02
1.097738693467336816e+03 1.999278736090907005e+00 2.167179733712483458e-02
1.103391959798995003e+03 1.999184412110543319e+00 2.167233237299780874e-02
1.109045226130653191e+03 1.999091979406692587e+00 2.167284658710872183e-02
1.114698492462311606e+03 1.999001385321068414e+00 2.167334069619312326e-02
1.120351758793969793e+03 1.998912579083627072e+00 2.167381538926945600e-02
1.126005025125627981e+03 1.998825511729571458e+00 2.167427132887271221e-02
1.131658291457286396e+03 1.998740136020671354e+00 2.167470915222080227e-02
1.137311557788944810e+03 1.998656406370646454e+00 2.167512947231877221e-02
1.142964824120602998e+03 1.998574278774365220e+00 2.167553287902141551e-02
1.148618090452261185e+03 1.998493710740639084e+00 2.167591994001849542e-02
1.154271356783919600e+03 1.998414661228398170e+00 2.167629120181431904e-02
1.159924623115578015e+03 1.998337090586050468e+00 2.167664719060436590e-02
1.165577889447236203e+03 1.998260960493847271e+00 2.167698841313612720e-02
1.171231155778894390e+03 1.998186233909076126e+00 2.167731535755928335e-02
1.176884422110552805e+03 1.998112875013924317e+00 2.167762849416793314e-02
1.182537688442210992e+03 1.998040849165863886e+00 2.167792827616808055e-02
1.188190954773869180e+03 1.997970122850413865e+00 2.167821514038846195e-02
1.193844221105527595e+03 1.997900663636150709e+00 2.167848950792449977e-02
1.199497487437186010e+03 1.997832440131843912e+00 2.167875178481268317e-02
1.205150753768844197e+03 1.997765421945598252e+00 2.167900236262788882e-02
1.210804020100502385e+03 1.997699579645896728e+00 2.167924161908046932e-02
1.216457286432160799e+03 1.997634884724440951e+00 2.167946991855162348e-02
1.222110552763819214e+03 1.997571309560693509e+00 2.167968761264911157e-02
1.227763819095477402e+03 1.997508827388031483e+00 2.167989504071150819e-02
1.233417085427135589e+03 1.997447412261428967e+00 2.168009253027646313e-02
1.239070351758794004e+03 1.997387039026584876e+00 2.168028039755904787e-02
1.244723618090452419e+03 1.997327683290426981e+00 2.168045894789919284e-02
1.250376884422110379e+03 1.997269321392913577e+00 2.168062847617317074e-02
1.256030150753768794e+03 1.997211930380077050e+00 2.168078926719469932e-02
1.261683417085427209e+03 1.997155487978235611e+00 2.168094159612614022e-02
1.267336683417085396e+03 1.997099972569321702e+00 2.168108572881793580e-02
1.272989949748743584e+03 1.997045363167269993e+00 2.168122192218887787e-02
1.278643216080401999e+03 1.996991639395411244e+00 2.168135042453972136e-02
1.284296482412060413e+03 1.996938781464820734e+00 2.168147147591279605e-02
1.289949748743718601e+03 1.996886770153580848e+00 2.168158530835934822e-02
1.295603015075376788e+03 1.996835586786906980e+00 2.168169214626828462e-02
1.301256281407035203e+03 1.996785213218097876e+00 2.168179220664360335e-02
1.306909547738693618e+03 1.996735631810270917e+00 2.168188569937153087e-02
1.312562814070351806e+03 1.996686825418845457e+00 2.168197282749273133e-02
1.318216080402009993e+03 1.996638777374737161e+00 2.168205378743858630e-02
1.323869346733668408e+03 1.996591471468231793e+00 2.168212876927769206e-02
1.329522613065326595e+03 1.996544891933506927e+00 2.168219795695715962e-02
1.335175879396984783e+03 1.996499023433767617e+00 2.168226152851316160e-02
1.340829145728643198e+03 1.996453851046973815e+00 2.168231965627631305e-02
1.346482412060301613e+03 1.996409360252128895e+00 2.168237250709237340e-02
1.352135678391959800e+03 1.996365536916103967e+00 2.168242024251217440e-02
1.357788944723617988e+03 1.996322367280972676e+00 2.168246301896618877e-02
1.363442211055276402e+03 1.996279837951838720e+00 2.168250098794925751e-02
1.369095477386934817e+03 1.996237935885127435e+00 2.168253429622581108e-02
1.374748743718593005e+03 1.996196648377325022e+00 2.168256308594286932e-02
1.380402010050251192e+03 1.996155963054145444e+00 2.168258749483007938e-02
1.386055276381909607e+03 1.996115867860103199e+00 2.168260765633315060e-02
1.391708542713567795e+03 1.996076351048479802e+00 2.168262369976775919e-02
1.397361809045225982e+03 1.996037401171660619e+00 2.168263575046830427e-02
1.403015075376884397e+03 1.995999007071831866e+00 2.168264392991103851e-02
1.408668341708542812e+03 1.995961157872018443e+00 2.168264835584232317e-02
1.414321608040200999e+03 1.995923842967449069e+00 2.168264914243755656e-02
1.419974874371859187e+03 1.995887052017236707e+00 2.168264640037818533e-02
1.425628140703517602e+03 1.995850774936358762e+00 2.168264023699013887e-02
1.431281407035176017e+03 1.995815001887925266e+00 2.168263075637199763e-02
1.436934673366834204e+03 1.995779723275724615e+00 2.168261805946685231e-02
1.442587939698492391e+03 1.995744929737032436e+00 2.168260224419555487e-02
1.448241206030150806e+03 1.995710612135674467e+00 2.168258340553880226e-02
1.453894472361808994e+03 1.995676761555335244e+00 2.168256163566524911e-02
1.459547738693467409e+03 1.995643369293098601e+00 2.168253702396236160e-02
1.465201005025125596e+03 1.995610426853212216e+00 2.168250965720035922e-02
1.470854271356784011e+03 1.995577925941068642e+00 2.168247961957328260e-02
1.476507537688442198e+03 1.995545858457392630e+00 2.168244699277588686e-02
1.482160804020100386e+03 1.995514216492626725e+00 2.168241185612661270e-02
1.487814070351758801e+03 1.995482992321508497e+00 2.168237428659838470e-02
1.493467336683416988e+03 1.995452178397829179e+00 2.168233435892109179e-02
1.499120603015075403e+03 1.995421767349370823e+00 2.168229214563795887e-02
1.504773869346733591e+03 1.995391751973011107e+00 2.168224771720291683e-02
1.510427135678392006e+03 1.995362125229990680e+00 2.168220114200624174e-02
1.516080402010050193e+03 1.995332880241337481e+00 2.168215248646164842e-02
1.521733668341708608e+03 1.995304010283443397e+00 2.168210181507803161e-02
1.527386934673366795e+03 1.995275508783781682e+00 2.168204919050045754e-02
1.533040201005025210e+03 1.995247369316767827e+00 2.168199467357678073e-02
1.538693467336683398e+03 1.995219585599750989e+00 2.168193832341398439e-02
1.544346733668341585e+03 1.995192151489138643e+00 2.168188019742942063e-02
1.550000000000000000e+03 1.995165060976640703e+00 2.168182035141229258e-02
