4.250000000000000000e+02 1.885351808831731812e+00 3.816459806816085987e-01
4.306532663316583012e+02 1.997067388570694435e+00 3.563997201553046335e-01
4.363065326633166023e+02 2.056506968723839091e+00 3.415927158133527097e-01
4.419597989949749035e+02 2.099889201598639676e+00 3.293548835509263473e-01
4.476130653266331478e+02 2.135921494263886444e+00 3.178799771248296824e-01
4.532663316582914490e+02 2.167999750127785230e+00 3.064499436937521137e-01
4.589195979899497502e+02 2.197786462818037911e+00 2.946804803007566087e-01
4.645728643216080513e+02 2.226211675626589503e+00 2.823130296725085420e-01
4.702261306532663525e+02 2.253841097513254343e+00 2.691346201519697057e-01
4.758793969849245968e+02 2.281035262161317689e+00 2.549357815141271577e-01
4.815326633165828980e+02 2.308024120014116054e+00 2.394781055789191593e-01
4.871859296482411992e+02 2.334939321304517978e+00 2.224564537496389882e-01
4.928391959798995003e+02 2.361815113776847053e+00 2.034384917368635970e-01
4.984924623115578015e+02 2.388542368474712241e+00 1.817442238901672280e-01
5.041457286432161027e+02 2.414685270534905559e+00 1.561517050627989067e-01
5.097989949748744039e+02 2.438610074995539723e+00 1.239388220745479552e-01
5.154522613065327050e+02 2.447767827277020913e+00 7.499853774418045738e-02
5.211055276381910062e+02 2.417926350064291796e+00 1.718335037903130288e-02
5.267587939698491937e+02 2.375032220357748525e+00 1.750114777814406816e-02
5.324120603015074948e+02 2.350833293204961816e+00 1.768827604658141858e-02
5.380653266331657960e+02 2.334017081565482155e+00 1.782221773678785773e-02
5.437185929648240972e+02 2.321276127385377475e+00 1.792608378884070000e-02
5.493718592964823983e+02 2.311138267974088389e+00 1.801032643591228208e-02
5.550251256281406995e+02 2.302808122821818237e+00 1.808067495185852053e-02
5.606783919597990007e+02 2.295804013921133535e+00 1.814064620240258413e-02
5.663316582914573019e+02 2.289811239008327615e+00 1.819256773904982805e-02
5.719849246231156030e+02 2.284612694748747952e+00 1.823806536610704868e-02
5.776381909547739042e+02 2.280052333884996063e+00 1.827832188932801763e-02
5.832914572864322054e+02 2.276014329850954532e+00 1.831422571155302478e-02
5.889447236180903928e+02 2.272410452196458319e+00 1.834646149813904184e-02
5.945979899497488077e+02 2.269172038894150312e+00 1.837556821944740654e-02
6.002512562814069952e+02 2.266244687227530363e+00 1.840197779018356780e-02
6.059045226130652964e+02 2.263584626190744409e+00 1.842604164098434957e-02
6.115577889447235975e+02 2.261156168603911887e+00 1.844804949960818924e-02
6.172110552763818987e+02 2.258929878868490615e+00 1.846824298123823926e-02
6.228643216080401999e+02 2.256881228152893382e+00 1.848682562517768926e-02
6.285175879396985010e+02 2.254989589523179738e+00 1.850397044076837125e-02
6.341708542713568022e+02 2.253237475132334744e+00 1.851982567075130884e-02
6.398241206030151034e+02 2.251609948962093544e+00 1.853451925568000425e-02
6.454773869346734045e+02 2.250094168984604792e+00 1.854816233596316699e-02
6.511306532663315920e+02 2.248679026145310900e+00 1.856085203058456187e-02
6.567839195979900069e+02 2.247354856745443996e+00 1.857267366475681691e-02
6.624371859296481944e+02 2.246113211141217203e+00 1.858370257274049100e-02
6.680904522613064955e+02 2.244946666128680768e+00 1.859400556962484755e-02
6.737437185929647967e+02 2.243848671557852281e+00 1.860364216228917872e-02
6.793969849246230979e+02 2.242813424015181578e+00 1.861266555333956213e-02
6.850502512562813990e+02 2.241835762094416928e+00 1.862112347883606439e-02
6.907035175879397002e+02 2.240911079021482344e+00 1.862905891206060455e-02
6.963567839195980014e+02 2.240035249331937095e+00 1.863651065802036932e-02
7.020100502512563025e+02 2.239204567005388835e+00 1.864351385846457765e-02
7.076633165829146037e+02 2.238415693000288087e+00 1.865010042319973846e-02
7.133165829145727912e+02 2.237665610547717510e+00 1.865629940022152725e-02
7.189698492462312061e+02 2.236951586885258969e+00 1.866213729458916087e-02
7.246231155778893935e+02 2.236271140364365806e+00 1.866763834465812871e-02
7.302763819095478084e+02 2.235622012063521957e+00 1.867282476202502400e-02
7.359296482412059959e+02 2.235002141197279801e+00 1.867771694100866728e-02
7.415829145728642970e+02 2.234409643737258477e+00 1.868233364191728557e-02
7.472361809045225982e+02 2.233842793762388812e+00 1.868669215222713842e-02
7.528894472361808994e+02 2.233300007137467791e+00 1.869080842854037305e-02
7.585427135678392006e+02 2.232779827185448429e+00 1.869469722216375931e-02
7.641959798994975017e+02 2.232280912073131951e+00 1.869837219045114227e-02
7.698492462311558029e+02 2.231802023674354984e+00 1.870184599578577841e-02
7.755025125628139904e+02 2.231342017711409831e+00 1.870513039383899997e-02
7.811557788944724052e+02 2.230899835005751175e+00 1.870823631251630065e-02
7.868090452261305927e+02 2.230474493694235338e+00 1.871117392256511566e-02
7.924623115577890076e+02 2.230065082288158695e+00 1.871395270109573600e-02
7.981155778894471950e+02 2.229670753469978006e+00 1.871658148870232463e-02
8.037688442211054962e+02 2.229290718537383587e+00 1.871906854096078154e-02
8.094221105527637974e+02 2.228924242416890689e+00 1.872142157498067269e-02
8.150753768844220986e+02 2.228570639179680679e+00 1.872364781155428856e-02
8.207286432160803997e+02 2.228229268001390651e+00 1.872575401339521967e-02
8.263819095477387009e+02 2.227899529515195987e+00 1.872774651986143513e-02
8.320351758793970021e+02 2.227580862514068727e+00 1.872963127856735327e-02
8.376884422110551895e+02 2.227272740963657238e+00 1.873141387420463808e-02
8.433417085427136044e+02 2.226974671292079933e+00 1.873309955487788975e-02
8.489949748743717919e+02 2.226686189927023385e+00 1.873469325611778688e-02
8.546482412060302067e+02 2.226406861054135877e+00 1.873619962295845764e-02
8.603015075376883942e+02 2.226136274573788487e+00 1.873762303014454844e-02
8.659547738693468091e+02 2.225874044235962135e+00 1.873896760066326092e-02
8.716080402010049966e+02 2.225619805935352691e+00 1.874023722276024762e-02
8.772613065326632977e+02 2.225373216150825506e+00 1.874143556575154704e-02
8.829145728643215989e+02 2.225133950515122638e+00 1.874256609436283222e-02
8.885678391959799001e+02 2.224901702502283474e+00 1.874363208220335836e-02
8.942211055276382012e+02 2.224676182221604570e+00 1.874463662399833419e-02
8.998743718592965024e+02 2.224457115308171584e+00 1.874558264705605826e-02
9.055276381909548036e+02 2.224244241901026875e+00 1.874647292178245606e-02
9.111809045226129911e+02 2.224037315701007600e+00 1.874731007150550605e-02
9.168341708542714059e+02 2.223836103101074269e+00 1.874809658149280064e-02
9.224874371859295934e+02 2.223640382382698455e+00 1.874883480744802405e-02
9.281407035175880083e+02 2.223449942972526294e+00 1.874952698325069167e-02
9.337939698492461957e+02 2.223264584754093054e+00 1.875017522827205491e-02
9.394472361809044969e+02 2.223084117429892537e+00 1.875078155419700535e-02
9.451005025125627981e+02 2.222908359929541611e+00 1.875134787125824418e-02
9.507537688442210992e+02 2.222737139860210487e+00 1.875187599413218054e-02
9.564070351758794004e+02 2.222570292995818875e+00 1.875236764748539064e-02
9.620603015075377016e+02 2.222407662801855643e+00 1.875282447103026814e-02
9.677135678391960028e+02 2.222249099992950061e+00 1.875324802437452337e-02
9.733668341708543039e+02 2.222094462120587810e+00 1.875363979146380325e-02
9.790201005025126051e+02 2.221943613188606115e+00 1.875400118475995664e-02
9.846733668341707926e+02 2.221796423294303047e+00 1.875433354921452953e-02
9.903266331658290937e+02 2.221652768293195024e+00 1.875463816589579766e-02
9.959798994974873949e+02 2.221512529485622611e+00 1.875491625549456642e-02
1.001633165829145696e+03 2.221375593323560604e+00 1.875516898148414657e-02
1.007286432160803997e+03 2.221241851136132706e+00 1.875539745323065791e-02
1.012939698492462298e+03 2.221111198872444792e+00 1.875560272878166665e-02
1.018592964824120600e+03 2.220983536860488883e+00 1.875578581761745689e-02
1.024246231155778787e+03 2.220858769580943637e+00 1.875594768308097571e-02
1.029899497487437202e+03 2.220736805454821994e+00 1.875608924484185175e-02
1.035552763819095617e+03 2.220617556643976975e+00 1.875621138109855382e-02
1.041206030150753804e+03 2.220500938863576579e+00 1.875631493062548949e-02
1.046859296482411992e+03 2.220386871205706658e+00 1.875640069483082428e-02
1.052512562814070407e+03 2.220275275973355722e+00 1.875646943960022905e-02
1.058165829145728594e+03 2.220166078524059561e+00 1.875652189705686451e-02
1.063819095477386782e+03 2.220059207122566658e+00 1.875655876722585880e-02
1.069472361809045196e+03 2.219954592801923976e+00 1.875658071957968936e-02
1.075125628140703611e+03 2.219852169232420458e+00 1.875658839459472260e-02
1.080778894472361799e+03 2.219751872597884201e+00 1.875658240504676083e-02
1.086432160804019986e+03 2.219653641478847028e+00 1.875656333745991111e-02
1.092085427135678401e+03 2.219557416742144351e+00 1.875653175322353899e-02
1.097738693467336816e+03 2.219463141436540887e+00 1.875648818994553671e-02
1.103391959798995003e+03 2.219370760693993194e+00 1.875643316239085368e-02
1.109045226130653191e+03 2.219280221636210193e+00 1.875636716369197959e-02
1.114698492462311606e+03 2.219191473286174610e+00 1.875629066629863964e-02
1.120351758793969793e+03 2.219104466484322913e+00 1.875620412292722597e-02
1.126005025125627981e+03 2.219019153809106193e+00 1.875610796746258677e-02
1.131658291457286396e+03 2.218935489501657976e+00 1.875600261585961756e-02
1.137311557788944810e+03 2.218853429394331833e+00 1.875588846690255662e-02
1.142964824120602998e+03 2.218772930842875191e+00 1.875576590303513341e-02
1.148618090452261185e+03 2.218693952662028401e+00 1.875563529104846625e-02
1.154271356783919600e+03 2.218616455064345239e+00 1.875549698280435523e-02
1.159924623115578015e+03 2.218540399602054958e+00 1.875535131585185158e-02
1.165577889447236203e+03 2.218465749111782959e+00 1.875519861416212117e-02
1.171231155778894390e+03 2.218392467661977285e+00 1.875503918860272137e-02
1.176884422110552805e+03 2.218320520502879756e+00 1.875487333760121958e-02
1.182537688442210992e+03 2.218249874018904944e+00 1.875470134764295124e-02
1.188190954773869180e+03 2.218180495683290232e+00 1.875452349379241185e-02
1.193844221105527595e+03 2.218112354014893484e+00 1.875434004017902112e-02
1.199497487437186010e+03 2.218045418537018865e+00 1.875415124047101825e-02
1.205150753768844197e+03 2.217979659738165576e+00 1.875395733834926346e-02
1.210804020100502385e+03 2.217915049034588471e+00 1.875375856787448933e-02
1.216457286432160799e+03 2.217851558734581285e+00 1.875355515394916059e-02
1.222110552763819214e+03 2.217789162004385251e+00 1.875334731264909766e-02
1.227763819095477402e+03 2.217727832835641788e+00 1.875313525161426478e-02
1.233417085427135589e+03 2.217667546014306268e+00 1.875291917045134038e-02
1.239070351758794004e+03 2.217608277090947766e+00 1.875269926094684514e-02
1.244723618090452419e+03 2.217550002352364658e+00 1.875247570752889420e-02
1.250376884422110379e+03 2.217492698794443218e+00 1.875224868744472181e-02
1.256030150753768794e+03 2.217436344096206824e+00 1.875201837115137576e-02
1.261683417085427209e+03 2.217380916594984708e+00 1.875178492251689671e-02
1.267336683417085396e+03 2.217326395262649630e+00 1.875154849913990979e-02
1.272989949748743584e+03 2.217272759682873406e+00 1.875130925258634146e-02
1.278643216080401999e+03 2.217219990029344334e+00 1.875106732860240544e-02
1.284296482412060413e+03 2.217168067044903434e+00 1.875082286739866017e-02
1.289949748743718601e+03 2.217116972021555110e+00 1.875057600382747103e-02
1.295603015075376788e+03 2.217066686781306473e+00 1.875032686761969256e-02
1.301256281407035203e+03 2.217017193657799368e+00 1.875007558357395798e-02
1.306909547738693618e+03 2.216968475478696465e+00 1.874982227176966512e-02
1.312562814070351806e+03 2.216920515548780557e+00 1.874956704772076307e-02
1.318216080402009993e+03 2.216873297633743523e+00 1.874931002256502791e-02
1.323869346733668408e+03 2.216826805944625445e+00 1.874905130327707628e-02
1.329522613065326595e+03 2.216781025122872339e+00 1.874879099276289054e-02
1.335175879396984783e+03 2.216735940225990742e+00 1.874852919004915686e-02
1.340829145728643198e+03 2.216691536713764954e+00 1.874826599044885841e-02
1.346482412060301613e+03 2.216647800435019189e+00 1.874800148565584912e-02
1.352135678391959800e+03 2.216604717614887310e+00 1.874773576394602251e-02
1.357788944723617988e+03 2.216562274842585722e+00 1.874746891024816828e-02
1.363442211055276402e+03 2.216520459059645454e+00 1.874720100630962796e-02
1.369095477386934817e+03 2.216479257548601645e+00 1.874693213080270981e-02
1.374748743718593005e+03 2.216438657922111144e+00 1.874666235945478959e-02
1.380402010050251192e+03 2.216398648112476444e+00 1.874639176510737790e-02
1.386055276381909607e+03 2.216359216361571072e+00 1.874612041790545136e-02
1.391708542713567795e+03 2.216320351211132245e+00 1.874584838533282713e-02
1.397361809045225982e+03 2.216282041493418564e+00 1.874557573233044672e-02
1.403015075376884397e+03 2.216244276322210993e+00 1.874530252141466680e-02
1.408668341708542812e+03 2.216207045084141569e+00 1.874502881273633348e-02
1.414321608040200999e+03 2.216170337430340975e+00 1.874475466417538372e-02
1.419974874371859187e+03 2.216134143268385870e+00 1.874448013142362979e-02
1.425628140703517602e+03 2.216098452754538872e+00 1.874420526807936763e-02
1.431281407035176017e+03 2.216063256286262106e+00 1.874393012570646846e-02
1.436934673366834204e+03 2.216028544495002084e+00 1.874365475391716329e-02
1.442587939698492391e+03 2.215994308239226385e+00 1.874337920044298611e-02
1.448241206030150806e+03 2.215960538597705476e+00 1.874310351120571719e-02
1.453894472361808994e+03 2.215927226863033450e+00 1.874282773037650243e-02
1.459547738693467409e+03 2.215894364535367700e+00 1.874255190042309338e-02
1.465201005025125596e+03 2.215861943316390192e+00 1.874227606222821085e-02
1.470854271356784011e+03 2.215829955103476134e+00 1.874200025505389292e-02
1.476507537688442198e+03 2.215798391984058480e+00 1.874172451671907158e-02
1.482160804020100386e+03 2.215767246230189169e+00 1.874144888352838670e-02
1.487814070351758801e+03 2.215736510293280670e+00 1.874117339040240818e-02
1.493467336683416988e+03 2.215706176799026039e+00 1.874089807093675883e-02
1.499120603015075403e+03 2.215676238542487742e+00 1.874062295737833478e-02
1.504773869346733591e+03 2.215646688483353444e+00 1.874034808074366565e-02
1.510427135678392006e+03 2.215617519741345465e+00 1.874007347080699701e-02
1.516080402010050193e+03 2.215588725591780772e+00 1.873979915619495770e-02
1.521733668341708608e+03 2.215560299461281524e+00 1.873952516439835250e-02
1.527386934673366795e+03 2.215532234923620614e+00 1.873925152181944026e-02
1.533040201005025210e+03 2.215504525695702220e+00 1.873897825380742288e-02
1.538693467336683398e+03 2.215477165633676915e+00 1.873870538468204103e-02
1.544346733668341585e+03 2.215450148729174895e+00 1.873843293778091473e-02
1.550000000000000000e+03 2.215423469105664456e+00 1.873816093554239032e-02
