4.250000000000000000e+02 1.872981169083876241e+00 4.034997360696594426e-01
4.306532663316583012e+02 1.990360858357278717e+00 3.761519405054112863e-01
4.363065326633166023e+02 2.052406504885609717e+00 3.606325852770391749e-01
4.419597989949749035e+02 2.097472896584160029e+00 3.480802008926587310e-01
4.476130653266331478e+02 2.134766102399741072e+00 3.364835389979292657e-01
4.532663316582914490e+02 2.167873499068910803e+00 3.250554895101826491e-01
4.589195979899497502e+02 2.198551107178342345e+00 3.133861752196216988e-01
4.645728643216080513e+02 2.227782452094951182e+00 3.012116139555755523e-01
4.702261306532663525e+02 2.256168226508559194e+00 2.883267824519107347e-01
4.758793969849245968e+02 2.284095608916596909e+00 2.745430381381659402e-01
4.815326633165828980e+02 2.311819445616227764e+00 2.596596046588997009e-01
4.871859296482411992e+02 2.339501627405708106e+00 2.434358023016121586e-01
4.928391959798995003e+02 2.367224995257693365e+00 2.255531889136358770e-01
4.984924623115578015e+02 2.394981799354313878e+00 2.055501534364232996e-01
5.041457286432161027e+02 2.422612816237163624e+00 1.826864817150401221e-01
5.097989949748744039e+02 2.449585219677613779e+00 1.556018539930080213e-01
5.154522613065327050e+02 2.473915835359502324e+00 1.211493653938997550e-01
5.211055276381910062e+02 2.477884779159523987e+00 6.604450887622577426e-02
5.267587939698491937e+02 2.443287935664061994e+00 1.547355589137735209e-02
5.324120603015074948e+02 2.400389075233187341e+00 1.575668225382153773e-02
5.380653266331657960e+02 2.375585337559225962e+00 1.592737482881420932e-02
5.437185929648240972e+02 2.358131617027624749e+00 1.605102944502054263e-02
5.493718592964823983e+02 2.344798588955437246e+00 1.614767484519546992e-02
5.550251256281406995e+02 2.334124850477824697e+00 1.622651847079172732e-02
5.606783919597990007e+02 2.325311855026657160e+00 1.629266457200201704e-02
5.663316582914573019e+02 2.317871932152838710e+00 1.634927287049911179e-02
5.719849246231156030e+02 2.311484353921066770e+00 1.639844847879367087e-02
5.776381909547739042e+02 2.305926657765191123e+00 1.644166982884942216e-02
5.832914572864322054e+02 2.301038208756251979e+00 1.648001742347655549e-02
5.889447236180903928e+02 2.296699299517506176e+00 1.651430599951214315e-02
5.945979899497488077e+02 2.292818422211940987e+00 1.654516558268817952e-02
6.002512562814069952e+02 2.289324139616097487e+00 1.657309361021761657e-02
6.059045226130652964e+02 2.286159688350507757e+00 1.659848976649516347e-02
6.115577889447235975e+02 2.283279278714172023e+00 1.662168002400357669e-02
6.172110552763818987e+02 2.280645487768758972e+00 1.664293369010197768e-02
6.228643216080401999e+02 2.278227379336737357e+00 1.666247577846369926e-02
6.285175879396985010e+02 2.275999120541106091e+00 1.668049617003256740e-02
6.341708542713568022e+02 2.273938945564736525e+00 1.669715651749978033e-02
6.398241206030151034e+02 2.272028367255808590e+00 1.671259553087431349e-02
6.454773869346734045e+02 2.270251568894479099e+00 1.672693308045518010e-02
6.511306532663315920e+02 2.268594929061494625e+00 1.674027342170997246e-02
6.567839195979900069e+02 2.267046646283281675e+00 1.675270775867178721e-02
6.624371859296481944e+02 2.265596439460948464e+00 1.676431630268890999e-02
6.680904522613064955e+02 2.264235306550206328e+00 1.677516994104160872e-02
6.737437185929647967e+02 2.262955328504821839e+00 1.678533160129404636e-02
6.793969849246230979e+02 2.261749508743601034e+00 1.679485737539413229e-02
6.850502512562813990e+02 2.260611640753062979e+00 1.680379745281600223e-02
6.907035175879397002e+02 2.259536198163300647e+00 1.681219690022107277e-02
6.963567839195980014e+02 2.258518242915017904e+00 1.682009631709967604e-02
7.020100502512563025e+02 2.257553348096215107e+00 1.682753239019061514e-02
7.076633165829146037e+02 2.256637532754790509e+00 1.683453836515040949e-02
7.133165829145727912e+02 2.255767206549852855e+00 1.684114444943167477e-02
7.189698492462312061e+02 2.254939122533820228e+00 1.684737815850184672e-02
7.246231155778893935e+02 2.254150336691223444e+00 1.685326461440046775e-02
7.302763819095478084e+02 2.253398173121659021e+00 1.685882680441960074e-02
7.359296482412059959e+02 2.252680193960746369e+00 1.686408580606590241e-02
7.415829145728642970e+02 2.251994173296880231e+00 1.686906098355418424e-02
7.472361809045225982e+02 2.251338074472632567e+00 1.687377015984500850e-02
7.528894472361808994e+02 2.250710030265056893e+00 1.687822976797385272e-02
7.585427135678392006e+02 2.250108325524360353e+00 1.688245498453055937e-02
7.641959798994975017e+02 2.249531381919710693e+00 1.688645984763450375e-02
7.698492462311558029e+02 2.248977744497560494e+00 1.689025736171633971e-02
7.755025125628139904e+02 2.248446069804346248e+00 1.689385959063669645e-02
7.811557788944724052e+02 2.247935115363773662e+00 1.689727774084232373e-02
7.868090452261305927e+02 2.247443730330645817e+00 1.690052223563045034e-02
7.924623115577890076e+02 2.246970847169613705e+00 1.690360278172730116e-02
7.981155778894471950e+02 2.246515474229302978e+00 1.690652842916840967e-02
8.037688442211054962e+02 2.246076689100738211e+00 1.690930762510711727e-02
8.094221105527637974e+02 2.245653632664580179e+00 1.691194826243492058e-02
8.150753768844220986e+02 2.245245503744791815e+00 1.691445772368566081e-02
8.207286432160803997e+02 2.244851554297508489e+00 1.691684292078354454e-02
8.263819095477387009e+02 2.244471085073318939e+00 1.691911033121817551e-02
8.320351758793970021e+02 2.244103441699235812e+00 1.692126603075434083e-02
8.376884422110551895e+02 2.243748011133523956e+00 1.692331572330722789e-02
8.433417085427136044e+02 2.243404218452453414e+00 1.692526476821788750e-02
8.489949748743717919e+02 2.243071523933136913e+00 1.692711820510974657e-02
8.546482412060302067e+02 2.242749420400966365e+00 1.692888077659739435e-02
8.603015075376883942e+02 2.242437430813974508e+00 1.693055694911773865e-02
8.659547738693468091e+02 2.242135106059691463e+00 1.693215093212618177e-02
8.716080402010049966e+02 2.241842022942941437e+00 1.693366669553252393e-02
8.772613065326632977e+02 2.241557782345474426e+00 1.693510798590623645e-02
8.829145728643215989e+02 2.241282007540508658e+00 1.693647834133743882e-02
8.885678391959799001e+02 2.241014342647128732e+00 1.693778110511487758e-02
8.942211055276382012e+02 2.240754451211152798e+00 1.693901943836842103e-02
8.998743718592965024e+02 2.240502014900520145e+00 1.694019633174469186e-02
9.055276381909548036e+02 2.240256732304541032e+00 1.694131461626257121e-02
9.111809045226129911e+02 2.240018317827452421e+00 1.694237697324605524e-02
9.168341708542714059e+02 2.239786500667744207e+00 1.694338594365106879e-02
9.224874371859295934e+02 2.239561023875570100e+00 1.694434393659143001e-02
9.281407035175880083e+02 2.239341643481354005e+00 1.694525323744559830e-02
9.337939698492461957e+02 2.239128127689380854e+00 1.694611601516559166e-02
9.394472361809044969e+02 2.238920256130777720e+00 1.694693432923483414e-02
9.451005025125627981e+02 2.238717819170838119e+00 1.694771013609264881e-02
9.507537688442210992e+02 2.238520617266118506e+00 1.694844529510488793e-02
9.564070351758794004e+02 2.238328460367188022e+00 1.694914157419960543e-02
9.620603015075377016e+02 2.238141167363275841e+00 1.694980065501125108e-02
9.677135678391960028e+02 2.237958565565436597e+00 1.695042413783545698e-02
9.733668341708543039e+02 2.237780490225136809e+00 1.695101354608056013e-02
9.790201005025126051e+02 2.237606784085465872e+00 1.695157033062259441e-02
9.846733668341707926e+02 2.237437296962415889e+00 1.695209587373667712e-02
9.903266331658290937e+02 2.237271885353905532e+00 1.695259149281487521e-02
9.959798994974873949e+02 2.237110412074426957e+00 1.695305844393639114e-02
1.001633165829145696e+03 2.236952745913368457e+00 1.695349792506782582e-02
1.007286432160803997e+03 2.236798761315252015e+00 1.695391107919498250e-02
1.012939698492462298e+03 2.236648338080253318e+00 1.695429899721632647e-02
1.018592964824120600e+03 2.236501361083524486e+00 1.695466272061140270e-02
1.024246231155778787e+03 2.236357720011953543e+00 1.695500324406781778e-02
1.029899497487437202e+03 2.236217309117107810e+00 1.695532151781813102e-02
1.035552763819095617e+03 2.236080026983214619e+00 1.695561844993571238e-02
1.041206030150753804e+03 2.235945776309124611e+00 1.695589490847184549e-02
1.046859296482411992e+03 2.235814463703276633e+00 1.695615172344731858e-02
1.052512562814070407e+03 2.235685999490776954e+00 1.695638968875104458e-02
1.058165829145728594e+03 2.235560297531761442e+00 1.695660956391961682e-02
1.063819095477386782e+03 2.235437275050276451e+00 1.695681207579793556e-02
1.069472361809045196e+03 2.235316852472985172e+00 1.695699792022505384e-02
1.075125628140703611e+03 2.235198953277032441e+00 1.695716776340481027e-02
1.080778894472361799e+03 2.235083503846480912e+00 1.695732224340665284e-02
1.086432160804019986e+03 2.234970433336751938e+00 1.695746197150855769e-02
1.092085427135678401e+03 2.234859673546561787e+00 1.695758753343451497e-02
1.097738693467336816e+03 2.234751158796868697e+00 1.695769949056525477e-02
1.103391959798995003e+03 2.234644825816392011e+00 1.695779838106980728e-02
1.109045226130653191e+03 2.234540613633289485e+00 1.695788472101041056e-02
1.114698492462311606e+03 2.234438463472608216e+00 1.695795900534216236e-02
1.120351758793969793e+03 2.234338318659157885e+00 1.695802170887302993e-02
1.126005025125627981e+03 2.234240124525472382e+00 1.695807328717104101e-02
1.131658291457286396e+03 2.234143828324548942e+00 1.695811417748427016e-02
1.137311557788944810e+03 2.234049379147088121e+00 1.695814479952954118e-02
1.142964824120602998e+03 2.233956727842952628e+00 1.695816555624158478e-02
1.148618090452261185e+03 2.233865826946609179e+00 1.695817683461357112e-02
1.154271356783919600e+03 2.233776630606311819e+00 1.695817900627553595e-02
1.159924623115578015e+03 2.233689094516815299e+00 1.695817242830828173e-02
1.165577889447236203e+03 2.233603175855408018e+00 1.695815744376901607e-02
1.171231155778894390e+03 2.233518833221085131e+00 1.695813438233464282e-02
1.176884422110552805e+03 2.233436026576676614e+00 1.695810356087944573e-02
1.182537688442210992e+03 2.233354717193764216e+00 1.695806528403949118e-02
1.188190954773869180e+03 2.233274867600236302e+00 1.695801984472456933e-02
1.193844221105527595e+03 2.233196441530332699e+00 1.695796752460377102e-02
1.199497487437186010e+03 2.233119403877042330e+00 1.695790859460409236e-02
1.205150753768844197e+03 2.233043720646725738e+00 1.695784331533034192e-02
1.210804020100502385e+03 2.232969358915842584e+00 1.695777193752423875e-02
1.216457286432160799e+03 2.232896286789672224e+00 1.695769470247108016e-02
1.222110552763819214e+03 2.232824473362919893e+00 1.695761184234082300e-02
1.227763819095477402e+03 2.232753888682109444e+00 1.695752358066006035e-02
1.233417085427135589e+03 2.232684503709669421e+00 1.695743013257441922e-02
1.239070351758794004e+03 2.232616290289626271e+00 1.695733170525494035e-02
1.244723618090452419e+03 2.232549221114814131e+00 1.695722849816036493e-02
1.250376884422110379e+03 2.232483269695536343e+00 1.695712070340413616e-02
1.256030150753768794e+03 2.232418410329588987e+00 1.695700850601659232e-02
1.261683417085427209e+03 2.232354618073594477e+00 1.695689208420712510e-02
1.267336683417085396e+03 2.232291868715566618e+00 1.695677160974416037e-02
1.272989949748743584e+03 2.232230138748646731e+00 1.695664724802083134e-02
1.278643216080401999e+03 2.232169405345967750e+00 1.695651915851345212e-02
1.284296482412060413e+03 2.232109646336565056e+00 1.695638749486024291e-02
1.289949748743718601e+03 2.232050840182310925e+00 1.695625240516262372e-02
1.295603015075376788e+03 2.231992965955797992e+00 1.695611403216863017e-02
1.301256281407035203e+03 2.231936003319148210e+00 1.695597251350871096e-02
1.306909547738693618e+03 2.231879932503684216e+00 1.695582798186602222e-02
1.312562814070351806e+03 2.231824734290435153e+00 1.695568056519907232e-02
1.318216080402009993e+03 2.231770389991431625e+00 1.695553038685962757e-02
1.323869346733668408e+03 2.231716881431754285e+00 1.695537756585461381e-02
1.329522613065326595e+03 2.231664190932300063e+00 1.695522221692469245e-02
1.335175879396984783e+03 2.231612301293235401e+00 1.695506445077998164e-02
1.340829145728643198e+03 2.231561195778100082e+00 1.695490437419170868e-02
1.346482412060301613e+03 2.231510858098539885e+00 1.695474209018859799e-02
1.352135678391959800e+03 2.231461272399630325e+00 1.695457769813544027e-02
1.357788944723617988e+03 2.231412423245770604e+00 1.695441129394256383e-02
1.363442211055276402e+03 2.231364295607122017e+00 1.695424297013128564e-02
1.369095477386934817e+03 2.231316874846564158e+00 1.695407281601719537e-02
1.374748743718593005e+03 2.231270146707148072e+00 1.695390091776249192e-02
1.380402010050251192e+03 2.231224097300022802e+00 1.695372735851997242e-02
1.386055276381909607e+03 2.231178713092818455e+00 1.695355221857704556e-02
1.391708542713567795e+03 2.231133980898458269e+00 1.695337557543424509e-02
1.397361809045225982e+03 2.231089887864390775e+00 1.695319750384443463e-02
1.403015075376884397e+03 2.231046421462216767e+00 1.695301807602231370e-02
1.408668341708542812e+03 2.231003569477698179e+00 1.695283736165741767e-02
1.414321608040200999e+03 2.230961320001129788e+00 1.695265542803193332e-02
1.419974874371859187e+03 2.230919661418060862e+00 1.695247234012541362e-02
1.425628140703517602e+03 2.230878582400352528e+00 1.695228816064087499e-02
1.431281407035176017e+03 2.230838071897553121e+00 1.695210295013570984e-02
1.436934673366834204e+03 2.230798119128581725e+00 1.695191676706091222e-02
1.442587939698492391e+03 2.230758713573707919e+00 1.695172966790506330e-02
1.448241206030150806e+03 2.230719844966812637e+00 1.695154170715497746e-02
1.453894472361808994e+03 2.230681503287917700e+00 1.695135293746589597e-02
1.459547738693467409e+03 2.230643678755982240e+00 1.695116340963521290e-02
1.465201005025125596e+03 2.230606361821940720e+00 1.695097317278578680e-02
1.470854271356784011e+03 2.230569543161986523e+00 1.695078227427417733e-02
1.476507537688442198e+03 2.230533213671081150e+00 1.695059075990015471e-02
1.482160804020100386e+03 2.230497364456691667e+00 1.695039867384112026e-02
1.487814070351758801e+03 2.230461986832728893e+00 1.695020605878304332e-02
1.493467336683416988e+03 2.230427072313702297e+00 1.695001295594658966e-02
1.499120603015075403e+03 2.230392612609060965e+00 1.694981940510013538e-02
1.504773869346733591e+03 2.230358599617729087e+00 1.694962544470381832e-02
1.510427135678392006e+03 2.230325025422820850e+00 1.694943111185705578e-02
1.516080402010050193e+03 2.230291882286527194e+00 1.694923644239019339e-02
1.521733668341708608e+03 2.230259162645175763e+00 1.694904147089061966e-02
1.527386934673366795e+03 2.230226859104447179e+00 1.694884623078132813e-02
1.533040201005025210e+03 2.230194964434747185e+00 1.694865075430775428e-02
1.538693467336683398e+03 2.230163471566731559e+00 1.694845507261629608e-02
1.544346733668341585e+03 2.230132373586971806e+00 1.694825921575427927e-02
1.550000000000000000e+03 2.230101663733758510e+00 1.694806321278780753e-02
