4.250000000000000000e+02 1.877077783147637069e+00 3.946188263886529768e-01
4.306532663316583012e+02 1.991685474150252988e+00 3.684396311037592131e-01
4.363065326633166023e+02 2.052323216907926628e+00 3.534964087331063376e-01
4.419597989949749035e+02 2.096394050832817157e+00 3.413640156494562872e-01
4.476130653266331478e+02 2.132880414425668558e+00 3.301243243863563048e-01
4.532663316582914490e+02 2.165283623380459765e+00 3.190245922351771513e-01
4.589195979899497502e+02 2.195317965348714928e+00 3.076713821912472890e-01
4.645728643216080513e+02 2.223943768672239418e+00 2.958100140040171300e-01
4.702261306532663525e+02 2.251747636636840078e+00 2.832414860754179364e-01
4.758793969849245968e+02 2.279107677134541987e+00 2.697815842260450903e-01
4.815326633165828980e+02 2.306272704064896928e+00 2.552332423569420583e-01
4.871859296482411992e+02 2.333400598095718426e+00 2.393593175144361762e-01
4.928391959798995003e+02 2.360571713950388784e+00 2.218451422498271264e-01
4.984924623115578015e+02 2.387777202429163470e+00 2.022334566682630896e-01
5.041457286432161027e+02 2.414858369968633678e+00 1.797890549066628874e-01
5.097989949748744039e+02 2.441285191482263528e+00 1.531555793279047728e-01
5.154522613065327050e+02 2.465075558488412089e+00 1.191716478946576591e-01
5.211055276381910062e+02 2.467795157581292198e+00 6.408485947322123399e-02
5.267587939698491937e+02 2.433244289116888837e+00 1.661577823739240206e-02
5.324120603015074948e+02 2.391846580304215486e+00 1.691179949249051184e-02
5.380653266331657960e+02 2.367803410567630440e+00 1.709148887575327735e-02
5.437185929648240972e+02 2.350854013184953573e+00 1.722221008410646653e-02
5.493718592964823983e+02 2.337893812769639812e+00 1.732472112719313576e-02
5.550251256281406995e+02 2.327512607688456914e+00 1.740859756703580161e-02
5.606783919597990007e+02 2.318938023098878087e+00 1.747915932392202915e-02
5.663316582914573019e+02 2.311697621334273478e+00 1.753970466370716186e-02
5.719849246231156030e+02 2.305480338304953136e+00 1.759243355658017538e-02
5.776381909547739042e+02 2.300070230780595804e+00 1.763889252046775546e-02
5.832914572864322054e+02 2.295311269123457620e+00 1.768021274946096622e-02
5.889447236180903928e+02 2.291087117826278163e+00 1.771724784374168610e-02
5.945979899497488077e+02 2.287308809700353773e+00 1.775065835080490151e-02
6.002512562814069952e+02 2.283906867403389551e+00 1.778096616705858099e-02
6.059045226130652964e+02 2.280826069411008739e+00 1.780859091740871064e-02
6.115577889447235975e+02 2.278021859394287141e+00 1.783387507343661693e-02
6.172110552763818987e+02 2.275457815262517336e+00 1.785710177123706749e-02
6.228643216080401999e+02 2.273103823185593786e+00 1.787850774701504192e-02
6.285175879396985010e+02 2.270934733409375905e+00 1.789829291891992941e-02
6.341708542713568022e+02 2.268929353120122006e+00 1.791662761077505300e-02
6.398241206030151034e+02 2.267069679984756725e+00 1.793365808357454821e-02
6.454773869346734045e+02 2.265340310697688153e+00 1.794951083049352650e-02
6.511306532663315920e+02 2.263727978859004342e+00 1.796429595357715639e-02
6.567839195979900069e+02 2.262221189827825274e+00 1.797810984851101052e-02
6.624371859296481944e+02 2.260809929249033345e+00 1.799103736134895909e-02
6.680904522613064955e+02 2.259485428220519232e+00 1.800315353706468877e-02
6.737437185929647967e+02 2.258239972480946545e+00 1.801452504953186470e-02
6.793969849246230979e+02 2.257066746151437986e+00 1.802521138020802410e-02
6.850502512562813990e+02 2.255959702849245740e+00 1.803526579668607646e-02
6.907035175879397002e+02 2.254913458667729742e+00 1.804473617062969312e-02
6.963567839195980014e+02 2.253923202761242361e+00 1.805366566575358420e-02
7.020100502512563025e+02 2.252984622207066856e+00 1.806209331991546346e-02
7.076633165829146037e+02 2.252093838524042546e+00 1.807005454025852401e-02
7.133165829145727912e+02 2.251247353768594639e+00 1.807758152653954342e-02
7.189698492462312061e+02 2.250442004546361563e+00 1.808470363485786131e-02
7.246231155778893935e+02 2.249674922602243665e+00 1.809144769149438267e-02
7.302763819095478084e+02 2.248943500906128712e+00 1.809783826499406986e-02
7.359296482412059959e+02 2.248245364352314812e+00 1.810389790280502245e-02
7.415829145728642970e+02 2.247578344350164237e+00 1.810964733801771753e-02
7.472361809045225982e+02 2.246940456711043144e+00 1.811510567060021712e-02
7.528894472361808994e+02 2.246329882339161976e+00 1.812029052674513432e-02
7.585427135678392006e+02 2.245744950316880484e+00 1.812521819951634638e-02
7.641959798994975017e+02 2.245184123042467839e+00 1.812990377324396121e-02
7.698492462311558029e+02 2.244645983133434886e+00 1.813436123405616149e-02
7.755025125628139904e+02 2.244129221853789602e+00 1.813860356815808622e-02
7.811557788944724052e+02 2.243632628860900091e+00 1.814264284956305234e-02
7.868090452261305927e+02 2.243155083098570923e+00 1.814649031855227260e-02
7.924623115577890076e+02 2.242695544688654952e+00 1.815015645212891826e-02
7.981155778894471950e+02 2.242253047695009105e+00 1.815365102718527468e-02
8.037688442211054962e+02 2.241826693651611357e+00 1.815698317752292151e-02
8.094221105527637974e+02 2.241415645761808850e+00 1.816016144528482049e-02
8.150753768844220986e+02 2.241019123688458681e+00 1.816319382743896566e-02
8.207286432160803997e+02 2.240636398865559098e+00 1.816608781796121355e-02
8.263819095477387009e+02 2.240266790271185471e+00 1.816885044600693652e-02
8.320351758793970021e+02 2.239909660609379127e+00 1.817148831081035268e-02
8.376884422110551895e+02 2.239564412855374442e+00 1.817400761330235232e-02
8.433417085427136044e+02 2.239230487124272084e+00 1.817641418502218692e-02
8.489949748743717919e+02 2.238907357828242795e+00 1.817871351459098353e-02
8.546482412060302067e+02 2.238594531091582240e+00 1.818091077181801726e-02
8.603015075376883942e+02 2.238291542396652734e+00 1.818301082990042908e-02
8.659547738693468091e+02 2.237997954436908632e+00 1.818501828577261115e-02
8.716080402010049966e+02 2.237713355155990680e+00 1.818693747874619224e-02
8.772613065326632977e+02 2.237437355954291718e+00 1.818877250772722026e-02
8.829145728643215989e+02 2.237169590046482082e+00 1.819052724706430799e-02
8.885678391959799001e+02 2.236909710955336195e+00 1.819220536116648163e-02
8.942211055276382012e+02 2.236657391128809902e+00 1.819381031794341241e-02
8.998743718592965024e+02 2.236412320668728082e+00 1.819534540131555536e-02
9.055276381909548036e+02 2.236174206160685962e+00 1.819681372279711995e-02
9.111809045226129911e+02 2.235942769595870683e+00 1.819821823209360340e-02
9.168341708542714059e+02 2.235717747376459119e+00 1.819956172708223421e-02
9.224874371859295934e+02 2.235498889397125932e+00 1.820084686300657562e-02
9.281407035175880083e+02 2.235285958195931677e+00 1.820207616103356948e-02
9.337939698492461957e+02 2.235078728168543805e+00 1.820325201617458560e-02
9.394472361809044969e+02 2.234876984840339365e+00 1.820437670469400235e-02
9.451005025125627981e+02 2.234680524191465345e+00 1.820545239105530316e-02
9.507537688442210992e+02 2.234489152030413095e+00 1.820648113429612983e-02
9.564070351758794004e+02 2.234302683412074941e+00 1.820746489402841339e-02
9.620603015075377016e+02 2.234120942096642803e+00 1.820840553607673898e-02
9.677135678391960028e+02 2.233943760046034566e+00 1.820930483768254046e-02
9.733668341708543039e+02 2.233770976954847942e+00 1.821016449240904153e-02
9.790201005025126051e+02 2.233602439813105800e+00 1.821098611473536202e-02
9.846733668341707926e+02 2.233438002498302488e+00 1.821177124432821204e-02
9.903266331658290937e+02 2.233277525394492979e+00 1.821252135007703915e-02
9.959798994974873949e+02 2.233120875036344266e+00 1.821323783385652914e-02
1.001633165829145696e+03 2.232967923776269181e+00 1.821392203409001251e-02
1.007286432160803997e+03 2.232818549472904923e+00 1.821457522902886900e-02
1.012939698492462298e+03 2.232672635199366873e+00 1.821519863993107530e-02
1.018592964824120600e+03 2.232530068969820203e+00 1.821579343395642384e-02
1.024246231155778787e+03 2.232390743483041895e+00 1.821636072693706004e-02
1.029899497487437202e+03 2.232254555881759472e+00 1.821690158598714832e-02
1.035552763819095617e+03 2.232121407526635792e+00 1.821741703195178808e-02
1.041206030150753804e+03 2.231991203783882494e+00 1.821790804170761793e-02
1.046859296482411992e+03 2.231863853825544197e+00 1.821837555032750425e-02
1.052512562814070407e+03 2.231739270441582601e+00 1.821882045315818821e-02
1.058165829145728594e+03 2.231617369862958444e+00 1.821924360772577550e-02
1.063819095477386782e+03 2.231498071594962163e+00 1.821964583561540632e-02
1.069472361809045196e+03 2.231381298260115109e+00 1.822002792410593736e-02
1.075125628140703611e+03 2.231266975449999634e+00 1.822039062788870928e-02
1.080778894472361799e+03 2.231155031585435822e+00 1.822073467060245783e-02
1.086432160804019986e+03 2.231045397784459539e+00 1.822106074624537178e-02
1.092085427135678401e+03 2.230938007737604423e+00 1.822136952056189682e-02
1.097738693467336816e+03 2.230832797590012184e+00 1.822166163242868245e-02
1.103391959798995003e+03 2.230729705829945786e+00 1.822193769498389390e-02
1.109045226130653191e+03 2.230628673183305377e+00 1.822219829687770493e-02
1.114698492462311606e+03 2.230529642513767286e+00 1.822244400335153169e-02
1.120351758793969793e+03 2.230432558728203674e+00 1.822267535730452345e-02
1.126005025125627981e+03 2.230337368687062671e+00 1.822289288029859886e-02
1.131658291457286396e+03 2.230244021119401676e+00 1.822309707350205921e-02
1.137311557788944810e+03 2.230152466542302481e+00 1.822328841857183759e-02
1.142964824120602998e+03 2.230062657184401331e+00 1.822346737857190313e-02
1.148618090452261185e+03 2.229974546913294553e+00 1.822363439869631799e-02
1.154271356783919600e+03 2.229888091166592368e+00 1.822378990713817773e-02
1.159924623115578015e+03 2.229803246886405965e+00 1.822393431575109954e-02
1.165577889447236203e+03 2.229719972457076427e+00 1.822406802079570495e-02
1.171231155778894390e+03 2.229638227645953208e+00 1.822419140356399195e-02
1.176884422110552805e+03 2.229557973547058314e+00 1.822430483107659316e-02
1.182537688442210992e+03 2.229479172527461195e+00 1.822440865659699302e-02
1.188190954773869180e+03 2.229401788176228916e+00 1.822450322027963088e-02
1.193844221105527595e+03 2.229325785255795722e+00 1.822458884972028015e-02
1.199497487437186010e+03 2.229251129655626773e+00 1.822466586039664382e-02
1.205150753768844197e+03 2.229177788348049916e+00 1.822473455625496161e-02
1.210804020100502385e+03 2.229105729346135600e+00 1.822479523013811192e-02
1.216457286432160799e+03 2.229034921663517466e+00 1.822484816425009105e-02
1.222110552763819214e+03 2.228965335276052340e+00 1.822489363055948899e-02
1.227763819095477402e+03 2.228896941085217520e+00 1.822493189130029029e-02
1.233417085427135589e+03 2.228829710883157400e+00 1.822496319921671978e-02
1.239070351758794004e+03 2.228763617319294177e+00 1.822498779810041020e-02
1.244723618090452419e+03 2.228698633868419154e+00 1.822500592303505362e-02
1.250376884422110379e+03 2.228634734800192696e+00 1.822501780076281677e-02
1.256030150753768794e+03 2.228571895149975113e+00 1.822502365005069375e-02
1.261683417085427209e+03 2.228510090690929424e+00 1.822502368197146880e-02
1.267336683417085396e+03 2.228449297907325821e+00 1.822501810019683255e-02
1.272989949748743584e+03 2.228389493968984336e+00 1.822500710130259965e-02
1.278643216080401999e+03 2.228330656706817514e+00 1.822499087502516685e-02
1.284296482412060413e+03 2.228272764589391830e+00 1.822496960456660570e-02
1.289949748743718601e+03 2.228215796700482976e+00 1.822494346675356675e-02
1.295603015075376788e+03 2.228159732717561958e+00 1.822491263240320555e-02
1.301256281407035203e+03 2.228104552891173373e+00 1.822487726642106967e-02
1.306909547738693618e+03 2.228050238025160112e+00 1.822483752813042202e-02
1.312562814070351806e+03 2.227996769457697646e+00 1.822479357141878684e-02
1.318216080402009993e+03 2.227944129043096133e+00 1.822474554495754143e-02
1.323869346733668408e+03 2.227892299134337062e+00 1.822469359239715578e-02
1.329522613065326595e+03 2.227841262566309766e+00 1.822463785256235244e-02
1.335175879396984783e+03 2.227791002639713636e+00 1.822457845961075393e-02
1.340829145728643198e+03 2.227741503105595822e+00 1.822451554321581624e-02
1.346482412060301613e+03 2.227692748150500890e+00 1.822444922871322912e-02
1.352135678391959800e+03 2.227644722382194242e+00 1.822437963729602733e-02
1.357788944723617988e+03 2.227597410815943757e+00 1.822430688612437788e-02
1.363442211055276402e+03 2.227550798861326786e+00 1.822423108849630449e-02
1.369095477386934817e+03 2.227504872309545636e+00 1.822415235396962832e-02
1.374748743718593005e+03 2.227459617321223551e+00 1.822407078850829185e-02
1.380402010050251192e+03 2.227415020414664326e+00 1.822398649459210096e-02
1.386055276381909607e+03 2.227371068454551128e+00 1.822389957137519889e-02
1.391708542713567795e+03 2.227327748641069416e+00 1.822381011474705909e-02
1.397361809045225982e+03 2.227285048499435316e+00 1.822371821752748894e-02
1.403015075376884397e+03 2.227242955869805918e+00 1.822362396947887347e-02
1.408668341708542812e+03 2.227201458897565711e+00 1.822352745750115480e-02
1.414321608040200999e+03 2.227160546023962517e+00 1.822342876565625699e-02
1.419974874371859187e+03 2.227120205977087597e+00 1.822332797532649068e-02
1.425628140703517602e+03 2.227080427763179049e+00 1.822322516528770628e-02
1.431281407035176017e+03 2.227041200658234299e+00 1.822312041175803629e-02
1.436934673366834204e+03 2.227002514199927674e+00 1.822301378855631024e-02
1.442587939698492391e+03 2.226964358179808645e+00 1.822290536711425324e-02
1.448241206030150806e+03 2.226926722635779843e+00 1.822279521662270585e-02
1.453894472361808994e+03 2.226889597844834867e+00 1.822268340405599346e-02
1.459547738693467409e+03 2.226852974316051448e+00 1.822256999428158511e-02
1.465201005025125596e+03 2.226816842783826633e+00 1.822245505009665451e-02
1.470854271356784011e+03 2.226781194201346459e+00 1.822233863232552986e-02
1.476507537688442198e+03 2.226746019734275439e+00 1.822222079988063473e-02
1.482160804020100386e+03 2.226711310754668993e+00 1.822210160981119556e-02
1.487814070351758801e+03 2.226677058835081713e+00 1.822198111737634990e-02
1.493467336683416988e+03 2.226643255742884353e+00 1.822185937611823722e-02
1.499120603015075403e+03 2.226609893434765119e+00 1.822173643788634403e-02
1.504773869346733591e+03 2.226576964051416141e+00 1.822161235292280371e-02
1.510427135678392006e+03 2.226544459912396690e+00 1.822148716988671729e-02
1.516080402010050193e+03 2.226512373511165155e+00 1.822136093592727560e-02
1.521733668341708608e+03 2.226480697510275331e+00 1.822123369674463408e-02
1.527386934673366795e+03 2.226449424736729465e+00 1.822110549660210799e-02
1.533040201005025210e+03 2.226418548177478307e+00 1.822097637837485906e-02
1.538693467336683398e+03 2.226388060975073913e+00 1.822084638363519887e-02
1.544346733668341585e+03 2.226357956423455242e+00 1.822071555266472839e-02
1.550000000000000000e+03 2.226328227963873641e+00 1.822058392447870392e-02
