4.250000000000000000e+02 1.747776724029871831e+00 4.279977217466057748e-01
4.306532663316583012e+02 1.870990720505510740e+00 3.955124535328934376e-01
4.363065326633166023e+02 1.936222034729882635e+00 3.772349471012192423e-01
4.419597989949749035e+02 1.983674430021617585e+00 3.625304648623421389e-01
4.476130653266331478e+02 2.022985669045609836e+00 3.490087159256862748e-01
4.532663316582914490e+02 2.057908047421889819e+00 3.357379477833435377e-01
4.589195979899497502e+02 2.090276176537751329e+00 3.222327279818212320e-01
4.645728643216080513e+02 2.121115344932258839e+00 3.081780801498604228e-01
4.702261306532663525e+02 2.151048778912814541e+00 2.933250818092129619e-01
4.758793969849245968e+02 2.180473725908827376e+00 2.774381116250611568e-01
4.815326633165828980e+02 2.209644203277331354e+00 2.602566984540464201e-01
4.871859296482411992e+02 2.238707406771364816e+00 2.414537935950297476e-01
4.928391959798995003e+02 2.267706516506623249e+00 2.205715152512947586e-01
4.984924623115578015e+02 2.296534979566572598e+00 1.968956066490769319e-01
5.041457286432161027e+02 2.324751833033311232e+00 1.691529332410993125e-01
5.097989949748744039e+02 2.350714249097786812e+00 1.345444932521591697e-01
5.154522613065327050e+02 2.362426707555040473e+00 8.311135321839481505e-02
5.211055276381910062e+02 2.330955564968540283e+00 1.701063506164427613e-02
5.267587939698491937e+02 2.283331093495320818e+00 1.737798877681458187e-02
5.324120603015074948e+02 2.256592041299741780e+00 1.759577820939182968e-02
5.380653266331657960e+02 2.238045153332699044e+00 1.775278275694128216e-02
5.437185929648240972e+02 2.224005657250740953e+00 1.787537027996502839e-02
5.493718592964823983e+02 2.212840123957026783e+00 1.797544424778498365e-02
5.550251256281406995e+02 2.203668265552881866e+00 1.805952700816007214e-02
5.606783919597990007e+02 2.195957862298439700e+00 1.813162427583451738e-02
5.663316582914573019e+02 2.189361580112529015e+00 1.819438997559420790e-02
5.719849246231156030e+02 2.183639991642543965e+00 1.824968059400340972e-02
5.776381909547739042e+02 2.178621099933623295e+00 1.829884912097692537e-02
5.832914572864322054e+02 2.174177291252525013e+00 1.834291377854829069e-02
5.889447236180903928e+02 2.170211384925785580e+00 1.838266095324245578e-02
5.945979899497488077e+02 2.166647770032207987e+00 1.841871109515111349e-02
6.002512562814069952e+02 2.163426547490890695e+00 1.845156259748005276e-02
6.059045226130652964e+02 2.160499529573125965e+00 1.848162198308325732e-02
6.115577889447235975e+02 2.157827431299311538e+00 1.850922525104022748e-02
6.172110552763818987e+02 2.155377851392508148e+00 1.853465333259535566e-02
6.228643216080401999e+02 2.153123790764936540e+00 1.855814351350278807e-02
6.285175879396985010e+02 2.151042545751496782e+00 1.857989802813636224e-02
6.341708542713568022e+02 2.149114868099069042e+00 1.860009062908077673e-02
6.398241206030151034e+02 2.147324318369308038e+00 1.861887168070221199e-02
6.454773869346734045e+02 2.145656761897440923e+00 1.863637215861937979e-02
6.511306532663315920e+02 2.144099971380175162e+00 1.865270682641900768e-02
6.567839195979900069e+02 2.142643310286217240e+00 1.866797678521991966e-02
6.624371859296481944e+02 2.141277478270994905e+00 1.868227153944089156e-02
6.680904522613064955e+02 2.139994304683865867e+00 1.869567068523232678e-02
6.737437185929647967e+02 2.138786579754244244e+00 1.870824530156332127e-02
6.793969849246230979e+02 2.137647915571908808e+00 1.872005910495238082e-02
6.850502512562813990e+02 2.136572630828343033e+00 1.873116941447584491e-02
6.907035175879397002e+02 2.135555654657714797e+00 1.874162796346501986e-02
6.963567839195980014e+02 2.134592445943397809e+00 1.875148158627125763e-02
7.020100502512563025e+02 2.133678925233106316e+00 1.876077280262665459e-02
7.076633165829146037e+02 2.132811416999100373e+00 1.876954031739448345e-02
7.133165829145727912e+02 2.131986600437031143e+00 1.877781945007169287e-02
7.189698492462312061e+02 2.131201467351916179e+00 1.878564250560301255e-02
7.246231155778893935e+02 2.130453285957479181e+00 1.879303909595960234e-02
7.302763819095478084e+02 2.129739569633969154e+00 1.880003642002892050e-02
7.359296482412059959e+02 2.129058049863239432e+00 1.880665950838090669e-02
7.415829145728642970e+02 2.128406652698523249e+00 1.881293143775785576e-02
7.472361809045225982e+02 2.127783478237721848e+00 1.881887352008736886e-02
7.528894472361808994e+02 2.127186782658990083e+00 1.882450546918719783e-02
7.585427135678392006e+02 2.126614962450473989e+00 1.882984554855219803e-02
7.641959798994975017e+02 2.126066540525690662e+00 1.883491070256701136e-02
7.698492462311558029e+02 2.125540153964974532e+00 1.883971667347475801e-02
7.755025125628139904e+02 2.125034543163694778e+00 1.884427810572690890e-02
7.811557788944724052e+02 2.124548542201345924e+00 1.884860863957025026e-02
7.868090452261305927e+02 2.124081070273306171e+00 1.885272099487555336e-02
7.924623115577890076e+02 2.123631124050204821e+00 1.885662704673154652e-02
7.981155778894471950e+02 2.123197770849215793e+00 1.886033789345764947e-02
8.037688442211054962e+02 2.122780142517869173e+00 1.886386391814054431e-02
8.094221105527637974e+02 2.122377429944733329e+00 1.886721484427456713e-02
8.150753768844220986e+02 2.121988878122916589e+00 1.887039978628046732e-02
8.207286432160803997e+02 2.121613781702245571e+00 1.887342729541316433e-02
8.263819095477387009e+02 2.121251480974359005e+00 1.887630540143592911e-02
8.320351758793970021e+02 2.120901358242158974e+00 1.887904165084650088e-02
8.376884422110551895e+02 2.120562834531199314e+00 1.888164314147325676e-02
8.433417085427136044e+02 2.120235366605898619e+00 1.888411655445685830e-02
8.489949748743717919e+02 2.119918444257993695e+00 1.888646818326624940e-02
8.546482412060302067e+02 2.119611587838607925e+00 1.888870396045461836e-02
8.603015075376883942e+02 2.119314346008692507e+00 1.889082948221262881e-02
8.659547738693468091e+02 2.119026293685567275e+00 1.889285003097462140e-02
8.716080402010049966e+02 2.118747030165842204e+00 1.889477059613272128e-02
8.772613065326632977e+02 2.118476177407258021e+00 1.889659589328879924e-02
8.829145728643215989e+02 2.118213378453925433e+00 1.889833038188568765e-02
8.885678391959799001e+02 2.117958295991158479e+00 1.889997828161077767e-02
8.942211055276382012e+02 2.117710611017610933e+00 1.890154358750606792e-02
8.998743718592965024e+02 2.117470021623720999e+00 1.890303008392977754e-02
9.055276381909548036e+02 2.117236241866661484e+00 1.890444135767856831e-02
9.111809045226129911e+02 2.117009000732991364e+00 1.890578080989755230e-02
9.168341708542714059e+02 2.116788041181126179e+00 1.890705166734490267e-02
9.224874371859295934e+02 2.116573119256543123e+00 1.890825699281366637e-02
9.281407035175880083e+02 2.116364003273347283e+00 1.890939969479537436e-02
9.337939698492461957e+02 2.116160473056454272e+00 1.891048253651648331e-02
9.394472361809044969e+02 2.115962319239214295e+00 1.891150814432593016e-02
9.451005025125627981e+02 2.115769342611792503e+00 1.891247901556455946e-02
9.507537688442210992e+02 2.115581353516081897e+00 1.891339752589423981e-02
9.564070351758794004e+02 2.115398171283304762e+00 1.891426593611144139e-02
9.620603015075377016e+02 2.115219623710837382e+00 1.891508639857550009e-02
9.677135678391960028e+02 2.115045546575093471e+00 1.891586096317036253e-02
9.733668341708543039e+02 2.114875783177605495e+00 1.891659158294155957e-02
9.790201005025126051e+02 2.114710183921686859e+00 1.891728011933877310e-02
9.846733668341707926e+02 2.114548605917302648e+00 1.891792834711163857e-02
9.903266331658290937e+02 2.114390912611978202e+00 1.891853795896507318e-02
9.959798994974873949e+02 2.114236973445763113e+00 1.891911056991596451e-02
1.001633165829145696e+03 2.114086663528442767e+00 1.891964772129311328e-02
1.007286432160803997e+03 2.113939863337345848e+00 1.892015088466248232e-02
1.012939698492462298e+03 2.113796458434224146e+00 1.892062146531441058e-02
1.018592964824120600e+03 2.113656339199820433e+00 1.892106080578254829e-02
1.024246231155778787e+03 2.113519400584848551e+00 1.892147018893718807e-02
1.029899497487437202e+03 2.113385541876210194e+00 1.892185084105226997e-02
1.035552763819095617e+03 2.113254666477378141e+00 1.892220393455296829e-02
1.041206030150753804e+03 2.113126681701953835e+00 1.892253059081961536e-02
1.046859296482411992e+03 2.113001498579482273e+00 1.892283188259052951e-02
1.052512562814070407e+03 2.112879031672689756e+00 1.892310883638638128e-02
1.058165829145728594e+03 2.112759198905368230e+00 1.892336243474507934e-02
1.063819095477386782e+03 2.112641921400185474e+00 1.892359361840811188e-02
1.069472361809045196e+03 2.112527123325767420e+00 1.892380328818866683e-02
1.075125628140703611e+03 2.112414731752435326e+00 1.892399230703787141e-02
1.080778894472361799e+03 2.112304676516034707e+00 1.892416150167573752e-02
1.086432160804019986e+03 2.112196890089331536e+00 1.892431166442048313e-02
1.092085427135678401e+03 2.112091307460491230e+00 1.892444355472351278e-02
1.097738693467336816e+03 2.111987866018186999e+00 1.892455790070354457e-02
1.103391959798995003e+03 2.111886505442926776e+00 1.892465540063294205e-02
1.109045226130653191e+03 2.111787167604199933e+00 1.892473672423562042e-02
1.114698492462311606e+03 2.111689796463093849e+00 1.892480251405465400e-02
1.120351758793969793e+03 2.111594337980039704e+00 1.892485338660806690e-02
1.126005025125627981e+03 2.111500740027376199e+00 1.892488993364968217e-02
1.131658291457286396e+03 2.111408952306439879e+00 1.892491272318306758e-02
1.137311557788944810e+03 2.111318926268914709e+00 1.892492230059233255e-02
1.142964824120602998e+03 2.111230615042183789e+00 1.892491918959652783e-02
1.148618090452261185e+03 2.111143973358452275e+00 1.892490389321538347e-02
1.154271356783919600e+03 2.111058957487418564e+00 1.892487689467603831e-02
1.159924623115578015e+03 2.110975525172290368e+00 1.892483865826078901e-02
1.165577889447236203e+03 2.110893635568952931e+00 1.892478963013107321e-02
1.171231155778894390e+03 2.110813249188111751e+00 1.892473023913947977e-02
1.176884422110552805e+03 2.110734327840237956e+00 1.892466089751242489e-02
1.182537688442210992e+03 2.110656834583166219e+00 1.892458200156784190e-02
1.188190954773869180e+03 2.110580733672189346e+00 1.892449393245611289e-02
1.193844221105527595e+03 2.110505990512518082e+00 1.892439705667790795e-02
1.199497487437186010e+03 2.110432571613979125e+00 1.892429172682478372e-02
1.205150753768844197e+03 2.110360444547818570e+00 1.892417828206151287e-02
1.210804020100502385e+03 2.110289577905509972e+00 1.892405704871386041e-02
1.216457286432160799e+03 2.110219941259453780e+00 1.892392834083277478e-02
1.222110552763819214e+03 2.110151505125469118e+00 1.892379246064115894e-02
1.227763819095477402e+03 2.110084240926980215e+00 1.892364969906263836e-02
1.233417085427135589e+03 2.110018120960816201e+00 1.892350033614466701e-02
1.239070351758794004e+03 2.109953118364534141e+00 1.892334464151672335e-02
1.244723618090452419e+03 2.109889207085186680e+00 1.892318287480152655e-02
1.250376884422110379e+03 2.109826361849469478e+00 1.892301528606135305e-02
1.256030150753768794e+03 2.109764558135163171e+00 1.892284211608005751e-02
1.261683417085427209e+03 2.109703772143820100e+00 1.892266359682101204e-02
1.267336683417085396e+03 2.109643980774624783e+00 1.892247995174419981e-02
1.272989949748743584e+03 2.109585161599366376e+00 1.892229139614675509e-02
1.278643216080401999e+03 2.109527292838484502e+00 1.892209813746821567e-02
1.284296482412060413e+03 2.109470353338111170e+00 1.892190037560751575e-02
1.289949748743718601e+03 2.109414322548086140e+00 1.892169830320471549e-02
1.295603015075376788e+03 2.109359180500880449e+00 1.892149210596965128e-02
1.301256281407035203e+03 2.109304907791388572e+00 1.892128196285802408e-02
1.306909547738693618e+03 2.109251485557556371e+00 1.892106804641171744e-02
1.312562814070351806e+03 2.109198895461792844e+00 1.892085052298177195e-02
1.318216080402009993e+03 2.109147119673136839e+00 1.892062955292787493e-02
1.323869346733668408e+03 2.109096140850140966e+00 1.892040529092342896e-02
1.329522613065326595e+03 2.109045942124441630e+00 1.892017788607287115e-02
1.335175879396984783e+03 2.108996507084976102e+00 1.891994748218150946e-02
1.340829145728643198e+03 2.108947819762829301e+00 1.891971421795496031e-02
1.346482412060301613e+03 2.108899864616667230e+00 1.891947822718683184e-02
1.352135678391959800e+03 2.108852626518747275e+00 1.891923963889945853e-02
1.357788944723617988e+03 2.108806090741458750e+00 1.891899857755503789e-02
1.363442211055276402e+03 2.108760242944392793e+00 1.891875516324330667e-02
1.369095477386934817e+03 2.108715069161897659e+00 1.891850951181051413e-02
1.374748743718593005e+03 2.108670555791110957e+00 1.891826173501187300e-02
1.380402010050251192e+03 2.108626689580444857e+00 1.891801194069922532e-02
1.386055276381909607e+03 2.108583457618501633e+00 1.891776023289130915e-02
1.391708542713567795e+03 2.108540847323403522e+00 1.891750671200839728e-02
1.397361809045225982e+03 2.108498846432516505e+00 1.891725147493080600e-02
1.403015075376884397e+03 2.108457442992558661e+00 1.891699461512789948e-02
1.408668341708542812e+03 2.108416625350062912e+00 1.891673622283399081e-02
1.414321608040200999e+03 2.108376382142194139e+00 1.891647638510689580e-02
1.419974874371859187e+03 2.108336702287896269e+00 1.891621518598037704e-02
1.425628140703517602e+03 2.108297574979357325e+00 1.891595270653444530e-02
1.431281407035176017e+03 2.108258989673782668e+00 1.891568902503605251e-02
1.436934673366834204e+03 2.108220936085457353e+00 1.891542421703288138e-02
1.442587939698492391e+03 2.108183404178094467e+00 1.891515835541187837e-02
1.448241206030150806e+03 2.108146384157447706e+00 1.891489151053999535e-02
1.453894472361808994e+03 2.108109866464186855e+00 1.891462375033447010e-02
1.459547738693467409e+03 2.108073841767018841e+00 1.891435514033314516e-02
1.465201005025125596e+03 2.108038300956045052e+00 1.891408574381170382e-02
1.470854271356784011e+03 2.108003235136354014e+00 1.891381562180702997e-02
1.476507537688442198e+03 2.107968635621825015e+00 1.891354483324620903e-02
1.482160804020100386e+03 2.107934493929148889e+00 1.891327343502858735e-02
1.487814070351758801e+03 2.107900801772048638e+00 1.891300148202562995e-02
1.493467336683416988e+03 2.107867551055694566e+00 1.891272902722169330e-02
1.499120603015075403e+03 2.107834733871308153e+00 1.891245612173738516e-02
1.504773869346733591e+03 2.107802342490943115e+00 1.891218281491161349e-02
1.510427135678392006e+03 2.107770369362442331e+00 1.891190915434844827e-02
1.516080402010050193e+03 2.107738807104559520e+00 1.891163518598745069e-02
1.521733668341708608e+03 2.107707648502239017e+00 1.891136095418573942e-02
1.527386934673366795e+03 2.107676886502054536e+00 1.891108650169442268e-02
1.533040201005025210e+03 2.107646514207790478e+00 1.891081186979935366e-02
1.538693467336683398e+03 2.107616524876169795e+00 1.891053709829757304e-02
1.544346733668341585e+03 2.107586911912716410e+00 1.891026222562636194e-02
1.550000000000000000e+03 2.107557668867753087e+00 1.890998728881616159e-02
