4.250000000000000000e+02 1.702541665340655319e+00 3.973284988949628005e-01
4.306532663316583012e+02 1.817636970276469199e+00 3.682631129710430273e-01
4.363065326633166023e+02 1.878580053955158258e+00 3.518045749456206184e-01
4.419597989949749035e+02 1.922916441788237618e+00 3.385086453120603744e-01
4.476130653266331478e+02 1.959650918165344091e+00 3.262437378882975247e-01
4.532663316582914490e+02 1.992290797012978398e+00 3.141766123637356745e-01
4.589195979899497502e+02 2.022551963817114551e+00 3.018720391784504020e-01
4.645728643216080513e+02 2.051394492832936844e+00 2.890470332085165461e-01
4.702261306532663525e+02 2.079403458153195938e+00 2.754778325282877804e-01
4.758793969849245968e+02 2.106953987937785211e+00 2.609530581537263250e-01
4.815326633165828980e+02 2.134289588808791382e+00 2.452402038558141872e-01
4.871859296482411992e+02 2.161558280522016151e+00 2.280496521597635828e-01
4.928391959798995003e+02 2.188820235349860255e+00 2.089804540767958019e-01
4.984924623115578015e+02 2.216019006261491509e+00 1.874170065290344800e-01
5.041457286432161027e+02 2.242857874594923029e+00 1.622884112142878865e-01
5.097989949748744039e+02 2.268244353209878827e+00 1.313425913428788172e-01
5.154522613065327050e+02 2.285322424270514130e+00 8.753105489456700083e-02
5.211055276381910062e+02 2.258620766863018492e+00 1.529994657531329530e-02
5.267587939698491937e+02 2.210905846532821961e+00 1.563865505234763101e-02
5.324120603015074948e+02 2.184632369220285142e+00 1.583475698791902628e-02
5.380653266331657960e+02 2.166572816987323957e+00 1.597428370858574795e-02
5.437185929648240972e+02 2.152974511003617142e+00 1.608223949953595591e-02
5.493718592964823983e+02 2.142197559966027676e+00 1.616975276882028079e-02
5.550251256281406995e+02 2.133366766522287072e+00 1.624285961707673531e-02
5.606783919597990007e+02 2.125956711308679914e+00 1.630523852193829781e-02
5.663316582914573019e+02 2.119626326212798340e+00 1.635931143625235507e-02
5.719849246231156030e+02 2.114141484876209010e+00 1.640676370117986199e-02
5.776381909547739042e+02 2.109334562861629792e+00 1.644881797039627128e-02
5.832914572864322054e+02 2.105081533142132866e+00 1.648639061544878229e-02
5.889447236180903928e+02 2.101288163478808535e+00 1.652018671198206973e-02
5.945979899497488077e+02 2.097881279590792847e+00 1.655076061606596677e-02
6.002512562814069952e+02 2.094803009291472673e+00 1.657855616299194063e-02
6.059045226130652964e+02 2.092006862562388658e+00 1.660393423842384045e-02
6.115577889447235975e+02 2.089454986155593552e+00 1.662719222243516648e-02
6.172110552763818987e+02 2.087116194178939121e+00 1.664857803323845434e-02
6.228643216080401999e+02 2.084964525723154161e+00 1.666830048196639089e-02
6.285175879396985010e+02 2.082978169145992098e+00 1.668653704696042295e-02
6.341708542713568022e+02 2.081138646858844865e+00 1.670343980464138178e-02
6.398241206030151034e+02 2.079430188669971091e+00 1.671914001894096377e-02
6.454773869346734045e+02 2.077839243888680798e+00 1.673375173830870741e-02
6.511306532663315920e+02 2.076354097073722649e+00 1.674737464750681443e-02
6.567839195979900069e+02 2.074964562240661614e+00 1.676009635247335469e-02
6.624371859296481944e+02 2.073661737189136822e+00 1.677199422832385822e-02
6.680904522613064955e+02 2.072437804410474538e+00 1.678313692730818915e-02
6.737437185929647967e+02 2.071285868452980239e+00 1.679358561902635424e-02
6.793969849246230979e+02 2.070199822089042296e+00 1.680339501825984724e-02
6.850502512562813990e+02 2.069174235432135411e+00 1.681261424241634050e-02
6.907035175879397002e+02 2.068204263486731698e+00 1.682128753164637003e-02
6.963567839195980014e+02 2.067285568612784896e+00 1.682945485701407839e-02
7.020100502512563025e+02 2.066414255141207690e+00 1.683715243717320148e-02
7.076633165829146037e+02 2.065586813952471346e+00 1.684441317947853178e-02
7.133165829145727912e+02 2.064800075273598434e+00 1.685126705845060510e-02
7.189698492462312061e+02 2.064051168292577287e+00 1.685774144205062081e-02
7.246231155778893935e+02 2.063337486458050485e+00 1.686386137397200002e-02
7.302763819095478084e+02 2.062656657543817218e+00 1.686964981926425064e-02
7.359296482412059959e+02 2.062006517725524457e+00 1.687512787832637709e-02
7.415829145728642970e+02 2.061385089050852049e+00 1.688031497454833135e-02
7.472361809045225982e+02 2.060790559791997545e+00 1.688522901909145918e-02
7.528894472361808994e+02 2.060221267256070021e+00 1.688988655616795870e-02
7.585427135678392006e+02 2.059675682699430244e+00 1.689430289146342037e-02
7.641959798994975017e+02 2.059152398049515220e+00 1.689849220614992806e-02
7.698492462311558029e+02 2.058650114184772395e+00 1.690246765815393501e-02
7.755025125628139904e+02 2.058167630562162564e+00 1.690624147252342557e-02
7.811557788944724052e+02 2.057703836013767607e+00 1.690982502225176973e-02
7.868090452261305927e+02 2.057257700560720881e+00 1.691322890061539713e-02
7.924623115577890076e+02 2.056828268114918590e+00 1.691646298625682637e-02
7.981155778894471950e+02 2.056414649957570617e+00 1.691953650163270303e-02
8.037688442211054962e+02 2.056016018899331943e+00 1.692245806592583210e-02
8.094221105527637974e+02 2.055631604039909632e+00 1.692523574264832506e-02
8.150753768844220986e+02 2.055260686056237684e+00 1.692787708295915433e-02
8.207286432160803997e+02 2.054902592957763119e+00 1.693038916486248879e-02
8.263819095477387009e+02 2.054556696255473103e+00 1.693277862880437912e-02
8.320351758793970021e+02 2.054222407498169645e+00 1.693505171022188782e-02
8.376884422110551895e+02 2.053899175135406985e+00 1.693721426899319482e-02
8.433417085427136044e+02 2.053586481671568986e+00 1.693927181662693154e-02
8.489949748743717919e+02 2.053283841079943439e+00 1.694122954088661537e-02
8.546482412060302067e+02 2.052990796449385424e+00 1.694309232844928154e-02
8.603015075376883942e+02 2.052706917839465905e+00 1.694486478572422572e-02
8.659547738693468091e+02 2.052431800322787492e+00 1.694655125791736869e-02
8.716080402010049966e+02 2.052165062195641099e+00 1.694815584658325436e-02
8.772613065326632977e+02 2.051906343340305305e+00 1.694968242578780843e-02
8.829145728643215989e+02 2.051655303724160273e+00 1.695113465700450253e-02
8.885678391959799001e+02 2.051411622022440095e+00 1.695251600291819080e-02
8.942211055276382012e+02 2.051174994352864989e+00 1.695382974006164056e-02
8.998743718592965024e+02 2.050945133111679919e+00 1.695507897064156555e-02
9.055276381909548036e+02 2.050721765901710736e+00 1.695626663338661161e-02
9.111809045226129911e+02 2.050504634544057403e+00 1.695739551372096865e-02
9.168341708542714059e+02 2.050293494165885910e+00 1.695846825295149046e-02
9.224874371859295934e+02 2.050088112357564718e+00 1.695948735722971334e-02
9.281407035175880083e+02 2.049888268393054602e+00 1.696045520537383527e-02
9.337939698492461957e+02 2.049693752508085609e+00 1.696137405659968803e-02
9.394472361809044969e+02 2.049504365231167302e+00 1.696224605741569053e-02
9.451005025125627981e+02 2.049319916762975868e+00 1.696307324816738113e-02
9.507537688442210992e+02 2.049140226400079090e+00 1.696385756919333021e-02
9.564070351758794004e+02 2.048965121999345218e+00 1.696460086639696788e-02
9.620603015075377016e+02 2.048794439479712626e+00 1.696530489669334854e-02
9.677135678391960028e+02 2.048628022358329304e+00 1.696597133286032247e-02
9.733668341708543039e+02 2.048465721318304400e+00 1.696660176823988272e-02
9.790201005025126051e+02 2.048307393805603560e+00 1.696719772110695523e-02
9.846733668341707926e+02 2.048152903652804557e+00 1.696776063868005516e-02
9.903266331658290937e+02 2.048002120727663744e+00 1.696829190102292287e-02
9.959798994974873949e+02 2.047854920604587292e+00 1.696879282456272009e-02
1.001633165829145696e+03 2.047711184257295702e+00 1.696926466546076762e-02
1.007286432160803997e+03 2.047570797771102402e+00 1.696970862280997028e-02
1.012939698492462298e+03 2.047433652073352484e+00 1.697012584158072435e-02
1.018592964824120600e+03 2.047299642680710186e+00 1.697051741542028591e-02
1.024246231155778787e+03 2.047168669462071211e+00 1.697088438925347526e-02
1.029899497487437202e+03 2.047040636415987436e+00 1.697122776180277209e-02
1.035552763819095617e+03 2.046915451461577273e+00 1.697154848787091330e-02
1.041206030150753804e+03 2.046793026241980229e+00 1.697184748056939155e-02
1.046859296482411992e+03 2.046673275939484782e+00 1.697212561337529610e-02
1.052512562814070407e+03 2.046556119101530236e+00 1.697238372208200938e-02
1.058165829145728594e+03 2.046441477476843129e+00 1.697262260663082514e-02
1.063819095477386782e+03 2.046329275861026531e+00 1.697284303291523785e-02
1.069472361809045196e+03 2.046219441950976048e+00 1.697304573430935548e-02
1.075125628140703611e+03 2.046111906207531916e+00 1.697323141331311472e-02
1.080778894472361799e+03 2.046006601725841367e+00 1.697340074302648022e-02
1.086432160804019986e+03 2.045903464112915682e+00 1.697355436846586380e-02
1.092085427135678401e+03 2.045802431371937846e+00 1.697369290794518981e-02
1.097738693467336816e+03 2.045703443792876719e+00 1.697381695427315623e-02
1.103391959798995003e+03 2.045606443849020906e+00 1.697392707600217307e-02
1.109045226130653191e+03 2.045511376099055312e+00 1.697402381845437153e-02
1.114698492462311606e+03 2.045418187094341533e+00 1.697410770485174511e-02
1.120351758793969793e+03 2.045326825291081896e+00 1.697417923730192707e-02
1.126005025125627981e+03 2.045237240967069603e+00 1.697423889773120795e-02
1.131658291457286396e+03 2.045149386142748771e+00 1.697428714880408820e-02
1.137311557788944810e+03 2.045063214506325888e+00 1.697432443480324793e-02
1.142964824120602998e+03 2.044978681342694671e+00 1.697435118240450680e-02
1.148618090452261185e+03 2.044895743465946492e+00 1.697436780149077021e-02
1.154271356783919600e+03 2.044814359155262551e+00 1.697437468583487888e-02
1.159924623115578015e+03 2.044734488093987057e+00 1.697437221386068756e-02
1.165577889447236203e+03 2.044656091311702450e+00 1.697436074928621724e-02
1.171231155778894390e+03 2.044579131129132143e+00 1.697434064172735277e-02
1.176884422110552805e+03 2.044503571105718454e+00 1.697431222735364467e-02
1.182537688442210992e+03 2.044429375989718523e+00 1.697427582941319485e-02
1.188190954773869180e+03 2.044356511670677889e+00 1.697423175880964988e-02
1.193844221105527595e+03 2.044284945134163589e+00 1.697418031460060442e-02
1.199497487437186010e+03 2.044214644418611115e+00 1.697412178453510875e-02
1.205150753768844197e+03 2.044145578574194655e+00 1.697405644546025674e-02
1.210804020100502385e+03 2.044077717623592250e+00 1.697398456381920412e-02
1.216457286432160799e+03 2.044011032524557070e+00 1.697390639609681548e-02
1.222110552763819214e+03 2.043945495134190882e+00 1.697382218914744029e-02
1.227763819095477402e+03 2.043881078174837107e+00 1.697373218070579587e-02
1.233417085427135589e+03 2.043817755201503328e+00 1.697363659963610147e-02
1.239070351758794004e+03 2.043755500570736849e+00 1.697353566637740604e-02
1.244723618090452419e+03 2.043694289410877829e+00 1.697342959325802078e-02
1.250376884422110379e+03 2.043634097593616250e+00 1.697331858478375033e-02
1.256030150753768794e+03 2.043574901706798563e+00 1.697320283801760643e-02
1.261683417085427209e+03 2.043516679028400063e+00 1.697308254282873033e-02
1.267336683417085396e+03 2.043459407501627911e+00 1.697295788216734991e-02
1.272989949748743584e+03 2.043403065711078437e+00 1.697282903237902485e-02
1.278643216080401999e+03 2.043347632859914498e+00 1.697269616342723594e-02
1.284296482412060413e+03 2.043293088747996755e+00 1.697255943914213056e-02
1.289949748743718601e+03 2.043239413750935096e+00 1.697241901750846937e-02
1.295603015075376788e+03 2.043186588800008696e+00 1.697227505079658416e-02
1.301256281407035203e+03 2.043134595362913419e+00 1.697212768590261253e-02
1.306909547738693618e+03 2.043083415425302363e+00 1.697197706445324056e-02
1.312562814070351806e+03 2.043033031473075134e+00 1.697182332304124353e-02
1.318216080402009993e+03 2.042983426475385222e+00 1.697166659342177336e-02
1.323869346733668408e+03 2.042934583868330378e+00 1.697150700269553850e-02
1.329522613065326595e+03 2.042886487539293583e+00 1.697134467347890044e-02
1.335175879396984783e+03 2.042839121811906633e+00 1.697117972410011263e-02
1.340829145728643198e+03 2.042792471431606138e+00 1.697101226867780976e-02
1.346482412060301613e+03 2.042746521551753958e+00 1.697084241736956586e-02
1.352135678391959800e+03 2.042701257720301644e+00 1.697067027646344956e-02
1.357788944723617988e+03 2.042656665866966481e+00 1.697049594857424210e-02
1.363442211055276402e+03 2.042612732290904010e+00 1.697031953269570806e-02
1.369095477386934817e+03 2.042569443648848182e+00 1.697014112440991054e-02
1.374748743718593005e+03 2.042526786943705819e+00 1.696996081596563802e-02
1.380402010050251192e+03 2.042484749513579612e+00 1.696977869643534823e-02
1.386055276381909607e+03 2.042443319021199688e+00 1.696959485179362626e-02
1.391708542713567795e+03 2.042402483443757077e+00 1.696940936506102435e-02
1.397361809045225982e+03 2.042362231063105771e+00 1.696922231636941586e-02
1.403015075376884397e+03 2.042322550456330266e+00 1.696903378311893570e-02
1.408668341708542812e+03 2.042283430486658169e+00 1.696884384001716081e-02
1.414321608040200999e+03 2.042244860294702313e+00 1.696865255926221366e-02
1.419974874371859187e+03 2.042206829290022174e+00 1.696846001050343264e-02
1.425628140703517602e+03 2.042169327142984159e+00 1.696826626105064212e-02
1.431281407035176017e+03 2.042132343776919878e+00 1.696807137588717679e-02
1.436934673366834204e+03 2.042095869360559757e+00 1.696787541780063122e-02
1.442587939698492391e+03 2.042059894300729983e+00 1.696767844738279393e-02
1.448241206030150806e+03 2.042024409235317250e+00 1.696748052321275096e-02
1.453894472361808994e+03 2.041989405026468418e+00 1.696728170183064641e-02
1.459547738693467409e+03 2.041954872754032202e+00 1.696708203786845282e-02
1.465201005025125596e+03 2.041920803709228682e+00 1.696688158406297817e-02
1.470854271356784011e+03 2.041887189388532420e+00 1.696668039139973341e-02
1.476507537688442198e+03 2.041854021487767845e+00 1.696647850911285269e-02
1.482160804020100386e+03 2.041821291896404933e+00 1.696627598471119741e-02
1.487814070351758801e+03 2.041788992692045834e+00 1.696607286414838697e-02
1.493467336683416988e+03 2.041757116135102024e+00 1.696586919178348640e-02
1.499120603015075403e+03 2.041725654663643752e+00 1.696566501045942629e-02
1.504773869346733591e+03 2.041694600888423583e+00 1.696546036156838799e-02
1.510427135678392006e+03 2.041663947588065575e+00 1.696525528509098060e-02
1.516080402010050193e+03 2.041633687704411226e+00 1.696504981962235203e-02
1.521733668341708608e+03 2.041603814338019962e+00 1.696484400247680671e-02
1.527386934673366795e+03 2.041574320743813509e+00 1.696463786967466331e-02
1.533040201005025210e+03 2.041545200326861931e+00 1.696443145599453237e-02
1.538693467336683398e+03 2.041516446638310889e+00 1.696422479503869457e-02
1.544346733668341585e+03 2.041488053371430134e+00 1.696401791927229855e-02
1.550000000000000000e+03 2.041460014357795671e+00 1.696381085999711449e-02
