4.250000000000000000e+02 1.748732633879626963e+00 3.752305301405131077e-01
4.306532663316583012e+02 1.858883528469781554e+00 3.497086206063065306e-01
4.363065326633166023e+02 1.917062362697514288e+00 3.352533972698681364e-01
4.419597989949749035e+02 1.959297796107937639e+00 3.235739299861837281e-01
4.476130653266331478e+02 1.994235154040274516e+00 3.127902653978092973e-01
4.532663316582914490e+02 2.025242828984582300e+00 3.021674051206519329e-01
4.589195979899497502e+02 2.053969555965623695e+00 2.913232092279459118e-01
4.645728643216080513e+02 2.081338833837546698e+00 2.800121822098459723e-01
4.702261306532663525e+02 2.107914873059261840e+00 2.680443472696528162e-01
4.758793969849245968e+02 2.134061658245953286e+00 2.552456821377934726e-01
4.815326633165828980e+02 2.160019319749693523e+00 2.414318693304209063e-01
4.871859296482411992e+02 2.185941401695020936e+00 2.263830786030835152e-01
4.928391959798995003e+02 2.211908569344029463e+00 2.098100519199957159e-01
4.984924623115578015e+02 2.237919382629025566e+00 1.912962304577008332e-01
5.041457286432161027e+02 2.263837848486153437e+00 1.701795323626367484e-01
5.097989949748744039e+02 2.289202822285778094e+00 1.452598650460130703e-01
5.154522613065327050e+02 2.312327016774060162e+00 1.138337828922371259e-01
5.211055276381910062e+02 2.319857158689839771e+00 6.553945848703980614e-02
5.267587939698491937e+02 2.289502311705056581e+00 1.164502501553172503e-02
5.324120603015074948e+02 2.247373560874696974e+00 1.186907214942222941e-02
5.380653266331657960e+02 2.223375187422329979e+00 1.200260474111893363e-02
5.437185929648240972e+02 2.206596560450622135e+00 1.209896426443893280e-02
5.493718592964823983e+02 2.193825181911675859e+00 1.217417437340743459e-02
5.550251256281406995e+02 2.183624332443068194e+00 1.223551817297786198e-02
5.606783919597990007e+02 2.175214920087036763e+00 1.228700363554943893e-02
5.663316582914573019e+02 2.168123676995978855e+00 1.233109932126320689e-02
5.719849246231156030e+02 2.162040559436482656e+00 1.236944387323721424e-02
5.776381909547739042e+02 2.156751155009422050e+00 1.240318499932524521e-02
5.832914572864322054e+02 2.152101003695816583e+00 1.243315977009894734e-02
5.889447236180903928e+02 2.147975216498390516e+00 1.245999837103119005e-02
5.945979899497488077e+02 2.144286104595671372e+00 1.248418752560142946e-02
6.002512562814069952e+02 2.140965300304010555e+00 1.250611116947412255e-02
6.059045226130652964e+02 2.137958538338591730e+00 1.252607757318764323e-02
6.115577889447235975e+02 2.135222084778010565e+00 1.254433802394868194e-02
6.172110552763818987e+02 2.132720225404074021e+00 1.256110005078106724e-02
6.228643216080401999e+02 2.130423457070528936e+00 1.257653700856639981e-02
6.285175879396985010e+02 2.128307158485606809e+00 1.259079516646744237e-02
6.341708542713568022e+02 2.126350595737089844e+00 1.260399904438921047e-02
6.398241206030151034e+02 2.124536166441024054e+00 1.261625549450366354e-02
6.454773869346734045e+02 2.122848817142816369e+00 1.262765686689372793e-02
6.511306532663315920e+02 2.121275588580344262e+00 1.263828349594720880e-02
6.567839195979900069e+02 2.119805256703905627e+00 1.264820567548067230e-02
6.624371859296481944e+02 2.118428046364037254e+00 1.265748524416328291e-02
6.680904522613064955e+02 2.117135400811146706e+00 1.266617686984879143e-02
6.737437185929647967e+02 2.115919794532224341e+00 1.267432909931168368e-02
6.793969849246230979e+02 2.114774580076806743e+00 1.268198522289638343e-02
6.850502512562813990e+02 2.113693861787155459e+00 1.268918399186855055e-02
6.907035175879397002e+02 2.112672391006062522e+00 1.269596021778509123e-02
6.963567839195980014e+02 2.111705478565481631e+00 1.270234527646792004e-02
7.020100502512563025e+02 2.110788921281066877e+00 1.270836753384936221e-02
7.076633165829146037e+02 2.109918939875728761e+00 1.271405270847014539e-02
7.133165829145727912e+02 2.109092126288727886e+00 1.271942418097450275e-02
7.189698492462312061e+02 2.108305398738107073e+00 1.272450326000093557e-02
7.246231155778893935e+02 2.107555963223857187e+00 1.272930941157275446e-02
7.302763819095478084e+02 2.106841280409505135e+00 1.273386045782005059e-02
7.359296482412059959e+02 2.106159037017222513e+00 1.273817274975098598e-02
7.415829145728642970e+02 2.105507121028308504e+00 1.274226131819682951e-02
7.472361809045225982e+02 2.104883600106133734e+00 1.274614000600200921e-02
7.528894472361808994e+02 2.104286702759325944e+00 1.274982158435804085e-02
7.585427135678392006e+02 2.103714801844355442e+00 1.275331785522997724e-02
7.641959798994975017e+02 2.103166400072822295e+00 1.275663974215128851e-02
7.698492462311558029e+02 2.102640117242773776e+00 1.275979737072239703e-02
7.755025125628139904e+02 2.102134678957736647e+00 1.276280014023883219e-02
7.811557788944724052e+02 2.101648906633687197e+00 1.276565678753275798e-02
7.868090452261305927e+02 2.101181708624492384e+00 1.276837544424128806e-02
7.924623115577890076e+02 2.100732072321506827e+00 1.277096368787227106e-02
7.981155778894471950e+02 2.100299057104063394e+00 1.277342858804070801e-02
8.037688442211054962e+02 2.099881788035181440e+00 1.277577674769577593e-02
8.094221105527637974e+02 2.099479450211667153e+00 1.277801434075382520e-02
8.150753768844220986e+02 2.099091283690266430e+00 1.278014714574081390e-02
8.207286432160803997e+02 2.098716578922141363e+00 1.278218057653963957e-02
8.263819095477387009e+02 2.098354672636927098e+00 1.278411971015321925e-02
8.320351758793970021e+02 2.098004944125307247e+00 1.278596931198290772e-02
8.376884422110551895e+02 2.097666811875593673e+00 1.278773385889408684e-02
8.433417085427136044e+02 2.097339730525420443e+00 1.278941756018281938e-02
8.489949748743717919e+02 2.097023188094494728e+00 1.279102437672991095e-02
8.546482412060302067e+02 2.096716703468494813e+00 1.279255803864477563e-02
8.603015075376883942e+02 2.096419824107829566e+00 1.279402206130128214e-02
8.659547738693468091e+02 2.096132123958053928e+00 1.279541976004889940e-02
8.716080402010049966e+02 2.095853201541468813e+00 1.279675426388161320e-02
8.772613065326632977e+02 2.095582678211770578e+00 1.279802852777377382e-02
8.829145728643215989e+02 2.095320196555672254e+00 1.279924534434601427e-02
8.885678391959799001e+02 2.095065418927211542e+00 1.280040735425711299e-02
8.942211055276382012e+02 2.094818026102031716e+00 1.280151705617483225e-02
8.998743718592965024e+02 2.094577716040296078e+00 1.280257681568626807e-02
9.055276381909548036e+02 2.094344202748120942e+00 1.280358887373975706e-02
9.111809045226129911e+02 2.094117215228458395e+00 1.280455535434271361e-02
9.168341708542714059e+02 2.093896496513321548e+00 1.280547827179461667e-02
9.224874371859295934e+02 2.093681802770073652e+00 1.280635953730058750e-02
9.281407035175880083e+02 2.093472902475227215e+00 1.280720096524432840e-02
9.337939698492461957e+02 2.093269575649874259e+00 1.280800427882687435e-02
9.394472361809044969e+02 2.093071613151433752e+00 1.280877111557500794e-02
9.451005025125627981e+02 2.092878816016926269e+00 1.280950303220012611e-02
9.507537688442210992e+02 2.092690994853447783e+00 1.281020150934590075e-02
9.564070351758794004e+02 2.092507969271927504e+00 1.281086795589601000e-02
9.620603015075377016e+02 2.092329567360613929e+00 1.281150371298136505e-02
9.677135678391960028e+02 2.092155625195075253e+00 1.281211005786070216e-02
9.733668341708543039e+02 2.091985986381788454e+00 1.281268820739777346e-02
9.790201005025126051e+02 2.091820501632655205e+00 1.281323932139558433e-02
9.846733668341707926e+02 2.091659028368026529e+00 1.281376450570145646e-02
9.903266331658290937e+02 2.091501430346028201e+00 1.281426481513526713e-02
9.959798994974873949e+02 2.091347577316176931e+00 1.281474125611992837e-02
1.001633165829145696e+03 2.091197344695446603e+00 1.281519478941295018e-02
1.007286432160803997e+03 2.091050613265100111e+00 1.281562633235022210e-02
1.012939698492462298e+03 2.090907268886756931e+00 1.281603676119140271e-02
1.018592964824120600e+03 2.090767202236281985e+00 1.281642691322057437e-02
1.024246231155778787e+03 2.090630308554199068e+00 1.281679758868905193e-02
1.029899497487437202e+03 2.090496487411456883e+00 1.281714955280835976e-02
1.035552763819095617e+03 2.090365642489440567e+00 1.281748353742979095e-02
1.041206030150753804e+03 2.090237681373237510e+00 1.281780024270515357e-02
1.046859296482411992e+03 2.090112515357234635e+00 1.281810033872888936e-02
1.052512562814070407e+03 2.089990059262192279e+00 1.281838446697107503e-02
1.058165829145728594e+03 2.089870231263017519e+00 1.281865324165737743e-02
1.063819095477386782e+03 2.089752952726509072e+00 1.281890725111334110e-02
1.069472361809045196e+03 2.089638148058409861e+00 1.281914705907312955e-02
1.075125628140703611e+03 2.089525744559151743e+00 1.281937320571026849e-02
1.080778894472361799e+03 2.089415672287713299e+00 1.281958620887550283e-02
1.086432160804019986e+03 2.089307863933075549e+00 1.281978656512608450e-02
1.092085427135678401e+03 2.089202254692776428e+00 1.281997475070247895e-02
1.097738693467336816e+03 2.089098782158115508e+00 1.282015122245251833e-02
1.103391959798995003e+03 2.088997386205584395e+00 1.282031641877235187e-02
1.109045226130653191e+03 2.088898008894138236e+00 1.282047076042566909e-02
1.114698492462311606e+03 2.088800594367941077e+00 1.282061465136248232e-02
1.120351758793969793e+03 2.088705088764246209e+00 1.282074847943357257e-02
1.126005025125627981e+03 2.088611440126105556e+00 1.282087261720850357e-02
1.131658291457286396e+03 2.088519598319608761e+00 1.282098742253348460e-02
1.137311557788944810e+03 2.088429514955381094e+00 1.282109323931408980e-02
1.142964824120602998e+03 2.088341143314091930e+00 1.282119039800325155e-02
1.148618090452261185e+03 2.088254438275730873e+00 1.282127921629683774e-02
1.154271356783919600e+03 2.088169356252435271e+00 1.282135999963847188e-02
1.159924623115578015e+03 2.088085855124659940e+00 1.282143304175877192e-02
1.165577889447236203e+03 2.088003894180503917e+00 1.282149862516243632e-02
1.171231155778894390e+03 2.087923434058001515e+00 1.282155702163246917e-02
1.176884422110552805e+03 2.087844436690222238e+00 1.282160849268226994e-02
1.182537688442210992e+03 2.087766865253015691e+00 1.282165328999025633e-02
1.188190954773869180e+03 2.087690684115256712e+00 1.282169165581702880e-02
1.193844221105527595e+03 2.087615858791445955e+00 1.282172382335313235e-02
1.199497487437186010e+03 2.087542355896550461e+00 1.282175001718791930e-02
1.205150753768844197e+03 2.087470143102946540e+00 1.282177045357048815e-02
1.210804020100502385e+03 2.087399189099361951e+00 1.282178534079175640e-02
1.216457286432160799e+03 2.087329463551707676e+00 1.282179487956643278e-02
1.222110552763819214e+03 2.087260937065696265e+00 1.282179926322440065e-02
1.227763819095477402e+03 2.087193581151157495e+00 1.282179867810985530e-02
1.233417085427135589e+03 2.087127368187956744e+00 1.282179330380718227e-02
1.239070351758794004e+03 2.087062271393436141e+00 1.282178331343603560e-02
1.244723618090452419e+03 2.086998264791299462e+00 1.282176887391173366e-02
1.250376884422110379e+03 2.086935323181869251e+00 1.282175014617095189e-02
1.256030150753768794e+03 2.086873422113637133e+00 1.282172728541468819e-02
1.261683417085427209e+03 2.086812537856055805e+00 1.282170044136849915e-02
1.267336683417085396e+03 2.086752647373498526e+00 1.282166975840415626e-02
1.272989949748743584e+03 2.086693728300336392e+00 1.282163537588638241e-02
1.278643216080401999e+03 2.086635758917068539e+00 1.282159742822515901e-02
1.284296482412060413e+03 2.086578718127466647e+00 1.282155604517044856e-02
1.289949748743718601e+03 2.086522585436672905e+00 1.282151135193370511e-02
1.295603015075376788e+03 2.086467340930208358e+00 1.282146346937863488e-02
1.301256281407035203e+03 2.086412965253855223e+00 1.282141251419460087e-02
1.306909547738693618e+03 2.086359439594355436e+00 1.282135859905270646e-02
1.312562814070351806e+03 2.086306745660907680e+00 1.282130183269256617e-02
1.318216080402009993e+03 2.086254865667403369e+00 1.282124232021688431e-02
1.323869346733668408e+03 2.086203782315386501e+00 1.282118016309160245e-02
1.329522613065326595e+03 2.086153478777688974e+00 1.282111545930190478e-02
1.335175879396984783e+03 2.086103938682718706e+00 1.282104830354282958e-02
1.340829145728643198e+03 2.086055146099367708e+00 1.282097878730596371e-02
1.346482412060301613e+03 2.086007085522512572e+00 1.282090699896613895e-02
1.352135678391959800e+03 2.085959741859076733e+00 1.282083302393736274e-02
1.357788944723617988e+03 2.085913100414638510e+00 1.282075694475948678e-02
1.363442211055276402e+03 2.085867146880549861e+00 1.282067884123682007e-02
1.369095477386934817e+03 2.085821867321546286e+00 1.282059879047280949e-02
1.374748743718593005e+03 2.085777248163835917e+00 1.282051686700863037e-02
1.380402010050251192e+03 2.085733276183628693e+00 1.282043314292714495e-02
1.386055276381909607e+03 2.085689938496102513e+00 1.282034768792219594e-02
1.391708542713567795e+03 2.085647222544779300e+00 1.282026056936791218e-02
1.397361809045225982e+03 2.085605116091293620e+00 1.282017185240531126e-02
1.403015075376884397e+03 2.085563607205544123e+00 1.282008160006355667e-02
1.408668341708542812e+03 2.085522684256196246e+00 1.281998987329459327e-02
1.414321608040200999e+03 2.085482335901541973e+00 1.281989673104243395e-02
1.419974874371859187e+03 2.085442551080681994e+00 1.281980223031243225e-02
1.425628140703517602e+03 2.085403319005029399e+00 1.281970642629251880e-02
1.431281407035176017e+03 2.085364629150119331e+00 1.281960937231855190e-02
1.436934673366834204e+03 2.085326471247705094e+00 1.281951112004750364e-02
1.442587939698492391e+03 2.085288835278138464e+00 1.281941171940549282e-02
1.448241206030150806e+03 2.085251711463013802e+00 1.281931121876096411e-02
1.453894472361808994e+03 2.085215090258077275e+00 1.281920966487271746e-02
1.459547738693467409e+03 2.085178962346371900e+00 1.281910710302844487e-02
1.465201005025125596e+03 2.085143318631630382e+00 1.281900357699275461e-02
1.470854271356784011e+03 2.085108150231888668e+00 1.281889912919766984e-02
1.476507537688442198e+03 2.085073448473317992e+00 1.281879380067332992e-02
1.482160804020100386e+03 2.085039204884274078e+00 1.281868763113456870e-02
1.487814070351758801e+03 2.085005411189535529e+00 1.281858065903284868e-02
1.493467336683416988e+03 2.084972059304749603e+00 1.281847292157356315e-02
1.499120603015075403e+03 2.084939141331053403e+00 1.281836445481993395e-02
1.504773869346733591e+03 2.084906649549879365e+00 1.281825529360637768e-02
1.510427135678392006e+03 2.084874576417930836e+00 1.281814547171169529e-02
1.516080402010050193e+03 2.084842914562328176e+00 1.281803502184172654e-02
1.521733668341708608e+03 2.084811656775902744e+00 1.281792397562931882e-02
1.527386934673366795e+03 2.084780796012657422e+00 1.281781236372090543e-02
1.533040201005025210e+03 2.084750325383365244e+00 1.281770021581113764e-02
1.538693467336683398e+03 2.084720238151314575e+00 1.281758756057354773e-02
1.544346733668341585e+03 2.084690527728187970e+00 1.281747442586840535e-02
1.550000000000000000e+03 2.084661187670075133e+00 1.281736083862142911e-02
