4.250000000000000000e+02 1.725822300237359608e+00 4.014609501352777166e-01
4.306532663316583012e+02 1.843607472597451169e+00 3.722792500058792475e-01
4.363065326633166023e+02 1.905668412761732489e+00 3.560363828069316727e-01
4.419597989949749035e+02 1.950652053201260339e+00 3.430610055864926622e-01
4.476130653266331478e+02 1.987818399414427617e+00 3.311806336039612719e-01
4.532663316582914490e+02 2.020772196725951542e+00 3.195526071645167776e-01
4.589195979899497502e+02 2.051276688773720380e+00 3.077432587710978162e-01
4.645728643216080513e+02 2.080318940185437171e+00 2.954777605537841079e-01
4.702261306532663525e+02 2.108501680897336250e+00 2.825468313818019217e-01
4.758793969849245968e+02 2.136213578973088723e+00 2.687617638431015199e-01
4.815326633165828980e+02 2.163711009789453410e+00 2.539252030743399668e-01
4.871859296482411992e+02 2.191158026837030537e+00 2.378037729124702626e-01
4.928391959798995003e+02 2.218641236700391595e+00 2.200919271360379237e-01
4.984924623115578015e+02 2.246160417598079384e+00 2.003508218890746873e-01
5.041457286432161027e+02 2.273573711555814114e+00 1.778839430311014713e-01
5.097989949748744039e+02 2.300398060104690501e+00 1.514301126515573137e-01
5.154522613065327050e+02 2.324867178388357658e+00 1.181530491444733183e-01
5.211055276381910062e+02 2.333119092211874523e+00 6.725199505678687573e-02
5.267587939698491937e+02 2.301125035794471696e+00 9.562147822159736132e-03
5.324120603015074948e+02 2.256259350616689918e+00 9.756917556239636316e-03
5.380653266331657960e+02 2.230706932640370788e+00 9.873047105415649546e-03
5.437185929648240972e+02 2.212839138930212446e+00 9.956872974453259695e-03
5.493718592964823983e+02 2.199235549980025795e+00 1.002231433497573904e-02
5.550251256281406995e+02 2.188367221568107368e+00 1.007569907991195425e-02
5.606783919597990007e+02 2.179405247696265757e+00 1.012051063760499407e-02
5.663316582914573019e+02 2.171846149742007626e+00 1.015889522668596452e-02
5.719849246231156030e+02 2.165360098703188907e+00 1.019227796519681442e-02
5.776381909547739042e+02 2.159718993162845546e+00 1.022165727144119449e-02
5.832914572864322054e+02 2.154758502397801312e+00 1.024776148246634572e-02
5.889447236180903928e+02 2.150356386398307951e+00 1.027113900320168922e-02
5.945979899497488077e+02 2.146419337746060307e+00 1.029221342971145536e-02
6.002512562814069952e+02 2.142874601461012940e+00 1.031131891102127565e-02
6.059045226130652964e+02 2.139664424401867659e+00 1.032872373646073066e-02
6.115577889447235975e+02 2.136742257114121024e+00 1.034464658700211953e-02
6.172110552763818987e+02 2.134070082367682364e+00 1.035926804302665996e-02
6.228643216080401999e+02 2.131616491388576229e+00 1.037273892596911502e-02
6.285175879396985010e+02 2.129355269965528485e+00 1.038518646924091460e-02
6.341708542713568022e+02 2.127264340573725931e+00 1.039671896491423976e-02
6.398241206030151034e+02 2.125324958294244837e+00 1.040742931851130169e-02
6.454773869346734045e+02 2.123521091007214423e+00 1.041739780628934096e-02
6.511306532663315920e+02 2.121838935585771413e+00 1.042669424127521532e-02
6.567839195979900069e+02 2.120266535946119912e+00 1.043537969423233812e-02
6.624371859296481944e+02 2.118793478397384966e+00 1.044350787483990656e-02
6.680904522613064955e+02 2.117410646363476978e+00 1.045112625100656084e-02
6.737437185929647967e+02 2.116110021208615688e+00 1.045827696338811133e-02
6.793969849246230979e+02 2.114884519223688475e+00 1.046499757890700065e-02
6.850502512562813990e+02 2.113727857237133190e+00 1.047132171576555838e-02
6.907035175879397002e+02 2.112634441077890557e+00 1.047727956566814854e-02
6.963567839195980014e+02 2.111599272425975116e+00 1.048289833289163184e-02
7.020100502512563025e+02 2.110617870566737331e+00 1.048820260523581488e-02
7.076633165829146037e+02 2.109686206307344047e+00 1.049321466974988300e-02
7.133165829145727912e+02 2.108800645881407032e+00 1.049795478227176504e-02
7.189698492462312061e+02 2.107957903105165176e+00 1.050244139903019902e-02
7.246231155778893935e+02 2.107154998388609979e+00 1.050669137619294688e-02
7.302763819095478084e+02 2.106389223471195393e+00 1.051072014297579384e-02
7.359296482412059959e+02 2.105658110961814433e+00 1.051454185194107896e-02
7.415829145728642970e+02 2.104959407929451576e+00 1.051816951029931578e-02
7.472361809045225982e+02 2.104291052924208483e+00 1.052161509495336093e-02
7.528894472361808994e+02 2.103651155915492232e+00 1.052488965365647178e-02
7.585427135678392006e+02 2.103037980720769973e+00 1.052800339399807307e-02
7.641959798994975017e+02 2.102449929568661169e+00 1.053096576239672712e-02
7.698492462311558029e+02 2.101885529497639737e+00 1.053378551410314411e-02
7.755025125628139904e+02 2.101343420338790402e+00 1.053647077518277998e-02
7.811557788944724052e+02 2.100822344069988912e+00 1.053902909832225843e-02
7.868090452261305927e+02 2.100321135361095770e+00 1.054146751216588664e-02
7.924623115577890076e+02 2.099838713156544578e+00 1.054379256603167961e-02
7.981155778894471950e+02 2.099374073164087751e+00 1.054601036963745755e-02
8.037688442211054962e+02 2.098926281137214023e+00 1.054812662925375642e-02
8.094221105527637974e+02 2.098494466854522678e+00 1.055014668001095189e-02
8.150753768844220986e+02 2.098077818712657194e+00 1.055207551528520270e-02
8.207286432160803997e+02 2.097675578860677792e+00 1.055391781326359656e-02
8.263819095477387009e+02 2.097287038813326898e+00 1.055567796097619214e-02
8.320351758793970021e+02 2.096911535488810152e+00 1.055736007631193074e-02
8.376884422110551895e+02 2.096548447623703737e+00 1.055896802783943926e-02
8.433417085427136044e+02 2.096197192523560293e+00 1.056050545305173283e-02
8.489949748743717919e+02 2.095857223112946421e+00 1.056197577495836606e-02
8.546482412060302067e+02 2.095528025253068360e+00 1.056338221732614456e-02
8.603015075376883942e+02 2.095209115298978908e+00 1.056472781849016399e-02
8.659547738693468091e+02 2.094900037871652021e+00 1.056601544420275769e-02
8.716080402010049966e+02 2.094600363823131861e+00 1.056724779937755904e-02
8.772613065326632977e+02 2.094309688375422418e+00 1.056842743877467287e-02
8.829145728643215989e+02 2.094027629416006953e+00 1.056955677702960984e-02
8.885678391959799001e+02 2.093753825934770330e+00 1.057063809775574473e-02
8.942211055276382012e+02 2.093487936588787957e+00 1.057167356199610435e-02
8.998743718592965024e+02 2.093229638382896773e+00 1.057266521606875509e-02
9.055276381909548036e+02 2.092978625455271580e+00 1.057361499874481282e-02
9.111809045226129911e+02 2.092734607958349091e+00 1.057452474797090751e-02
9.168341708542714059e+02 2.092497311026463080e+00 1.057539620707466203e-02
9.224874371859295934e+02 2.092266473822422590e+00 1.057623103049658807e-02
9.281407035175880083e+02 2.092041848656071679e+00 1.057703078917563572e-02
9.337939698492461957e+02 2.091823200168545061e+00 1.057779697542151828e-02
9.394472361809044969e+02 2.091610304576571711e+00 1.057853100765272433e-02
9.451005025125627981e+02 2.091402948971715414e+00 1.057923423466511359e-02
9.507537688442210992e+02 2.091200930669942615e+00 1.057990793957892632e-02
9.564070351758794004e+02 2.091004056607343120e+00 1.058055334369570506e-02
9.620603015075377016e+02 2.090812142778213367e+00 1.058117160992995062e-02
9.677135678391960028e+02 2.090625013712084534e+00 1.058176384602595513e-02
9.733668341708543039e+02 2.090442501986565560e+00 1.058233110770720638e-02
9.790201005025126051e+02 2.090264447773171330e+00 1.058287440148596333e-02
9.846733668341707926e+02 2.090090698413558989e+00 1.058339468736426217e-02
9.903266331658290937e+02 2.089921108023816032e+00 1.058389288123785625e-02
9.959798994974873949e+02 2.089755537124656559e+00 1.058436985744402002e-02
1.001633165829145696e+03 2.089593852295563714e+00 1.058482645071917236e-02
1.007286432160803997e+03 2.089435925851091724e+00 1.058526345851068529e-02
1.012939698492462298e+03 2.089281635537679982e+00 1.058568164274099714e-02
1.018592964824120600e+03 2.089130864249483910e+00 1.058608173171654392e-02
1.024246231155778787e+03 2.088983499761838392e+00 1.058646442182506128e-02
1.029899497487437202e+03 2.088839434481096102e+00 1.058683037918924444e-02
1.035552763819095617e+03 2.088698565209668789e+00 1.058718024115107119e-02
1.041206030150753804e+03 2.088560792925215903e+00 1.058751461767084255e-02
1.046859296482411992e+03 2.088426022572985374e+00 1.058783409276688181e-02
1.052512562814070407e+03 2.088294162870405923e+00 1.058813922574434151e-02
1.058165829145728594e+03 2.088165126123097792e+00 1.058843055242294703e-02
1.063819095477386782e+03 2.088038828051525631e+00 1.058870858619601063e-02
1.069472361809045196e+03 2.087915187627585212e+00 1.058897381923534775e-02
1.075125628140703611e+03 2.087794126920465843e+00 1.058922672335985138e-02
1.080778894472361799e+03 2.087675570951180504e+00 1.058946775111303806e-02
1.086432160804019986e+03 2.087559447555197956e+00 1.058969733660924950e-02
1.092085427135678401e+03 2.087445687252657667e+00 1.058991589640019548e-02
1.097738693467336816e+03 2.087334223125682175e+00 1.059012383031996546e-02
1.103391959798995003e+03 2.087224990702341465e+00 1.059032152218275687e-02
1.109045226130653191e+03 2.087117927846846133e+00 1.059050934060590775e-02
1.114698492462311606e+03 2.087012974655590991e+00 1.059068763958090700e-02
1.120351758793969793e+03 2.086910073358680506e+00 1.059085675929559781e-02
1.126005025125627981e+03 2.086809168226610112e+00 1.059101702659958136e-02
1.131658291457286396e+03 2.086710205481784985e+00 1.059116875563701973e-02
1.137311557788944810e+03 2.086613133214588078e+00 1.059131224847911605e-02
1.142964824120602998e+03 2.086517901303731382e+00 1.059144779556763817e-02
1.148618090452261185e+03 2.086424461340629311e+00 1.059157567626298722e-02
1.154271356783919600e+03 2.086332766557568164e+00 1.059169615930818063e-02
1.159924623115578015e+03 2.086242771759446502e+00 1.059180950329261309e-02
1.165577889447236203e+03 2.086154433258880836e+00 1.059191595711559894e-02
1.171231155778894390e+03 2.086067708814488331e+00 1.059201576032396154e-02
1.176884422110552805e+03 2.085982557572162666e+00 1.059210914357522695e-02
1.182537688442210992e+03 2.085898940009179636e+00 1.059219632901679635e-02
1.188190954773869180e+03 2.085816817880971286e+00 1.059227753056016588e-02
1.193844221105527595e+03 2.085736154170421131e+00 1.059235295432271219e-02
1.199497487437186010e+03 2.085656913039548144e+00 1.059242279888069141e-02
1.205150753768844197e+03 2.085579059783439160e+00 1.059248725560596634e-02
1.210804020100502385e+03 2.085502560786319570e+00 1.059254650896071168e-02
1.216457286432160799e+03 2.085427383479641517e+00 1.059260073672912972e-02
1.222110552763819214e+03 2.085353496302083887e+00 1.059265011043774261e-02
1.227763819095477402e+03 2.085280868661360199e+00 1.059269479537730888e-02
1.233417085427135589e+03 2.085209470897747330e+00 1.059273495106488432e-02
1.239070351758794004e+03 2.085139274249239616e+00 1.059277073132848003e-02
1.244723618090452419e+03 2.085070250818243931e+00 1.059280228462224603e-02
1.250376884422110379e+03 2.085002373539740717e+00 1.059282975415294127e-02
1.256030150753768794e+03 2.084935616150835891e+00 1.059285327821595304e-02
1.261683417085427209e+03 2.084869953161629930e+00 1.059287299019589026e-02
1.267336683417085396e+03 2.084805359827341054e+00 1.059288901896539813e-02
1.272989949748743584e+03 2.084741812121622129e+00 1.059290148892757903e-02
1.278643216080401999e+03 2.084679286711004664e+00 1.059291052016318214e-02
1.284296482412060413e+03 2.084617760930427277e+00 1.059291622874545397e-02
1.289949748743718601e+03 2.084557212759777567e+00 1.059291872669859344e-02
1.295603015075376788e+03 2.084497620801423423e+00 1.059291812231254702e-02
1.301256281407035203e+03 2.084438964258656490e+00 1.059291452022716705e-02
1.306909547738693618e+03 2.084381222915032694e+00 1.059290802151637359e-02
1.312562814070351806e+03 2.084324377114544102e+00 1.059289872389803169e-02
1.318216080402009993e+03 2.084268407742602136e+00 1.059288672181806119e-02
1.323869346733668408e+03 2.084213296207777955e+00 1.059287210659739728e-02
1.329522613065326595e+03 2.084159024424276918e+00 1.059285496645315759e-02
1.335175879396984783e+03 2.084105574795104943e+00 1.059283538679231355e-02
1.340829145728643198e+03 2.084052930195902320e+00 1.059281345016992691e-02
1.346482412060301613e+03 2.084001073959405925e+00 1.059278923637317106e-02
1.352135678391959800e+03 2.083949989860522933e+00 1.059276282265205274e-02
1.357788944723617988e+03 2.083899662101973860e+00 1.059273428374050974e-02
1.363442211055276402e+03 2.083850075300493376e+00 1.059270369189845538e-02
1.369095477386934817e+03 2.083801214473556929e+00 1.059267111705862116e-02
1.374748743718593005e+03 2.083753065026610063e+00 1.059263662691051038e-02
1.380402010050251192e+03 2.083705612740779589e+00 1.059260028694240449e-02
1.386055276381909607e+03 2.083658843761047041e+00 1.059256216056722773e-02
1.391708542713567795e+03 2.083612744584861787e+00 1.059252230914357017e-02
1.397361809045225982e+03 2.083567302051174686e+00 1.059248079210154195e-02
1.403015075376884397e+03 2.083522503329881648e+00 1.059243766694282010e-02
1.408668341708542812e+03 2.083478335911641999e+00 1.059239298938744432e-02
1.414321608040200999e+03 2.083434787598080984e+00 1.059234681335289967e-02
1.419974874371859187e+03 2.083391846492337329e+00 1.059229919107993259e-02
1.425628140703517602e+03 2.083349500989953640e+00 1.059225017315354976e-02
1.431281407035176017e+03 2.083307739770092315e+00 1.059219980858690582e-02
1.436934673366834204e+03 2.083266551787064547e+00 1.059214814482131901e-02
1.442587939698492391e+03 2.083225926262159522e+00 1.059209522787305131e-02
1.448241206030150806e+03 2.083185852675755179e+00 1.059204110229139059e-02
1.453894472361808994e+03 2.083146320759714065e+00 1.059198581124252102e-02
1.459547738693467409e+03 2.083107320490034109e+00 1.059192939657243107e-02
1.465201005025125596e+03 2.083068842079760064e+00 1.059187189878596155e-02
1.470854271356784011e+03 2.083030875972136542e+00 1.059181335719354931e-02
1.476507537688442198e+03 2.082993412833990643e+00 1.059175380986931980e-02
1.482160804020100386e+03 2.082956443549347725e+00 1.059169329371397079e-02
1.487814070351758801e+03 2.082919959213256789e+00 1.059163184453863413e-02
1.493467336683416988e+03 2.082883951125824584e+00 1.059156949698102437e-02
1.499120603015075403e+03 2.082848410786451332e+00 1.059150628469410563e-02
1.504773869346733591e+03 2.082813329888255627e+00 1.059144224026224018e-02
1.510427135678392006e+03 2.082778700312685860e+00 1.059137739530600052e-02
1.516080402010050193e+03 2.082744514124307056e+00 1.059131178046120170e-02
1.521733668341708608e+03 2.082710763565759127e+00 1.059124542546275791e-02
1.527386934673366795e+03 2.082677441052880773e+00 1.059117835912370270e-02
1.533040201005025210e+03 2.082644539169987929e+00 1.059111060937711728e-02
1.538693467336683398e+03 2.082612050665308079e+00 1.059104220335997659e-02
1.544346733668341585e+03 2.082579968446558016e+00 1.059097316737121416e-02
1.550000000000000000e+03 2.082548285576665048e+00 1.059090352687170992e-02
