4.250000000000000000e+02 1.704220990859622198e+00 4.009674997855368628e-01
4.306532663316583012e+02 1.821062147605587045e+00 3.717458218059671027e-01
4.363065326633166023e+02 1.882621773785784214e+00 3.555139096999967441e-01
4.419597989949749035e+02 1.927238432905681087e+00 3.425671122610262631e-01
4.476130653266331478e+02 1.964098531980766005e+00 3.307267294688766013e-01
4.532663316582914490e+02 1.996778188394932707e+00 3.191483351800171731e-01
4.589195979899497502e+02 2.027026656645627423e+00 3.073979014367581586e-01
4.645728643216080513e+02 2.055823190995437422e+00 2.952009087929288178e-01
4.702261306532663525e+02 2.083765784371686358e+00 2.823488503116278747e-01
4.758793969849245968e+02 2.111240102072903913e+00 2.686542492678047900e-01
4.815326633165828980e+02 2.138500628003953796e+00 2.539215519489507189e-01
4.871859296482411992e+02 2.165710373717522064e+00 2.379200140074333170e-01
4.928391959798995003e+02 2.192955761741441023e+00 2.203480706308982850e-01
4.984924623115578015e+02 2.220237639512753436e+00 2.007732943391053737e-01
5.041457286432161027e+02 2.247417862424748058e+00 1.785105853647679375e-01
5.097989949748744039e+02 2.274024957066379748e+00 1.523225691456414066e-01
5.154522613065327050e+02 2.298341177246239653e+00 1.194394616658344399e-01
5.211055276381910062e+02 2.307134824102735404e+00 6.947683394525394629e-02
5.267587939698491937e+02 2.275686185803130090e+00 1.117641913551455264e-02
5.324120603015074948e+02 2.230850922740011288e+00 1.140636391541569560e-02
5.380653266331657960e+02 2.205375166929444575e+00 1.154314682344097405e-02
5.437185929648240972e+02 2.187580009808298254e+00 1.164176442656601231e-02
5.493718592964823983e+02 2.174040370447524850e+00 1.171869310293440977e-02
5.550251256281406995e+02 2.163227885737552203e+00 1.178141118707467724e-02
5.606783919597990007e+02 2.154314909631248831e+00 1.183403102376697977e-02
5.663316582914573019e+02 2.146799131881834466e+00 1.187908441011262944e-02
5.719849246231156030e+02 2.140351684063160231e+00 1.191825154430994904e-02
5.776381909547739042e+02 2.134745232774149404e+00 1.195270902942315548e-02
5.832914572864322054e+02 2.129816059783489202e+00 1.198331487727760658e-02
5.889447236180903928e+02 2.125442416464916828e+00 1.201071493555990778e-02
5.945979899497488077e+02 2.121531393138551103e+00 1.203540793509608187e-02
6.002512562814069952e+02 2.118010559886995381e+00 1.205778720171936727e-02
6.059045226130652964e+02 2.114822431785424506e+00 1.207816847071156892e-02
6.115577889447235975e+02 2.111920682713435138e+00 1.209680904519168897e-02
6.172110552763818987e+02 2.109267482993342657e+00 1.211392135919833225e-02
6.228643216080401999e+02 2.106831582604835607e+00 1.212968280725396780e-02
6.285175879396985010e+02 2.104586902700398721e+00 1.214424301464275477e-02
6.341708542713568022e+02 2.102511481958782458e+00 1.215772931108531456e-02
6.398241206030151034e+02 2.100586675842951223e+00 1.217025091750279994e-02
6.454773869346734045e+02 2.098796539451893928e+00 1.218190219298928220e-02
6.511306532663315920e+02 2.097127345849738145e+00 1.219276518550686111e-02
6.567839195979900069e+02 2.095567205844236724e+00 1.220291165790727064e-02
6.624371859296481944e+02 2.094105764746291953e+00 1.221240471390546561e-02
6.680904522613064955e+02 2.092733958249612947e+00 1.222130011569549403e-02
6.737437185929647967e+02 2.091443814213452601e+00 1.222964736029852686e-02
6.793969849246230979e+02 2.090228290445262704e+00 1.223749056627283435e-02
6.850502512562813990e+02 2.089081140977876228e+00 1.224486920939038548e-02
6.907035175879397002e+02 2.087996805093049968e+00 1.225181873696773623e-02
6.963567839195980014e+02 2.086970314646132252e+00 1.225837108441274123e-02
7.020100502512563025e+02 2.085997216223234307e+00 1.226455511184019673e-02
7.076633165829146037e+02 2.085073505401701333e+00 1.227039697527826725e-02
7.133165829145727912e+02 2.084195570949717080e+00 1.227592044379502943e-02
7.189698492462312061e+02 2.083360147236478443e+00 1.228114717185426266e-02
7.246231155778893935e+02 2.082564273462882642e+00 1.228609693408139886e-02
7.302763819095478084e+02 2.081805258587749119e+00 1.229078782869587674e-02
7.359296482412059959e+02 2.081080651033683449e+00 1.229523645434708184e-02
7.415829145728642970e+02 2.080388212422672467e+00 1.229945806447406767e-02
7.472361809045225982e+02 2.079725894724151480e+00 1.230346670250536019e-02
7.528894472361808994e+02 2.079091820304899141e+00 1.230727532076384030e-02
7.585427135678392006e+02 2.078484264456294195e+00 1.231089588520902119e-02
7.641959798994975017e+02 2.077901640044514053e+00 1.231433946814406225e-02
7.698492462311558029e+02 2.077342483986477362e+00 1.231761633036461932e-02
7.755025125628139904e+02 2.076805445301264097e+00 1.232073599439183556e-02
7.811557788944724052e+02 2.076289274525492168e+00 1.232370730958988123e-02
7.868090452261305927e+02 2.075792814313178525e+00 1.232653851051737637e-02
7.924623115577890076e+02 2.075314991067273684e+00 1.232923726915050901e-02
7.981155778894471950e+02 2.074854807472329199e+00 1.233181074177113444e-02
8.037688442211054962e+02 2.074411335816417346e+00 1.233426561130724491e-02
8.094221105527637974e+02 2.073983712006091107e+00 1.233660812535019267e-02
8.150753768844220986e+02 2.073571130191456557e+00 1.233884413060933223e-02
8.207286432160803997e+02 2.073172837929607049e+00 1.234097910412920197e-02
8.263819095477387009e+02 2.072788131824235158e+00 1.234301818159156197e-02
8.320351758793970021e+02 2.072416353587323901e+00 1.234496618296840667e-02
8.376884422110551895e+02 2.072056886475801996e+00 1.234682763596983875e-02
8.433417085427136044e+02 2.071709152061957493e+00 1.234860679740519725e-02
8.489949748743717919e+02 2.071372607301549262e+00 1.235030767266432836e-02
8.546482412060302067e+02 2.071046741867944796e+00 1.235193403356068045e-02
8.603015075376883942e+02 2.070731075724434600e+00 1.235348943457900348e-02
8.659547738693468091e+02 2.070425156910165043e+00 1.235497722801899220e-02
8.716080402010049966e+02 2.070128559517986577e+00 1.235640057759061425e-02
8.772613065326632977e+02 2.069840881845029124e+00 1.235776247118467938e-02
8.829145728643215989e+02 2.069561744698967143e+00 1.235906573242719075e-02
8.885678391959799001e+02 2.069290789844844269e+00 1.236031303148816575e-02
8.942211055276382012e+02 2.069027678578995388e+00 1.236150689502219131e-02
8.998743718592965024e+02 2.068772090418057541e+00 1.236264971517156766e-02
9.055276381909548036e+02 2.068523721892346678e+00 1.236374375826314320e-02
9.111809045226129911e+02 2.068282285434003498e+00 1.236479117246441946e-02
9.168341708542714059e+02 2.068047508351324115e+00 1.236579399517315214e-02
9.224874371859295934e+02 2.067819131881547534e+00 1.236675415972897547e-02
9.281407035175880083e+02 2.067596910315182335e+00 1.236767350161013801e-02
9.337939698492461957e+02 2.067380610185627354e+00 1.236855376438597033e-02
9.394472361809044969e+02 2.067170009518462415e+00 1.236939660506710011e-02
9.451005025125627981e+02 2.066964897135339374e+00 1.237020359915967822e-02
9.507537688442210992e+02 2.066765072007882953e+00 1.237097624531681254e-02
9.564070351758794004e+02 2.066570342657456649e+00 1.237171596985723286e-02
9.620603015075377016e+02 2.066380526597024758e+00 1.237242413072113523e-02
9.677135678391960028e+02 2.066195449811711882e+00 1.237310202138438425e-02
9.733668341708543039e+02 2.066014946274950859e+00 1.237375087440855011e-02
9.790201005025126051e+02 2.065838857497406700e+00 1.237437186478883809e-02
9.846733668341707926e+02 2.065667032106111467e+00 1.237496611306448425e-02
9.903266331658290937e+02 2.065499325451475965e+00 1.237553468829968688e-02
9.959798994974873949e+02 2.065335599240035958e+00 1.237607861080984063e-02
1.001633165829145696e+03 2.065175721190996683e+00 1.237659885474107560e-02
1.007286432160803997e+03 2.065019564714788203e+00 1.237709635048545205e-02
1.012939698492462298e+03 2.064867008612000454e+00 1.237757198700385405e-02
1.018592964824120600e+03 2.064717936791212960e+00 1.237802661391328163e-02
1.024246231155778787e+03 2.064572238004337201e+00 1.237846104351818764e-02
1.029899497487437202e+03 2.064429805598228640e+00 1.237887605273223224e-02
1.035552763819095617e+03 2.064290537281403548e+00 1.237927238481886447e-02
1.041206030150753804e+03 2.064154334904800159e+00 1.237965075105854421e-02
1.046859296482411992e+03 2.064021104255617356e+00 1.238001183239654905e-02
1.052512562814070407e+03 2.063890754863312971e+00 1.238035628092800516e-02
1.058165829145728594e+03 2.063763199816943672e+00 1.238068472122026871e-02
1.063819095477386782e+03 2.063638355593084839e+00 1.238099775174180371e-02
1.069472361809045196e+03 2.063516141893605660e+00 1.238129594605688437e-02
1.075125628140703611e+03 2.063396481492663970e+00 1.238157985405522604e-02
1.080778894472361799e+03 2.063279300092307533e+00 1.238185000303729071e-02
1.086432160804019986e+03 2.063164526186120451e+00 1.238210689879882045e-02
1.092085427135678401e+03 2.063052090930403537e+00 1.238235102662497977e-02
1.097738693467336816e+03 2.062941928022402394e+00 1.238258285226591371e-02
1.103391959798995003e+03 2.062833973585135983e+00 1.238280282275032451e-02
1.109045226130653191e+03 2.062728166058420243e+00 1.238301136739573816e-02
1.114698492462311606e+03 2.062624446095692399e+00 1.238320889844170963e-02
1.120351758793969793e+03 2.062522756466285134e+00 1.238339581195153569e-02
1.126005025125627981e+03 2.062423041962817560e+00 1.238357248844458580e-02
1.131658291457286396e+03 2.062325249313388120e+00 1.238373929365374493e-02
1.137311557788944810e+03 2.062229327098288323e+00 1.238389657915700201e-02
1.142964824120602998e+03 2.062135225670966854e+00 1.238404468300870025e-02
1.148618090452261185e+03 2.062042897082986492e+00 1.238418393026290837e-02
1.154271356783919600e+03 2.061952295012752234e+00 1.238431463365789569e-02
1.159924623115578015e+03 2.061863374697781914e+00 1.238443709403139019e-02
1.165577889447236203e+03 2.061776092870321264e+00 1.238455160091491564e-02
1.171231155778894390e+03 2.061690407696108895e+00 1.238465843296653567e-02
1.176884422110552805e+03 2.061606278716118457e+00 1.238475785843926730e-02
1.182537688442210992e+03 2.061523666791102549e+00 1.238485013566724413e-02
1.188190954773869180e+03 2.061442534048790964e+00 1.238493551337241545e-02
1.193844221105527595e+03 2.061362843833591363e+00 1.238501423120416667e-02
1.199497487437186010e+03 2.061284560658656506e+00 1.238508651995609902e-02
1.205150753768844197e+03 2.061207650160191029e+00 1.238515260212329390e-02
1.210804020100502385e+03 2.061132079053872967e+00 1.238521269204712408e-02
1.216457286432160799e+03 2.061057815093281675e+00 1.238526699636472751e-02
1.222110552763819214e+03 2.060984827030221123e+00 1.238531571429702868e-02
1.227763819095477402e+03 2.060913084576843968e+00 1.238535903795459116e-02
1.233417085427135589e+03 2.060842558369472943e+00 1.238539715255374332e-02
1.239070351758794004e+03 2.060773219934042721e+00 1.238543023679397961e-02
1.244723618090452419e+03 2.060705041653070335e+00 1.238545846307393533e-02
1.250376884422110379e+03 2.060637996734079547e+00 1.238548199768936368e-02
1.256030150753768794e+03 2.060572059179402782e+00 1.238550100115654376e-02
1.261683417085427209e+03 2.060507203757294903e+00 1.238551562837428982e-02
1.267336683417085396e+03 2.060443405974289099e+00 1.238552602887553825e-02
1.272989949748743584e+03 2.060380642048735389e+00 1.238553234700717071e-02
1.278643216080401999e+03 2.060318888885463107e+00 1.238553472216359121e-02
1.284296482412060413e+03 2.060258124051510986e+00 1.238553328894852722e-02
1.289949748743718601e+03 2.060198325752874648e+00 1.238552817739060376e-02
1.295603015075376788e+03 2.060139472812219541e+00 1.238551951305128830e-02
1.301256281407035203e+03 2.060081544647515361e+00 1.238550741724038506e-02
1.306909547738693618e+03 2.060024521251551555e+00 1.238549200721357317e-02
1.312562814070351806e+03 2.059968383172277928e+00 1.238547339622648145e-02
1.318216080402009993e+03 2.059913111493951732e+00 1.238545169376803132e-02
1.323869346733668408e+03 2.059858687819037026e+00 1.238542700565032142e-02
1.329522613065326595e+03 2.059805094250828805e+00 1.238539943417021026e-02
1.335175879396984783e+03 2.059752313376769006e+00 1.238536907823501246e-02
1.340829145728643198e+03 2.059700328252417112e+00 1.238533603343441349e-02
1.346482412060301613e+03 2.059649122386051801e+00 1.238530039229161425e-02
1.352135678391959800e+03 2.059598679723872561e+00 1.238526224420971947e-02
1.357788944723617988e+03 2.059548984635771518e+00 1.238522167570493826e-02
1.363442211055276402e+03 2.059500021901655931e+00 1.238517877046049244e-02
1.369095477386934817e+03 2.059451776698290271e+00 1.238513360941637803e-02
1.374748743718593005e+03 2.059404234586639237e+00 1.238508627089496619e-02
1.380402010050251192e+03 2.059357381499691719e+00 1.238503683070866189e-02
1.386055276381909607e+03 2.059311203730735507e+00 1.238498536219584910e-02
1.391708542713567795e+03 2.059265687922074317e+00 1.238493193636439060e-02
1.397361809045225982e+03 2.059220821054162709e+00 1.238487662189169392e-02
1.403015075376884397e+03 2.059176590435137566e+00 1.238481948532198056e-02
1.408668341708542812e+03 2.059132983690737273e+00 1.238476059103049177e-02
1.414321608040200999e+03 2.059089988754586820e+00 1.238470000134902008e-02
1.419974874371859187e+03 2.059047593858832848e+00 1.238463777665560310e-02
1.425628140703517602e+03 2.059005787525117537e+00 1.238457397542833648e-02
1.431281407035176017e+03 2.058964558555876234e+00 1.238450865424541025e-02
1.436934673366834204e+03 2.058923896025941502e+00 1.238444186794649023e-02
1.442587939698492391e+03 2.058883789274448262e+00 1.238437366963273528e-02
1.448241206030150806e+03 2.058844227897018264e+00 1.238430411073853515e-02
1.453894472361808994e+03 2.058805201738224344e+00 1.238423324110323950e-02
1.459547738693467409e+03 2.058766700884312240e+00 1.238416110900702680e-02
1.465201005025125596e+03 2.058728715656175101e+00 1.238408776122469461e-02
1.470854271356784011e+03 2.058691236602570029e+00 1.238401324307946035e-02
1.476507537688442198e+03 2.058654254493566871e+00 1.238393759847881623e-02
1.482160804020100386e+03 2.058617760314217726e+00 1.238386087000417982e-02
1.487814070351758801e+03 2.058581745258445395e+00 1.238378309887503033e-02
1.493467336683416988e+03 2.058546200723130770e+00 1.238370432509234599e-02
1.499120603015075403e+03 2.058511118302403631e+00 1.238362458738481026e-02
1.504773869346733591e+03 2.058476489782120833e+00 1.238354392331637681e-02
1.510427135678392006e+03 2.058442307134528804e+00 1.238346236930420140e-02
1.516080402010050193e+03 2.058408562513098783e+00 1.238337996061862796e-02
1.521733668341708608e+03 2.058375248247534373e+00 1.238329673149075709e-02
1.527386934673366795e+03 2.058342356838942067e+00 1.238321271509450899e-02
1.533040201005025210e+03 2.058309880955154103e+00 1.238312794360040166e-02
1.538693467336683398e+03 2.058277813426207636e+00 1.238304244815760513e-02
1.544346733668341585e+03 2.058246147239963353e+00 1.238295625905530897e-02
1.550000000000000000e+03 2.058214875537871080e+00 1.238286940557925368e-02
