4.250000000000000000e+02 1.660666752147446523e+00 3.817056728234093366e-01
4.306532663316583012e+02 1.770992407942193259e+00 3.551015594995731162e-01
4.363065326633166023e+02 1.828911041001394899e+00 3.405082353836081377e-01
4.419597989949749035e+02 1.870764908743757893e+00 3.289727847725505416e-01
4.476130653266331478e+02 1.905262893322261952e+00 3.184849503160385731e-01
4.532663316582914490e+02 1.935795561559377154e+00 3.082687005275724923e-01
4.589195979899497502e+02 1.964022104046270645e+00 2.979292098881515805e-01
4.645728643216080513e+02 1.990872472679460881e+00 2.872216185453430604e-01
4.702261306532663525e+02 2.016916230932209508e+00 2.759656700116621120e-01
4.758793969849245968e+02 2.042523276940222843e+00 2.640058928114506487e-01
4.815326633165828980e+02 2.067941859401981830e+00 2.511877040324098642e-01
4.871859296482411992e+02 2.093338425275971915e+00 2.373377503306381697e-01
4.928391959798995003e+02 2.118816571411776817e+00 2.222413710549072385e-01
4.984924623115578015e+02 2.144420423032533662e+00 2.056090276713124776e-01
5.041457286432161027e+02 2.170118117022652449e+00 1.870161374018502742e-01
5.097989949748744039e+02 2.195740584592547062e+00 1.657766485848782834e-01
5.154522613065327050e+02 2.220767520745754897e+00 1.406215815257931545e-01
5.211055276381910062e+02 2.243291355166735279e+00 1.085898844804467772e-01
5.267587939698491937e+02 2.245714036762096466e+00 5.681795349474343115e-02
5.324120603015074948e+02 2.212235885635250643e+00 1.183368824056568562e-02
5.380653266331657960e+02 2.171961978032436846e+00 1.205813832616545352e-02
5.437185929648240972e+02 2.148467584523400475e+00 1.219474773921323460e-02
5.493718592964823983e+02 2.131844463499160902e+00 1.229431255164554690e-02
5.550251256281406995e+02 2.119093393445692808e+00 1.237250147839039777e-02
5.606783919597990007e+02 2.108850851495759127e+00 1.243655122145262241e-02
5.663316582914573019e+02 2.100369205773698678e+00 1.249048749176537472e-02
5.719849246231156030e+02 2.093190586280158527e+00 1.253680932735964232e-02
5.776381909547739042e+02 2.087013123417353455e+00 1.257718557637279612e-02
5.832914572864322054e+02 2.081626972221449545e+00 1.261279063949724208e-02
5.889447236180903928e+02 2.076880301008910301e+00 1.264448432255913142e-02
5.945979899497488077e+02 2.072659748812014424e+00 1.267291594300176162e-02
6.002512562814069952e+02 2.068878505246627419e+00 1.269858828650701453e-02
6.059045226130652964e+02 2.065468686417150312e+00 1.272189879888028716e-02
6.115577889447235975e+02 2.062376266349505549e+00 1.274316715706090737e-02
6.172110552763818987e+02 2.059557597311062249e+00 1.276265432236324722e-02
6.228643216080401999e+02 2.056976955165582766e+00 1.278057606842647985e-02
6.285175879396985010e+02 2.054604767044516223e+00 1.279711281062553482e-02
6.341708542713568022e+02 2.052416305595606172e+00 1.281241689319130225e-02
6.398241206030151034e+02 2.050390709836356518e+00 1.282661808721051455e-02
6.454773869346734045e+02 2.048510239374050634e+00 1.283982780380576484e-02
6.511306532663315920e+02 2.046759698428809227e+00 1.285214236753862323e-02
6.567839195979900069e+02 2.045125985426898385e+00 1.286364559176825240e-02
6.624371859296481944e+02 2.043597736813412169e+00 1.287441082713720181e-02
6.680904522613064955e+02 2.042165042494288762e+00 1.288450260808204212e-02
6.737437185929647967e+02 2.040819216385860280e+00 1.289397798822118461e-02
6.793969849246230979e+02 2.039552609823563234e+00 1.290288763289209294e-02
6.850502512562813990e+02 2.038358458636659432e+00 1.291127671983083834e-02
6.907035175879397002e+02 2.037230756910335838e+00 1.291918568710132692e-02
6.963567839195980014e+02 2.036164152082188927e+00 1.292665085836292374e-02
7.020100502512563025e+02 2.035153857227346208e+00 1.293370496884045824e-02
7.076633165829146037e+02 2.034195577292766899e+00 1.294037761032716671e-02
7.133165829145727912e+02 2.033285446728360313e+00 1.294669560969178429e-02
7.189698492462312061e+02 2.032419976488421209e+00 1.295268335239288353e-02
7.246231155778893935e+02 2.031596008782731833e+00 1.295836306052828429e-02
7.302763819095478084e+02 2.030810678272512604e+00 1.296375503261438730e-02
7.359296482412059959e+02 2.030061378654024473e+00 1.296887785135732857e-02
7.415829145728642970e+02 2.029345733768137983e+00 1.297374856442195384e-02
7.472361809045225982e+02 2.028661572529609547e+00 1.297838284222231804e-02
7.528894472361808994e+02 2.028006907094120681e+00 1.298279511623236238e-02
7.585427135678392006e+02 2.027379913781169218e+00 1.298699870045768624e-02
7.641959798994975017e+02 2.026778916351847926e+00 1.299100589873145029e-02
7.698492462311558029e+02 2.026202371306401684e+00 1.299482809949901140e-02
7.755025125628139904e+02 2.025648854920284236e+00 1.299847585995942550e-02
7.811557788944724052e+02 2.025117051781664568e+00 1.300195898092059224e-02
7.868090452261305927e+02 2.024605744629855320e+00 1.300528657350730546e-02
7.924623115577890076e+02 2.024113805324354143e+00 1.300846711886811252e-02
7.981155778894471950e+02 2.023640186799413598e+00 1.301150852165968048e-02
8.037688442211054962e+02 2.023183915880056194e+00 1.301441815806332267e-02
8.094221105527637974e+02 2.022744086853137002e+00 1.301720291909945655e-02
8.150753768844220986e+02 2.022319855701876001e+00 1.301986924955718730e-02
8.207286432160803997e+02 2.021910434924863775e+00 1.302242318326173737e-02
8.263819095477387009e+02 2.021515088871168597e+00 1.302487037509167563e-02
8.320351758793970021e+02 2.021133129532199924e+00 1.302721612986530719e-02
8.376884422110551895e+02 2.020763912738724244e+00 1.302946542865650835e-02
8.433417085427136044e+02 2.020406834718003086e+00 1.303162295284229256e-02
8.489949748743717919e+02 2.020061328971693992e+00 1.303369310592711675e-02
8.546482412060302067e+02 2.019726863440007847e+00 1.303568003342603539e-02
8.603015075376883942e+02 2.019402937921836561e+00 1.303758764124086575e-02
8.659547738693468091e+02 2.019089081724160017e+00 1.303941961231491753e-02
8.716080402010049966e+02 2.018784851517217760e+00 1.304117942191329940e-02
8.772613065326632977e+02 2.018489829374647382e+00 1.304287035184068140e-02
8.829145728643215989e+02 2.018203620980160373e+00 1.304449550332878287e-02
8.885678391959799001e+02 2.017925853984426698e+00 1.304605780890431659e-02
8.942211055276382012e+02 2.017656176497628628e+00 1.304756004346229598e-02
8.998743718592965024e+02 2.017394255704755057e+00 1.304900483442873044e-02
9.055276381909548036e+02 2.017139776592087319e+00 1.305039467106663964e-02
9.111809045226129911e+02 2.016892440774567863e+00 1.305173191318318750e-02
9.168341708542714059e+02 2.016651965414820058e+00 1.305301879922305189e-02
9.224874371859295934e+02 2.016418082225547082e+00 1.305425745359690103e-02
9.281407035175880083e+02 2.016190536547877166e+00 1.305544989367204631e-02
9.337939698492461957e+02 2.015969086498978768e+00 1.305659803620561749e-02
9.394472361809044969e+02 2.015753502182933588e+00 1.305770370322164795e-02
9.451005025125627981e+02 2.015543564959437983e+00 1.305876862767346540e-02
9.507537688442210992e+02 2.015339066765444276e+00 1.305979445848429350e-02
9.564070351758794004e+02 2.015139809485307687e+00 1.306078276547721108e-02
9.620603015075377016e+02 2.014945604365437237e+00 1.306173504387219547e-02
9.677135678391960028e+02 2.014756271469813509e+00 1.306265271833412060e-02
9.733668341708543039e+02 2.014571639173078133e+00 1.306353714708238453e-02
9.790201005025126051e+02 2.014391543688199615e+00 1.306438962543375430e-02
9.846733668341707926e+02 2.014215828625991023e+00 1.306521138927202799e-02
9.903266331658290937e+02 2.014044344583993951e+00 1.306600361829197282e-02
9.959798994974873949e+02 2.013876948762471919e+00 1.306676743891604757e-02
1.001633165829145696e+03 2.013713504605442406e+00 1.306750392720721320e-02
1.007286432160803997e+03 2.013553881464865469e+00 1.306821411147228960e-02
1.012939698492462298e+03 2.013397954286258340e+00 1.306889897479411068e-02
1.018592964824120600e+03 2.013245603314157695e+00 1.306955945730585086e-02
1.024246231155778787e+03 2.013096713815984096e+00 1.307019645837772387e-02
1.029899497487437202e+03 2.012951175822976779e+00 1.307081083881819934e-02
1.035552763819095617e+03 2.012808883886979761e+00 1.307140342261428785e-02
1.041206030150753804e+03 2.012669736851958824e+00 1.307197499892461326e-02
1.046859296482411992e+03 2.012533637639219108e+00 1.307252632373085907e-02
1.052512562814070407e+03 2.012400493045371608e+00 1.307305812150449074e-02
1.058165829145728594e+03 2.012270213552174614e+00 1.307357108666809022e-02
1.063819095477386782e+03 2.012142713147447637e+00 1.307406588512320667e-02
1.069472361809045196e+03 2.012017909156304629e+00 1.307454315560703170e-02
1.075125628140703611e+03 2.011895722082024829e+00 1.307500351089503111e-02
1.080778894472361799e+03 2.011776075455926627e+00 1.307544753917230622e-02
1.086432160804019986e+03 2.011658895695646709e+00 1.307587580503031394e-02
1.092085427135678401e+03 2.011544111971294679e+00 1.307628885070041824e-02
1.097738693467336816e+03 2.011431656078961350e+00 1.307668719694694663e-02
1.103391959798995003e+03 2.011321462321130404e+00 1.307707134419720460e-02
1.109045226130653191e+03 2.011213467393538679e+00 1.307744177333115126e-02
1.114698492462311606e+03 2.011107610278103142e+00 1.307779894667416599e-02
1.120351758793969793e+03 2.011003832141525560e+00 1.307814330871754326e-02
1.126005025125627981e+03 2.010902076239227121e+00 1.307847528700820799e-02
1.131658291457286396e+03 2.010802287824298595e+00 1.307879529283416213e-02
1.137311557788944810e+03 2.010704414061151635e+00 1.307910372201132911e-02
1.142964824120602998e+03 2.010608403943601630e+00 1.307940095544923680e-02
1.148618090452261185e+03 2.010514208217105914e+00 1.307968735988607710e-02
1.154271356783919600e+03 2.010421779304930379e+00 1.307996328843663743e-02
1.159924623115578015e+03 2.010331071238001588e+00 1.308022908124173954e-02
1.165577889447236203e+03 2.010242039588233887e+00 1.308048506598154422e-02
1.171231155778894390e+03 2.010154641405141440e+00 1.308073155835462291e-02
1.176884422110552805e+03 2.010068835155535805e+00 1.308096886267556477e-02
1.182537688442210992e+03 2.009984580666145604e+00 1.308119727225166493e-02
1.188190954773869180e+03 2.009901839068986895e+00 1.308141706994609028e-02
1.193844221105527595e+03 2.009820572749336787e+00 1.308162852848621625e-02
1.199497487437186010e+03 2.009740745296167308e+00 1.308183191095847395e-02
1.205150753768844197e+03 2.009662321454898759e+00 1.308202747121814391e-02
1.210804020100502385e+03 2.009585267082354409e+00 1.308221545416318743e-02
1.216457286432160799e+03 2.009509549103794868e+00 1.308239609617763664e-02
1.222110552763819214e+03 2.009435135471920209e+00 1.308256962543907949e-02
1.227763819095477402e+03 2.009361995127738609e+00 1.308273626229386477e-02
1.233417085427135589e+03 2.009290097963197574e+00 1.308289621947944514e-02
1.239070351758794004e+03 2.009219414785493818e+00 1.308304970249934800e-02
1.244723618090452419e+03 2.009149917282969433e+00 1.308319690981133918e-02
1.250376884422110379e+03 2.009081577992513079e+00 1.308333803323612210e-02
1.256030150753768794e+03 2.009014370268391136e+00 1.308347325812832945e-02
1.261683417085427209e+03 2.008948268252434666e+00 1.308360276358137841e-02
1.267336683417085396e+03 2.008883246845517334e+00 1.308372672278497982e-02
1.272989949748743584e+03 2.008819281680254587e+00 1.308384530316194887e-02
1.278643216080401999e+03 2.008756349094868554e+00 1.308395866660675561e-02
1.284296482412060413e+03 2.008694426108153408e+00 1.308406696967312315e-02
1.289949748743718601e+03 2.008633490395505206e+00 1.308417036382942059e-02
1.295603015075376788e+03 2.008573520265937162e+00 1.308426899559522044e-02
1.301256281407035203e+03 2.008514494640058157e+00 1.308436300676264069e-02
1.306909547738693618e+03 2.008456393028955400e+00 1.308445253451583426e-02
1.312562814070351806e+03 2.008399195513937752e+00 1.308453771166919952e-02
1.318216080402009993e+03 2.008342882727107703e+00 1.308461866673586542e-02
1.323869346733668408e+03 2.008287435832712742e+00 1.308469552423371061e-02
1.329522613065326595e+03 2.008232836509247665e+00 1.308476840463496625e-02
1.335175879396984783e+03 2.008179066932266110e+00 1.308483742465519663e-02
1.340829145728643198e+03 2.008126109757878197e+00 1.308490269732162821e-02
1.346482412060301613e+03 2.008073948106891216e+00 1.308496433216024130e-02
1.352135678391959800e+03 2.008022565549573368e+00 1.308502243526404700e-02
1.357788944723617988e+03 2.007971946091009929e+00 1.308507710941223499e-02
1.363442211055276402e+03 2.007922074157019843e+00 1.308512845422325245e-02
1.369095477386934817e+03 2.007872934580618551e+00 1.308517656623997202e-02
1.374748743718593005e+03 2.007824512588992416e+00 1.308522153909967740e-02
1.380402010050251192e+03 2.007776793790965630e+00 1.308526346348345276e-02
1.386055276381909607e+03 2.007729764164944530e+00 1.308530242737096505e-02
1.391708542713567795e+03 2.007683410047305994e+00 1.308533851610860048e-02
1.397361809045225982e+03 2.007637718121221493e+00 1.308537181237575016e-02
1.403015075376884397e+03 2.007592675405895477e+00 1.308540239640561959e-02
1.408668341708542812e+03 2.007548269246194561e+00 1.308543034608724252e-02
1.414321608040200999e+03 2.007504487302659957e+00 1.308545573689779730e-02
1.419974874371859187e+03 2.007461317541879620e+00 1.308547864210640038e-02
1.425628140703517602e+03 2.007418748227209004e+00 1.308549913280821278e-02
1.431281407035176017e+03 2.007376767909826665e+00 1.308551727797549295e-02
1.436934673366834204e+03 2.007335365420102935e+00 1.308553314462743145e-02
1.442587939698492391e+03 2.007294529859284804e+00 1.308554679772846834e-02
1.448241206030150806e+03 2.007254250591461453e+00 1.308555830035810184e-02
1.453894472361808994e+03 2.007214517235825113e+00 1.308556771382978628e-02
1.459547738693467409e+03 2.007175319659189050e+00 1.308557509758923043e-02
1.465201005025125596e+03 2.007136647968775112e+00 1.308558050943508036e-02
1.470854271356784011e+03 2.007098492505243303e+00 1.308558400543418168e-02
1.476507537688442198e+03 2.007060843835964725e+00 1.308558564009134652e-02
1.482160804020100386e+03 2.007023692748520105e+00 1.308558546633246077e-02
1.487814070351758801e+03 2.006987030244422598e+00 1.308558353558941442e-02
1.493467336683416988e+03 2.006950847533048865e+00 1.308557989778319323e-02
1.499120603015075403e+03 2.006915136025777535e+00 1.308557460149363180e-02
1.504773869346733591e+03 2.006879887330318635e+00 1.308556769384070124e-02
1.510427135678392006e+03 2.006845093245235745e+00 1.308555922068817441e-02
1.516080402010050193e+03 2.006810745754645797e+00 1.308554922657581901e-02
1.521733668341708608e+03 2.006776837023095172e+00 1.308553775480428109e-02
1.527386934673366795e+03 2.006743359390600112e+00 1.308552484745209750e-02
1.533040201005025210e+03 2.006710305367853220e+00 1.308551054546058801e-02
1.538693467336683398e+03 2.006677667631577844e+00 1.308549488858297936e-02
1.544346733668341585e+03 2.006645439020041444e+00 1.308547791552019945e-02
1.550000000000000000e+03 2.006613612528701296e+00 1.308545966386999611e-02
