4.250000000000000000e+02 1.629453466394797490e+00 3.872307110703838151e-01
4.306532663316583012e+02 1.740967242397960968e+00 3.595849636719959941e-01
4.363065326633166023e+02 1.799453056052425781e+00 3.445301492970686552e-01
4.419597989949749035e+02 1.841688418036194763e+00 3.326889039767397804e-01
4.476130653266331478e+02 1.876482374602802983e+00 3.219630554811613310e-01
4.532663316582914490e+02 1.907263476093557175e+00 3.115450762869199086e-01
4.589195979899497502e+02 1.935709118738190737e+00 3.010257554579150452e-01
4.645728643216080513e+02 1.962759280116971095e+00 2.901527367323931128e-01
4.702261306532663525e+02 1.988989576949924398e+00 2.787415861350010515e-01
4.758793969849245968e+02 2.014773809846710506e+00 2.666344966476001943e-01
4.815326633165828980e+02 2.040362874708866237e+00 2.536757344028189309e-01
4.871859296482411992e+02 2.065925102577263139e+00 2.396917240045264574e-01
4.928391959798995003e+02 2.091565525504718970e+00 2.244685408242390878e-01
4.984924623115578015e+02 2.117329527962875879e+00 2.077187247821407901e-01
5.041457286432161027e+02 2.143186742505962972e+00 1.890222272706131856e-01
5.097989949748744039e+02 2.168970938893916678e+00 1.677031496799680499e-01
5.154522613065327050e+02 2.194170630249762333e+00 1.425190736039575745e-01
5.211055276381910062e+02 2.216926906598826186e+00 1.106059969435382873e-01
5.267587939698491937e+02 2.221136183782296492e+00 6.010209857359737756e-02
5.324120603015074948e+02 2.188399763689520050e+00 1.172334421893319288e-02
5.380653266331657960e+02 2.146887955700651052e+00 1.195499778712205176e-02
5.437185929648240972e+02 2.122844830452149445e+00 1.209510356794930852e-02
5.493718592964823983e+02 2.105884743149368354e+00 1.219694967132556145e-02
5.550251256281406995e+02 2.092896711402859822e+00 1.227681635766494743e-02
5.606783919597990007e+02 2.082474671655021314e+00 1.234218211263907183e-02
5.663316582914573019e+02 2.073850518656279451e+00 1.239719304375224047e-02
5.719849246231156030e+02 2.066555034630205068e+00 1.244441702965600784e-02
5.776381909547739042e+02 2.060279434270824606e+00 1.248556608142760600e-02
5.832914572864322054e+02 2.054809360477177993e+00 1.252184350022265448e-02
5.889447236180903928e+02 2.049989882418957521e+00 1.255412941544945503e-02
5.945979899497488077e+02 2.045705423445338234e+00 1.258308798895426024e-02
6.002512562814069952e+02 2.041867537402419774e+00 1.260923318058235557e-02
6.059045226130652964e+02 2.038407100567052321e+00 1.263297105632643115e-02
6.115577889447235975e+02 2.035269126400564677e+00 1.265462807935120552e-02
6.172110552763818987e+02 2.032409209019482521e+00 1.267447064560093747e-02
6.228643216080401999e+02 2.029791016294306250e+00 1.269271894484176599e-02
6.285175879396985010e+02 2.027384481004371963e+00 1.270955702650206770e-02
6.341708542713568022e+02 2.025164468959169906e+00 1.272514025835868104e-02
6.398241206030151034e+02 2.023109780768282739e+00 1.273960095162715404e-02
6.454773869346734045e+02 2.021202391867076731e+00 1.275305266981602292e-02
6.511306532663315920e+02 2.019426865810369343e+00 1.276559357561679077e-02
6.567839195979900069e+02 2.017769895637762989e+00 1.277730906288831146e-02
6.624371859296481944e+02 2.016219941294361551e+00 1.278827384995756544e-02
6.680904522613064955e+02 2.014766940048700938e+00 1.279855366160859848e-02
6.737437185929647967e+02 2.013402073051174135e+00 1.280820659287435631e-02
6.793969849246230979e+02 2.012117575541348735e+00 1.281728422469683749e-02
6.850502512562813990e+02 2.010906581331856291e+00 1.282583254332828569e-02
6.907035175879397002e+02 2.009762994456611995e+00 1.283389270386464491e-02
6.963567839195980014e+02 2.008681382529544646e+00 1.284150166822673432e-02
7.020100502512563025e+02 2.007656887591179995e+00 1.284869274194728496e-02
7.076633165829146037e+02 2.006685151144378398e+00 1.285549602803669894e-02
7.133165829145727912e+02 2.005762250780815048e+00 1.286193881306641612e-02
7.189698492462312061e+02 2.004884646335581166e+00 1.286804589724903879e-02
7.246231155778893935e+02 2.004049133920713377e+00 1.287383987776518843e-02
7.302763819095478084e+02 2.003252806510108286e+00 1.287934139333919703e-02
7.359296482412059959e+02 2.002493020000390089e+00 1.288456933603487897e-02
7.415829145728642970e+02 2.001767363871342909e+00 1.288954103549407211e-02
7.472361809045225982e+02 2.001073635727691702e+00 1.289427241969415446e-02
7.528894472361808994e+02 2.000409819130537059e+00 1.289877815589123532e-02
7.585427135678392006e+02 1.999774064228510229e+00 1.290307177447317863e-02
7.641959798994975017e+02 1.999164670781069519e+00 1.290716577814094747e-02
7.698492462311558029e+02 1.998580073233335419e+00 1.291107173848513208e-02
7.755025125628139904e+02 1.998018827556609756e+00 1.291480038171199940e-02
7.811557788944724052e+02 1.997479599613702916e+00 1.291836166481868595e-02
7.868090452261305927e+02 1.996961154845307673e+00 1.292176484353844794e-02
7.924623115577890076e+02 1.996462349104408007e+00 1.292501853311665144e-02
7.981155778894471950e+02 1.995982120491316625e+00 1.292813076275441987e-02
8.037688442211054962e+02 1.995519482063317973e+00 1.293110902448082848e-02
8.094221105527637974e+02 1.995073515310824996e+00 1.293396031717401057e-02
8.150753768844220986e+02 1.994643364307064681e+00 1.293669118627466079e-02
8.207286432160803997e+02 1.994228230451049688e+00 1.293930775961095805e-02
8.263819095477387009e+02 1.993827367734403611e+00 1.294181577994784824e-02
8.320351758793970021e+02 1.993440078471794719e+00 1.294422063437271689e-02
8.376884422110551895e+02 1.993065709442569888e+00 1.294652738115907413e-02
8.433417085427136044e+02 1.992703648397867067e+00 1.294874077408698747e-02
8.489949748743717919e+02 1.992353320893256230e+00 1.295086528465195543e-02
8.546482412060302067e+02 1.992014187411874193e+00 1.295290512241210196e-02
8.603015075376883942e+02 1.991685740747301425e+00 1.295486425349077347e-02
8.659547738693468091e+02 1.991367503619102752e+00 1.295674641762777773e-02
8.716080402010049966e+02 1.991059026497149054e+00 1.295855514369140780e-02
8.772613065326632977e+02 1.990759885613614166e+00 1.296029376409397506e-02
8.829145728643215989e+02 1.990469681143949288e+00 1.296196542785872305e-02
8.885678391959799001e+02 1.990188035540250588e+00 1.296357311279657844e-02
8.942211055276382012e+02 1.989914592002277161e+00 1.296511963667653505e-02
8.998743718592965024e+02 1.989649013072985584e+00 1.296660766749589168e-02
9.055276381909548036e+02 1.989390979346872923e+00 1.296803973307588537e-02
9.111809045226129911e+02 1.989140188280660748e+00 1.296941822978843126e-02
9.168341708542714059e+02 1.988896353096954339e+00 1.297074543080154081e-02
9.224874371859295934e+02 1.988659201772481566e+00 1.297202349358004062e-02
9.281407035175880083e+02 1.988428476103374365e+00 1.297325446691738847e-02
9.337939698492461957e+02 1.988203930840714229e+00 1.297444029745733508e-02
9.394472361809044969e+02 1.987985332890242374e+00 1.297558283578390155e-02
9.451005025125627981e+02 1.987772460570729427e+00 1.297668384198681635e-02
9.507537688442210992e+02 1.987565102926039051e+00 1.297774499096026983e-02
9.564070351758794004e+02 1.987363059086396211e+00 1.297876787729049415e-02
9.620603015075377016e+02 1.987166137674786004e+00 1.297975401979300364e-02
9.677135678391960028e+02 1.986974156254810220e+00 1.298070486580293025e-02
9.733668341708543039e+02 1.986786940816646307e+00 1.298162179511656161e-02
9.790201005025126051e+02 1.986604325298073404e+00 1.298250612376431086e-02
9.846733668341707926e+02 1.986426151137805629e+00 1.298335910745322848e-02
9.903266331658290937e+02 1.986252266858607340e+00 1.298418194480786131e-02
9.959798994974873949e+02 1.986082527677900167e+00 1.298497578050397845e-02
1.001633165829145696e+03 1.985916795143765734e+00 1.298574170803051472e-02
1.007286432160803997e+03 1.985754936794430714e+00 1.298648077246489750e-02
1.012939698492462298e+03 1.985596825839480273e+00 1.298719397291153536e-02
1.018592964824120600e+03 1.985442340861204746e+00 1.298788226497996946e-02
1.024246231155778787e+03 1.985291365534599395e+00 1.298854656289259550e-02
1.029899497487437202e+03 1.985143788364681194e+00 1.298918774167532285e-02
1.035552763819095617e+03 1.984999502439878771e+00 1.298980663908087634e-02
1.041206030150753804e+03 1.984858405200360387e+00 1.299040405745870153e-02
1.046859296482411992e+03 1.984720398220254367e+00 1.299098076550322077e-02
1.052512562814070407e+03 1.984585387002799184e+00 1.299153749989776646e-02
1.058165829145728594e+03 1.984453280787535245e+00 1.299207496689702354e-02
1.063819095477386782e+03 1.984323992368721035e+00 1.299259384377125272e-02
1.069472361809045196e+03 1.984197437924217766e+00 1.299309478018076912e-02
1.075125628140703611e+03 1.984073536854145559e+00 1.299357839953205890e-02
1.080778894472361799e+03 1.983952211628665419e+00 1.299404530016185291e-02
1.086432160804019986e+03 1.983833387644291069e+00 1.299449605655429892e-02
1.092085427135678401e+03 1.983716993088176839e+00 1.299493122042900614e-02
1.097738693467336816e+03 1.983602958809873140e+00 1.299535132176837630e-02
1.103391959798995003e+03 1.983491218200070128e+00 1.299575686984410887e-02
1.109045226130653191e+03 1.983381707075890787e+00 1.299614835415751485e-02
1.114698492462311606e+03 1.983274363572329113e+00 1.299652624531077820e-02
1.120351758793969793e+03 1.983169128039444340e+00 1.299689099584341520e-02
1.126005025125627981e+03 1.983065942944966187e+00 1.299724304106812146e-02
1.131658291457286396e+03 1.982964752781978035e+00 1.299758279982065820e-02
1.137311557788944810e+03 1.982865503981370958e+00 1.299791067516652132e-02
1.142964824120602998e+03 1.982768144828788381e+00 1.299822705508151509e-02
1.148618090452261185e+03 1.982672625385790699e+00 1.299853231313189902e-02
1.154271356783919600e+03 1.982578897414991825e+00 1.299882680909434339e-02
1.159924623115578015e+03 1.982486914308941195e+00 1.299911088949863916e-02
1.165577889447236203e+03 1.982396631022527833e+00 1.299938488825549618e-02
1.171231155778894390e+03 1.982308004008711988e+00 1.299964912711318657e-02
1.176884422110552805e+03 1.982220991157388035e+00 1.299990391624202858e-02
1.182537688442210992e+03 1.982135551737206791e+00 1.300014955464777640e-02
1.188190954773869180e+03 1.982051646340192264e+00 1.300038633067870930e-02
1.193844221105527595e+03 1.981969236828993175e+00 1.300061452246416629e-02
1.199497487437186010e+03 1.981888286286627832e+00 1.300083439828455048e-02
1.205150753768844197e+03 1.981808758968586659e+00 1.300104621701798392e-02
1.210804020100502385e+03 1.981730620257162068e+00 1.300125022850993906e-02
1.216457286432160799e+03 1.981653836617886189e+00 1.300144667390851563e-02
1.222110552763819214e+03 1.981578375557967009e+00 1.300163578605935920e-02
1.227763819095477402e+03 1.981504205586614553e+00 1.300181778977232451e-02
1.233417085427135589e+03 1.981431296177154744e+00 1.300199290220756081e-02
1.239070351758794004e+03 1.981359617730845901e+00 1.300216133310776352e-02
1.244723618090452419e+03 1.981289141542301957e+00 1.300232328513277642e-02
1.250376884422110379e+03 1.981219839766442670e+00 1.300247895411723448e-02
1.256030150753768794e+03 1.981151685386892680e+00 1.300262852933663921e-02
1.261683417085427209e+03 1.981084652185758355e+00 1.300277219373919060e-02
1.267336683417085396e+03 1.981018714714708251e+00 1.300291012423729527e-02
1.272989949748743584e+03 1.980953848267294815e+00 1.300304249187091837e-02
1.278643216080401999e+03 1.980890028852457574e+00 1.300316946208186081e-02
1.284296482412060413e+03 1.980827233169146995e+00 1.300329119488549678e-02
1.289949748743718601e+03 1.980765438582012594e+00 1.300340784510222239e-02
1.295603015075376788e+03 1.980704623098108907e+00 1.300351956252906657e-02
1.301256281407035203e+03 1.980644765344566016e+00 1.300362649212832671e-02
1.306909547738693618e+03 1.980585844547179120e+00 1.300372877423322700e-02
1.312562814070351806e+03 1.980527840509873627e+00 1.300382654465960346e-02
1.318216080402009993e+03 1.980470733595006916e+00 1.300391993491999999e-02
1.323869346733668408e+03 1.980414504704462120e+00 1.300400907236088505e-02
1.329522613065326595e+03 1.980359135261501091e+00 1.300409408031689626e-02
1.335175879396984783e+03 1.980304607193342559e+00 1.300417507824797557e-02
1.340829145728643198e+03 1.980250902914425737e+00 1.300425218187646094e-02
1.346482412060301613e+03 1.980198005310335185e+00 1.300432550331563110e-02
1.352135678391959800e+03 1.980145897722353387e+00 1.300439515123233240e-02
1.357788944723617988e+03 1.980094563932612406e+00 1.300446123089862502e-02
1.363442211055276402e+03 1.980043988149817968e+00 1.300452384438851965e-02
1.369095477386934817e+03 1.979994154995522893e+00 1.300458309063809263e-02
1.374748743718593005e+03 1.979945049490921427e+00 1.300463906554826660e-02
1.380402010050251192e+03 1.979896657044145414e+00 1.300469186213026006e-02
1.386055276381909607e+03 1.979848963438037623e+00 1.300474157059124634e-02
1.391708542713567795e+03 1.979801954818382059e+00 1.300478827838585059e-02
1.397361809045225982e+03 1.979755617682573687e+00 1.300483207038714839e-02
1.403015075376884397e+03 1.979709938868705166e+00 1.300487302890398350e-02
1.408668341708542812e+03 1.979664905545055031e+00 1.300491123378362708e-02
1.414321608040200999e+03 1.979620505199960689e+00 1.300494676254004833e-02
1.419974874371859187e+03 1.979576725632057554e+00 1.300497969037972025e-02
1.425628140703517602e+03 1.979533554940871687e+00 1.300501009028717618e-02
1.431281407035176017e+03 1.979490981517749493e+00 1.300503803311053863e-02
1.436934673366834204e+03 1.979448994037111165e+00 1.300506358764706716e-02
1.442587939698492391e+03 1.979407581448014763e+00 1.300508682065182504e-02
1.448241206030150806e+03 1.979366732966016285e+00 1.300510779698296412e-02
1.453894472361808994e+03 1.979326438065317717e+00 1.300512657960184622e-02
1.459547738693467409e+03 1.979286686471186663e+00 1.300514322965853377e-02
1.465201005025125596e+03 1.979247468152639300e+00 1.300515780655166730e-02
1.470854271356784011e+03 1.979208773315377368e+00 1.300517036797978893e-02
1.476507537688442198e+03 1.979170592394964734e+00 1.300518096999266592e-02
1.482160804020100386e+03 1.979132916050237556e+00 1.300518966705967866e-02
1.487814070351758801e+03 1.979095735156940261e+00 1.300519651207844400e-02
1.493467336683416988e+03 1.979059040801571578e+00 1.300520155648587223e-02
1.499120603015075403e+03 1.979022824275441961e+00 1.300520485025824687e-02
1.504773869346733591e+03 1.978987077068925071e+00 1.300520644196251699e-02
1.510427135678392006e+03 1.978951790865903559e+00 1.300520637882465400e-02
1.516080402010050193e+03 1.978916957538395360e+00 1.300520470675532378e-02
1.521733668341708608e+03 1.978882569141358072e+00 1.300520147034994918e-02
1.527386934673366795e+03 1.978848617907662755e+00 1.300519671303388379e-02
1.533040201005025210e+03 1.978815096243231153e+00 1.300519047697709478e-02
1.538693467336683398e+03 1.978781996722328795e+00 1.300518280321372525e-02
1.544346733668341585e+03 1.978749312083011747e+00 1.300517373165921420e-02
1.550000000000000000e+03 1.978717035222717469e+00 1.300516330111886783e-02
