4.250000000000000000e+02 1.581881244866022662e+00 3.914248936814239688e-01
4.306532663316583012e+02 1.693468539182653609e+00 3.632070319165959238e-01
4.363065326633166023e+02 1.751705145154150101e+00 3.482068866922029549e-01
4.419597989949749035e+02 1.793599646240840784e+00 3.366087509719136173e-01
4.476130653266331478e+02 1.828009107012259937e+00 3.262300352888772847e-01
4.532663316582914490e+02 1.858379087143498865e+00 3.162374037727658238e-01
4.589195979899497502e+02 1.886395130797855701e+00 3.062143279306761556e-01
4.645728643216080513e+02 1.913002315758604244e+00 2.959098171828073442e-01
4.702261306532663525e+02 1.938780485610342108e+00 2.851467209370244227e-01
4.758793969849245968e+02 1.964107984062229084e+00 2.737801984562233670e-01
4.815326633165828980e+02 1.989241633717450108e+00 2.616744763854164657e-01
4.871859296482411992e+02 2.014358569326769377e+00 2.486859659698767711e-01
4.928391959798995003e+02 2.039578218730827341e+00 2.346466230307262535e-01
4.984924623115578015e+02 2.064971715938354713e+00 2.193423154245306428e-01
5.041457286432161027e+02 2.090559788700622867e+00 2.024783807716174500e-01
5.097989949748744039e+02 2.116292652627876691e+00 1.836157517997613897e-01
5.154522613065327050e+02 2.141985298821380557e+00 1.620334599018739274e-01
5.211055276381910062e+02 2.167094537006884369e+00 1.363690845230265125e-01
5.267587939698491937e+02 2.189613717037552032e+00 1.033152142770504267e-01
5.324120603015074948e+02 2.185688504116300113e+00 4.575864622255638309e-02
5.380653266331657960e+02 2.147704234978503823e+00 1.134264335702405042e-02
5.437185929648240972e+02 2.109576186619326332e+00 1.155179225830223547e-02
5.493718592964823983e+02 2.086609192684843350e+00 1.168285888514233352e-02
5.550251256281406995e+02 2.070116492453149437e+00 1.177962904274021047e-02
5.606783919597990007e+02 2.057349263445886756e+00 1.185620306778127978e-02
5.663316582914573019e+02 2.047027014281395108e+00 1.191925218533607111e-02
5.719849246231156030e+02 2.038436623517915880e+00 1.197254561188553987e-02
5.776381909547739042e+02 2.031136539927413054e+00 1.201844891513961962e-02
5.832914572864322054e+02 2.024833237659310559e+00 1.205855482258425503e-02
5.889447236180903928e+02 2.019321334270637980e+00 1.209399137918943691e-02
5.945979899497488077e+02 2.014451428152499446e+00 1.212558873435222104e-02
6.002512562814069952e+02 2.010111466962640758e+00 1.215397648722867791e-02
6.059045226130652964e+02 2.006215306952281896e+00 1.217964389900373645e-02
6.115577889447235975e+02 2.002695354361370583e+00 1.220297889723820361e-02
6.172110552763818987e+02 1.999497649792879139e+00 1.222429431199426042e-02
6.228643216080401999e+02 1.996578479384645277e+00 1.224384608501134959e-02
6.285175879396985010e+02 1.993901975406562777e+00 1.226184624757879066e-02
6.341708542713568022e+02 1.991438378089252836e+00 1.227847238253809183e-02
6.398241206030151034e+02 1.989162751214151648e+00 1.229387466019836971e-02
6.454773869346734045e+02 1.987054016350564112e+00 1.230818116170886815e-02
6.511306532663315920e+02 1.985094215432847697e+00 1.232150196843498531e-02
6.567839195979900069e+02 1.983267939923898604e+00 1.233393234665084055e-02
6.624371859296481944e+02 1.981561883471170571e+00 1.234555525807489416e-02
6.680904522613064955e+02 1.979964487433037990e+00 1.235644336092253139e-02
6.737437185929647967e+02 1.978465657158000823e+00 1.236666062089830306e-02
6.793969849246230979e+02 1.977056532804721600e+00 1.237626361998447715e-02
6.850502512562813990e+02 1.975729302659342546e+00 1.238530262872923442e-02
6.907035175879397002e+02 1.974477049893096581e+00 1.239382249151223248e-02
6.963567839195980014e+02 1.973293625872401869e+00 1.240186336252408796e-02
7.020100502512563025e+02 1.972173544728958117e+00 1.240946132182938096e-02
7.076633165829146037e+02 1.971111895084262544e+00 1.241664889404851292e-02
7.133165829145727912e+02 1.970104265715452385e+00 1.242345548762022016e-02
7.189698492462312061e+02 1.969146682627154643e+00 1.242990776876951552e-02
7.246231155778893935e+02 1.968235555513489610e+00 1.243602998148556592e-02
7.302763819095478084e+02 1.967367631995916133e+00 1.244184422256234233e-02
7.359296482412059959e+02 1.966539958335510541e+00 1.244737067902343571e-02
7.415829145728642970e+02 1.965749845563917075e+00 1.245262783402218201e-02
7.472361809045225982e+02 1.964994840171427892e+00 1.245763264595677391e-02
7.528894472361808994e+02 1.964272698645223247e+00 1.246240070500798450e-02
7.585427135678392006e+02 1.963581365274590818e+00 1.246694637029692639e-02
7.641959798994975017e+02 1.962918952739675094e+00 1.247128289052874990e-02
7.698492462311558029e+02 1.962283725081080510e+00 1.247542251044114238e-02
7.755025125628139904e+02 1.961674082713455558e+00 1.247937656496042602e-02
7.811557788944724052e+02 1.961088549200016518e+00 1.248315556278806887e-02
7.868090452261305927e+02 1.960525759549259783e+00 1.248676926075057564e-02
7.924623115577890076e+02 1.959984449831686959e+00 1.249022673011698087e-02
7.981155778894471950e+02 1.959463447944711945e+00 1.249353641590838539e-02
8.037688442211054962e+02 1.958961665379207906e+00 1.249670619009055766e-02
8.094221105527637974e+02 1.958478089862291327e+00 1.249974339927555599e-02
8.150753768844220986e+02 1.958011778768689259e+00 1.250265490777432813e-02
8.207286432160803997e+02 1.957561853207997915e+00 1.250544713630407506e-02
8.263819095477387009e+02 1.957127492707776861e+00 1.250812609715620631e-02
8.320351758793970021e+02 1.956707930423150055e+00 1.251069742581894552e-02
8.376884422110551895e+02 1.956302448812707873e+00 1.251316640987151264e-02
8.433417085427136044e+02 1.955910375728295403e+00 1.251553801511181424e-02
8.489949748743717919e+02 1.955531080872932703e+00 1.251781690941902725e-02
8.546482412060302067e+02 1.955163972586840604e+00 1.252000748440687712e-02
8.603015075376883942e+02 1.954808494926469464e+00 1.252211387538311287e-02
8.659547738693468091e+02 1.954464125005672459e+00 1.252413997938430466e-02
8.716080402010049966e+02 1.954130370571852016e+00 1.252608947184335672e-02
8.772613065326632977e+02 1.953806767793088817e+00 1.252796582185182125e-02
8.829145728643215989e+02 1.953492879235036561e+00 1.252977230612029209e-02
8.885678391959799001e+02 1.953188292008784632e+00 1.253151202185464469e-02
8.942211055276382012e+02 1.952892616072993359e+00 1.253318789864990394e-02
8.998743718592965024e+02 1.952605482675456416e+00 1.253480270936136766e-02
9.055276381909548036e+02 1.952326542920860053e+00 1.253635908023099585e-02
9.111809045226129911e+02 1.952055466452932597e+00 1.253785950018349200e-02
9.168341708542714059e+02 1.951791940240424239e+00 1.253930632944526974e-02
9.224874371859295934e+02 1.951535667457469758e+00 1.254070180752411660e-02
9.281407035175880083e+02 1.951286366449845211e+00 1.254204806061354899e-02
9.337939698492461957e+02 1.951043769779513104e+00 1.254334710845032841e-02
9.394472361809044969e+02 1.950807623340598651e+00 1.254460087067982461e-02
9.451005025125627981e+02 1.950577685540625161e+00 1.254581117281040881e-02
9.507537688442210992e+02 1.950353726541442123e+00 1.254697975165192624e-02
9.564070351758794004e+02 1.950135527554817561e+00 1.254810826054031728e-02
9.620603015075377016e+02 1.949922880188139196e+00 1.254919827408393015e-02
9.677135678391960028e+02 1.949715585836111931e+00 1.255025129256520135e-02
9.733668341708543039e+02 1.949513455114705307e+00 1.255126874623739737e-02
9.790201005025126051e+02 1.949316307333968323e+00 1.255225199908365820e-02
9.846733668341707926e+02 1.949123970006617856e+00 1.255320235253441948e-02
9.903266331658290937e+02 1.948936278389601373e+00 1.255412104885187535e-02
9.959798994974873949e+02 1.948753075056071982e+00 1.255500927431471569e-02
1.001633165829145696e+03 1.948574209495444576e+00 1.255586816222129497e-02
1.007286432160803997e+03 1.948399537739404996e+00 1.255669879564979240e-02
1.012939698492462298e+03 1.948228922011923325e+00 1.255750221015255845e-02
1.018592964824120600e+03 1.948062230401488515e+00 1.255827939614633654e-02
1.024246231155778787e+03 1.947899336553939875e+00 1.255903130131690200e-02
1.029899497487437202e+03 1.947740119384390178e+00 1.255975883271135546e-02
1.035552763819095617e+03 1.947584462806875916e+00 1.256046285886307408e-02
1.041206030150753804e+03 1.947432255480468166e+00 1.256114421167552585e-02
1.046859296482411992e+03 1.947283390570689443e+00 1.256180368825964878e-02
1.052512562814070407e+03 1.947137765525166708e+00 1.256244205263657744e-02
1.058165829145728594e+03 1.946995281862540672e+00 1.256306003734127333e-02
1.063819095477386782e+03 1.946855844973723215e+00 1.256365834499789842e-02
1.069472361809045196e+03 1.946719363934669822e+00 1.256423764969035080e-02
1.075125628140703611e+03 1.946585751329894975e+00 1.256479859836668461e-02
1.080778894472361799e+03 1.946454923086018196e+00 1.256534181210081438e-02
1.086432160804019986e+03 1.946326798314679252e+00 1.256586788730880595e-02
1.092085427135678401e+03 1.946201299164217691e+00 1.256637739689334642e-02
1.097738693467336816e+03 1.946078350679544711e+00 1.256687089135184385e-02
1.103391959798995003e+03 1.945957880669690221e+00 1.256734889975985939e-02
1.109045226130653191e+03 1.945839819582534824e+00 1.256781193078018027e-02
1.114698492462311606e+03 1.945724100386279520e+00 1.256826047355622498e-02
1.120351758793969793e+03 1.945610658457229691e+00 1.256869499864003183e-02
1.126005025125627981e+03 1.945499431473509011e+00 1.256911595873405098e-02
1.131658291457286396e+03 1.945390359314337791e+00 1.256952378955596486e-02
1.137311557788944810e+03 1.945283383964540924e+00 1.256991891055276103e-02
1.142964824120602998e+03 1.945178449423969447e+00 1.257030172558774167e-02
1.148618090452261185e+03 1.945075501621544856e+00 1.257067262365356083e-02
1.154271356783919600e+03 1.944974488333653939e+00 1.257103197949643349e-02
1.159924623115578015e+03 1.944875359106636559e+00 1.257138015418695666e-02
1.165577889447236203e+03 1.944778065183133231e+00 1.257171749578765013e-02
1.171231155778894390e+03 1.944682559432066027e+00 1.257204433978170201e-02
1.176884422110552805e+03 1.944588796282048504e+00 1.257236100971330026e-02
1.182537688442210992e+03 1.944496731658030830e+00 1.257266781759805267e-02
1.188190954773869180e+03 1.944406322920993357e+00 1.257296506443908272e-02
1.193844221105527595e+03 1.944317528810526774e+00 1.257325304066336281e-02
1.199497487437186010e+03 1.944230309390133193e+00 1.257353202658430084e-02
1.205150753768844197e+03 1.944144625995100073e+00 1.257380229276694808e-02
1.210804020100502385e+03 1.944060441182810406e+00 1.257406410043713715e-02
1.216457286432160799e+03 1.943977718685351075e+00 1.257431770185510854e-02
1.222110552763819214e+03 1.943896423364306125e+00 1.257456334068893927e-02
1.227763819095477402e+03 1.943816521167605949e+00 1.257480125231715332e-02
1.233417085427135589e+03 1.943737979088337786e+00 1.257503166420181895e-02
1.239070351758794004e+03 1.943660765125402534e+00 1.257525479612021241e-02
1.244723618090452419e+03 1.943584848245929697e+00 1.257547086058175695e-02
1.250376884422110379e+03 1.943510198349358120e+00 1.257568006296230605e-02
1.256030150753768794e+03 1.943436786233094793e+00 1.257588260191198556e-02
1.261683417085427209e+03 1.943364583559673564e+00 1.257607866954221949e-02
1.267336683417085396e+03 1.943293562825338272e+00 1.257626845165677777e-02
1.272989949748743584e+03 1.943223697329977240e+00 1.257645212804453516e-02
1.278643216080401999e+03 1.943154961148343851e+00 1.257662987266618300e-02
1.284296482412060413e+03 1.943087329102498817e+00 1.257680185389384309e-02
1.289949748743718601e+03 1.943020776735411514e+00 1.257696823468878664e-02
1.295603015075376788e+03 1.942955280285670217e+00 1.257712917281439587e-02
1.301256281407035203e+03 1.942890816663240594e+00 1.257728482107553850e-02
1.306909547738693618e+03 1.942827363426227638e+00 1.257743532739015631e-02
1.312562814070351806e+03 1.942764898758589487e+00 1.257758083509029345e-02
1.318216080402009993e+03 1.942703401448758083e+00 1.257772148298473905e-02
1.323869346733668408e+03 1.942642850869128912e+00 1.257785740558050452e-02
1.329522613065326595e+03 1.942583226956369868e+00 1.257798873321597927e-02
1.335175879396984783e+03 1.942524510192523257e+00 1.257811559223816732e-02
1.340829145728643198e+03 1.942466681586851429e+00 1.257823810507396368e-02
1.346482412060301613e+03 1.942409722658402282e+00 1.257835639044262328e-02
1.352135678391959800e+03 1.942353615419257107e+00 1.257847056345342412e-02
1.357788944723617988e+03 1.942298342358427909e+00 1.257858073572097092e-02
1.363442211055276402e+03 1.942243886426382904e+00 1.257868701550693240e-02
1.369095477386934817e+03 1.942190231020160418e+00 1.257878950782643362e-02
1.374748743718593005e+03 1.942137359969057009e+00 1.257888831455443619e-02
1.380402010050251192e+03 1.942085257520855368e+00 1.257898353453207850e-02
1.386055276381909607e+03 1.942033908328573588e+00 1.257907526369946710e-02
1.391708542713567795e+03 1.941983297437710032e+00 1.257916359514018451e-02
1.397361809045225982e+03 1.941933410273965599e+00 1.257924861923169838e-02
1.403015075376884397e+03 1.941884232631417850e+00 1.257933042368981034e-02
1.408668341708542812e+03 1.941835750661134563e+00 1.257940909368372370e-02
1.414321608040200999e+03 1.941787950860199397e+00 1.257948471192458714e-02
1.419974874371859187e+03 1.941740820061141681e+00 1.257955735871872822e-02
1.425628140703517602e+03 1.941694345421744350e+00 1.257962711209148834e-02
1.431281407035176017e+03 1.941648514415221793e+00 1.257969404782275681e-02
1.436934673366834204e+03 1.941603314820746551e+00 1.257975823950899588e-02
1.442587939698492391e+03 1.941558734714314172e+00 1.257981975867818181e-02
1.448241206030150806e+03 1.941514762459930044e+00 1.257987867485180211e-02
1.453894472361808994e+03 1.941471386701106638e+00 1.257993505556268508e-02
1.459547738693467409e+03 1.941428596352658076e+00 1.257998896646110240e-02
1.465201005025125596e+03 1.941386380592777572e+00 1.258004047135906009e-02
1.470854271356784011e+03 1.941344728855392443e+00 1.258008963230989631e-02
1.476507537688442198e+03 1.941303630822778903e+00 1.258013650960842014e-02
1.482160804020100386e+03 1.941263076418429101e+00 1.258018116191462858e-02
1.487814070351758801e+03 1.941223055800162856e+00 1.258022364627147532e-02
1.493467336683416988e+03 1.941183559353470756e+00 1.258026401813148662e-02
1.499120603015075403e+03 1.941144577685079753e+00 1.258030233146277370e-02
1.504773869346733591e+03 1.941106101616736357e+00 1.258033863874915767e-02
1.510427135678392006e+03 1.941068122179195221e+00 1.258037299103438936e-02
1.516080402010050193e+03 1.941030630606406904e+00 1.258040543801933718e-02
1.521733668341708608e+03 1.940993618329895920e+00 1.258043602803559508e-02
1.527386934673366795e+03 1.940957076973323758e+00 1.258046480813383369e-02
1.533040201005025210e+03 1.940920998347229309e+00 1.258049182408387846e-02
1.538693467336683398e+03 1.940885374443938050e+00 1.258051712047186452e-02
1.544346733668341585e+03 1.940850197432636648e+00 1.258054074065618512e-02
1.550000000000000000e+03 1.940815459654604780e+00 1.258056272688228873e-02
