4.250000000000000000e+02 1.570381215140906006e+00 3.798875579314877626e-01
4.306532663316583012e+02 1.678757264238519786e+00 3.530123498759724643e-01
4.363065326633166023e+02 1.735349763382829424e+00 3.386633198018106361e-01
4.419597989949749035e+02 1.776076747934993261e+00 3.275355624410524746e-01
4.476130653266331478e+02 1.809537089029394252e+00 3.175549624788133740e-01
4.532663316582914490e+02 1.839076601847688730e+00 3.079281378336604647e-01
4.589195979899497502e+02 1.866332308315055588e+00 2.982576685809378847e-01
4.645728643216080513e+02 1.892222218789856081e+00 2.883033915688967830e-01
4.702261306532663525e+02 1.917309653922474322e+00 2.778951874227545971e-01
4.758793969849245968e+02 1.941962232069533334e+00 2.668934119803813010e-01
4.815326633165828980e+02 1.966429532332182761e+00 2.551666795983061342e-01
4.871859296482411992e+02 1.990883713720634551e+00 2.425756421890522541e-01
4.928391959798995003e+02 2.015440849514996913e+00 2.289569115335249039e-01
4.984924623115578015e+02 2.040170044105236613e+00 2.141020754876457322e-01
5.041457286432161027e+02 2.065091330417179183e+00 1.977242258991812607e-01
5.097989949748744039e+02 2.090156029923801562e+00 1.793958469222135532e-01
5.154522613065327050e+02 2.115183616997463378e+00 1.584151240839317409e-01
5.211055276381910062e+02 2.139644291162533740e+00 1.334565208138384362e-01
5.267587939698491937e+02 2.161581726985691176e+00 1.013053502114946158e-01
5.324120603015074948e+02 2.157901472691341471e+00 4.540301393131526697e-02
5.380653266331657960e+02 2.121002063595768483e+00 1.167349695292169837e-02
5.437185929648240972e+02 2.083824757067661793e+00 1.188589763851306130e-02
5.493718592964823983e+02 2.061450673217972263e+00 1.201880786619125181e-02
5.550251256281406995e+02 2.045390703094230211e+00 1.211685520884247212e-02
5.606783919597990007e+02 2.032961883177527795e+00 1.219439091613528682e-02
5.663316582914573019e+02 2.022915249072538835e+00 1.225819908541262923e-02
5.719849246231156030e+02 2.014555544178795898e+00 1.231211032895367964e-02
5.776381909547739042e+02 2.007452415427751546e+00 1.235852757323905801e-02
5.832914572864322054e+02 2.001319850651686494e+00 1.239906804369526015e-02
5.889447236180903928e+02 1.995957763824167008e+00 1.243487673681670583e-02
5.945979899497488077e+02 1.991220629631516470e+00 1.246679601844458141e-02
6.002512562814069952e+02 1.986999317956464894e+00 1.249546457713644407e-02
6.059045226130652964e+02 1.983209941566158818e+00 1.252137861346756635e-02
6.115577889447235975e+02 1.979786684176201739e+00 1.254493146685016491e-02
6.172110552763818987e+02 1.976677010213962804e+00 1.256644026406725061e-02
6.228643216080401999e+02 1.973838362853087780e+00 1.258616441078007180e-02
6.285175879396985010e+02 1.971235826376619649e+00 1.260431876790606316e-02
6.341708542713568022e+02 1.968840432922025485e+00 1.262108325646295846e-02
6.398241206030151034e+02 1.966627911377032634e+00 1.263660999870177583e-02
6.454773869346734045e+02 1.964577746738622510e+00 1.265102871991210555e-02
6.511306532663315920e+02 1.962672461927776224e+00 1.266445089760119720e-02
6.567839195979900069e+02 1.960897061884208981e+00 1.267697299223525566e-02
6.624371859296481944e+02 1.959238597952174477e+00 1.268867899366932749e-02
6.680904522613064955e+02 1.957685822722637914e+00 1.269964245060016192e-02
6.737437185929647967e+02 1.956228913784689771e+00 1.270992810418277580e-02
6.793969849246230979e+02 1.954859250593371511e+00 1.271959321505734646e-02
6.850502512562813990e+02 1.953569232722508708e+00 1.272868865044728993e-02
6.907035175879397002e+02 1.952352130680857778e+00 1.273725978152561236e-02
6.963567839195980014e+02 1.951201962583065441e+00 1.274534722940787526e-02
7.020100502512563025e+02 1.950113391521025141e+00 1.275298748952839907e-02
7.076633165829146037e+02 1.949081639637348040e+00 1.276021345722507146e-02
7.133165829145727912e+02 1.948102415771987728e+00 1.276705487286443862e-02
7.189698492462312061e+02 1.947171854213196385e+00 1.277353870075923804e-02
7.246231155778893935e+02 1.946286462589911892e+00 1.277968945327739858e-02
7.302763819095478084e+02 1.945443077333744997e+00 1.278552946947727684e-02
7.359296482412059959e+02 1.944638825443443242e+00 1.279107915565523557e-02
7.415829145728642970e+02 1.943871091523933670e+00 1.279635719377565303e-02
7.472361809045225982e+02 1.943137489261165474e+00 1.280138072295761674e-02
7.528894472361808994e+02 1.942435836644482494e+00 1.280616549797015773e-02
7.585427135678392006e+02 1.941764134368801020e+00 1.281072602809465999e-02
7.641959798994975017e+02 1.941120546945954262e+00 1.281507569928543380e-02
7.698492462311558029e+02 1.940503386133229702e+00 1.281922688194836284e-02
7.755025125628139904e+02 1.939911096351170761e+00 1.282319102625222550e-02
7.811557788944724052e+02 1.939342241815140477e+00 1.282697874675505986e-02
7.868090452261305927e+02 1.938795495148250669e+00 1.283059989762694135e-02
7.924623115577890076e+02 1.938269627278869978e+00 1.283406363978955612e-02
7.981155778894471950e+02 1.937763498455470801e+00 1.283737850096183276e-02
8.037688442211054962e+02 1.937276050236182323e+00 1.284055242945373806e-02
8.094221105527637974e+02 1.936806298330999709e+00 1.284359284246516623e-02
8.150753768844220986e+02 1.936353326191881496e+00 1.284650666959753253e-02
8.207286432160803997e+02 1.935916279260517570e+00 1.284930039212489258e-02
8.263819095477387009e+02 1.935494359795863373e+00 1.285198007842033342e-02
8.320351758793970021e+02 1.935086822213969882e+00 1.285455141609398617e-02
8.376884422110551895e+02 1.934692968881517983e+00 1.285701974111949641e-02
8.433417085427136044e+02 1.934312146312050951e+00 1.285939006430104371e-02
8.489949748743717919e+02 1.933943741720384191e+00 1.286166709541352281e-02
8.546482412060302067e+02 1.933587179896237851e+00 1.286385526513085520e-02
8.603015075376883942e+02 1.933241920362934962e+00 1.286595874509760019e-02
8.659547738693468091e+02 1.932907454791142454e+00 1.286798146630771349e-02
8.716080402010049966e+02 1.932583304641213973e+00 1.286992713589282800e-02
8.772613065326632977e+02 1.932269019010784072e+00 1.287179925251637561e-02
8.829145728643215989e+02 1.931964172666982948e+00 1.287360112056899937e-02
8.885678391959799001e+02 1.931668364244970348e+00 1.287533586314431461e-02
8.942211055276382012e+02 1.931381214596549212e+00 1.287700643404089684e-02
8.998743718592965024e+02 1.931102365274414367e+00 1.287861562880289815e-02
9.055276381909548036e+02 1.930831477139162811e+00 1.288016609491477935e-02
9.111809045226129911e+02 1.930568229077581410e+00 1.288166034122205199e-02
9.168341708542714059e+02 1.930312316821935159e+00 1.288310074662379727e-02
9.224874371859295934e+02 1.930063451861062873e+00 1.288448956815989657e-02
9.281407035175880083e+02 1.929821360435030497e+00 1.288582894847781907e-02
9.337939698492461957e+02 1.929585782605930611e+00 1.288712092274971709e-02
9.394472361809044969e+02 1.929356471398165240e+00 1.288836742514482860e-02
9.451005025125627981e+02 1.929133192002206121e+00 1.288957029479831720e-02
9.507537688442210992e+02 1.928915721036415176e+00 1.289073128134677650e-02
9.564070351758794004e+02 1.928703845862034250e+00 1.289185205018654294e-02
9.620603015075377016e+02 1.928497363946914511e+00 1.289293418724915020e-02
9.677135678391960028e+02 1.928296082273980527e+00 1.289397920352736322e-02
9.733668341708543039e+02 1.928099816790791898e+00 1.289498853927511721e-02
9.790201005025126051e+02 1.927908391896901996e+00 1.289596356795955079e-02
9.846733668341707926e+02 1.927721639966013978e+00 1.289690559991417407e-02
9.903266331658290937e+02 1.927539400900205369e+00 1.289781588578843737e-02
9.959798994974873949e+02 1.927361521713730763e+00 1.289869561975980072e-02
1.001633165829145696e+03 1.927187856144135125e+00 1.289954594256043606e-02
1.007286432160803997e+03 1.927018264288607341e+00 1.290036794431898177e-02
1.012939698492462298e+03 1.926852612263677544e+00 1.290116266717470338e-02
1.018592964824120600e+03 1.926690771886528042e+00 1.290193110779352080e-02
1.024246231155778787e+03 1.926532620376331328e+00 1.290267421972596425e-02
1.029899497487437202e+03 1.926378040074155695e+00 1.290339291558151996e-02
1.035552763819095617e+03 1.926226918180111491e+00 1.290408806909708675e-02
1.041206030150753804e+03 1.926079146506504358e+00 1.290476051712558490e-02
1.046859296482411992e+03 1.925934621245870559e+00 1.290541106139005308e-02
1.052512562814070407e+03 1.925793242752859902e+00 1.290604047032175780e-02
1.058165829145728594e+03 1.925654915339006346e+00 1.290664948060395688e-02
1.063819095477386782e+03 1.925519547079507676e+00 1.290723879871396966e-02
1.069472361809045196e+03 1.925387049631203995e+00 1.290780910244650019e-02
1.075125628140703611e+03 1.925257338060998746e+00 1.290836104219465590e-02
1.080778894472361799e+03 1.925130330684037494e+00 1.290889524228990871e-02
1.086432160804019986e+03 1.925005948910994302e+00 1.290941230224620408e-02
1.092085427135678401e+03 1.924884117103881742e+00 1.290991279787398298e-02
1.097738693467336816e+03 1.924764762439826304e+00 1.291039728236737481e-02
1.103391959798995003e+03 1.924647814782306510e+00 1.291086628740765498e-02
1.109045226130653191e+03 1.924533206559377874e+00 1.291132032407664616e-02
1.114698492462311606e+03 1.924420872648447745e+00 1.291175988381233590e-02
1.120351758793969793e+03 1.924310750267191450e+00 1.291218543928635346e-02
1.126005025125627981e+03 1.924202778870232944e+00 1.291259744526358430e-02
1.131658291457286396e+03 1.924096900051235348e+00 1.291299633934078241e-02
1.137311557788944810e+03 1.923993057450077204e+00 1.291338254275339360e-02
1.142964824120602998e+03 1.923891196664805570e+00 1.291375646106146698e-02
1.148618090452261185e+03 1.923791265168083076e+00 1.291411848484369171e-02
1.154271356783919600e+03 1.923693212227866267e+00 1.291446899030498571e-02
1.159924623115578015e+03 1.923596988832061649e+00 1.291480833994385936e-02
1.165577889447236203e+03 1.923502547616934288e+00 1.291513688308183229e-02
1.171231155778894390e+03 1.923409842799052250e+00 1.291545495647846049e-02
1.176884422110552805e+03 1.923318830110558819e+00 1.291576288479128268e-02
1.182537688442210992e+03 1.923229466737594429e+00 1.291606098110424650e-02
1.188190954773869180e+03 1.923141711261681319e+00 1.291634954745583819e-02
1.193844221105527595e+03 1.923055523603914851e+00 1.291662887519502007e-02
1.199497487437186010e+03 1.922970864971796257e+00 1.291689924550025285e-02
1.205150753768844197e+03 1.922887697808573382e+00 1.291716092975216806e-02
1.210804020100502385e+03 1.922805985744943769e+00 1.291741418994038840e-02
1.216457286432160799e+03 1.922725693552995052e+00 1.291765927903579594e-02
1.222110552763819214e+03 1.922646787102267885e+00 1.291789644134540282e-02
1.227763819095477402e+03 1.922569233317819037e+00 1.291812591286707786e-02
1.233417085427135589e+03 1.922493000140188313e+00 1.291834792159251427e-02
1.239070351758794004e+03 1.922418056487164906e+00 1.291856268786164760e-02
1.244723618090452419e+03 1.922344372217257291e+00 1.291877042460518911e-02
1.250376884422110379e+03 1.922271918094786702e+00 1.291897133769017054e-02
1.256030150753768794e+03 1.922200665756511828e+00 1.291916562612786291e-02
1.261683417085427209e+03 1.922130587679714120e+00 1.291935348240189595e-02
1.267336683417085396e+03 1.922061657151664660e+00 1.291953509264159340e-02
1.272989949748743584e+03 1.921993848240407754e+00 1.291971063694988785e-02
1.278643216080401999e+03 1.921927135766791972e+00 1.291988028954210027e-02
1.284296482412060413e+03 1.921861495277689569e+00 1.292004421903070362e-02
1.289949748743718601e+03 1.921796903020343672e+00 1.292020258858973120e-02
1.295603015075376788e+03 1.921733335917792385e+00 1.292035555618782638e-02
1.301256281407035203e+03 1.921670771545311629e+00 1.292050327476109220e-02
1.306909547738693618e+03 1.921609188107832544e+00 1.292064589240305914e-02
1.312562814070351806e+03 1.921548564418285920e+00 1.292078355252021873e-02
1.318216080402009993e+03 1.921488879876827927e+00 1.292091639405624701e-02
1.323869346733668408e+03 1.921430114450908277e+00 1.292104455158728064e-02
1.329522613065326595e+03 1.921372248656137316e+00 1.292116815550307246e-02
1.335175879396984783e+03 1.921315263537921592e+00 1.292128733218811040e-02
1.340829145728643198e+03 1.921259140653824415e+00 1.292140220410816116e-02
1.346482412060301613e+03 1.921203862056624079e+00 1.292151288999130419e-02
1.352135678391959800e+03 1.921149410278036207e+00 1.292161950492299281e-02
1.357788944723617988e+03 1.921095768313069385e+00 1.292172216051842154e-02
1.363442211055276402e+03 1.921042919604984966e+00 1.292182096499175370e-02
1.369095477386934817e+03 1.920990848030837528e+00 1.292191602331122478e-02
1.374748743718593005e+03 1.920939537887565773e+00 1.292200743731128365e-02
1.380402010050251192e+03 1.920888973878612127e+00 1.292209530575312224e-02
1.386055276381909607e+03 1.920839141101047476e+00 1.292217972448831721e-02
1.391708542713567795e+03 1.920790025033180637e+00 1.292226078652790842e-02
1.397361809045225982e+03 1.920741611522624570e+00 1.292233858212865800e-02
1.403015075376884397e+03 1.920693886774810455e+00 1.292241319890505627e-02
1.408668341708542812e+03 1.920646837341922541e+00 1.292248472191553053e-02
1.414321608040200999e+03 1.920600450112237345e+00 1.292255323374864352e-02
1.419974874371859187e+03 1.920554712299851641e+00 1.292261881458349297e-02
1.425628140703517602e+03 1.920509611434782160e+00 1.292268154228446569e-02
1.431281407035176017e+03 1.920465135353422337e+00 1.292274149248738221e-02
1.436934673366834204e+03 1.920421272189338557e+00 1.292279873865126265e-02
1.442587939698492391e+03 1.920378010364393928e+00 1.292285335215303567e-02
1.448241206030150806e+03 1.920335338580187567e+00 1.292290540232209940e-02
1.453894472361808994e+03 1.920293245809793437e+00 1.292295495653499916e-02
1.459547738693467409e+03 1.920251721289787605e+00 1.292300208027574726e-02
1.465201005025125596e+03 1.920210754512553741e+00 1.292304683717892567e-02
1.470854271356784011e+03 1.920170335218853275e+00 1.292308928908998678e-02
1.476507537688442198e+03 1.920130453390652470e+00 1.292312949615130081e-02
1.482160804020100386e+03 1.920091099244192634e+00 1.292316751681087984e-02
1.487814070351758801e+03 1.920052263223298805e+00 1.292320340791700516e-02
1.493467336683416988e+03 1.920013935992910037e+00 1.292323722475271358e-02
1.499120603015075403e+03 1.919976108432833284e+00 1.292326902105308227e-02
1.504773869346733591e+03 1.919938771631700014e+00 1.292329884910843607e-02
1.510427135678392006e+03 1.919901916881128212e+00 1.292332675978161323e-02
1.516080402010050193e+03 1.919865535670075785e+00 1.292335280253384747e-02
1.521733668341708608e+03 1.919829619679379817e+00 1.292337702551074954e-02
1.527386934673366795e+03 1.919794160776474357e+00 1.292339947552521330e-02
1.533040201005025210e+03 1.919759151010281162e+00 1.292342019817776903e-02
1.538693467336683398e+03 1.919724582606264329e+00 1.292343923779650829e-02
1.544346733668341585e+03 1.919690447961647228e+00 1.292345663755743550e-02
1.550000000000000000e+03 1.919656739640778431e+00 1.292347243946734454e-02
