4.250000000000000000e+02 1.593298144980516806e+00 3.333720163557575278e-01
4.306532663316583012e+02 1.688766890787762431e+00 3.124694248318323209e-01
4.363065326633166023e+02 1.738819053900322542e+00 3.009830291727852991e-01
4.419597989949749035e+02 1.774933148971414187e+00 2.918976589985569081e-01
4.476130653266331478e+02 1.804663902847201129e+00 2.836249097961855425e-01
4.532663316582914490e+02 1.830955246930833225e+00 2.755496756734949759e-01
4.589195979899497502e+02 1.855249271165918090e+00 2.673591761548381740e-01
4.645728643216080513e+02 1.878355550939867280e+00 2.588605604579722885e-01
4.702261306532663525e+02 1.900771420471170980e+00 2.499137481557106022e-01
4.758793969849245968e+02 1.922821831668265480e+00 2.404005687523368129e-01
4.815326633165828980e+02 1.944727704218523590e+00 2.302070117938147253e-01
4.871859296482411992e+02 1.966641677834421786e+00 2.192097658430450235e-01
4.928391959798995003e+02 1.988666875770386033e+00 2.072623219185113774e-01
4.984924623115578015e+02 2.010864883575884221e+00 1.941763058381369977e-01
5.041457286432161027e+02 2.033253792049639852e+00 1.796912400451372294e-01
5.097989949748744039e+02 2.055790667652484416e+00 1.634180037421559817e-01
5.154522613065327050e+02 2.078315361036599640e+00 1.447165567545819487e-01
5.211055276381910062e+02 2.100357076337886486e+00 1.223747737492587861e-01
5.267587939698491937e+02 2.120173793514719129e+00 9.343519506658963525e-02
5.324120603015074948e+02 2.115838687735412282e+00 4.209195406713986398e-02
5.380653266331657960e+02 2.082068622657175183e+00 1.384283705519416888e-02
5.437185929648240972e+02 2.049407804160757962e+00 1.406837511666347330e-02
5.493718592964823983e+02 2.029652891381835467e+00 1.420996743383896345e-02
5.550251256281406995e+02 2.015450390525019397e+00 1.431450195008739448e-02
5.606783919597990007e+02 2.004452337730277200e+00 1.439718780083740213e-02
5.663316582914573019e+02 1.995560275322396215e+00 1.446524148079911948e-02
5.719849246231156030e+02 1.988161017657378293e+00 1.452274470312739894e-02
5.776381909547739042e+02 1.981874361622997238e+00 1.457225980936024436e-02
5.832914572864322054e+02 1.976447344813992535e+00 1.461551173831292239e-02
5.889447236180903928e+02 1.971702871042918748e+00 1.465372172228826542e-02
5.945979899497488077e+02 1.967512071055045553e+00 1.468778806668185992e-02
6.002512562814069952e+02 1.963778271932845598e+00 1.471839171370617136e-02
6.059045226130652964e+02 1.960427144778362551e+00 1.474606155043456900e-02
6.115577889447235975e+02 1.957400363520498843e+00 1.477121671322019492e-02
6.172110552763818987e+02 1.954651366812956148e+00 1.479419503890401326e-02
6.228643216080401999e+02 1.952142435188409797e+00 1.481527280645305623e-02
6.285175879396985010e+02 1.949842620999405085e+00 1.483467880231327009e-02
6.341708542713568022e+02 1.947726248511956415e+00 1.485260457148332262e-02
6.398241206030151034e+02 1.945771805387237041e+00 1.486921203725004650e-02
6.454773869346734045e+02 1.943961109080578398e+00 1.488463926379843261e-02
6.511306532663315920e+02 1.942278670284173003e+00 1.489900488121572233e-02
6.567839195979900069e+02 1.940711200146339355e+00 1.491241153012288004e-02
6.624371859296481944e+02 1.939247224087035759e+00 1.492494857601978434e-02
6.680904522613064955e+02 1.937876775784447947e+00 1.493669427186074088e-02
6.737437185929647967e+02 1.936591152243536174e+00 1.494771749842252646e-02
6.793969849246230979e+02 1.935382715952617572e+00 1.495807917777759212e-02
6.850502512562813990e+02 1.934244733731140364e+00 1.496783343078702221e-02
6.907035175879397002e+02 1.933171244449460646e+00 1.497702853244748528e-02
6.963567839195980014e+02 1.932156949673783819e+00 1.498570770589493714e-02
7.020100502512563025e+02 1.931197122666638233e+00 1.499390978684393694e-02
7.076633165829146037e+02 1.930287532197939804e+00 1.500166978275515282e-02
7.133165829145727912e+02 1.929424378392266659e+00 1.500901934632962488e-02
7.189698492462312061e+02 1.928604238423197392e+00 1.501598717856733427e-02
7.246231155778893935e+02 1.927824020314082620e+00 1.502259937342181537e-02
7.302763819095478084e+02 1.927080923451372829e+00 1.502887971406412573e-02
7.359296482412059959e+02 1.926372404686807371e+00 1.503484992861674023e-02
7.415829145728642970e+02 1.925696149116894906e+00 1.504052991179522132e-02
7.472361809045225982e+02 1.925050044795828086e+00 1.504593791779610182e-02
7.528894472361808994e+02 1.924432160771446298e+00 1.505109072871540013e-02
7.585427135678392006e+02 1.923840727940765438e+00 1.505600380221270261e-02
7.641959798994975017e+02 1.923274122307694345e+00 1.506069140132479563e-02
7.698492462311558029e+02 1.922730850295324645e+00 1.506516670898667282e-02
7.755025125628139904e+02 1.922209535821974180e+00 1.506944192938139936e-02
7.811557788944724052e+02 1.921708908896673229e+00 1.507352837776432947e-02
7.868090452261305927e+02 1.921227795527997939e+00 1.507743656054652721e-02
7.924623115577890076e+02 1.920765108771751217e+00 1.508117624656221852e-02
7.981155778894471950e+02 1.920319840769183273e+00 1.508475653089900829e-02
8.037688442211054962e+02 1.919891055649276090e+00 1.508818589203494639e-02
8.094221105527637974e+02 1.919477883186868628e+00 1.509147224326245519e-02
8.150753768844220986e+02 1.919079513123722158e+00 1.509462297888008314e-02
8.207286432160803997e+02 1.918695190072533974e+00 1.509764501588583760e-02
8.263819095477387009e+02 1.918324208934827579e+00 1.510054483174702762e-02
8.320351758793970021e+02 1.917965910772892357e+00 1.510332849845047801e-02
8.376884422110551895e+02 1.917619679083832906e+00 1.510600171356356151e-02
8.433417085427136044e+02 1.917284936430502906e+00 1.510856982831337153e-02
8.489949748743717919e+02 1.916961141389854628e+00 1.511103787327017743e-02
8.546482412060302067e+02 1.916647785784170388e+00 1.511341058167552619e-02
8.603015075376883942e+02 1.916344392164900379e+00 1.511569241079195255e-02
8.659547738693468091e+02 1.916050511522485067e+00 1.511788756142219171e-02
8.716080402010049966e+02 1.915765721198728233e+00 1.511999999577403296e-02
8.772613065326632977e+02 1.915489622981028983e+00 1.512203345386810803e-02
8.829145728643215989e+02 1.915221841360175148e+00 1.512399146861157125e-02
8.885678391959799001e+02 1.914962021935483483e+00 1.512587737959394073e-02
8.942211055276382012e+02 1.914709829952893738e+00 1.512769434591031484e-02
8.998743718592965024e+02 1.914464948963213953e+00 1.512944535782480629e-02
9.055276381909548036e+02 1.914227079589108538e+00 1.513113324772523589e-02
9.111809045226129911e+02 1.913995938390647300e+00 1.513276070004167251e-02
9.168341708542714059e+02 1.913771256820316680e+00 1.513433026060839390e-02
9.224874371859295934e+02 1.913552780259341723e+00 1.513584434519999085e-02
9.281407035175880083e+02 1.913340267128006200e+00 1.513730524748578554e-02
9.337939698492461957e+02 1.913133488063411880e+00 1.513871514645561724e-02
9.394472361809044969e+02 1.912932225158763266e+00 1.514007611324527831e-02
9.451005025125627981e+02 1.912736271258868248e+00 1.514139011750231974e-02
9.507537688442210992e+02 1.912545429307041633e+00 1.514265903337416730e-02
9.564070351758794004e+02 1.912359511739091689e+00 1.514388464498031203e-02
9.620603015075377016e+02 1.912178339920457049e+00 1.514506865155291863e-02
9.677135678391960028e+02 1.912001743622948613e+00 1.514621267232002522e-02
9.733668341708543039e+02 1.911829560537875228e+00 1.514731825089753528e-02
9.790201005025126051e+02 1.911661635822629712e+00 1.514838685952063328e-02
9.846733668341707926e+02 1.911497821678075359e+00 1.514941990298328094e-02
9.903266331658290937e+02 1.911337976954321505e+00 1.515041872228637537e-02
9.959798994974873949e+02 1.911181966782675046e+00 1.515138459803176685e-02
1.001633165829145696e+03 1.911029662231767734e+00 1.515231875371647781e-02
1.007286432160803997e+03 1.910880939986018934e+00 1.515322235870035679e-02
1.012939698492462298e+03 1.910735682044758743e+00 1.515409653103077722e-02
1.018592964824120600e+03 1.910593775440477371e+00 1.515494234014667929e-02
1.024246231155778787e+03 1.910455111974794562e+00 1.515576080932305898e-02
1.029899497487437202e+03 1.910319587970864097e+00 1.515655291806864736e-02
1.035552763819095617e+03 1.910187104041024098e+00 1.515731960428658674e-02
1.041206030150753804e+03 1.910057564868617996e+00 1.515806176640339259e-02
1.046859296482411992e+03 1.909930879002976978e+00 1.515878026529066808e-02
1.052512562814070407e+03 1.909806958666655508e+00 1.515947592612621429e-02
1.058165829145728594e+03 1.909685719574064411e+00 1.516014954012880403e-02
1.063819095477386782e+03 1.909567080760731672e+00 1.516080186621072620e-02
1.069472361809045196e+03 1.909450964422464203e+00 1.516143363251892286e-02
1.075125628140703611e+03 1.909337295763748887e+00 1.516204553788686078e-02
1.080778894472361799e+03 1.909226002854782722e+00 1.516263825325580086e-02
1.086432160804019986e+03 1.909117016496558294e+00 1.516321242293377017e-02
1.092085427135678401e+03 1.909010270093485895e+00 1.516376866586811346e-02
1.097738693467336816e+03 1.908905699533061107e+00 1.516430757679252880e-02
1.103391959798995003e+03 1.908803243072129785e+00 1.516482972735855306e-02
1.109045226130653191e+03 1.908702841229332980e+00 1.516533566713439835e-02
1.114698492462311606e+03 1.908604436683340344e+00 1.516582592469085250e-02
1.120351758793969793e+03 1.908507974176515853e+00 1.516630100843754068e-02
1.126005025125627981e+03 1.908413400423677020e+00 1.516676140759029394e-02
1.131658291457286396e+03 1.908320664025640268e+00 1.516720759298416030e-02
1.137311557788944810e+03 1.908229715387258940e+00 1.516764001790048971e-02
1.142964824120602998e+03 1.908140506639683487e+00 1.516805911879099897e-02
1.148618090452261185e+03 1.908052991566598466e+00 1.516846531606724259e-02
1.154271356783919600e+03 1.907967125534191455e+00 1.516885901472126916e-02
1.159924623115578015e+03 1.907882865424646468e+00 1.516924060502636805e-02
1.165577889447236203e+03 1.907800169572947180e+00 1.516961046315692258e-02
1.171231155778894390e+03 1.907718997706805419e+00 1.516996895174203656e-02
1.176884422110552805e+03 1.907639310889535089e+00 1.517031642049932946e-02
1.182537688442210992e+03 1.907561071465702973e+00 1.517065320669276803e-02
1.188190954773869180e+03 1.907484243009403668e+00 1.517097963570732122e-02
1.193844221105527595e+03 1.907408790275006094e+00 1.517129602150624895e-02
1.199497487437186010e+03 1.907334679150244128e+00 1.517160266711008870e-02
1.205150753768844197e+03 1.907261876611512808e+00 1.517189986499493416e-02
1.210804020100502385e+03 1.907190350681257085e+00 1.517218789760757525e-02
1.216457286432160799e+03 1.907120070387337218e+00 1.517246703765358189e-02
1.222110552763819214e+03 1.907051005724265780e+00 1.517273754859011815e-02
1.227763819095477402e+03 1.906983127616213913e+00 1.517299968490634990e-02
1.233417085427135589e+03 1.906916407881697140e+00 1.517325369251349039e-02
1.239070351758794004e+03 1.906850819199852332e+00 1.517349980909806634e-02
1.244723618090452419e+03 1.906786335078218153e+00 1.517373826438728028e-02
1.250376884422110379e+03 1.906722929821948354e+00 1.517396928050202855e-02
1.256030150753768794e+03 1.906660578504379311e+00 1.517419307223662542e-02
1.261683417085427209e+03 1.906599256938884546e+00 1.517440984732379775e-02
1.267336683417085396e+03 1.906538941651952257e+00 1.517461980671420269e-02
1.272989949748743584e+03 1.906479609857421931e+00 1.517482314482656962e-02
1.278643216080401999e+03 1.906421239431825398e+00 1.517502004979777094e-02
1.284296482412060413e+03 1.906363808890774836e+00 1.517521070371084455e-02
1.289949748743718601e+03 1.906307297366347742e+00 1.517539528283025872e-02
1.295603015075376788e+03 1.906251684585420270e+00 1.517557395778589523e-02
1.301256281407035203e+03 1.906196950848903837e+00 1.517574689382279393e-02
1.306909547738693618e+03 1.906143077011837494e+00 1.517591425097768350e-02
1.312562814070351806e+03 1.906090044464300748e+00 1.517607618424082414e-02
1.318216080402009993e+03 1.906037835113103984e+00 1.517623284376898828e-02
1.323869346733668408e+03 1.905986431364222966e+00 1.517638437508377416e-02
1.329522613065326595e+03 1.905935816105936098e+00 1.517653091916744065e-02
1.335175879396984783e+03 1.905885972692641817e+00 1.517667261266843377e-02
1.340829145728643198e+03 1.905836884929315911e+00 1.517680958807028982e-02
1.346482412060301613e+03 1.905788537056582355e+00 1.517694197378734351e-02
1.352135678391959800e+03 1.905740913736371889e+00 1.517706989434087009e-02
1.357788944723617988e+03 1.905694000038138380e+00 1.517719347050592964e-02
1.363442211055276402e+03 1.905647781425609422e+00 1.517731281939965413e-02
1.369095477386934817e+03 1.905602243744047186e+00 1.517742805464997180e-02
1.374748743718593005e+03 1.905557373207996452e+00 1.517753928648383523e-02
1.380402010050251192e+03 1.905513156389498031e+00 1.517764662186662714e-02
1.386055276381909607e+03 1.905469580206749391e+00 1.517775016456839217e-02
1.391708542713567795e+03 1.905426631913188729e+00 1.517785001534708439e-02
1.397361809045225982e+03 1.905384299086987365e+00 1.517794627198548740e-02
1.403015075376884397e+03 1.905342569620933624e+00 1.517803902940858402e-02
1.408668341708542812e+03 1.905301431712687288e+00 1.517812837980090333e-02
1.414321608040200999e+03 1.905260873855393555e+00 1.517821441265070244e-02
1.419974874371859187e+03 1.905220884828637162e+00 1.517829721488190078e-02
1.425628140703517602e+03 1.905181453689725135e+00 1.517837687094212261e-02
1.431281407035176017e+03 1.905142569765284621e+00 1.517845346283219245e-02
1.436934673366834204e+03 1.905104222643159817e+00 1.517852707022340417e-02
1.442587939698492391e+03 1.905066402164596884e+00 1.517859777054550267e-02
1.448241206030150806e+03 1.905029098416709976e+00 1.517866563903078753e-02
1.453894472361808994e+03 1.904992301725205506e+00 1.517873074878743622e-02
1.459547738693467409e+03 1.904956002647366642e+00 1.517879317088015323e-02
1.465201005025125596e+03 1.904920191965281395e+00 1.517885297440348114e-02
1.470854271356784011e+03 1.904884860679300518e+00 1.517891022649658743e-02
1.476507537688442198e+03 1.904850000001726107e+00 1.517896499247508094e-02
1.482160804020100386e+03 1.904815601350713816e+00 1.517901733583114539e-02
1.487814070351758801e+03 1.904781656344380902e+00 1.517906731831413815e-02
1.493467336683416988e+03 1.904748156795117886e+00 1.517911499998191201e-02
1.499120603015075403e+03 1.904715094704087397e+00 1.517916043925945230e-02
1.504773869346733591e+03 1.904682462255909758e+00 1.517920369296824057e-02
1.510427135678392006e+03 1.904650251813525097e+00 1.517924481640682555e-02
1.516080402010050193e+03 1.904618455913225539e+00 1.517928386337285586e-02
1.521733668341708608e+03 1.904587067259850608e+00 1.517932088619975035e-02
1.527386934673366795e+03 1.904556078722140722e+00 1.517935593585918556e-02
1.533040201005025210e+03 1.904525483328242341e+00 1.517938906192460580e-02
1.538693467336683398e+03 1.904495274261358340e+00 1.517942031265907300e-02
1.544346733668341585e+03 1.904465444855538037e+00 1.517944973504459401e-02
1.550000000000000000e+03 1.904435988591604900e+00 1.517947737483339721e-02
