4.250000000000000000e+02 1.649761796557472238e+00 3.971209097948092959e-01
4.306532663316583012e+02 1.765990630568171627e+00 3.686331753576310155e-01
4.363065326633166023e+02 1.826597490252263478e+00 3.535270772043496712e-01
4.419597989949749035e+02 1.870179524873115229e+00 3.418495302311513329e-01
4.476130653266331478e+02 1.905969058524923154e+00 3.313878490381218511e-01
4.532663316582914490e+02 1.937556590173891591e+00 3.212966796170034778e-01
4.589195979899497502e+02 1.966698131270062433e+00 3.111528210599873168e-01
4.645728643216080513e+02 1.994378023697203961e+00 3.007005587668580282e-01
4.702261306532663525e+02 2.021200044239881422e+00 2.897586938965983072e-01
4.758793969849245968e+02 2.047558054697929286e+00 2.781783742768239032e-01
4.815326633165828980e+02 2.073719363468069510e+00 2.658194039151569044e-01
4.871859296482411992e+02 2.099868343013201688e+00 2.525329149319587296e-01
4.928391959798995003e+02 2.126129376976782392e+00 2.381441470316410514e-01
4.984924623115578015e+02 2.152576745382684731e+00 2.224299146167472152e-01
5.041457286432161027e+02 2.179232573077457769e+00 2.050825874090710654e-01
5.097989949748744039e+02 2.206046201908229420e+00 1.856431184466198758e-01
5.154522613065327050e+02 2.232827556647412059e+00 1.633565483126670770e-01
5.211055276381910062e+02 2.259017198129350312e+00 1.367930129339835488e-01
5.267587939698491937e+02 2.282543455680558608e+00 1.024660895381988984e-01
5.324120603015074948e+02 2.277852403007406323e+00 4.191822887000534736e-02
5.380653266331657960e+02 2.237937323510633902e+00 7.431975598381983239e-03
5.437185929648240972e+02 2.198649361690385273e+00 7.698585838754036688e-03
5.493718592964823983e+02 2.174901925817569914e+00 7.915564262503409568e-03
5.550251256281406995e+02 2.157827297566771385e+00 8.109757930075458046e-03
5.606783919597990007e+02 2.144602686209326148e+00 8.289673587155916776e-03
5.663316582914573019e+02 2.133909093100932353e+00 8.459269000383295989e-03
5.719849246231156030e+02 2.125010554160200016e+00 8.620744678520421769e-03
5.776381909547739042e+02 2.117450771866632220e+00 8.775462159627111375e-03
5.832914572864322054e+02 2.110926112569059487e+00 8.924327889112808679e-03
5.889447236180903928e+02 2.105223946461808548e+00 9.067979292632408206e-03
5.945979899497488077e+02 2.100189489316692804e+00 9.206884625037541070e-03
6.002512562814069952e+02 2.095706575982475339e+00 9.341400693346197867e-03
6.059045226130652964e+02 2.091685845591161996e+00 9.471808178869821696e-03
6.115577889447235975e+02 2.088057137740240154e+00 9.598334239127362041e-03
6.172110552763818987e+02 2.084764410537612633e+00 9.721167498000433602e-03
6.228643216080401999e+02 2.081762235643231040e+00 9.840468281471548978e-03
6.285175879396985010e+02 2.079013315755648517e+00 9.956375775882618517e-03
6.341708542713568022e+02 2.076486685673609944e+00 1.006901313466474282e-02
6.398241206030151034e+02 2.074156382614327665e+00 1.017849118101766051e-02
6.454773869346734045e+02 2.072000446158216214e+00 1.028491112962765484e-02
6.511306532663315920e+02 2.070000154462656283e+00 1.038836660993151806e-02
6.567839195979900069e+02 2.068139432885553575e+00 1.048894518351070962e-02
6.624371859296481944e+02 2.066404390443920658e+00 1.058672949119826394e-02
6.680904522613064955e+02 2.064782952425512352e+00 1.068179812487972738e-02
6.737437185929647967e+02 2.063264566265889055e+00 1.077422629325620190e-02
6.793969849246230979e+02 2.061839963911396012e+00 1.086408633194989835e-02
6.850502512562813990e+02 2.060500968200912997e+00 1.095144809523329078e-02
6.907035175879397002e+02 2.059240333889566621e+00 1.103637925723931733e-02
6.963567839195980014e+02 2.058051616182464461e+00 1.111894554379564207e-02
7.020100502512563025e+02 2.056929061297801287e+00 1.119921091073409862e-02
7.076633165829146037e+02 2.055867514807378615e+00 1.127723768126231985e-02
7.133165829145727912e+02 2.054862344426603205e+00 1.135308665151578238e-02
7.189698492462312061e+02 2.053909374627821194e+00 1.142681717188502241e-02
7.246231155778893935e+02 2.053004830988786722e+00 1.149848720965877466e-02
7.302763819095478084e+02 2.052145292603897886e+00 1.156815339756507230e-02
7.359296482412059959e+02 2.051327651209912784e+00 1.163587107150868515e-02
7.415829145728642970e+02 2.050549075932293075e+00 1.170169430041674563e-02
7.472361809045225982e+02 2.049806982759481144e+00 1.176567591015758099e-02
7.528894472361808994e+02 2.049099008012549739e+00 1.182786750316076885e-02
7.585427135678392006e+02 2.048422985205882174e+00 1.188831947531988203e-02
7.641959798994975017e+02 2.047776924797862108e+00 1.194708103062913467e-02
7.698492462311558029e+02 2.047158996414218279e+00 1.200420019491203576e-02
7.755025125628139904e+02 2.046567513194842647e+00 1.205972382870009602e-02
7.811557788944724052e+02 2.046000917970681954e+00 1.211369764007690260e-02
7.868090452261305927e+02 2.045457771023158955e+00 1.216616619753481052e-02
7.924623115577890076e+02 2.044936739216499877e+00 1.221717294330137982e-02
7.981155778894471950e+02 2.044436586324761329e+00 1.226676020695603893e-02
8.037688442211054962e+02 2.043956164401564468e+00 1.231496921987967896e-02
8.094221105527637974e+02 2.043494406062439150e+00 1.236184013028577763e-02
8.150753768844220986e+02 2.043050317568067431e+00 1.240741201865711366e-02
8.207286432160803997e+02 2.042622972612228693e+00 1.245172291435796448e-02
8.263819095477387009e+02 2.042211506731328452e+00 1.249480981229971616e-02
8.320351758793970021e+02 2.041815112263526633e+00 1.253670869070831403e-02
8.376884422110551895e+02 2.041433033794912255e+00 1.257745452906721892e-02
8.433417085427136044e+02 2.041064564038268525e+00 1.261708132675545650e-02
8.489949748743717919e+02 2.040709040096861937e+00 1.265562212202286756e-02
8.546482412060302067e+02 2.040365840071637571e+00 1.269310901142169275e-02
8.603015075376883942e+02 2.040034379975287138e+00 1.272957316937020980e-02
8.659547738693468091e+02 2.039714110921093670e+00 1.276504486815351405e-02
8.716080402010049966e+02 2.039404516558238623e+00 1.279955349799589796e-02
8.772613065326632977e+02 2.039105110728585135e+00 1.283312758724100729e-02
8.829145728643215989e+02 2.038815435322832936e+00 1.286579482272238138e-02
8.885678391959799001e+02 2.038535058316409909e+00 1.289758206993620732e-02
8.942211055276382012e+02 2.038263571967714682e+00 1.292851539340437311e-02
8.998743718592965024e+02 2.038000591163175113e+00 1.295862007686734638e-02
9.055276381909548036e+02 2.037745751895323920e+00 1.298792064325689222e-02
9.111809045226129911e+02 2.037498709861526702e+00 1.301644087471951275e-02
9.168341708542714059e+02 2.037259139172332478e+00 1.304420383233996332e-02
9.224874371859295934e+02 2.037026731159538251e+00 1.307123187553932246e-02
9.281407035175880083e+02 2.036801193275087130e+00 1.309754668144075609e-02
9.337939698492461957e+02 2.036582248072818846e+00 1.312316926379408430e-02
9.394472361809044969e+02 2.036369632265873975e+00 1.314811999174584148e-02
9.451005025125627981e+02 2.036163095853278815e+00 1.317241860810993738e-02
9.507537688442210992e+02 2.035962401309856507e+00 1.319608424748602155e-02
9.564070351758794004e+02 2.035767322834171722e+00 1.321913545397649520e-02
9.620603015075377016e+02 2.035577645649725209e+00 1.324159019848870390e-02
9.677135678391960028e+02 2.035393165355047440e+00 1.326346589584046463e-02
9.733668341708543039e+02 2.035213687318764286e+00 1.328477942121300721e-02
9.790201005025126051e+02 2.035039026116045147e+00 1.330554712658355357e-02
9.846733668341707926e+02 2.034869005003174358e+00 1.332578485645957017e-02
9.903266331658290937e+02 2.034703455427294028e+00 1.334550796342425134e-02
9.959798994974873949e+02 2.034542216568591577e+00 1.336473132327995091e-02
1.001633165829145696e+03 2.034385134912481075e+00 1.338346934967637493e-02
1.007286432160803997e+03 2.034232063849509498e+00 1.340173600852383531e-02
1.012939698492462298e+03 2.034082863300930910e+00 1.341954483195719784e-02
1.018592964824120600e+03 2.033937399368050958e+00 1.343690893184835457e-02
1.024246231155778787e+03 2.033795544003617284e+00 1.345384101311091277e-02
1.029899497487437202e+03 2.033657174703655368e+00 1.347035338645986326e-02
1.035552763819095617e+03 2.033522174218299394e+00 1.348645798094938626e-02
1.041206030150753804e+03 2.033390430280268113e+00 1.350216635604837949e-02
1.046859296482411992e+03 2.033261835349755131e+00 1.351748971342481807e-02
1.052512562814070407e+03 2.033136286374592316e+00 1.353243890836119956e-02
1.058165829145728594e+03 2.033013684564644485e+00 1.354702446082117415e-02
1.063819095477386782e+03 2.032893935179456157e+00 1.356125656621891273e-02
1.069472361809045196e+03 2.032776947328274630e+00 1.357514510579414108e-02
1.075125628140703611e+03 2.032662633781604722e+00 1.358869965675699176e-02
1.080778894472361799e+03 2.032550910793550436e+00 1.360192950203813027e-02
1.086432160804019986e+03 2.032441697934226799e+00 1.361484363978990135e-02
1.092085427135678401e+03 2.032334917931585938e+00 1.362745079255421599e-02
1.097738693467336816e+03 2.032230496522066776e+00 1.363975941612670731e-02
1.103391959798995003e+03 2.032128362309484793e+00 1.365177770829212670e-02
1.109045226130653191e+03 2.032028446631659602e+00 1.366351361698656813e-02
1.114698492462311606e+03 2.031930683434282070e+00 1.367497484851613355e-02
1.120351758793969793e+03 2.031835009151580440e+00 1.368616887522382600e-02
1.126005025125627981e+03 2.031741362593362243e+00 1.369710294319953330e-02
1.131658291457286396e+03 2.031649684838039871e+00 1.370778407947348225e-02
1.137311557788944810e+03 2.031559919131284531e+00 1.371821909914018936e-02
1.142964824120602998e+03 2.031472010789963534e+00 1.372841461216114771e-02
1.148618090452261185e+03 2.031385907111048716e+00 1.373837703006435158e-02
1.154271356783919600e+03 2.031301557285203785e+00 1.374811257224019083e-02
1.159924623115578015e+03 2.031218912314771696e+00 1.375762727216410519e-02
1.165577889447236203e+03 2.031137924935908501e+00 1.376692698343861404e-02
1.171231155778894390e+03 2.031058549544627390e+00 1.377601738549930586e-02
1.176884422110552805e+03 2.030980742126519800e+00 1.378490398924867022e-02
1.182537688442210992e+03 2.030904460189955074e+00 1.379359214246143883e-02
1.188190954773869180e+03 2.030829662702553939e+00 1.380208703496647697e-02
1.193844221105527595e+03 2.030756310030758627e+00 1.381039370378689228e-02
1.199497487437186010e+03 2.030684363882321097e+00 1.381851703796891338e-02
1.205150753768844197e+03 2.030613787251554836e+00 1.382646178328089150e-02
1.210804020100502385e+03 2.030544544367193005e+00 1.383423254686630757e-02
1.216457286432160799e+03 2.030476600642713958e+00 1.384183380153315712e-02
1.222110552763819214e+03 2.030409922629003994e+00 1.384926989013278952e-02
1.227763819095477402e+03 2.030344477969223238e+00 1.385654502961388736e-02
1.233417085427135589e+03 2.030280235355767182e+00 1.386366331504352775e-02
1.239070351758794004e+03 2.030217164489204862e+00 1.387062872342169351e-02
1.244723618090452419e+03 2.030155236039094646e+00 1.387744511743612547e-02
1.250376884422110379e+03 2.030094421606581712e+00 1.388411624906385998e-02
1.256030150753768794e+03 2.030034693688674619e+00 1.389064576300588251e-02
1.261683417085427209e+03 2.029976025644129045e+00 1.389703720010108424e-02
1.267336683417085396e+03 2.029918391660844534e+00 1.390329400052966492e-02
1.272989949748743584e+03 2.029861766724701866e+00 1.390941950701576023e-02
1.278643216080401999e+03 2.029806126589772219e+00 1.391541696780743999e-02
1.284296482412060413e+03 2.029751447749820858e+00 1.392128953961163304e-02
1.289949748743718601e+03 2.029697707411048491e+00 1.392704029048544290e-02
1.295603015075376788e+03 2.029644883466007688e+00 1.393267220255775193e-02
1.301256281407035203e+03 2.029592954468629529e+00 1.393818817464653574e-02
1.306909547738693618e+03 2.029541899610318723e+00 1.394359102483697273e-02
1.312562814070351806e+03 2.029491698697054147e+00 1.394888349303745508e-02
1.318216080402009993e+03 2.029442332127450399e+00 1.395406824322810609e-02
1.323869346733668408e+03 2.029393780871738162e+00 1.395914786597623330e-02
1.329522613065326595e+03 2.029346026451612772e+00 1.396412488045561257e-02
1.335175879396984783e+03 2.029299050920915004e+00 1.396900173681421380e-02
1.340829145728643198e+03 2.029252836847101005e+00 1.397378081817517333e-02
1.346482412060301613e+03 2.029207367293468955e+00 1.397846444262217797e-02
1.352135678391959800e+03 2.029162625802103825e+00 1.398305486529696773e-02
1.357788944723617988e+03 2.029118596377507355e+00 1.398755428018079970e-02
1.363442211055276402e+03 2.029075263470883073e+00 1.399196482192618940e-02
1.369095477386934817e+03 2.029032611965047472e+00 1.399628856773940146e-02
1.374748743718593005e+03 2.028990627159934057e+00 1.400052753899695170e-02
1.380402010050251192e+03 2.028949294758671140e+00 1.400468370296187662e-02
1.386055276381909607e+03 2.028908600854197442e+00 1.400875897439399741e-02
1.391708542713567795e+03 2.028868531916403040e+00 1.401275521700733398e-02
1.397361809045225982e+03 2.028829074779764152e+00 1.401667424515560395e-02
1.403015075376884397e+03 2.028790216631451759e+00 1.402051782511228896e-02
1.408668341708542812e+03 2.028751944999897638e+00 1.402428767659561100e-02
1.414321608040200999e+03 2.028714247743788501e+00 1.402798547411092389e-02
1.419974874371859187e+03 2.028677113041478908e+00 1.403161284820619165e-02
1.425628140703517602e+03 2.028640529380804303e+00 1.403517138684668396e-02
1.431281407035176017e+03 2.028604485549268865e+00 1.403866263660849371e-02
1.436934673366834204e+03 2.028568970624598844e+00 1.404208810383379344e-02
1.442587939698492391e+03 2.028533973965647164e+00 1.404544925590628032e-02
1.448241206030150806e+03 2.028499485203629327e+00 1.404874752222011816e-02
1.453894472361808994e+03 2.028465494233679944e+00 1.405198429541200909e-02
1.459547738693467409e+03 2.028431991206715690e+00 1.405516093233485052e-02
1.465201005025125596e+03 2.028398966521592239e+00 1.405827875508952086e-02
1.470854271356784011e+03 2.028366410817544985e+00 1.406133905205175783e-02
1.476507537688442198e+03 2.028334314966892649e+00 1.406434307873643055e-02
1.482160804020100386e+03 2.028302670068011349e+00 1.406729205883115903e-02
1.487814070351758801e+03 2.028271467438546694e+00 1.407018718506776456e-02
1.493467336683416988e+03 2.028240698608870574e+00 1.407302962001087503e-02
1.499120603015075403e+03 2.028210355315763991e+00 1.407582049700058409e-02
1.504773869346733591e+03 2.028180429496322823e+00 1.407856092093365957e-02
1.510427135678392006e+03 2.028150913282069201e+00 1.408125196902558322e-02
1.516080402010050193e+03 2.028121798993273384e+00 1.408389469163243493e-02
1.521733668341708608e+03 2.028093079133460375e+00 1.408649011294350710e-02
1.527386934673366795e+03 2.028064746384114603e+00 1.408903923170252634e-02
1.533040201005025210e+03 2.028036793599555576e+00 1.409154302198911170e-02
1.538693467336683398e+03 2.028009213801989397e+00 1.409400243372962470e-02
1.544346733668341585e+03 2.027982000176729915e+00 1.409641839352070332e-02
1.550000000000000000e+03 2.027955146067571768e+00 1.409879180518244964e-02
