4.250000000000000000e+02 1.681582697389514491e+00 3.609148537219744601e-01
4.306532663316583012e+02 1.786747847431485736e+00 3.369554672786272409e-01
4.363065326633166023e+02 1.842064523944259014e+00 3.236168560444568354e-01
4.419597989949749035e+02 1.882091242280596877e+00 3.129659898026317943e-01
4.476130653266331478e+02 1.915118012482542431e+00 3.032089357214556302e-01
4.532663316582914490e+02 1.944374373092657038e+00 2.936488277922326140e-01
4.589195979899497502e+02 1.971441506703467406e+00 2.839281342228908711e-01
4.645728643216080513e+02 1.997206045573111988e+00 2.738225027495772013e-01
4.702261306532663525e+02 2.022211264496328376e+00 2.631642982877280823e-01
4.758793969849245968e+02 2.046810148240950422e+00 2.518065945963041119e-01
4.815326633165828980e+02 2.071239694843252988e+00 2.396011456989997068e-01
4.871859296482411992e+02 2.095658845604366771e+00 2.263797409915651038e-01
4.928391959798995003e+02 2.120166463464900453e+00 2.119322395396445180e-01
4.984924623115578015e+02 2.144804360777546215e+00 1.959732234647214855e-01
5.041457286432161027e+02 2.169541043900934163e+00 1.780814467220722952e-01
5.097989949748744039e+02 2.194211709095871488e+00 1.575710480219643939e-01
5.154522613065327050e+02 2.218307060181665680e+00 1.331587520658171209e-01
5.211055276381910062e+02 2.239931556641619803e+00 1.017811796321401868e-01
5.267587939698491937e+02 2.238954762988177194e+00 4.874208361028690289e-02
5.324120603015074948e+02 2.204862698055647829e+00 1.137443853171684997e-02
5.380653266331657960e+02 2.167961313665867973e+00 1.157321170821683926e-02
5.437185929648240972e+02 2.146102390932653314e+00 1.169600480737843264e-02
5.493718592964823983e+02 2.130538615427439275e+00 1.178610967466274355e-02
5.550251256281406995e+02 2.118559072892410189e+00 1.185717554876255034e-02
5.606783919597990007e+02 2.108915494117497236e+00 1.191558142241639674e-02
5.663316582914573019e+02 2.100918012452941408e+00 1.196490144521309036e-02
5.719849246231156030e+02 2.094141876822501303e+00 1.200736481480584386e-02
5.776381909547739042e+02 2.088305982884508527e+00 1.204446504196209772e-02
5.832914572864322054e+02 2.083214363604001917e+00 1.207725560975165396e-02
5.889447236180903928e+02 2.078724916815301693e+00 1.210650914473679861e-02
5.945979899497488077e+02 2.074731361156734177e+00 1.213280990479658102e-02
6.002512562814069952e+02 2.071152193156780896e+00 1.215661076871345572e-02
6.059045226130652964e+02 2.067923604976465324e+00 1.217827002888115066e-02
6.115577889447235975e+02 2.064994765452521364e+00 1.219807606518150817e-02
6.172110552763818987e+02 2.062324574308647573e+00 1.221626442339963231e-02
6.228643216080401999e+02 2.059879368829070412e+00 1.223302995654698341e-02
6.285175879396985010e+02 2.057631265728675718e+00 1.224853565638434928e-02
6.341708542713568022e+02 2.055556938082734320e+00 1.226291920666013752e-02
6.398241206030151034e+02 2.053636697228620633e+00 1.227629793113397400e-02
6.454773869346734045e+02 2.051853792846572766e+00 1.228877258767426331e-02
6.511306532663315920e+02 2.050193871966159431e+00 1.230043031774323559e-02
6.567839195979900069e+02 2.048644555613171825e+00 1.231134696773855154e-02
6.624371859296481944e+02 2.047195103802357252e+00 1.232158893641639892e-02
6.680904522613064955e+02 2.045836147746363132e+00 1.233121466001938470e-02
6.737437185929647967e+02 2.044559473813213124e+00 1.234027581736434585e-02
6.793969849246230979e+02 2.043357847756004819e+00 1.234881831562891982e-02
6.850502512562813990e+02 2.042224870594748332e+00 1.235688310361316225e-02
6.907035175879397002e+02 2.041154859602327232e+00 1.236450684688091516e-02
6.963567839195980014e+02 2.040142749368747843e+00 1.237172249234118164e-02
7.020100502512563025e+02 2.039184009049144208e+00 1.237855974335193288e-02
7.076633165829146037e+02 2.038274572750736535e+00 1.238504546142917863e-02
7.133165829145727912e+02 2.037410780658657217e+00 1.239120400821908975e-02
7.189698492462312061e+02 2.036589328994156123e+00 1.239705753780289202e-02
7.246231155778893935e+02 2.035807227279903042e+00 1.240262624776215794e-02
7.302763819095478084e+02 2.035061761683888637e+00 1.240792859573151656e-02
7.359296482412059959e+02 2.034350463446205293e+00 1.241298148729507236e-02
7.415829145728642970e+02 2.033671081576855943e+00 1.241780043917456791e-02
7.472361809045225982e+02 2.033021559158989522e+00 1.242239972176828466e-02
7.528894472361808994e+02 2.032400012708938775e+00 1.242679248414647192e-02
7.585427135678392006e+02 2.031804714138646162e+00 1.243099086391544900e-02
7.641959798994975017e+02 2.031234074942267043e+00 1.243500608396186195e-02
7.698492462311558029e+02 2.030686632290808813e+00 1.243884853829977342e-02
7.755025125628139904e+02 2.030161036769368099e+00 1.244252786795811000e-02
7.811557788944724052e+02 2.029656041533237421e+00 1.244605302874332575e-02
7.868090452261305927e+02 2.029170492693554984e+00 1.244943235141530470e-02
7.924623115577890076e+02 2.028703320771724439e+00 1.245267359576922653e-02
7.981155778894471950e+02 2.028253533085549343e+00 1.245578399885940817e-02
8.037688442211054962e+02 2.027820206949913384e+00 1.245877031848696345e-02
8.094221105527637974e+02 2.027402483591471238e+00 1.246163887233636865e-02
8.150753768844220986e+02 2.026999562690840140e+00 1.246439557312426470e-02
8.207286432160803997e+02 2.026610697477632339e+00 1.246704596054767737e-02
8.263819095477387009e+02 2.026235190313708578e+00 1.246959523019202168e-02
8.320351758793970021e+02 2.025872388708569893e+00 1.247204825969930320e-02
8.376884422110551895e+02 2.025521681718094325e+00 1.247440963253048686e-02
8.433417085427136044e+02 2.025182496684042377e+00 1.247668365970731538e-02
8.489949748743717919e+02 2.024854296277127208e+00 1.247887439959687733e-02
8.546482412060302067e+02 2.024536575811002326e+00 1.248098567587221583e-02
8.603015075376883942e+02 2.024228860798533702e+00 1.248302109413693302e-02
8.659547738693468091e+02 2.023930704725107166e+00 1.248498405700673893e-02
8.716080402010049966e+02 2.023641687016727975e+00 1.248687777802730617e-02
8.772613065326632977e+02 2.023361411183230540e+00 1.248870529436225431e-02
8.829145728643215989e+02 2.023089503119176680e+00 1.249046947859354037e-02
8.885678391959799001e+02 2.022825609546975212e+00 1.249217304946027667e-02
8.942211055276382012e+02 2.022569396588475232e+00 1.249381858189492836e-02
8.998743718592965024e+02 2.022320548452793521e+00 1.249540851618211393e-02
9.055276381909548036e+02 2.022078766229449709e+00 1.249694516636710127e-02
9.111809045226129911e+02 2.021843766777045026e+00 1.249843072834279888e-02
9.168341708542714059e+02 2.021615281698755151e+00 1.249986728688873630e-02
9.224874371859295934e+02 2.021393056396795895e+00 1.250125682257011150e-02
9.281407035175880083e+02 2.021176849198839331e+00 1.250260121801871974e-02
9.337939698492461957e+02 2.020966430550043658e+00 1.250390226361508712e-02
9.394472361809044969e+02 2.020761582265016010e+00 1.250516166305263438e-02
9.451005025125627981e+02 2.020562096834562560e+00 1.250638103832321137e-02
9.507537688442210992e+02 2.020367776782599378e+00 1.250756193439146562e-02
9.564070351758794004e+02 2.020178434069019424e+00 1.250870582359446190e-02
9.620603015075377016e+02 2.019993889534732467e+00 1.250981410971408261e-02
9.677135678391960028e+02 2.019813972385430034e+00 1.251088813179400752e-02
9.733668341708543039e+02 2.019638519710956537e+00 1.251192916773737236e-02
9.790201005025126051e+02 2.019467376037443973e+00 1.251293843756152990e-02
9.846733668341707926e+02 2.019300392909636255e+00 1.251391710664759467e-02
9.903266331658290937e+02 2.019137428501045939e+00 1.251486628850614208e-02
9.959798994974873949e+02 2.018978347249805516e+00 1.251578704764508103e-02
1.001633165829145696e+03 2.018823019518247719e+00 1.251668040207873020e-02
1.007286432160803997e+03 2.018671321274439823e+00 1.251754732578009427e-02
1.012939698492462298e+03 2.018523133794024371e+00 1.251838875089924738e-02
1.018592964824120600e+03 2.018378343380879514e+00 1.251920556990778616e-02
1.024246231155778787e+03 2.018236841105216062e+00 1.251999863763411311e-02
1.029899497487437202e+03 2.018098522557863816e+00 1.252076877313657542e-02
1.035552763819095617e+03 2.017963287619584545e+00 1.252151676145018579e-02
1.041206030150753804e+03 2.017831040244348451e+00 1.252224335527803330e-02
1.046859296482411992e+03 2.017701688255602033e+00 1.252294927659209321e-02
1.052512562814070407e+03 2.017575143154623607e+00 1.252363521807267795e-02
1.058165829145728594e+03 2.017451319940139598e+00 1.252430184452854763e-02
1.063819095477386782e+03 2.017330136938433327e+00 1.252494979424458553e-02
1.069472361809045196e+03 2.017211515643248632e+00 1.252557968023945353e-02
1.075125628140703611e+03 2.017095380564823959e+00 1.252619209139789296e-02
1.080778894472361799e+03 2.016981659087466738e+00 1.252678759360186141e-02
1.086432160804019986e+03 2.016870281335102266e+00 1.252736673086058024e-02
1.092085427135678401e+03 2.016761180044283286e+00 1.252793002620916987e-02
1.097738693467336816e+03 2.016654290444180653e+00 1.252847798271271469e-02
1.103391959798995003e+03 2.016549550143114988e+00 1.252901108439859190e-02
1.109045226130653191e+03 2.016446899021212324e+00 1.252952979701077267e-02
1.114698492462311606e+03 2.016346279128804486e+00 1.253003456892292679e-02
1.120351758793969793e+03 2.016247634590219384e+00 1.253052583182045696e-02
1.126005025125627981e+03 2.016150911512628152e+00 1.253100400148825753e-02
1.131658291457286396e+03 2.016056057899644038e+00 1.253146947845612362e-02
1.137311557788944810e+03 2.015963023569387058e+00 1.253192264869680897e-02
1.142964824120602998e+03 2.015871760076745733e+00 1.253236388423497293e-02
1.148618090452261185e+03 2.015782220639587230e+00 1.253279354366710480e-02
1.154271356783919600e+03 2.015694360068686741e+00 1.253321197287590553e-02
1.159924623115578015e+03 2.015608134701158072e+00 1.253361950544308948e-02
1.165577889447236203e+03 2.015523502337180695e+00 1.253401646320355736e-02
1.171231155778894390e+03 2.015440422179839430e+00 1.253440315669292898e-02
1.176884422110552805e+03 2.015358854777894670e+00 1.253477988568335415e-02
1.182537688442210992e+03 2.015278761971323274e+00 1.253514693955956778e-02
1.188190954773869180e+03 2.015200106839469818e+00 1.253550459774785061e-02
1.193844221105527595e+03 2.015122853651667878e+00 1.253585313018013708e-02
1.199497487437186010e+03 2.015046967820192325e+00 1.253619279756305362e-02
1.205150753768844197e+03 2.014972415855419641e+00 1.253652385185929051e-02
1.210804020100502385e+03 2.014899165323067454e+00 1.253684653652078693e-02
1.216457286432160799e+03 2.014827184803414273e+00 1.253716108691657269e-02
1.222110552763819214e+03 2.014756443852383949e+00 1.253746773060101204e-02
1.227763819095477402e+03 2.014686912964400278e+00 1.253776668763502238e-02
1.233417085427135589e+03 2.014618563536917595e+00 1.253805817085400579e-02
1.239070351758794004e+03 2.014551367836538098e+00 1.253834238615334287e-02
1.244723618090452419e+03 2.014485298966641746e+00 1.253861953277375305e-02
1.250376884422110379e+03 2.014420330836436346e+00 1.253888980351569073e-02
1.256030150753768794e+03 2.014356438131372773e+00 1.253915338500674950e-02
1.261683417085427209e+03 2.014293596284842724e+00 1.253941045793354435e-02
1.267336683417085396e+03 2.014231781451096825e+00 1.253966119723805631e-02
1.272989949748743584e+03 2.014170970479333356e+00 1.253990577236702847e-02
1.278643216080401999e+03 2.014111140888881213e+00 1.254014434743271240e-02
1.284296482412060413e+03 2.014052270845436698e+00 1.254037708144437047e-02
1.289949748743718601e+03 2.013994339138302170e+00 1.254060412845115977e-02
1.295603015075376788e+03 2.013937325158567493e+00 1.254082563779118469e-02
1.301256281407035203e+03 2.013881208878201434e+00 1.254104175419881902e-02
1.306909547738693618e+03 2.013825970829999701e+00 1.254125261794738697e-02
1.312562814070351806e+03 2.013771592088357654e+00 1.254145836511571729e-02
1.318216080402009993e+03 2.013718054250818401e+00 1.254165912764217128e-02
1.323869346733668408e+03 2.013665339420368294e+00 1.254185503344944219e-02
1.329522613065326595e+03 2.013613430188446074e+00 1.254204620669323832e-02
1.335175879396984783e+03 2.013562309618617263e+00 1.254223276781616173e-02
1.340829145728643198e+03 2.013511961230908920e+00 1.254241483367236031e-02
1.346482412060301613e+03 2.013462368986748796e+00 1.254259251772296517e-02
1.352135678391959800e+03 2.013413517274498687e+00 1.254276593000131987e-02
1.357788944723617988e+03 2.013365390895548224e+00 1.254293517743226317e-02
1.363442211055276402e+03 2.013317975050943343e+00 1.254310036376189014e-02
1.369095477386934817e+03 2.013271255328529907e+00 1.254326158978823040e-02
1.374748743718593005e+03 2.013225217690585822e+00 1.254341895336177730e-02
1.380402010050251192e+03 2.013179848461918553e+00 1.254357254956298996e-02
1.386055276381909607e+03 2.013135134318418284e+00 1.254372247073816393e-02
1.391708542713567795e+03 2.013091062276029408e+00 1.254386880665918705e-02
1.397361809045225982e+03 2.013047619680140787e+00 1.254401164447084722e-02
1.403015075376884397e+03 2.013004794195359271e+00 1.254415106895674821e-02
1.408668341708542812e+03 2.012962573795669563e+00 1.254428716250427685e-02
1.414321608040200999e+03 2.012920946754940044e+00 1.254442000515805684e-02
1.419974874371859187e+03 2.012879901637788738e+00 1.254454967483269699e-02
1.425628140703517602e+03 2.012839427290763261e+00 1.254467624718919386e-02
1.431281407035176017e+03 2.012799512833848503e+00 1.254479979588305101e-02
1.436934673366834204e+03 2.012760147652273623e+00 1.254492039251144282e-02
1.442587939698492391e+03 2.012721321388605933e+00 1.254503810675510096e-02
1.448241206030150806e+03 2.012683023935130766e+00 1.254515300637856247e-02
1.453894472361808994e+03 2.012645245426491147e+00 1.254526515731890779e-02
1.459547738693467409e+03 2.012607976232589468e+00 1.254537462375679077e-02
1.465201005025125596e+03 2.012571206951732972e+00 1.254548146813436009e-02
1.470854271356784011e+03 2.012534928404014600e+00 1.254558575122625280e-02
1.476507537688442198e+03 2.012499131624923443e+00 1.254568753222829423e-02
1.482160804020100386e+03 2.012463807859170117e+00 1.254578686872228309e-02
1.487814070351758801e+03 2.012428948554724428e+00 1.254588381680006061e-02
1.493467336683416988e+03 2.012394545357050646e+00 1.254597843109906893e-02
1.499120603015075403e+03 2.012360590103538627e+00 1.254607076476712581e-02
1.504773869346733591e+03 2.012327074818121897e+00 1.254616086965724790e-02
1.510427135678392006e+03 2.012293991706069818e+00 1.254624879620390952e-02
1.516080402010050193e+03 2.012261333148955167e+00 1.254633459360015961e-02
1.521733668341708608e+03 2.012229091699787364e+00 1.254641830972696472e-02
1.527386934673366795e+03 2.012197260078301131e+00 1.254649999124181174e-02
1.533040201005025210e+03 2.012165831166402352e+00 1.254657968366732629e-02
1.538693467336683398e+03 2.012134798003757830e+00 1.254665743130287982e-02
1.544346733668341585e+03 2.012104153783527583e+00 1.254673327736629575e-02
1.550000000000000000e+03 2.012073891848237484e+00 1.254680726395853915e-02
