4.250000000000000000e+02 1.742092832192941199e+00 3.567000038463161160e-01
4.306532663316583012e+02 1.846060029850486783e+00 3.334853968829281090e-01
4.363065326633166023e+02 1.901083534468799963e+00 3.201766818574958151e-01
4.419597989949749035e+02 1.941080018749247627e+00 3.093399118562646932e-01
4.476130653266331478e+02 1.974197588175111484e+00 2.992785663432433463e-01
4.532663316582914490e+02 2.003613002803666721e+00 2.893255406972691235e-01
4.589195979899497502e+02 2.030881917125618497e+00 2.791313131992655405e-01
4.645728643216080513e+02 2.056875964821986535e+00 2.684689692189512478e-01
4.702261306532663525e+02 2.082127717628241115e+00 2.571606793196889451e-01
4.758793969849245968e+02 2.106980617168302317e+00 2.450414642052057557e-01
4.815326633165828980e+02 2.131660880844621353e+00 2.319346721877896811e-01
4.871859296482411992e+02 2.156312398995693602e+00 2.176278282677486797e-01
4.928391959798995003e+02 2.181009103653271275e+00 2.018394953127272407e-01
4.984924623115578015e+02 2.205744896829258561e+00 1.841619491136243236e-01
5.041457286432161027e+02 2.230380253361945009e+00 1.639427191305738440e-01
5.097989949748744039e+02 2.254447908757913677e+00 1.399872947119685518e-01
5.154522613065327050e+02 2.276217542135764660e+00 1.095531081195424833e-01
5.211055276381910062e+02 2.280771463390714793e+00 6.138233467143298927e-02
5.267587939698491937e+02 2.250508220511060475e+00 1.465368041457291992e-02
5.324120603015074948e+02 2.211828846193230724e+00 1.491701835326927385e-02
5.380653266331657960e+02 2.189570242279993195e+00 1.507539143805272826e-02
5.437185929648240972e+02 2.173940789901807502e+00 1.519015508019685642e-02
5.493718592964823983e+02 2.162016167061153293e+00 1.527997531682271509e-02
5.550251256281406995e+02 2.152477801616259789e+00 1.535339732401604096e-02
5.606783919597990007e+02 2.144606909675132123e+00 1.541514413608511581e-02
5.663316582914573019e+02 2.137965274298092133e+00 1.546813276028836948e-02
5.719849246231156030e+02 2.132265057398453845e+00 1.551430294275902601e-02
5.776381909547739042e+02 2.127306806914104342e+00 1.555501479269375507e-02
5.832914572864322054e+02 2.122946617745281372e+00 1.559126094347184320e-02
5.889447236180903928e+02 2.119077319927241021e+00 1.562378894087666260e-02
5.945979899497488077e+02 2.115617034459476908e+00 1.565317620272893215e-02
6.002512562814069952e+02 2.112501870815487681e+00 1.567987816472523471e-02
6.059045226130652964e+02 2.109681082516187800e+00 1.570426042432500335e-02
6.115577889447235975e+02 2.107113747840679618e+00 1.572662090220262529e-02
6.172110552763818987e+02 2.104766432591172354e+00 1.574720554219073351e-02
6.228643216080401999e+02 2.102611505424056393e+00 1.576621969556240080e-02
6.285175879396985010e+02 2.100625898687359161e+00 1.578383654428511598e-02
6.341708542713568022e+02 2.098790180634343638e+00 1.580020344439794777e-02
6.398241206030151034e+02 2.097087849798183523e+00 1.581544677861699069e-02
6.454773869346734045e+02 2.095504790791646865e+00 1.582967572026049499e-02
6.511306532663315920e+02 2.094028849322506769e+00 1.584298518968833835e-02
6.567839195979900069e+02 2.092649496545880172e+00 1.585545820267904651e-02
6.624371859296481944e+02 2.091357561250305697e+00 1.586716775500475116e-02
6.680904522613064955e+02 2.090145014169070947e+00 1.587817834910118173e-02
6.737437185929647967e+02 2.089004792784531883e+00 1.588854724131973442e-02
6.793969849246230979e+02 2.087930657904267129e+00 1.589832546900485019e-02
6.850502512562813990e+02 2.086917075395770205e+00 1.590755870242625478e-02
6.907035175879397002e+02 2.085959118012156388e+00 1.591628795615972203e-02
6.963567839195980014e+02 2.085052383388183994e+00 1.592455018705690381e-02
7.020100502512563025e+02 2.084192925145953890e+00 1.593237879939524149e-02
7.076633165829146037e+02 2.083377194701173440e+00 1.593980407440281910e-02
7.133165829145727912e+02 2.082601991858946899e+00 1.594685353709236753e-02
7.189698492462312061e+02 2.081864422672214943e+00 1.595355227106957235e-02
7.246231155778893935e+02 2.081161863334596518e+00 1.595992319001453968e-02
7.302763819095478084e+02 2.080491929113347904e+00 1.596598727270971685e-02
7.359296482412059959e+02 2.079852447512714253e+00 1.597176376735263276e-02
7.415829145728642970e+02 2.079241435004570704e+00 1.597727036987103486e-02
7.472361809045225982e+02 2.078657076780388913e+00 1.598252338000577533e-02
7.528894472361808994e+02 2.078097709072795229e+00 1.598753783854099664e-02
7.585427135678392006e+02 2.077561803671154728e+00 1.599232764825194580e-02
7.641959798994975017e+02 2.077047954317515099e+00 1.599690568078272757e-02
7.698492462311558029e+02 2.076554864719865279e+00 1.600128387154901854e-02
7.755025125628139904e+02 2.076081337961163342e+00 1.600547330402224758e-02
7.811557788944724052e+02 2.075626267116848833e+00 1.600948428493302253e-02
7.868090452261305927e+02 2.075188626921923074e+00 1.601332641149021824e-02
7.924623115577890076e+02 2.074767466352273271e+00 1.601700863155069640e-02
7.981155778894471950e+02 2.074361902004608904e+00 1.602053929779180541e-02
8.037688442211054962e+02 2.073971112175912790e+00 1.602392621625329736e-02
8.094221105527637974e+02 2.073594331557179427e+00 1.602717669037254794e-02
8.150753768844220986e+02 2.073230846467954525e+00 1.603029756053761523e-02
8.207286432160803997e+02 2.072879990568119002e+00 1.603329524007992765e-02
8.263819095477387009e+02 2.072541140991791320e+00 1.603617574784925101e-02
8.320351758793970021e+02 2.072213714855442035e+00 1.603894473781593971e-02
8.376884422110551895e+02 2.071897166098420229e+00 1.604160752600468712e-02
8.433417085427136044e+02 2.071590982619411658e+00 1.604416911513142571e-02
8.489949748743717919e+02 2.071294683676837778e+00 1.604663421700871020e-02
8.546482412060302067e+02 2.071007817525137185e+00 1.604900727308834762e-02
8.603015075376883942e+02 2.070729959262235464e+00 1.605129247327334585e-02
8.659547738693468091e+02 2.070460708866427968e+00 1.605349377314427631e-02
8.716080402010049966e+02 2.070199689403448229e+00 1.605561490985481579e-02
8.772613065326632977e+02 2.069946545386696535e+00 1.605765941661864427e-02
8.829145728643215989e+02 2.069700941275528283e+00 1.605963063620708536e-02
8.885678391959799001e+02 2.069462560098185744e+00 1.606153173326773861e-02
8.942211055276382012e+02 2.069231102187443216e+00 1.606336570581337608e-02
8.998743718592965024e+02 2.069006284018302999e+00 1.606513539569048854e-02
9.055276381909548036e+02 2.068787837138247099e+00 1.606684349838969836e-02
9.111809045226129911e+02 2.068575507181531936e+00 1.606849257207599441e-02
9.168341708542714059e+02 2.068369052959902366e+00 1.607008504596526069e-02
9.224874371859295934e+02 2.068168245622894474e+00 1.607162322814576633e-02
9.281407035175880083e+02 2.067972867881565868e+00 1.607310931274955404e-02
9.337939698492461957e+02 2.067782713290135188e+00 1.607454538668246294e-02
9.394472361809044969e+02 2.067597585580535302e+00 1.607593343588646986e-02
9.451005025125627981e+02 2.067417298045384211e+00 1.607727535121844520e-02
9.507537688442210992e+02 2.067241672965300481e+00 1.607857293373914434e-02
9.564070351758794004e+02 2.067070541076895918e+00 1.607982789993832318e-02
9.620603015075377016e+02 2.066903741078091716e+00 1.608104188634426612e-02
9.677135678391960028e+02 2.066741119167750718e+00 1.608221645404336181e-02
9.733668341708543039e+02 2.066582528616867087e+00 1.608335309270992816e-02
9.790201005025126051e+02 2.066427829368818969e+00 1.608445322454730292e-02
9.846733668341707926e+02 2.066276887666408602e+00 1.608551820789225900e-02
9.903266331658290937e+02 2.066129575703619103e+00 1.608654934063508471e-02
9.959798994974873949e+02 2.065985771300192564e+00 1.608754786334534378e-02
1.001633165829145696e+03 2.065845357597302812e+00 1.608851496233841202e-02
1.007286432160803997e+03 2.065708222772748570e+00 1.608945177239327201e-02
1.012939698492462298e+03 2.065574259774213051e+00 1.609035937950832260e-02
1.018592964824120600e+03 2.065443366069274589e+00 1.609123882322635590e-02
1.024246231155778787e+03 2.065315443410945306e+00 1.609209109914988209e-02
1.029899497487437202e+03 2.065190397617630680e+00 1.609291716098473768e-02
1.035552763819095617e+03 2.065068138366480177e+00 1.609371792269173596e-02
1.041206030150753804e+03 2.064948578999193707e+00 1.609449426042919296e-02
1.046859296482411992e+03 2.064831636339407250e+00 1.609524701438311278e-02
1.052512562814070407e+03 2.064717230520870750e+00 1.609597699045758890e-02
1.058165829145728594e+03 2.064605284825674847e+00 1.609668496201874938e-02
1.063819095477386782e+03 2.064495725531850123e+00 1.609737167136125052e-02
1.069472361809045196e+03 2.064388481769708683e+00 1.609803783115958467e-02
1.075125628140703611e+03 2.064283485386354311e+00 1.609868412591811473e-02
1.080778894472361799e+03 2.064180670817818086e+00 1.609931121326816511e-02
1.086432160804019986e+03 2.064079974968330511e+00 1.609991972511231120e-02
1.092085427135678401e+03 2.063981337096260749e+00 1.610051026891940254e-02
1.097738693467336816e+03 2.063884698706310417e+00 1.610108342878414575e-02
1.103391959798995003e+03 2.063790003447552923e+00 1.610163976644451989e-02
1.109045226130653191e+03 2.063697197016960416e+00 1.610217982232592382e-02
1.114698492462311606e+03 2.063606227068075061e+00 1.610270411648811670e-02
1.120351758793969793e+03 2.063517043124503569e+00 1.610321314948869043e-02
1.126005025125627981e+03 2.063429596497952101e+00 1.610370740324598010e-02
1.131658291457286396e+03 2.063343840210507096e+00 1.610418734188754503e-02
1.137311557788944810e+03 2.063259728920932456e+00 1.610465341246028470e-02
1.142964824120602998e+03 2.063177218854719275e+00 1.610510604570897231e-02
1.148618090452261185e+03 2.063096267737684286e+00 1.610554565670267724e-02
1.154271356783919600e+03 2.063016834732901206e+00 1.610597264561242428e-02
1.159924623115578015e+03 2.062938880380774442e+00 1.610638739821270565e-02
1.165577889447236203e+03 2.062862366542072223e+00 1.610679028654809358e-02
1.171231155778894390e+03 2.062787256343753040e+00 1.610718166951678049e-02
1.176884422110552805e+03 2.062713514127423764e+00 1.610756189332973598e-02
1.182537688442210992e+03 2.062641105400284669e+00 1.610793129214878328e-02
1.188190954773869180e+03 2.062569996788423232e+00 1.610829018846248947e-02
1.193844221105527595e+03 2.062500155992320838e+00 1.610863889364100299e-02
1.199497487437186010e+03 2.062431551744460911e+00 1.610897770831145812e-02
1.205150753768844197e+03 2.062364153768915020e+00 1.610930692287101257e-02
1.210804020100502385e+03 2.062297932742803930e+00 1.610962681780669578e-02
1.216457286432160799e+03 2.062232860259536338e+00 1.610993766412533237e-02
1.222110552763819214e+03 2.062168908793722277e+00 1.611023972375575861e-02
1.227763819095477402e+03 2.062106051667682571e+00 1.611053324982677018e-02
1.233417085427135589e+03 2.062044263019461088e+00 1.611081848708279321e-02
1.239070351758794004e+03 2.061983517772275398e+00 1.611109567216157876e-02
1.244723618090452419e+03 2.061923791605309031e+00 1.611136503391307276e-02
1.250376884422110379e+03 2.061865060925804460e+00 1.611162679371822698e-02
1.256030150753768794e+03 2.061807302842366685e+00 1.611188116572494569e-02
1.261683417085427209e+03 2.061750495139430317e+00 1.611212835716664335e-02
1.267336683417085396e+03 2.061694616252826240e+00 1.611236856859800393e-02
1.272989949748743584e+03 2.061639645246394981e+00 1.611260199415821132e-02
1.278643216080401999e+03 2.061585561789595733e+00 1.611282882177897044e-02
1.284296482412060413e+03 2.061532346136053295e+00 1.611304923344756071e-02
1.289949748743718601e+03 2.061479979103018056e+00 1.611326340537334520e-02
1.295603015075376788e+03 2.061428442051668419e+00 1.611347150829203767e-02
1.301256281407035203e+03 2.061377716868235233e+00 1.611367370756316628e-02
1.306909547738693618e+03 2.061327785945900271e+00 1.611387016339150408e-02
1.312562814070351806e+03 2.061278632167432789e+00 1.611406103107602614e-02
1.318216080402009993e+03 2.061230238888530408e+00 1.611424646107962461e-02
1.323869346733668408e+03 2.061182589921832342e+00 1.611442659929173890e-02
1.329522613065326595e+03 2.061135669521570790e+00 1.611460158713931903e-02
1.335175879396984783e+03 2.061089462368832503e+00 1.611477156175289416e-02
1.340829145728643198e+03 2.061043953557404773e+00 1.611493665613257867e-02
1.346482412060301613e+03 2.060999128580174755e+00 1.611509699924515079e-02
1.352135678391959800e+03 2.060954973316059480e+00 1.611525271623131736e-02
1.357788944723617988e+03 2.060911474017444345e+00 1.611540392850272646e-02
1.363442211055276402e+03 2.060868617298102112e+00 1.611555075383893504e-02
1.369095477386934817e+03 2.060826390121580864e+00 1.611569330659456956e-02
1.374748743718593005e+03 2.060784779790020949e+00 1.611583169769980131e-02
1.380402010050251192e+03 2.060743773933412459e+00 1.611596603486745508e-02
1.386055276381909607e+03 2.060703360499239523e+00 1.611609642268986217e-02
1.391708542713567795e+03 2.060663527742524259e+00 1.611622296269435775e-02
1.397361809045225982e+03 2.060624264216230017e+00 1.611634575348143417e-02
1.403015075376884397e+03 2.060585558762025649e+00 1.611646489084908943e-02
1.408668341708542812e+03 2.060547400501388626e+00 1.611658046779313597e-02
1.414321608040200999e+03 2.060509778827027461e+00 1.611669257471419134e-02
1.419974874371859187e+03 2.060472683394618976e+00 1.611680129941796269e-02
1.425628140703517602e+03 2.060436104114844014e+00 1.611690672722573478e-02
1.431281407035176017e+03 2.060400031145704247e+00 1.611700894105730017e-02
1.436934673366834204e+03 2.060364454885120544e+00 1.611710802151385818e-02
1.442587939698492391e+03 2.060329365963781800e+00 1.611720404694714365e-02
1.448241206030150806e+03 2.060294755238258446e+00 1.611729709351474721e-02
1.453894472361808994e+03 2.060260613784348660e+00 1.611738723529053049e-02
1.459547738693467409e+03 2.060226932890657281e+00 1.611747454427861492e-02
1.465201005025125596e+03 2.060193704052402541e+00 1.611755909052375868e-02
1.470854271356784011e+03 2.060160918965427523e+00 1.611764094211155449e-02
1.476507537688442198e+03 2.060128569520425668e+00 1.611772016534766816e-02
1.482160804020100386e+03 2.060096647797356351e+00 1.611779682467534905e-02
1.487814070351758801e+03 2.060065146060050534e+00 1.611787098279956684e-02
1.493467336683416988e+03 2.060034056751004705e+00 1.611794270074224864e-02
1.499120603015075403e+03 2.060003372486337359e+00 1.611801203792506687e-02
1.504773869346733591e+03 2.059973086050926661e+00 1.611807905211447289e-02
1.510427135678392006e+03 2.059943190393698664e+00 1.611814379958711671e-02
1.516080402010050193e+03 2.059913678623078503e+00 1.611820633508863343e-02
1.521733668341708608e+03 2.059884544002584583e+00 1.611826671197151561e-02
1.527386934673366795e+03 2.059855779946571985e+00 1.611832498211254391e-02
1.533040201005025210e+03 2.059827380016109988e+00 1.611838119605065595e-02
1.538693467336683398e+03 2.059799337914995920e+00 1.611843540305591196e-02
1.544346733668341585e+03 2.059771647485894253e+00 1.611848765106068879e-02
1.550000000000000000e+03 2.059744302706600916e+00 1.611853798674243304e-02
