4.250000000000000000e+02 1.678641037083391518e+00 3.589904309715177266e-01
4.306532663316583012e+02 1.781414159063907210e+00 3.356525410139431509e-01
4.363065326633166023e+02 1.835512551164588224e+00 3.226391421187506658e-01
4.419597989949749035e+02 1.874672437567328931e+00 3.122417913203984763e-01
4.476130653266331478e+02 1.906991554775575803e+00 3.027134886510315925e-01
4.532663316582914490e+02 1.935625573017945689e+00 2.933748107125227489e-01
4.589195979899497502e+02 1.962119873222674782e+00 2.838769012272749914e-01
4.645728643216080513e+02 1.987341173757274815e+00 2.740007563168994076e-01
4.702261306532663525e+02 2.011820620590909048e+00 2.635827458229088593e-01
4.758793969849245968e+02 2.035903336692669097e+00 2.524795497321287163e-01
4.815326633165828980e+02 2.059821012712967025e+00 2.405467453750886886e-01
4.871859296482411992e+02 2.083728945599284010e+00 2.276207498973208676e-01
4.928391959798995003e+02 2.107723561671813961e+00 2.134976456369180042e-01
4.984924623115578015e+02 2.131845298671385169e+00 1.979011850208021450e-01
5.041457286432161027e+02 2.156062601639564313e+00 1.804249788985504976e-01
5.097989949748744039e+02 2.180213180450072841e+00 1.604102900883254412e-01
5.154522613065327050e+02 2.203798379891814374e+00 1.366331283388904638e-01
5.211055276381910062e+02 2.224980173837396435e+00 1.062112892429274008e-01
5.267587939698491937e+02 2.225838887649526310e+00 5.612063326261473861e-02
5.324120603015074948e+02 2.193472191271117033e+00 1.626395139502343976e-02
5.380653266331657960e+02 2.156338851533298850e+00 1.655153545141969593e-02
5.437185929648240972e+02 2.134555114218132044e+00 1.672759548413554551e-02
5.493718592964823983e+02 2.119110238734041030e+00 1.685629637794923419e-02
5.550251256281406995e+02 2.107251398224756933e+00 1.695758782371795115e-02
5.606783919597990007e+02 2.097720845271890511e+00 1.704072136218354183e-02
5.663316582914573019e+02 2.089826848630356615e+00 1.711085528652553714e-02
5.719849246231156030e+02 2.083144923362650225e+00 1.717119599615602246e-02
5.776381909547739042e+02 2.077394819418024952e+00 1.722388643478717576e-02
5.832914572864322054e+02 2.072381523852731000e+00 1.727043536312825034e-02
5.889447236180903928e+02 2.067963830536867498e+00 1.731194769604358155e-02
5.945979899497488077e+02 2.064036251614496553e+00 1.734925799072998404e-02
6.002512562814069952e+02 2.060517970287598200e+00 1.738301252516446377e-02
6.059045226130652964e+02 2.057345767855141450e+00 1.741372219482146058e-02
6.115577889447235975e+02 2.054469317654221694e+00 1.744179793386104946e-02
6.172110552763818987e+02 2.051847952046592205e+00 1.746757520150457599e-02
6.228643216080401999e+02 2.049448380483048116e+00 1.749133137088517212e-02
6.285175879396985010e+02 2.047243041090587745e+00 1.751329836582315655e-02
6.341708542713568022e+02 2.045208885725207537e+00 1.753367202976989850e-02
6.398241206030151034e+02 2.043326468603869461e+00 1.755261919469532431e-02
6.454773869346734045e+02 2.041579251944698026e+00 1.757028309800981111e-02
6.511306532663315920e+02 2.039953069566919464e+00 1.758678759113396772e-02
6.567839195979900069e+02 2.038435707341137437e+00 1.760224045014466623e-02
6.624371859296481944e+02 2.037016571341329296e+00 1.761673600913456206e-02
6.680904522613064955e+02 2.035686422687992714e+00 1.763035727653695234e-02
6.737437185929647967e+02 2.034437163711070085e+00 1.764317765141497699e-02
6.793969849246230979e+02 2.033261664034001104e+00 1.765526232733431039e-02
6.850502512562813990e+02 2.032153618021407038e+00 1.766666944973461703e-02
6.907035175879397002e+02 2.031107427092882389e+00 1.767745107682023448e-02
6.963567839195980014e+02 2.030118101917948614e+00 1.768765398283344767e-02
7.020100502512563025e+02 2.029181180630777792e+00 1.769732033355830847e-02
7.076633165829146037e+02 2.028292660046933982e+00 1.770648825790868339e-02
7.133165829145727912e+02 2.027448937504122917e+00 1.771519233389897904e-02
7.189698492462312061e+02 2.026646761438620548e+00 1.772346400417074488e-02
7.246231155778893935e+02 2.025883189187050348e+00 1.773133193291938359e-02
7.302763819095478084e+02 2.025155550797393733e+00 1.773882231366054330e-02
7.359296482412059959e+02 2.024461417863794299e+00 1.774595913604475050e-02
7.415829145728642970e+02 2.023798576581906428e+00 1.775276441779670075e-02
7.472361809045225982e+02 2.023165004366346498e+00 1.775925840729624533e-02
7.528894472361808994e+02 2.022558849487692711e+00 1.776545976101007868e-02
7.585427135678392006e+02 2.021978413279680975e+00 1.777138569947521451e-02
7.641959798994975017e+02 2.021422134542734561e+00 1.777705214488641342e-02
7.698492462311558029e+02 2.020888575831316203e+00 1.778247384279789053e-02
7.755025125628139904e+02 2.020376411362808433e+00 1.778766447008880633e-02
7.811557788944724052e+02 2.019884416326842569e+00 1.779263673093547243e-02
7.868090452261305927e+02 2.019411457408062383e+00 1.779740244249240766e-02
7.924623115577890076e+02 2.018956484363478854e+00 1.780197261150948465e-02
7.981155778894471950e+02 2.018518522519094471e+00 1.780635750287713759e-02
8.037688442211054962e+02 2.018096666070066991e+00 1.781056670135732628e-02
8.094221105527637974e+02 2.017690072085161379e+00 1.781460916702683889e-02
8.150753768844220986e+02 2.017297955130080922e+00 1.781849328534030816e-02
8.207286432160803997e+02 2.016919582435984459e+00 1.782222691245302290e-02
8.263819095477387009e+02 2.016554269549403422e+00 1.782581741610294798e-02
8.320351758793970021e+02 2.016201376408221169e+00 1.782927171288356885e-02
8.376884422110551895e+02 2.015860303795558028e+00 1.783259630198840220e-02
8.433417085427136044e+02 2.015530490129566754e+00 1.783579729600383301e-02
8.489949748743717919e+02 2.015211408552416206e+00 1.783888044898834790e-02
8.546482412060302067e+02 2.014902564286281006e+00 1.784185118203700932e-02
8.603015075376883942e+02 2.014603492228074888e+00 1.784471460680233171e-02
8.659547738693468091e+02 2.014313754758041419e+00 1.784747554691843568e-02
8.716080402010049966e+02 2.014032939740255213e+00 1.785013855775961777e-02
8.772613065326632977e+02 2.013760658695633143e+00 1.785270794447813697e-02
8.829145728643215989e+02 2.013496545130277315e+00 1.785518777870056389e-02
8.885678391959799001e+02 2.013240253003893532e+00 1.785758191380106691e-02
8.942211055276382012e+02 2.012991455324751655e+00 1.785989399912940243e-02
8.998743718592965024e+02 2.012749842859097971e+00 1.786212749297399344e-02
9.055276381909548036e+02 2.012515122944267265e+00 1.786428567464932657e-02
9.111809045226129911e+02 2.012287018395872540e+00 1.786637165571074853e-02
9.168341708542714059e+02 2.012065266500455696e+00 1.786838839020029809e-02
9.224874371859295934e+02 2.011849618085889801e+00 1.787033868431131198e-02
9.281407035175880083e+02 2.011639836662597158e+00 1.787222520523802996e-02
9.337939698492461957e+02 2.011435697629357922e+00 1.787405048943588315e-02
9.394472361809044969e+02 2.011236987538092880e+00 1.787581695033153839e-02
9.451005025125627981e+02 2.011043503412571543e+00 1.787752688548431210e-02
9.507537688442210992e+02 2.010855052116468755e+00 1.787918248318797615e-02
9.564070351758794004e+02 2.010671449766650909e+00 1.788078582873785238e-02
9.620603015075377016e+02 2.010492521187940973e+00 1.788233891022768252e-02
9.677135678391960028e+02 2.010318099405990822e+00 1.788384362393941052e-02
9.733668341708543039e+02 2.010148025175167330e+00 1.788530177937653134e-02
9.790201005025126051e+02 2.009982146538675352e+00 1.788671510407835105e-02
9.846733668341707926e+02 2.009820318418365837e+00 1.788808524794281707e-02
9.903266331658290937e+02 2.009662402231916278e+00 1.788941378746825017e-02
9.959798994974873949e+02 2.009508265535279392e+00 1.789070222959185733e-02
1.001633165829145696e+03 2.009357781688463795e+00 1.789195201534895044e-02
1.007286432160803997e+03 2.009210829542896093e+00 1.789316452330381307e-02
1.012939698492462298e+03 2.009067293148751432e+00 1.789434107276498612e-02
1.018592964824120600e+03 2.008927061480779930e+00 1.789548292677302713e-02
1.024246231155778787e+03 2.008790028181274501e+00 1.789659129502238488e-02
1.029899497487437202e+03 2.008656091318949954e+00 1.789766733643239141e-02
1.035552763819095617e+03 2.008525153162589394e+00 1.789871216176466828e-02
1.041206030150753804e+03 2.008397119968414302e+00 1.789972683591502245e-02
1.046859296482411992e+03 2.008271901780216862e+00 1.790071238021507388e-02
1.052512562814070407e+03 2.008149412241373444e+00 1.790166977450812283e-02
1.058165829145728594e+03 2.008029568417915023e+00 1.790259995913589738e-02
1.063819095477386782e+03 2.007912290631913343e+00 1.790350383682403831e-02
1.069472361809045196e+03 2.007797502304479842e+00 1.790438227450359340e-02
1.075125628140703611e+03 2.007685129807738722e+00 1.790523610487032916e-02
1.080778894472361799e+03 2.007575102325184879e+00 1.790606612811605075e-02
1.086432160804019986e+03 2.007467351719874671e+00 1.790687311332356951e-02
1.092085427135678401e+03 2.007361812409940605e+00 1.790765779997190860e-02
1.097738693467336816e+03 2.007258421250964542e+00 1.790842089917982910e-02
1.103391959798995003e+03 2.007157117424767545e+00 1.790916309507218848e-02
1.109045226130653191e+03 2.007057842334215358e+00 1.790988504594680925e-02
1.114698492462311606e+03 2.006960539503665153e+00 1.791058738541556269e-02
1.120351758793969793e+03 2.006865154484696046e+00 1.791127072354452288e-02
1.126005025125627981e+03 2.006771634766809420e+00 1.791193564777009140e-02
1.131658291457286396e+03 2.006679929692789521e+00 1.791258272403749990e-02
1.137311557788944810e+03 2.006589990378446764e+00 1.791321249756665582e-02
1.142964824120602998e+03 2.006501769636478194e+00 1.791382549386525899e-02
1.148618090452261185e+03 2.006415221904205737e+00 1.791442221950571151e-02
1.154271356783919600e+03 2.006330303174959528e+00 1.791500316293869952e-02
1.159924623115578015e+03 2.006246970932895390e+00 1.791556879523180032e-02
1.165577889447236203e+03 2.006165184091050602e+00 1.791611957083241030e-02
1.171231155778894390e+03 2.006084902932447012e+00 1.791665592821864092e-02
1.176884422110552805e+03 2.006006089054074071e+00 1.791717829059934555e-02
1.182537688442210992e+03 2.005928705313581251e+00 1.791768706646505727e-02
1.188190954773869180e+03 2.005852715778539075e+00 1.791818265028721074e-02
1.193844221105527595e+03 2.005778085678114220e+00 1.791866542296919815e-02
1.199497487437186010e+03 2.005704781357036115e+00 1.791913575247058854e-02
1.205150753768844197e+03 2.005632770231721373e+00 1.791959399430711336e-02
1.210804020100502385e+03 2.005562020748446361e+00 1.792004049201318533e-02
1.216457286432160799e+03 2.005492502343450223e+00 1.792047557764133922e-02
1.222110552763819214e+03 2.005424185404871107e+00 1.792089957219948626e-02
1.227763819095477402e+03 2.005357041236417448e+00 1.792131278608788750e-02
1.233417085427135589e+03 2.005291042022677050e+00 1.792171551947403102e-02
1.239070351758794004e+03 2.005226160795989809e+00 1.792210806275397125e-02
1.244723618090452419e+03 2.005162371404790367e+00 1.792249069685246041e-02
1.250376884422110379e+03 2.005099648483354535e+00 1.792286369363438325e-02
1.256030150753768794e+03 2.005037967422872658e+00 1.792322731617976977e-02
1.261683417085427209e+03 2.004977304343783739e+00 1.792358181920730362e-02
1.267336683417085396e+03 2.004917636069311282e+00 1.792392744932425064e-02
1.272989949748743584e+03 2.004858940100128883e+00 1.792426444532580279e-02
1.278643216080401999e+03 2.004801194590115632e+00 1.792459303848192853e-02
1.284296482412060413e+03 2.004744378323132903e+00 1.792491345284885282e-02
1.289949748743718601e+03 2.004688470690782598e+00 1.792522590550612444e-02
1.295603015075376788e+03 2.004633451671094857e+00 1.792553060678117594e-02
1.301256281407035203e+03 2.004579301808097291e+00 1.792582776057290161e-02
1.306909547738693618e+03 2.004526002192232870e+00 1.792611756450170762e-02
1.312562814070351806e+03 2.004473534441574500e+00 1.792640021013380131e-02
1.318216080402009993e+03 2.004421880683807888e+00 1.792667588327975098e-02
1.323869346733668408e+03 2.004371023538941365e+00 1.792694476409473908e-02
1.329522613065326595e+03 2.004320946102710721e+00 1.792720702736456950e-02
1.335175879396984783e+03 2.004271631930645725e+00 1.792746284260582010e-02
1.340829145728643198e+03 2.004223065022768147e+00 1.792771237432692552e-02
1.346482412060301613e+03 2.004175229808895065e+00 1.792795578217776242e-02
1.352135678391959800e+03 2.004128111134513723e+00 1.792819322106199015e-02
1.357788944723617988e+03 2.004081694247209278e+00 1.792842484136083700e-02
1.363442211055276402e+03 2.004035964783613899e+00 1.792865078909489443e-02
1.369095477386934817e+03 2.003990908756859479e+00 1.792887120602395037e-02
1.374748743718593005e+03 2.003946512544510838e+00 1.792908622982107222e-02
1.380402010050251192e+03 2.003902762876951460e+00 1.792929599418475323e-02
1.386055276381909607e+03 2.003859646826211094e+00 1.792950062898814728e-02
1.391708542713567795e+03 2.003817151795213469e+00 1.792970026044067230e-02
1.397361809045225982e+03 2.003775265507420134e+00 1.792989501111334066e-02
1.403015075376884397e+03 2.003733975996859762e+00 1.793008500016220544e-02
1.408668341708542812e+03 2.003693271598526504e+00 1.793027034339079659e-02
1.414321608040200999e+03 2.003653140939126498e+00 1.793045115333727693e-02
1.419974874371859187e+03 2.003613572928162778e+00 1.793062753942350693e-02
1.425628140703517602e+03 2.003574556749342150e+00 1.793079960802978004e-02
1.431281407035176017e+03 2.003536081852291151e+00 1.793096746263142874e-02
1.436934673366834204e+03 2.003498137944566437e+00 1.793113120379924083e-02
1.442587939698492391e+03 2.003460714983952062e+00 1.793129092938555019e-02
1.448241206030150806e+03 2.003423803171027195e+00 1.793144673459888538e-02
1.453894472361808994e+03 2.003387392941994527e+00 1.793159871202908151e-02
1.459547738693467409e+03 2.003351474961760914e+00 1.793174695178377173e-02
1.465201005025125596e+03 2.003316040117256058e+00 1.793189154153824669e-02
1.470854271356784011e+03 2.003281079510984775e+00 1.793203256661000944e-02
1.476507537688442198e+03 2.003246584454798196e+00 1.793217011007049166e-02
1.482160804020100386e+03 2.003212546463878585e+00 1.793230425275769632e-02
1.487814070351758801e+03 2.003178957250930203e+00 1.793243507338785486e-02
1.493467336683416988e+03 2.003145808720564691e+00 1.793256264858044888e-02
1.499120603015075403e+03 2.003113092963875186e+00 1.793268705296983609e-02
1.504773869346733591e+03 2.003080802253192516e+00 1.793280835924263364e-02
1.510427135678392006e+03 2.003048929037014148e+00 1.793292663815025667e-02
1.516080402010050193e+03 2.003017465935105879e+00 1.793304195867010536e-02
1.521733668341708608e+03 2.002986405733757636e+00 1.793315438795618430e-02
1.527386934673366795e+03 2.002955741381197807e+00 1.793326399145072497e-02
1.533040201005025210e+03 2.002925465983159459e+00 1.793337083292147541e-02
1.538693467336683398e+03 2.002895572798586876e+00 1.793347497451137917e-02
1.544346733668341585e+03 2.002866055235478449e+00 1.793357647675111050e-02
1.550000000000000000e+03 2.002836906846869436e+00 1.793367539869539229e-02
