4.250000000000000000e+02 1.654845972675359711e+00 3.635829858322731645e-01
4.306532663316583012e+02 1.757693755555049586e+00 3.392036633601679951e-01
4.363065326633166023e+02 1.812096066234389236e+00 3.253899276581874167e-01
4.419597989949749035e+02 1.851624383143728680e+00 3.142360487081256037e-01
4.476130653266331478e+02 1.884341014912210177e+00 3.039461109681428352e-01
4.532663316582914490e+02 1.913388493789771605e+00 2.938173510156544821e-01
4.589195979899497502e+02 1.940305360655748990e+00 2.834841602385627102e-01
4.645728643216080513e+02 1.965953423791378052e+00 2.727115054020649576e-01
4.702261306532663525e+02 1.990859038202658970e+00 2.613173211619091441e-01
4.758793969849245968e+02 2.015361400912970335e+00 2.491345625601977531e-01
4.815326633165828980e+02 2.039683631085703830e+00 2.359858827050390906e-01
4.871859296482411992e+02 2.063967198800930714e+00 2.216590820554214247e-01
4.928391959798995003e+02 2.088283978168260724e+00 2.058737444226690083e-01
4.984924623115578015e+02 2.112625866509823425e+00 1.882236833670742626e-01
5.041457286432161027e+02 2.136850800416544960e+00 1.680578355564025239e-01
5.097989949748744039e+02 2.160486231334887375e+00 1.441799794947264401e-01
5.154522613065327050e+02 2.181777221843447911e+00 1.138230446824190778e-01
5.211055276381910062e+02 2.185023805275144504e+00 6.530120095299750405e-02
5.267587939698491937e+02 2.154429497250800463e+00 2.113624459378257714e-02
5.324120603015074948e+02 2.116794452714020558e+00 2.152255451232353012e-02
5.380653266331657960e+02 2.095032061801707979e+00 2.175613745885606604e-02
5.437185929648240972e+02 2.079720307988120798e+00 2.192582068987248070e-02
5.493718592964823983e+02 2.068025813354074760e+00 2.205881877646125380e-02
5.550251256281406995e+02 2.058665937858280337e+00 2.216764323610160431e-02
5.606783919597990007e+02 2.050939676191402938e+00 2.225922915714513561e-02
5.663316582914573019e+02 2.044418871569920526e+00 2.233786863299667622e-02
5.719849246231156030e+02 2.038821913114505335e+00 2.240642031606519466e-02
5.776381909547739042e+02 2.033953459997055457e+00 2.246689111566352662e-02
5.832914572864322054e+02 2.029672456623584864e+00 2.252074716783492025e-02
5.889447236180903928e+02 2.025873784649733000e+00 2.256909350458532679e-02
5.945979899497488077e+02 2.022477088204751361e+00 2.261278424220032959e-02
6.002512562814069952e+02 2.019419636459690359e+00 2.265249343434039969e-02
6.059045226130652964e+02 2.016651584836203437e+00 2.268876242216884623e-02
6.115577889447235975e+02 2.014132725815051650e+00 2.272203250796467344e-02
6.172110552763818987e+02 2.011830199660708196e+00 2.275266811964732697e-02
6.228643216080401999e+02 2.009716843435835454e+00 2.278097361901448500e-02
6.285175879396985010e+02 2.007769976037971027e+00 2.280720574558284947e-02
6.341708542713568022e+02 2.005970488146912700e+00 2.283158299312428377e-02
6.398241206030151034e+02 2.004302149824680690e+00 2.285429278560608540e-02
6.454773869346734045e+02 2.002751076333010971e+00 2.287549704599671149e-02
6.511306532663315920e+02 2.001305310843599639e+00 2.289533657191054547e-02
6.567839195979900069e+02 1.999954494775739944e+00 2.291393451250467103e-02
6.624371859296481944e+02 1.998689604691335386e+00 2.293139915972641080e-02
6.680904522613064955e+02 1.997502740349633932e+00 2.294782620992804820e-02
6.737437185929647967e+02 1.996386952515812219e+00 2.296330061211409798e-02
6.793969849246230979e+02 1.995336101969328091e+00 2.297789809028092517e-02
6.850502512562813990e+02 1.994344743223612548e+00 2.299168640637460140e-02
6.907035175879397002e+02 1.993408027983914588e+00 2.300472641517756212e-02
6.963567839195980014e+02 1.992521624494654198e+00 2.301707295089040067e-02
7.020100502512563025e+02 1.991681649771205542e+00 2.302877557659908925e-02
7.076633165829146037e+02 1.990884612350204863e+00 2.303987922132621699e-02
7.133165829145727912e+02 1.990127363681263528e+00 2.305042472422098865e-02
7.189698492462312061e+02 1.989407056660005946e+00 2.306044930169566520e-02
7.246231155778893935e+02 1.988721110095543532e+00 2.306998695022554127e-02
7.302763819095478084e+02 1.988067178135214608e+00 2.307906879511020803e-02
7.359296482412059959e+02 1.987443123850693771e+00 2.308772339369573670e-02
7.415829145728642970e+02 1.986846996333572424e+00 2.309597699992449460e-02
7.472361809045225982e+02 1.986277010763625839e+00 2.310385379610147352e-02
7.528894472361808994e+02 1.985731531005548778e+00 2.311137609646173735e-02
7.585427135678392006e+02 1.985209054364797554e+00 2.311856452668752462e-02
7.641959798994975017e+02 1.984708198194038875e+00 2.312543818262047246e-02
7.698492462311558029e+02 1.984227688091432462e+00 2.313201477099958991e-02
7.755025125628139904e+02 1.983766347472806446e+00 2.313831073462253168e-02
7.811557788944724052e+02 1.983323088333447393e+00 2.314434136394709005e-02
7.868090452261305927e+02 1.982896903043145587e+00 2.315012089682607840e-02
7.924623115577890076e+02 1.982486857041314332e+00 2.315566260788217215e-02
7.981155778894471950e+02 1.982092082318401616e+00 2.316097888875400315e-02
8.037688442211054962e+02 1.981711771586038617e+00 2.316608132032986836e-02
8.094221105527637974e+02 1.981345173052057929e+00 2.317098073790476581e-02
8.150753768844220986e+02 1.980991585728026472e+00 2.317568729001745487e-02
8.207286432160803997e+02 1.980650355206739377e+00 2.318021049179039283e-02
8.263819095477387009e+02 1.980320869855396904e+00 2.318455927325062046e-02
8.320351758793970021e+02 1.980002557377293693e+00 2.318874202329732070e-02
8.376884422110551895e+02 1.979694881700882814e+00 2.319276662967180089e-02
8.433417085427136044e+02 1.979397340160268470e+00 2.319664051543142078e-02
8.489949748743717919e+02 1.979109460935649434e+00 2.320037067226835351e-02
8.546482412060302067e+02 1.978830800726069983e+00 2.320396369095469036e-02
8.603015075376883942e+02 1.978560942630161579e+00 2.320742578921273711e-02
8.659547738693468091e+02 1.978299494213438203e+00 2.321076283736043383e-02
8.716080402010049966e+02 1.978046085743200511e+00 2.321398038175992093e-02
8.772613065326632977e+02 1.977800368574283985e+00 2.321708366644547120e-02
8.829145728643215989e+02 1.977562013670781660e+00 2.322007765304284765e-02
8.885678391959799001e+02 1.977330710250527313e+00 2.322296703908652629e-02
8.942211055276382012e+02 1.977106164540578304e+00 2.322575627498878886e-02
8.998743718592965024e+02 1.976888098633212909e+00 2.322844957965100945e-02
9.055276381909548036e+02 1.976676249433076293e+00 2.323105095498423020e-02
9.111809045226129911e+02 1.976470367687094276e+00 2.323356419927095906e-02
9.168341708542714059e+02 1.976270217089648673e+00 2.323599291963915001e-02
9.224874371859295934e+02 1.976075573456279599e+00 2.323834054356517867e-02
9.281407035175880083e+02 1.975886223959852250e+00 2.324061032960909184e-02
9.337939698492461957e+02 1.975701966423749179e+00 2.324280537733668800e-02
9.394472361809044969e+02 1.975522608667164892e+00 2.324492863665491779e-02
9.451005025125627981e+02 1.975347967898080981e+00 2.324698291638097394e-02
9.507537688442210992e+02 1.975177870149904313e+00 2.324897089233325664e-02
9.564070351758794004e+02 1.975012149758152979e+00 2.325089511481197302e-02
9.620603015075377016e+02 1.974850648873898384e+00 2.325275801564252731e-02
9.677135678391960028e+02 1.974693217010986324e+00 2.325456191469225595e-02
9.733668341708543039e+02 1.974539710624330757e+00 2.325630902602856057e-02
9.790201005025126051e+02 1.974389992716818920e+00 2.325800146363352777e-02
9.846733668341707926e+02 1.974243932472586227e+00 2.325964124679523112e-02
9.903266331658290937e+02 1.974101404914620828e+00 2.326123030510958076e-02
9.959798994974873949e+02 1.973962290584834411e+00 2.326277048324626798e-02
1.001633165829145696e+03 1.973826475244896184e+00 2.326426354533615501e-02
1.007286432160803997e+03 1.973693849596277694e+00 2.326571117916206508e-02
1.012939698492462298e+03 1.973564309018081886e+00 2.326711500005804872e-02
1.018592964824120600e+03 1.973437753321352961e+00 2.326847655457961808e-02
1.024246231155778787e+03 1.973314086518672017e+00 2.326979732398829631e-02
1.029899497487437202e+03 1.973193216607940892e+00 2.327107872747454995e-02
1.035552763819095617e+03 1.973075055369341912e+00 2.327232212524826122e-02
1.041206030150753804e+03 1.972959518174554505e+00 2.327352882143499807e-02
1.046859296482411992e+03 1.972846523807364472e+00 2.327470006677844275e-02
1.052512562814070407e+03 1.972735994294889439e+00 2.327583706123501420e-02
1.058165829145728594e+03 1.972627854748690401e+00 2.327694095638946706e-02
1.063819095477386782e+03 1.972522033215102555e+00 2.327801285776788867e-02
1.069472361809045196e+03 1.972418460534165030e+00 2.327905382697686987e-02
1.075125628140703611e+03 1.972317070206585310e+00 2.328006488377861935e-02
1.080778894472361799e+03 1.972217798268203870e+00 2.328104700800686863e-02
1.086432160804019986e+03 1.972120583171473207e+00 2.328200114143336857e-02
1.092085427135678401e+03 1.972025365673499397e+00 2.328292818946593040e-02
1.097738693467336816e+03 1.971932088730226518e+00 2.328382902283068073e-02
1.103391959798995003e+03 1.971840697396374464e+00 2.328470447910041194e-02
1.109045226130653191e+03 1.971751138730766684e+00 2.328555536419785535e-02
1.114698492462311606e+03 1.971663361706719186e+00 2.328638245377383925e-02
1.120351758793969793e+03 1.971577317127169549e+00 2.328718649457008766e-02
1.126005025125627981e+03 1.971492957544265012e+00 2.328796820563324224e-02
1.131658291457286396e+03 1.971410237183132574e+00 2.328872827956613226e-02
1.137311557788944810e+03 1.971329111869584150e+00 2.328946738363994393e-02
1.142964824120602998e+03 1.971249538961519887e+00 2.329018616087225740e-02
1.148618090452261185e+03 1.971171477283812923e+00 2.329088523107097214e-02
1.154271356783919600e+03 1.971094887066469736e+00 2.329156519180608856e-02
1.159924623115578015e+03 1.971019729885878924e+00 2.329222661934272562e-02
1.165577889447236203e+03 1.970945968608965426e+00 2.329287006952113215e-02
1.171231155778894390e+03 1.970873567340090116e+00 2.329349607860757218e-02
1.176884422110552805e+03 1.970802491370533094e+00 2.329410516410658147e-02
1.182537688442210992e+03 1.970732707130421701e+00 2.329469782550126072e-02
1.188190954773869180e+03 1.970664182142960241e+00 2.329527454501699110e-02
1.193844221105527595e+03 1.970596884980840402e+00 2.329583578828465715e-02
1.199497487437186010e+03 1.970530785224705816e+00 2.329638200502732667e-02
1.205150753768844197e+03 1.970465853423565727e+00 2.329691362967509227e-02
1.210804020100502385e+03 1.970402061057047627e+00 2.329743108199391552e-02
1.216457286432160799e+03 1.970339380499392057e+00 2.329793476763789353e-02
1.222110552763819214e+03 1.970277784985094316e+00 2.329842507871079590e-02
1.227763819095477402e+03 1.970217248576112246e+00 2.329890239429873930e-02
1.233417085427135589e+03 1.970157746130547949e+00 2.329936708095021319e-02
1.239070351758794004e+03 1.970099253272737716e+00 2.329981949318922496e-02
1.244723618090452419e+03 1.970041746364668445e+00 2.330025997394722867e-02
1.250376884422110379e+03 1.969985202478657271e+00 2.330068885501393461e-02
1.256030150753768794e+03 1.969929599371228912e+00 2.330110645745454845e-02
1.261683417085427209e+03 1.969874915458129205e+00 2.330151309201733065e-02
1.267336683417085396e+03 1.969821129790418457e+00 2.330190905951240801e-02
1.272989949748743584e+03 1.969768222031591742e+00 2.330229465116659751e-02
1.278643216080401999e+03 1.969716172435673540e+00 2.330267014902099448e-02
1.284296482412060413e+03 1.969664961826238292e+00 2.330303582621403441e-02
1.289949748743718601e+03 1.969614571576316031e+00 2.330339194733595937e-02
1.295603015075376788e+03 1.969564983589133789e+00 2.330373876874024600e-02
1.301256281407035203e+03 1.969516180279656359e+00 2.330407653882158800e-02
1.306909547738693618e+03 1.969468144556889788e+00 2.330440549832236280e-02
1.312562814070351806e+03 1.969420859806904067e+00 2.330472588059612910e-02
1.318216080402009993e+03 1.969374309876551932e+00 2.330503791185673662e-02
1.323869346733668408e+03 1.969328479057840697e+00 2.330534181145594089e-02
1.329522613065326595e+03 1.969283352072932702e+00 2.330563779211331302e-02
1.335175879396984783e+03 1.969238914059743273e+00 2.330592606013650106e-02
1.340829145728643198e+03 1.969195150558109786e+00 2.330620681566531599e-02
1.346482412060301613e+03 1.969152047496504077e+00 2.330648025286327640e-02
1.352135678391959800e+03 1.969109591179265095e+00 2.330674656013772411e-02
1.357788944723617988e+03 1.969067768274328056e+00 2.330700592033129251e-02
1.363442211055276402e+03 1.969026565801425654e+00 2.330725851091329515e-02
1.369095477386934817e+03 1.968985971120744471e+00 2.330750450416633340e-02
1.374748743718593005e+03 1.968945971922012150e+00 2.330774406734901008e-02
1.380402010050251192e+03 1.968906556213999792e+00 2.330797736287768679e-02
1.386055276381909607e+03 1.968867712314417595e+00 2.330820454847005660e-02
1.391708542713567795e+03 1.968829428840191964e+00 2.330842577732680082e-02
1.397361809045225982e+03 1.968791694698101447e+00 2.330864119826081549e-02
1.403015075376884397e+03 1.968754499075761721e+00 2.330885095585498099e-02
1.408668341708542812e+03 1.968717831432940324e+00 2.330905519058177125e-02
1.414321608040200999e+03 1.968681681493190450e+00 2.330925403895622167e-02
1.419974874371859187e+03 1.968646039235786960e+00 2.330944763365546540e-02
1.425628140703517602e+03 1.968610894887956153e+00 2.330963610365258121e-02
1.431281407035176017e+03 1.968576238917382648e+00 2.330981957432181825e-02
1.436934673366834204e+03 1.968542062024986050e+00 2.330999816755331688e-02
1.442587939698492391e+03 1.968508355137951638e+00 2.331017200187733215e-02
1.448241206030150806e+03 1.968475109403008849e+00 2.331034119256463963e-02
1.453894472361808994e+03 1.968442316179946250e+00 2.331050585173166309e-02
1.459547738693467409e+03 1.968409967035352093e+00 2.331066608842177409e-02
1.465201005025125596e+03 1.968378053736572042e+00 2.331082200873896976e-02
1.470854271356784011e+03 1.968346568245875172e+00 2.331097371589579276e-02
1.476507537688442198e+03 1.968315502714822918e+00 2.331112131033745774e-02
1.482160804020100386e+03 1.968284849478827647e+00 2.331126488980401687e-02
1.487814070351758801e+03 1.968254601051896424e+00 2.331140454943065113e-02
1.493467336683416988e+03 1.968224750121553512e+00 2.331154038181457167e-02
1.499120603015075403e+03 1.968195289543932525e+00 2.331167247710574236e-02
1.504773869346733591e+03 1.968166212339033772e+00 2.331180092306424367e-02
1.510427135678392006e+03 1.968137511686137264e+00 2.331192580514621776e-02
1.516080402010050193e+03 1.968109180919369816e+00 2.331204720656596119e-02
1.521733668341708608e+03 1.968081213523415807e+00 2.331216520836279157e-02
1.527386934673366795e+03 1.968053603129369833e+00 2.331227988947741359e-02
1.533040201005025210e+03 1.968026343510724141e+00 2.331239132680449147e-02
1.538693467336683398e+03 1.967999428579484844e+00 2.331249959524040599e-02
1.544346733668341585e+03 1.967972852382413818e+00 2.331260476777390761e-02
1.550000000000000000e+03 1.967946609097392940e+00 2.331270691551006607e-02
