4.250000000000000000e+02 1.874352869845256286e+00 3.827202820455052890e-01
4.306532663316583012e+02 1.985674189726404526e+00 3.578552896126108163e-01
4.363065326633166023e+02 2.044636491798364819e+00 3.435536857980334702e-01
4.419597989949749035e+02 2.087521268168930799e+00 3.318839850159637783e-01
4.476130653266331478e+02 2.123046499698336476e+00 3.210341691802212072e-01
4.532663316582914490e+02 2.154611545215601609e+00 3.102906334771711738e-01
4.589195979899497502e+02 2.183881198050253936e+00 2.992784883710286059e-01
4.645728643216080513e+02 2.211788265799204289e+00 2.877532864264716883e-01
4.702261306532663525e+02 2.238902651692104673e+00 2.755222960224069650e-01
4.758793969849245968e+02 2.265591751503331253e+00 2.624054373310653610e-01
4.815326633165828980e+02 2.292097324991217100e+00 2.482084592187156213e-01
4.871859296482411992e+02 2.318572680720188739e+00 2.326959872447461886e-01
4.928391959798995003e+02 2.345095538355641551e+00 2.155538326982817665e-01
4.984924623115578015e+02 2.371656252833695522e+00 1.963226935517325134e-01
5.041457286432161027e+02 2.398097471277691017e+00 1.742586271127090081e-01
5.097989949748744039e+02 2.423892506873218888e+00 1.479737196023984125e-01
5.154522613065327050e+02 2.447044399555137861e+00 1.141608705661793788e-01
5.211055276381910062e+02 2.446286564021980858e+00 5.699095653887777113e-02
5.267587939698491937e+02 2.410600540998577124e+00 1.676197731341180081e-02
5.324120603015074948e+02 2.372005217790259302e+00 1.704300033971143519e-02
5.380653266331657960e+02 2.349247547215856713e+00 1.721599520517400755e-02
5.437185929648240972e+02 2.333102146135633159e+00 1.734263826795527652e-02
5.493718592964823983e+02 2.320713069616128887e+00 1.744234834688936781e-02
5.550251256281406995e+02 2.310766829555702895e+00 1.752418768239626112e-02
5.606783919597990007e+02 2.302538437539570104e+00 1.759322616060968528e-02
5.663316582914573019e+02 2.295582109652886338e+00 1.765262101910783366e-02
5.719849246231156030e+02 2.289603222110713876e+00 1.770448431831350353e-02
5.776381909547739042e+02 2.284396664270568866e+00 1.775030364361012206e-02
5.832914572864322054e+02 2.279813907014945684e+00 1.779116843933049863e-02
5.889447236180903928e+02 2.275744012644946412e+00 1.782790142348881363e-02
5.945979899497488077e+02 2.272102020473117712e+00 1.786113949799879308e-02
6.002512562814069952e+02 2.268821503157831376e+00 1.789138594019314826e-02
6.059045226130652964e+02 2.265849610521773361e+00 1.791904537216102225e-02
6.115577889447235975e+02 2.263143663160067209e+00 1.794444794326669965e-02
6.172110552763818987e+02 2.260668747506429099e+00 1.796786650579251451e-02
6.228643216080401999e+02 2.258395978389047709e+00 1.798952909684397791e-02
6.285175879396985010e+02 2.256301218490822880e+00 1.800962819141051913e-02
6.341708542713568022e+02 2.254364117895756525e+00 1.802832768252207035e-02
6.398241206030151034e+02 2.252567382480754166e+00 1.804576822847496487e-02
6.454773869346734045e+02 2.250896208893559791e+00 1.806207140612329023e-02
6.511306532663315920e+02 2.249337842759322470e+00 1.807734297669610912e-02
6.567839195979900069e+02 2.247881229367047595e+00 1.809167548259894495e-02
6.624371859296481944e+02 2.246516734669540050e+00 1.810515033338853247e-02
6.680904522613064955e+02 2.245235920379186734e+00 1.811783949676242997e-02
6.737437185929647967e+02 2.244031361133701274e+00 1.812980688118251069e-02
6.793969849246230979e+02 2.242896494704116339e+00 1.814110947518278102e-02
6.850502512562813990e+02 2.241825498391375682e+00 1.815179829296567279e-02
6.907035175879397002e+02 2.240813186354210451e+00 1.816191916435156567e-02
6.963567839195980014e+02 2.239854923796772201e+00 1.817151339911849545e-02
7.020100502512563025e+02 2.238946554834773117e+00 1.818061834854983738e-02
7.076633165829146037e+02 2.238084341533960853e+00 1.818926788306307260e-02
7.133165829145727912e+02 2.237264912131351036e+00 1.819749280015506981e-02
7.189698492462312061e+02 2.236485216848432156e+00 1.820532117484882986e-02
7.246231155778893935e+02 2.235742490015825368e+00 1.821277866176802124e-02
7.302763819095478084e+02 2.235034217472123164e+00 1.821988875686849849e-02
7.359296482412059959e+02 2.234358108391698572e+00 1.822667302495278516e-02
7.415829145728642970e+02 2.233712070848901998e+00 1.823315129827050157e-02
7.472361809045225982e+02 2.233094190548150060e+00 1.823934185047924178e-02
7.528894472361808994e+02 2.232502712247605547e+00 1.824526154953989496e-02
7.585427135678392006e+02 2.231936023483618747e+00 1.825092599247751107e-02
7.641959798994975017e+02 2.231392640267715333e+00 1.825634962464334557e-02
7.698492462311558029e+02 2.230871194480728903e+00 1.826154584538542541e-02
7.755025125628139904e+02 2.230370422732081082e+00 1.826652710213871877e-02
7.811557788944724052e+02 2.229889156487982582e+00 1.827130497426185385e-02
7.868090452261305927e+02 2.229426313302015128e+00 1.827589024797190292e-02
7.924623115577890076e+02 2.228980889006202393e+00 1.828029298357256374e-02
7.981155778894471950e+02 2.228551950741329168e+00 1.828452257578603440e-02
8.037688442211054962e+02 2.228138630722525271e+00 1.828858780796778494e-02
8.094221105527637974e+02 2.227740120650699485e+00 1.829249690123255917e-02
8.150753768844220986e+02 2.227355666692675928e+00 1.829625755864061273e-02
8.207286432160803997e+02 2.226984564963308433e+00 1.829987700531795700e-02
8.263819095477387009e+02 2.226626157451690791e+00 1.830336202482222077e-02
8.320351758793970021e+02 2.226279828341110267e+00 1.830671899224500104e-02
8.376884422110551895e+02 2.225945000678865249e+00 1.830995390426002484e-02
8.433417085427136044e+02 2.225621133357572390e+00 1.831307240659132279e-02
8.489949748743717919e+02 2.225307718374364807e+00 1.831607981909465568e-02
8.546482412060302067e+02 2.225004278338461816e+00 1.831898115866835777e-02
8.603015075376883942e+02 2.224710364201154977e+00 1.832178116029321846e-02
8.659547738693468091e+02 2.224425553185303439e+00 1.832448429624532540e-02
8.716080402010049966e+02 2.224149446894111648e+00 1.832709479386428891e-02
8.772613065326632977e+02 2.223881669581277531e+00 1.832961665177350666e-02
8.829145728643215989e+02 2.223621866566620753e+00 1.833205365494539052e-02
8.885678391959799001e+02 2.223369702783076995e+00 1.833440938847058499e-02
8.942211055276382012e+02 2.223124861442478117e+00 1.833668725035022401e-02
8.998743718592965024e+02 2.222887042808928459e+00 1.833889046327823874e-02
9.055276381909548036e+02 2.222655963069743557e+00 1.834102208558649819e-02
9.111809045226129911e+02 2.222431353295009515e+00 1.834308502131908394e-02
9.168341708542714059e+02 2.222212958477728595e+00 1.834508202965617202e-02
9.224874371859295934e+02 2.222000536647342095e+00 1.834701573356852661e-02
9.281407035175880083e+02 2.221793858050167270e+00 1.834888862791043615e-02
9.337939698492461957e+02 2.221592704390904061e+00 1.835070308697688002e-02
9.394472361809044969e+02 2.221396868129967839e+00 1.835246137145396181e-02
9.451005025125627981e+02 2.221206151831900844e+00 1.835416563495753314e-02
9.507537688442210992e+02 2.221020367560576858e+00 1.835581793013702986e-02
9.564070351758794004e+02 2.220839336317317336e+00 1.835742021427308815e-02
9.620603015075377016e+02 2.220662887518405793e+00 1.835897435466019717e-02
9.677135678391960028e+02 2.220490858508811449e+00 1.836048213350920111e-02
9.733668341708543039e+02 2.220323094109220463e+00 1.836194525257603058e-02
9.790201005025126051e+02 2.220159446193748387e+00 1.836336533755369635e-02
9.846733668341707926e+02 2.219999773295922019e+00 1.836474394204676286e-02
9.903266331658290937e+02 2.219843940240760372e+00 1.836608255143124327e-02
9.959798994974873949e+02 2.219691817800946154e+00 1.836738258645525396e-02
1.001633165829145696e+03 2.219543282375269211e+00 1.836864540649638111e-02
1.007286432160803997e+03 2.219398215687682807e+00 1.836987231280252930e-02
1.012939698492462298e+03 2.219256504505435768e+00 1.837106455141444480e-02
1.018592964824120600e+03 2.219118040374894907e+00 1.837222331596368927e-02
1.024246231155778787e+03 2.218982719373762791e+00 1.837334975024967551e-02
1.029899497487437202e+03 2.218850441878532642e+00 1.837444495076525491e-02
1.035552763819095617e+03 2.218721112346081270e+00 1.837550996900196021e-02
1.041206030150753804e+03 2.218594639108415922e+00 1.837654581360759903e-02
1.046859296482411992e+03 2.218470934179662901e+00 1.837755345249313804e-02
1.052512562814070407e+03 2.218349913074445734e+00 1.837853381476822409e-02
1.058165829145728594e+03 2.218231494636884182e+00 1.837948779260217824e-02
1.063819095477386782e+03 2.218115600879492444e+00 1.838041624291399112e-02
1.069472361809045196e+03 2.218002156831318850e+00 1.838131998908476561e-02
1.075125628140703611e+03 2.217891090394708886e+00 1.838219982245111600e-02
1.080778894472361799e+03 2.217782332210129770e+00 1.838305650382128856e-02
1.086432160804019986e+03 2.217675815528533878e+00 1.838389076484497550e-02
1.092085427135678401e+03 2.217571476090771654e+00 1.838470330933356447e-02
1.097738693467336816e+03 2.217469252013605896e+00 1.838549481453092757e-02
1.103391959798995003e+03 2.217369083681910436e+00 1.838626593225032441e-02
1.109045226130653191e+03 2.217270913646665509e+00 1.838701729009480784e-02
1.114698492462311606e+03 2.217174686528387451e+00 1.838774949238693168e-02
1.120351758793969793e+03 2.217080348925663635e+00 1.838846312129081145e-02
1.126005025125627981e+03 2.216987849328474702e+00 1.838915873772812432e-02
1.131658291457286396e+03 2.216897138036019843e+00 1.838983688230546448e-02
1.137311557788944810e+03 2.216808167078767156e+00 1.839049807615648902e-02
1.142964824120602998e+03 2.216720890144492806e+00 1.839114282178347035e-02
1.148618090452261185e+03 2.216635262508053206e+00 1.839177160386201368e-02
1.154271356783919600e+03 2.216551240964693026e+00 1.839238488993661866e-02
1.159924623115578015e+03 2.216468783766665673e+00 1.839298313118813838e-02
1.165577889447236203e+03 2.216387850562988149e+00 1.839356676304386082e-02
1.171231155778894390e+03 2.216308402342146433e+00 1.839413620589579190e-02
1.176884422110552805e+03 2.216230401377586201e+00 1.839469186563746916e-02
1.182537688442210992e+03 2.216153811175829436e+00 1.839523413432111315e-02
1.188190954773869180e+03 2.216078596427073055e+00 1.839576339066956862e-02
1.193844221105527595e+03 2.216004722958133222e+00 1.839628000058793691e-02
1.199497487437186010e+03 2.215932157687606541e+00 1.839678431774731740e-02
1.205150753768844197e+03 2.215860868583122478e+00 1.839727668397515489e-02
1.210804020100502385e+03 2.215790824620583077e+00 1.839775742980220494e-02
1.216457286432160799e+03 2.215721995745276285e+00 1.839822687482824820e-02
1.222110552763819214e+03 2.215654352834764751e+00 1.839868532820825020e-02
1.227763819095477402e+03 2.215587867663459942e+00 1.839913308900552324e-02
1.233417085427135589e+03 2.215522512868788318e+00 1.839957044660508328e-02
1.239070351758794004e+03 2.215458261918869187e+00 1.839999768107850042e-02
1.244723618090452419e+03 2.215395089081629632e+00 1.840041506350032635e-02
1.250376884422110379e+03 2.215332969395273910e+00 1.840082285634882589e-02
1.256030150753768794e+03 2.215271878640049596e+00 1.840122131376173420e-02
1.261683417085427209e+03 2.215211793311233190e+00 1.840161068188842994e-02
1.267336683417085396e+03 2.215152690593286788e+00 1.840199119916955187e-02
1.272989949748743584e+03 2.215094548335116098e+00 1.840236309662857117e-02
1.278643216080401999e+03 2.215037345026381388e+00 1.840272659811495806e-02
1.284296482412060413e+03 2.214981059774809413e+00 1.840308192059553552e-02
1.289949748743718601e+03 2.214925672284455693e+00 1.840342927437329038e-02
1.295603015075376788e+03 2.214871162834872287e+00 1.840376886336646950e-02
1.301256281407035203e+03 2.214817512261136212e+00 1.840410088530306312e-02
1.306909547738693618e+03 2.214764701934698987e+00 1.840442553193938346e-02
1.312562814070351806e+03 2.214712713745019546e+00 1.840474298927853233e-02
1.318216080402009993e+03 2.214661530081937890e+00 1.840505343778881669e-02
1.323869346733668408e+03 2.214611133818761513e+00 1.840535705256174381e-02
1.329522613065326595e+03 2.214561508296027714e+00 1.840565400353028763e-02
1.335175879396984783e+03 2.214512637305912524e+00 1.840594445562676942e-02
1.340829145728643198e+03 2.214464505077252454e+00 1.840622856896479906e-02
1.346482412060301613e+03 2.214417096261158235e+00 1.840650649900910443e-02
1.352135678391959800e+03 2.214370395917184542e+00 1.840677839668498905e-02
1.357788944723617988e+03 2.214324389500041956e+00 1.840704440863250371e-02
1.363442211055276402e+03 2.214279062846815194e+00 1.840730467724340305e-02
1.369095477386934817e+03 2.214234402164672488e+00 1.840755934085494191e-02
1.374748743718593005e+03 2.214190394019043939e+00 1.840780853388324437e-02
1.380402010050251192e+03 2.214147025322243945e+00 1.840805238694462678e-02
1.386055276381909607e+03 2.214104283322523958e+00 1.840829102700096073e-02
1.391708542713567795e+03 2.214062155593529813e+00 1.840852457743267709e-02
1.397361809045225982e+03 2.214020630024158276e+00 1.840875315822025279e-02
1.403015075376884397e+03 2.213979694808776877e+00 1.840897688596888904e-02
1.408668341708542812e+03 2.213939338437812765e+00 1.840919587412613578e-02
1.414321608040200999e+03 2.213899549688679969e+00 1.840941023298238097e-02
1.419974874371859187e+03 2.213860317617033946e+00 1.840962006982811358e-02
1.425628140703517602e+03 2.213821631548343660e+00 1.840982548902674390e-02
1.431281407035176017e+03 2.213783481069769188e+00 1.841002659213561085e-02
1.436934673366834204e+03 2.213745856022318659e+00 1.841022347796670774e-02
1.442587939698492391e+03 2.213708746493295187e+00 1.841041624265941923e-02
1.448241206030150806e+03 2.213672142808998711e+00 1.841060497981354335e-02
1.453894472361808994e+03 2.213636035527691615e+00 1.841078978051375464e-02
1.459547738693467409e+03 2.213600415432807278e+00 1.841097073346260535e-02
1.465201005025125596e+03 2.213565273526388211e+00 1.841114792500493647e-02
1.470854271356784011e+03 2.213530601022759559e+00 1.841132143921260858e-02
1.476507537688442198e+03 2.213496389342411774e+00 1.841149135796919106e-02
1.482160804020100386e+03 2.213462630106094231e+00 1.841165776105465821e-02
1.487814070351758801e+03 2.213429315129110897e+00 1.841182072613356882e-02
1.493467336683416988e+03 2.213396436415804747e+00 1.841198032890003014e-02
1.499120603015075403e+03 2.213363986154227803e+00 1.841213664308999007e-02
1.504773869346733591e+03 2.213331956710992365e+00 1.841228974056586393e-02
1.510427135678392006e+03 2.213300340626286999e+00 1.841243969134086916e-02
1.516080402010050193e+03 2.213269130609061719e+00 1.841258656367568761e-02
1.521733668341708608e+03 2.213238319532369491e+00 1.841273042409071609e-02
1.527386934673366795e+03 2.213207900428858732e+00 1.841287133743861257e-02
1.533040201005025210e+03 2.213177866486413681e+00 1.841300936694061779e-02
1.538693467336683398e+03 2.213148211043935110e+00 1.841314457425909795e-02
1.544346733668341585e+03 2.213118927587255591e+00 1.841327701950974324e-02
1.550000000000000000e+03 2.213090009745185771e+00 1.841340676130995974e-02
