4.250000000000000000e+02 1.872066818413671951e+00 4.051648942496335337e-01
4.306532663316583012e+02 1.989101493631995510e+00 3.777760553654394005e-01
4.363065326633166023e+02 2.050973144271115878e+00 3.622346558423923391e-01
4.419597989949749035e+02 2.095916098209532397e+00 3.496673615881482622e-01
4.476130653266331478e+02 2.133108799467169359e+00 3.380596078624873435e-01
4.532663316582914490e+02 2.166128099554400777e+00 3.266228901236925553e-01
4.589195979899497502e+02 2.196724930867596459e+00 3.149465919956880300e-01
4.645728643216080513e+02 2.225879976291707418e+00 3.027662643613308058e-01
4.702261306532663525e+02 2.254192169025601267e+00 2.898765335658740616e-01
4.758793969849245968e+02 2.282047501559246072e+00 2.760884379411880918e-01
4.815326633165828980e+02 2.309699948108820955e+00 2.612008429699866352e-01
4.871859296482411992e+02 2.337310682580586274e+00 2.449725802131609287e-01
4.928391959798995003e+02 2.364961850246770414e+00 2.270844226494271034e-01
4.984924623115578015e+02 2.392644837193067531e+00 2.070733092813282217e-01
5.041457286432161027e+02 2.420198930767162970e+00 1.841959266112708771e-01
5.097989949748744039e+02 2.447087467525122850e+00 1.570838920118097781e-01
5.154522613065327050e+02 2.471309523139090025e+00 1.225606574895578144e-01
5.211055276381910062e+02 2.474658339066673207e+00 6.703137839162974509e-02
5.267587939698491937e+02 2.439768602319539959e+00 1.756818025113911913e-02
5.324120603015074948e+02 2.397236056914002322e+00 1.788853346315726761e-02
5.380653266331657960e+02 2.372587850959730460e+00 1.808265364061864208e-02
5.437185929648240972e+02 2.355226099432752296e+00 1.822385626372416759e-02
5.493718592964823983e+02 2.341955565274945084e+00 1.833465704522282969e-02
5.550251256281406995e+02 2.331327680779851086e+00 1.842542043764764173e-02
5.606783919597990007e+02 2.322550009989049258e+00 1.850189547657913811e-02
5.663316582914573019e+02 2.315138233220996433e+00 1.856764153315697968e-02
5.719849246231156030e+02 2.308773643106166062e+00 1.862502960211485231e-02
5.776381909547739042e+02 2.303235081739454682e+00 1.867572422256503703e-02
5.832914572864322054e+02 2.298362801173862380e+00 1.872094126393288038e-02
5.889447236180903928e+02 2.294037721817773434e+00 1.876159693649695481e-02
5.945979899497488077e+02 2.290168794737422076e+00 1.879839921046110723e-02
6.002512562814069952e+02 2.286684927146394486e+00 1.883190661618442535e-02
6.059045226130652964e+02 2.283529619946921940e+00 1.886256754781850259e-02
6.115577889447235975e+02 2.280657290032431117e+00 1.889074738842551685e-02
6.172110552763818987e+02 2.278030678562616984e+00 1.891674774256004582e-02
6.228643216080401999e+02 2.275618981517224970e+00 1.894082039211678753e-02
6.285175879396985010e+02 2.273396473746439828e+00 1.896317762845544166e-02
6.341708542713568022e+02 2.271341478186094776e+00 1.898400003730679048e-02
6.398241206030151034e+02 2.269435581499344767e+00 1.900344245629265183e-02
6.454773869346734045e+02 2.267663028878107667e+00 1.902163859759050529e-02
6.511306532663315920e+02 2.266010251226745265e+00 1.903870467951896545e-02
6.567839195979900069e+02 2.264465491596324487e+00 1.905474231183560199e-02
6.624371859296481944e+02 2.263018507012717784e+00 1.906984081146131937e-02
6.680904522613064955e+02 2.261660328262321773e+00 1.908407907827930697e-02
6.737437185929647967e+02 2.260383064718043400e+00 1.909752712784875198e-02
6.793969849246230979e+02 2.259179744516933042e+00 1.911024735330827881e-02
6.850502512562813990e+02 2.258044182739785022e+00 1.912229557200427477e-02
6.907035175879397002e+02 2.256970871958927649e+00 1.913372189942259827e-02
6.963567839195980014e+02 2.255954890793980372e+00 1.914457148336743894e-02
7.020100502512563025e+02 2.254991827070807364e+00 1.915488512441254967e-02
7.076633165829146037e+02 2.254077712902901709e+00 1.916469980296968759e-02
7.133165829145727912e+02 2.253208969568121667e+00 1.917404912952795984e-02
7.189698492462312061e+02 2.252382360480847723e+00 1.918296373082396117e-02
7.246231155778893935e+02 2.251594950891802949e+00 1.919147158272072745e-02
7.302763819095478084e+02 2.250844073208053242e+00 1.919959829837329657e-02
7.359296482412059959e+02 2.250127297031105478e+00 1.920736737855073886e-02
7.415829145728642970e+02 2.249442403174200855e+00 1.921480043001554811e-02
7.472361809045225982e+02 2.248787361050332834e+00 1.922191735670051443e-02
7.528894472361808994e+02 2.248160308927441786e+00 1.922873652758766080e-02
7.585427135678392006e+02 2.247559536632066646e+00 1.923527492466907407e-02
7.641959798994975017e+02 2.246983470351705314e+00 1.924154827369039047e-02
7.698492462311558029e+02 2.246430659242515837e+00 1.924757116007485766e-02
7.755025125628139904e+02 2.245899763595252452e+00 1.925335713190837184e-02
7.811557788944724052e+02 2.245389544350510302e+00 1.925891879177944396e-02
7.868090452261305927e+02 2.244898853785972204e+00 1.926426787879239461e-02
7.924623115577890076e+02 2.244426627224657800e+00 1.926941534206040932e-02
7.981155778894471950e+02 2.243971875635139224e+00 1.927437140659499573e-02
8.037688442211054962e+02 2.243533679013106408e+00 1.927914563271923912e-02
8.094221105527637974e+02 2.243111180449159914e+00 1.928374696945724456e-02
8.150753768844220986e+02 2.242703580800790242e+00 1.928818380292258300e-02
8.207286432160803997e+02 2.242310133897580826e+00 1.929246400003263237e-02
8.263819095477387009e+02 2.241930142218097277e+00 1.929659494812526258e-02
8.320351758793970021e+02 2.241562952984937240e+00 1.930058359102774720e-02
8.376884422110551895e+02 2.241207954631295074e+00 1.930443646181418185e-02
8.433417085427136044e+02 2.240864573598267739e+00 1.930815971272699383e-02
8.489949748743717919e+02 2.240532271427179367e+00 1.931175914236787222e-02
8.546482412060302067e+02 2.240210542115592673e+00 1.931524022072170915e-02
8.603015075376883942e+02 2.239898909709391983e+00 1.931860811194317448e-02
8.659547738693468091e+02 2.239596926106639518e+00 1.932186769534011486e-02
8.716080402010049966e+02 2.239304169051701265e+00 1.932502358455003358e-02
8.772613065326632977e+02 2.239020240300625186e+00 1.932808014526121027e-02
8.829145728643215989e+02 2.238744763940895055e+00 1.933104151149589792e-02
8.885678391959799001e+02 2.238477384850574126e+00 1.933391160056430538e-02
8.942211055276382012e+02 2.238217767283487980e+00 1.933669412698112156e-02
8.998743718592965024e+02 2.237965593568546296e+00 1.933939261519943345e-02
9.055276381909548036e+02 2.237720562912582256e+00 1.934201041148715661e-02
9.111809045226129911e+02 2.237482390297191426e+00 1.934455069485742015e-02
9.168341708542714059e+02 2.237250805461053815e+00 1.934701648723935810e-02
9.224874371859295934e+02 2.237025551960093672e+00 1.934941066292638831e-02
9.281407035175880083e+02 2.236806386298601179e+00 1.935173595726974102e-02
9.337939698492461957e+02 2.236593077125133000e+00 1.935399497489474416e-02
9.394472361809044969e+02 2.236385404487611694e+00 1.935619019720066086e-02
9.451005025125627981e+02 2.236183159142599575e+00 1.935832398948994851e-02
9.507537688442210992e+02 2.235986141914188430e+00 1.936039860748739808e-02
9.564070351758794004e+02 2.235794163098396847e+00 1.936241620350290585e-02
9.620603015075377016e+02 2.235607041909342563e+00 1.936437883217016764e-02
9.677135678391960028e+02 2.235424605963806766e+00 1.936628845576235727e-02
9.733668341708543039e+02 2.235246690801118596e+00 1.936814694925776542e-02
9.790201005025126051e+02 2.235073139435560297e+00 1.936995610497274992e-02
9.846733668341707926e+02 2.234903801938754597e+00 1.937171763699213622e-02
9.903266331658290937e+02 2.234738535049713093e+00 1.937343318529448355e-02
9.959798994974873949e+02 2.234577201810426406e+00 1.937510431953859413e-02
1.001633165829145696e+03 2.234419671225070569e+00 1.937673254277532189e-02
1.007286432160803997e+03 2.234265817941055943e+00 1.937831929483314897e-02
1.012939698492462298e+03 2.234115521950303052e+00 1.937986595545815663e-02
1.018592964824120600e+03 2.233968668309268768e+00 1.938137384740368577e-02
1.024246231155778787e+03 2.233825146876355472e+00 1.938284423921791955e-02
1.029899497487437202e+03 2.233684852065461079e+00 1.938427834792456547e-02
1.035552763819095617e+03 2.233547682614527297e+00 1.938567734150527244e-02
1.041206030150753804e+03 2.233413541368022948e+00 1.938704234132158227e-02
1.046859296482411992e+03 2.233282335072402702e+00 1.938837442433916786e-02
1.052512562814070407e+03 2.233153974183639257e+00 1.938967462517754078e-02
1.058165829145728594e+03 2.233028372686010510e+00 1.939094393816872056e-02
1.063819095477386782e+03 2.232905447921381459e+00 1.939218331921887736e-02
1.069472361809045196e+03 2.232785120428276038e+00 1.939339368759911836e-02
1.075125628140703611e+03 2.232667313790091423e+00 1.939457592757402524e-02
1.080778894472361799e+03 2.232551954491857060e+00 1.939573089007410808e-02
1.086432160804019986e+03 2.232438971784977522e+00 1.939685939413764160e-02
1.092085427135678401e+03 2.232328297559452501e+00 1.939796222837377945e-02
1.097738693467336816e+03 2.232219866223089433e+00 1.939904015229833301e-02
1.103391959798995003e+03 2.232113614587269979e+00 1.940009389764528816e-02
1.109045226130653191e+03 2.232009481758860492e+00 1.940112416953972477e-02
1.114698492462311606e+03 2.231907409037882317e+00 1.940213164769246865e-02
1.120351758793969793e+03 2.231807339820587988e+00 1.940311698745633695e-02
1.126005025125627981e+03 2.231709219507615583e+00 1.940408082091571104e-02
1.131658291457286396e+03 2.231612995416909051e+00 1.940502375782640621e-02
1.137311557788944810e+03 2.231518616701126945e+00 1.940594638660046028e-02
1.142964824120602998e+03 2.231426034269258896e+00 1.940684927516424935e-02
1.148618090452261185e+03 2.231335200712222022e+00 1.940773297180441170e-02
1.154271356783919600e+03 2.231246070232179246e+00 1.940859800603595212e-02
1.159924623115578015e+03 2.231158598575387675e+00 1.940944488928665265e-02
1.165577889447236203e+03 2.231072742968358558e+00 1.941027411571815894e-02
1.171231155778894390e+03 2.230988462057144961e+00 1.941108616285201413e-02
1.176884422110552805e+03 2.230905715849579529e+00 1.941188149227525070e-02
1.182537688442210992e+03 2.230824465660299349e+00 1.941266055024255463e-02
1.188190954773869180e+03 2.230744674058396715e+00 1.941342376834656255e-02
1.193844221105527595e+03 2.230666304817559009e+00 1.941417156401618882e-02
1.199497487437186010e+03 2.230589322868549829e+00 1.941490434112892044e-02
1.205150753768844197e+03 2.230513694253917212e+00 1.941562249047405070e-02
1.210804020100502385e+03 2.230439386084800191e+00 1.941632639034136798e-02
1.216457286432160799e+03 2.230366366499719533e+00 1.941701640692652941e-02
1.222110552763819214e+03 2.230294604625256749e+00 1.941769289481616936e-02
1.227763819095477402e+03 2.230224070538512127e+00 1.941835619743844180e-02
1.233417085427135589e+03 2.230154735231250740e+00 1.941900664743322069e-02
1.239070351758794004e+03 2.230086570575657401e+00 1.941964456714782850e-02
1.244723618090452419e+03 2.230019549291602399e+00 1.942027026891528577e-02
1.250376884422110379e+03 2.229953644915351862e+00 1.942088405548097335e-02
1.256030150753768794e+03 2.229888831769646806e+00 1.942148622034903932e-02
1.261683417085427209e+03 2.229825084935080692e+00 1.942207704809434041e-02
1.267336683417085396e+03 2.229762380222708451e+00 1.942265681473131708e-02
1.272989949748743584e+03 2.229700694147829676e+00 1.942322578794553403e-02
1.278643216080401999e+03 2.229640003904887369e+00 1.942378422747367481e-02
1.284296482412060413e+03 2.229580287343422729e+00 1.942433238533475964e-02
1.289949748743718601e+03 2.229521522945038470e+00 1.942487050611836977e-02
1.295603015075376788e+03 2.229463689801327586e+00 1.942539882724988662e-02
1.301256281407035203e+03 2.229406767592703176e+00 1.942591757920987192e-02
1.306909547738693618e+03 2.229350736568110669e+00 1.942642698583334562e-02
1.312562814070351806e+03 2.229295577525555849e+00 1.942692726448319931e-02
1.318216080402009993e+03 2.229241271793433565e+00 1.942741862629211030e-02
1.323869346733668408e+03 2.229187801212598519e+00 1.942790127637003539e-02
1.329522613065326595e+03 2.229135148119159915e+00 1.942837541405734864e-02
1.335175879396984783e+03 2.229083295327956904e+00 1.942884123300644278e-02
1.340829145728643198e+03 2.229032226116687720e+00 1.942929892149181798e-02
1.346482412060301613e+03 2.228981924210660992e+00 1.942974866253724398e-02
1.352135678391959800e+03 2.228932373768142572e+00 1.943019063406568533e-02
1.357788944723617988e+03 2.228883559366268585e+00 1.943062500910632331e-02
1.363442211055276402e+03 2.228835465987501596e+00 1.943105195596718862e-02
1.369095477386934817e+03 2.228788079006608136e+00 1.943147163831634647e-02
1.374748743718593005e+03 2.228741384178124729e+00 1.943188421541154620e-02
1.380402010050251192e+03 2.228695367624303980e+00 1.943228984221555961e-02
1.386055276381909607e+03 2.228650015823510966e+00 1.943268866951147061e-02
1.391708542713567795e+03 2.228605315599051284e+00 1.943308084406359174e-02
1.397361809045225982e+03 2.228561254108417877e+00 1.943346650873265316e-02
1.403015075376884397e+03 2.228517818832930431e+00 1.943384580259093983e-02
1.408668341708542812e+03 2.228474997567757576e+00 1.943421886108307947e-02
1.414321608040200999e+03 2.228432778412299697e+00 1.943458581608396851e-02
1.419974874371859187e+03 2.228391149760926115e+00 1.943494679603662012e-02
1.425628140703517602e+03 2.228350100294038683e+00 1.943530192606715903e-02
1.431281407035176017e+03 2.228309618969460004e+00 1.943565132807687640e-02
1.436934673366834204e+03 2.228269695014129859e+00 1.943599512081145911e-02
1.442587939698492391e+03 2.228230317916090275e+00 1.943633342003297723e-02
1.448241206030150806e+03 2.228191477416757493e+00 1.943666633852046688e-02
1.453894472361808994e+03 2.228153163503462597e+00 1.943699398621903315e-02
1.459547738693467409e+03 2.228115366402252384e+00 1.943731647033176621e-02
1.465201005025125596e+03 2.228078076570940258e+00 1.943763389533169003e-02
1.470854271356784011e+03 2.228041284692392487e+00 1.943794636313362148e-02
1.476507537688442198e+03 2.228004981668050277e+00 1.943825397309462827e-02
1.482160804020100386e+03 2.227969158611669442e+00 1.943855682215156824e-02
1.487814070351758801e+03 2.227933806843269249e+00 1.943885500483293755e-02
1.493467336683416988e+03 2.227898917883292196e+00 1.943914861336209360e-02
1.499120603015075403e+03 2.227864483446951205e+00 1.943943773774903586e-02
1.504773869346733591e+03 2.227830495438771319e+00 1.943972246577935215e-02
1.510427135678392006e+03 2.227796945947310814e+00 1.944000288315165040e-02
1.516080402010050193e+03 2.227763827240054173e+00 1.944027907351217332e-02
1.521733668341708608e+03 2.227731131758474259e+00 1.944055111850081022e-02
1.527386934673366795e+03 2.227698852113258354e+00 1.944081909781995854e-02
1.533040201005025210e+03 2.227666981079680308e+00 1.944108308928049408e-02
1.538693467336683398e+03 2.227635511593134776e+00 1.944134316887060135e-02
1.544346733668341585e+03 2.227604436744803795e+00 1.944159941079032228e-02
1.550000000000000000e+03 2.227573749777466361e+00 1.944185188752032764e-02
