4.250000000000000000e+02 1.869390692595067183e+00 4.067382525447322261e-01
4.306532663316583012e+02 1.987727591764167245e+00 3.789288480792700198e-01
4.363065326633166023e+02 2.050256948884129127e+00 3.631772374092849809e-01
4.419597989949749035e+02 2.095664657883576698e+00 3.504526214676740858e-01
4.476130653266331478e+02 2.133234473399651776e+00 3.387075790005067977e-01
4.532663316582914490e+02 2.166583622132480791e+00 3.271415339526176913e-01
4.589195979899497502e+02 2.197482563038177350e+00 3.153380249581823058e-01
4.645728643216080513e+02 2.226922809206794529e+00 3.030291707353014452e-01
4.702261306532663525e+02 2.255509859874103906e+00 2.900072051660123051e-01
4.758793969849245968e+02 2.283633927719130430e+00 2.760811853589421605e-01
4.815326633165828980e+02 2.311551786748583304e+00 2.610480314700479587e-01
4.871859296482411992e+02 2.339426456531704002e+00 2.446643472417613097e-01
4.928391959798995003e+02 2.367341178247488465e+00 2.266080009393470485e-01
4.984924623115578015e+02 2.395287656456302372e+00 2.064116912818590999e-01
5.041457286432161027e+02 2.423104274124069146e+00 1.833251565066053579e-01
5.097989949748744039e+02 2.450250406797512159e+00 1.559667871163803732e-01
5.154522613065327050e+02 2.474708424788981453e+00 1.211275470469238558e-01
5.211055276381910062e+02 2.478079761652297819e+00 6.504804879400938322e-02
5.267587939698491937e+02 2.442882611980125684e+00 1.516846597970669154e-02
5.324120603015074948e+02 2.399967221060594902e+00 1.544725718289968568e-02
5.380653266331657960e+02 2.375087497603786790e+00 1.561630680777035922e-02
5.437185929648240972e+02 2.357558350137623826e+00 1.573933106700427242e-02
5.493718592964823983e+02 2.344157253161097021e+00 1.583590563135074333e-02
5.550251256281406995e+02 2.333422987497684620e+00 1.591504403757394367e-02
5.606783919597990007e+02 2.324556086376322384e+00 1.598174700270763374e-02
5.663316582914573019e+02 2.317067880731162877e+00 1.603911109133980550e-02
5.719849246231156030e+02 2.310636772732743260e+00 1.608919927640666686e-02
5.776381909547739042e+02 2.305039581873451038e+00 1.613346000525284207e-02
5.832914572864322054e+02 2.300115088480754633e+00 1.617295139367772722e-02
5.889447236180903928e+02 2.295743108659827225e+00 1.620847083461618779e-02
5.945979899497488077e+02 2.291831744009933391e+00 1.624063452246451988e-02
6.002512562814069952e+02 2.288309234724169805e+00 1.626992860769785332e-02
6.059045226130652964e+02 2.285118548784177417e+00 1.629674339293046489e-02
6.115577889447235975e+02 2.282213670937329297e+00 1.632139693487299342e-02
6.172110552763818987e+02 2.279556987378669852e+00 1.634415178020234491e-02
6.228643216080401999e+02 2.277117399214705795e+00 1.636522711037529873e-02
6.285175879396985010e+02 2.274868933886068145e+00 1.638480773351245340e-02
6.341708542713568022e+02 2.272789704888332540e+00 1.640305085983624622e-02
6.398241206030151034e+02 2.270861120164488156e+00 1.642009128686097372e-02
6.454773869346734045e+02 2.269067271295055033e+00 1.643604542296896870e-02
6.511306532663315920e+02 2.267394456284528292e+00 1.645101444844956212e-02
6.567839195979900069e+02 2.265830802511386022e+00 1.646508682704991497e-02
6.624371859296481944e+02 2.264365965767403122e+00 1.647834032161340362e-02
6.680904522613064955e+02 2.262990887790663042e+00 1.649084362711688775e-02
6.737437185929647967e+02 2.261697599256491387e+00 1.650265770476119082e-02
6.793969849246230979e+02 2.260479058448644718e+00 1.651383688053372975e-02
6.850502512562813990e+02 2.259329018193371841e+00 1.652442975628937855e-02
6.907035175879397002e+02 2.258241915370533093e+00 1.653447997053693677e-02
6.963567839195980014e+02 2.257212778601210168e+00 1.654402683751645536e-02
7.020100502512563025e+02 2.256237150675462821e+00 1.655310588736344513e-02
7.076633165829146037e+02 2.255311023014539451e+00 1.656174932490591528e-02
7.133165829145727912e+02 2.254430780020670433e+00 1.656998642155131651e-02
7.189698492462312061e+02 2.253593151598649591e+00 1.657784385151534964e-02
7.246231155778893935e+02 2.252795172468662788e+00 1.658534598158395088e-02
7.302763819095478084e+02 2.252034147152511157e+00 1.659251512185312694e-02
7.359296482412059959e+02 2.251307619722690223e+00 1.659937174375905253e-02
7.415829145728642970e+02 2.250613347568473976e+00 1.660593467006205026e-02
7.472361809045225982e+02 2.249949278564821409e+00 1.661222124131361833e-02
7.528894472361808994e+02 2.249313531135794797e+00 1.661824746199393882e-02
7.585427135678392006e+02 2.248704376789830484e+00 1.662402812920565562e-02
7.641959798994975017e+02 2.248120224773804576e+00 1.662957694656721358e-02
7.698492462311558029e+02 2.247559608549746013e+00 1.663490662505772918e-02
7.755025125628139904e+02 2.247021173844749864e+00 1.664002897269399595e-02
7.811557788944724052e+02 2.246503668063179138e+00 1.664495497438410118e-02
7.868090452261305927e+02 2.246005930882168933e+00 1.664969486343640184e-02
7.924623115577890076e+02 2.245526885877984657e+00 1.665425818537835320e-02
7.981155778894471950e+02 2.245065533052975404e+00 1.665865385541170571e-02
8.037688442211054962e+02 2.244620942151449583e+00 1.666289021003624152e-02
8.094221105527637974e+02 2.244192246668438084e+00 1.666697505358195192e-02
8.150753768844220986e+02 2.243778638468518327e+00 1.667091570029105921e-02
8.207286432160803997e+02 2.243379362943057398e+00 1.667471901232078085e-02
8.263819095477387009e+02 2.242993714643744863e+00 1.667839143434046711e-02
8.320351758793970021e+02 2.242621033338376701e+00 1.668193902478115956e-02
8.376884422110551895e+02 2.242260700441792043e+00 1.668536748443233061e-02
8.433417085427136044e+02 2.241912135780796955e+00 1.668868218239923790e-02
8.489949748743717919e+02 2.241574794657014369e+00 1.669188817992519128e-02
8.546482412060302067e+02 2.241248165176009000e+00 1.669499025196915717e-02
8.603015075376883942e+02 2.240931765814826004e+00 1.669799290717302598e-02
8.659547738693468091e+02 2.240625143203390124e+00 1.670090040606663287e-02
8.716080402010049966e+02 2.240327870098064000e+00 1.670371677779670244e-02
8.772613065326632977e+02 2.240039543528159260e+00 1.670644583549213413e-02
8.829145728643215989e+02 2.239759783098363322e+00 1.670909119048361730e-02
8.885678391959799001e+02 2.239488229431941146e+00 1.671165626528913969e-02
8.942211055276382012e+02 2.239224542741239610e+00 1.671414430576827898e-02
8.998743718592965024e+02 2.238968401513475648e+00 1.671655839212996333e-02
9.055276381909548036e+02 2.238719501301078552e+00 1.671890144932840216e-02
9.111809045226129911e+02 2.238477553606978976e+00 1.672117625659757037e-02
9.168341708542714059e+02 2.238242284856243991e+00 1.672338545621985043e-02
9.224874371859295934e+02 2.238013435446336352e+00 1.672553156182324252e-02
9.281407035175880083e+02 2.237790758869053764e+00 1.672761696591698599e-02
9.337939698492461957e+02 2.237574020897906468e+00 1.672964394703918903e-02
9.394472361809044969e+02 2.237362998835296324e+00 1.673161467631892677e-02
9.451005025125627981e+02 2.237157480814421007e+00 1.673353122366662629e-02
9.507537688442210992e+02 2.236957265151303442e+00 1.673539556339495929e-02
9.564070351758794004e+02 2.236762159742794687e+00 1.673720957966950279e-02
9.620603015075377016e+02 2.236571981506784379e+00 1.673897507147176569e-02
9.677135678391960028e+02 2.236386555861192615e+00 1.674069375719488412e-02
9.733668341708543039e+02 2.236205716238650609e+00 1.674236727909843986e-02
9.790201005025126051e+02 2.236029303634039067e+00 1.674399720733121821e-02
9.846733668341707926e+02 2.235857166182320110e+00 1.674558504377470641e-02
9.903266331658290937e+02 2.235689158764315732e+00 1.674713222564156931e-02
9.959798994974873949e+02 2.235525142638298046e+00 1.674864012878990102e-02
1.001633165829145696e+03 2.235364985095438239e+00 1.675011007093943696e-02
1.007286432160803997e+03 2.235208559137332074e+00 1.675154331460448204e-02
1.012939698492462298e+03 2.235055743173962384e+00 1.675294106987662568e-02
1.018592964824120600e+03 2.234906420740607746e+00 1.675430449707083005e-02
1.024246231155778787e+03 2.234760480232323765e+00 1.675563470916899972e-02
1.029899497487437202e+03 2.234617814654730861e+00 1.675693277414081958e-02
1.035552763819095617e+03 2.234478321389960609e+00 1.675819971718195758e-02
1.041206030150753804e+03 2.234341901976688582e+00 1.675943652269759609e-02
1.046859296482411992e+03 2.234208461903277154e+00 1.676064413633627029e-02
1.052512562814070407e+03 2.234077910413125423e+00 1.676182346675630236e-02
1.058165829145728594e+03 2.233950160321391376e+00 1.676297538738993551e-02
1.063819095477386782e+03 2.233825127842324232e+00 1.676410073809941545e-02
1.069472361809045196e+03 2.233702732426490201e+00 1.676520032671192234e-02
1.075125628140703611e+03 2.233582896607243740e+00 1.676627493048645987e-02
1.080778894472361799e+03 2.233465545855829237e+00 1.676732529747317416e-02
1.086432160804019986e+03 2.233350608444566010e+00 1.676835214792409337e-02
1.092085427135678401e+03 2.233238015317573932e+00 1.676935617541110493e-02
1.097738693467336816e+03 2.233127699968586288e+00 1.677033804807505704e-02
1.103391959798995003e+03 2.233019598325379107e+00 1.677129840976770980e-02
1.109045226130653191e+03 2.232913648640411086e+00 1.677223788104688709e-02
1.114698492462311606e+03 2.232809791387291742e+00 1.677315706023681241e-02
1.120351758793969793e+03 2.232707969162714523e+00 1.677405652434182937e-02
1.126005025125627981e+03 2.232608126593520037e+00 1.677493682999892100e-02
1.131658291457286396e+03 2.232510210248585647e+00 1.677579851433673094e-02
1.137311557788944810e+03 2.232414168555243883e+00 1.677664209570145157e-02
1.142964824120602998e+03 2.232319951719969886e+00 1.677746807460697015e-02
1.148618090452261185e+03 2.232227511653074981e+00 1.677827693431375305e-02
1.154271356783919600e+03 2.232136801897183442e+00 1.677906914164533497e-02
1.159924623115578015e+03 2.232047777559263313e+00 1.677984514756598530e-02
1.165577889447236203e+03 2.231960395246016304e+00 1.678060538795634812e-02
1.171231155778894390e+03 2.231874613002427399e+00 1.678135028405771181e-02
1.176884422110552805e+03 2.231790390253297396e+00 1.678208024319372341e-02
1.182537688442210992e+03 2.231707687747596758e+00 1.678279565922697822e-02
1.188190954773869180e+03 2.231626467505472888e+00 1.678349691316076073e-02
1.193844221105527595e+03 2.231546692767775841e+00 1.678418437358161763e-02
1.199497487437186010e+03 2.231468327947955910e+00 1.678485839719416964e-02
1.205150753768844197e+03 2.231391338586208750e+00 1.678551932923652568e-02
1.210804020100502385e+03 2.231315691305743254e+00 1.678616750396150215e-02
1.216457286432160799e+03 2.231241353771065139e+00 1.678680324499851745e-02
1.222110552763819214e+03 2.231168294648157246e+00 1.678742686583422489e-02
1.227763819095477402e+03 2.231096483566472166e+00 1.678803867010771403e-02
1.233417085427135589e+03 2.231025891082626167e+00 1.678863895205094658e-02
1.239070351758794004e+03 2.230956488645719826e+00 1.678922799678349634e-02
1.244723618090452419e+03 2.230888248564192988e+00 1.678980608068638553e-02
1.250376884422110379e+03 2.230821143974135001e+00 1.679037347170963396e-02
1.256030150753768794e+03 2.230755148808988064e+00 1.679093042966635363e-02
1.261683417085427209e+03 2.230690237770552198e+00 1.679147720653989539e-02
1.267336683417085396e+03 2.230626386301250097e+00 1.679201404679085685e-02
1.272989949748743584e+03 2.230563570557570152e+00 1.679254118757130682e-02
1.278643216080401999e+03 2.230501767384643230e+00 1.679305885901824849e-02
1.284296482412060413e+03 2.230440954291886602e+00 1.679356728450725339e-02
1.289949748743718601e+03 2.230381109429670161e+00 1.679406668085306475e-02
1.295603015075376788e+03 2.230322211566954760e+00 1.679455725860264440e-02
1.301256281407035203e+03 2.230264240069852466e+00 1.679503922219587053e-02
1.306909547738693618e+03 2.230207174881066123e+00 1.679551277016579774e-02
1.312562814070351806e+03 2.230150996500171789e+00 1.679597809543136380e-02
1.318216080402009993e+03 2.230095685964691210e+00 1.679643538536521041e-02
1.323869346733668408e+03 2.230041224831935676e+00 1.679688482211265724e-02
1.329522613065326595e+03 2.229987595161569303e+00 1.679732658261968298e-02
1.335175879396984783e+03 2.229934779498864206e+00 1.679776083896493064e-02
1.340829145728643198e+03 2.229882760858623580e+00 1.679818775837432429e-02
1.346482412060301613e+03 2.229831522709724734e+00 1.679860750352646370e-02
1.352135678391959800e+03 2.229781048960273626e+00 1.679902023255390106e-02
1.357788944723617988e+03 2.229731323943327403e+00 1.679942609930872369e-02
1.363442211055276402e+03 2.229682332403172040e+00 1.679982525346944422e-02
1.369095477386934817e+03 2.229634059482118236e+00 1.680021784062143281e-02
1.374748743718593005e+03 2.229586490707804902e+00 1.680060400248263586e-02
1.380402010050251192e+03 2.229539611980978719e+00 1.680098387694423101e-02
1.386055276381909607e+03 2.229493409563732875e+00 1.680135759825661726e-02
1.391708542713567795e+03 2.229447870068184567e+00 1.680172529709639956e-02
1.397361809045225982e+03 2.229402980445575277e+00 1.680208710068618883e-02
1.403015075376884397e+03 2.229358727975764953e+00 1.680244313296723815e-02
1.408668341708542812e+03 2.229315100257124094e+00 1.680279351458700485e-02
1.414321608040200999e+03 2.229272085196778441e+00 1.680313836311134526e-02
1.419974874371859187e+03 2.229229671001219604e+00 1.680347779303843075e-02
1.425628140703517602e+03 2.229187846167247855e+00 1.680381191597124166e-02
1.431281407035176017e+03 2.229146599473240009e+00 1.680414084061818136e-02
1.436934673366834204e+03 2.229105919970727268e+00 1.680446467296550783e-02
1.442587939698492391e+03 2.229065796976274161e+00 1.680478351627791647e-02
1.448241206030150806e+03 2.229026220063639929e+00 1.680509747127086409e-02
1.453894472361808994e+03 2.228987179056213019e+00 1.680540663609792276e-02
1.459547738693467409e+03 2.228948664019715586e+00 1.680571110648339944e-02
1.465201005025125596e+03 2.228910665255150914e+00 1.680601097580212283e-02
1.470854271356784011e+03 2.228873173292002186e+00 1.680630633509311300e-02
1.476507537688442198e+03 2.228836178881657304e+00 1.680659727317894772e-02
1.482160804020100386e+03 2.228799672991061076e+00 1.680688387669261943e-02
1.487814070351758801e+03 2.228763646796581899e+00 1.680716623021005773e-02
1.493467336683416988e+03 2.228728091678083167e+00 1.680744441619768173e-02
1.499120603015075403e+03 2.228692999213193637e+00 1.680771851518451585e-02
1.504773869346733591e+03 2.228658361171770519e+00 1.680798860576255757e-02
1.510427135678392006e+03 2.228624169510543318e+00 1.680825476462675938e-02
1.516080402010050193e+03 2.228590416367936200e+00 1.680851706668103074e-02
1.521733668341708608e+03 2.228557094059057331e+00 1.680877558503856076e-02
1.527386934673366795e+03 2.228524195070854752e+00 1.680903039110138650e-02
1.533040201005025210e+03 2.228491712057427687e+00 1.680928155462672186e-02
1.538693467336683398e+03 2.228459637835488394e+00 1.680952914368762444e-02
1.544346733668341585e+03 2.228427965379969677e+00 1.680977322481854927e-02
1.550000000000000000e+03 2.228396687819776290e+00 1.681001386304202885e-02
