4.250000000000000000e+02 1.873626068048569682e+00 3.998004383658103067e-01
4.306532663316583012e+02 1.990641968754102153e+00 3.726902411631902168e-01
4.363065326633166023e+02 2.052525804184225589e+00 3.572469114337579188e-01
4.419597989949749035e+02 2.097493658125155758e+00 3.447226902517227520e-01
4.476130653266331478e+02 2.134718820665774786e+00 3.331303097664756740e-01
4.532663316582914490e+02 2.167776085608655201e+00 3.216908025359905277e-01
4.589195979899497502e+02 2.198415393809999951e+00 3.099973243689084224e-01
4.645728643216080513e+02 2.227616900724981086e+00 2.977865613661825339e-01
4.702261306532663525e+02 2.255979251747019187e+00 2.848526154201599936e-01
4.758793969849245968e+02 2.283888293752183607e+00 2.710045318969192540e-01
4.815326633165828980e+02 2.311597946417794702e+00 2.560374226884787885e-01
4.871859296482411992e+02 2.339269373947295616e+00 2.397037457586736198e-01
4.928391959798995003e+02 2.366984658025344412e+00 2.216733709046736778e-01
4.984924623115578015e+02 2.394734737056274376e+00 2.014634151308925258e-01
5.041457286432161027e+02 2.422356713286960783e+00 1.782903276682029081e-01
5.097989949748744039e+02 2.449302800298815530e+00 1.506874255663680495e-01
5.154522613065327050e+02 2.473486787223292627e+00 1.151364710368257965e-01
5.211055276381910062e+02 2.471660809084184063e+00 5.427696758722458381e-02
5.267587939698491937e+02 2.433750868711588744e+00 1.404500808425243434e-02
5.324120603015074948e+02 2.393907298821368101e+00 1.428572897643267531e-02
5.380653266331657960e+02 2.370287535086632591e+00 1.443474290041135179e-02
5.437185929648240972e+02 2.353490031604267951e+00 1.454412150355485420e-02
5.493718592964823983e+02 2.340581714750626041e+00 1.463038946057103155e-02
5.550251256281406995e+02 2.330207972058512489e+00 1.470129240197632324e-02
5.606783919597990007e+02 2.321619144083013175e+00 1.476117579366887679e-02
5.663316582914573019e+02 2.314353435995659680e+00 1.481275094379902457e-02
5.719849246231156030e+02 2.308105231566753623e+00 1.485783408648218978e-02
5.776381909547739042e+02 2.302661546369586532e+00 1.489770571760532999e-02
5.832914572864322054e+02 2.297868021346762823e+00 1.493330429398976797e-02
5.889447236180903928e+02 2.293609285535746167e+00 1.496533887781135129e-02
5.945979899497488077e+02 2.289796932242336158e+00 1.499435858102241871e-02
6.002512562814069952e+02 2.286361805736357056e+00 1.502079740980570739e-02
6.059045226130652964e+02 2.283248861464045376e+00 1.504500433930324593e-02
6.115577889447235975e+02 2.280413631063274327e+00 1.506726412755974784e-02
6.172110552763818987e+02 2.277819725171772447e+00 1.508781210890220922e-02
6.228643216080401999e+02 2.275437028399447392e+00 1.510684495064401611e-02
6.285175879396985010e+02 2.273240368369878528e+00 1.512452863117667336e-02
6.341708542713568022e+02 2.271208517043741715e+00 1.514100446077492300e-02
6.398241206030151034e+02 2.269323429716248786e+00 1.515639369569868854e-02
6.454773869346734045e+02 2.267569657098989389e+00 1.517080112282747500e-02
6.511306532663315920e+02 2.265933885485295285e+00 1.518431787908341470e-02
6.567839195979900069e+02 2.264404573071686855e+00 1.519702369371989624e-02
6.624371859296481944e+02 2.262971659410635272e+00 1.520898868963944418e-02
6.680904522613064955e+02 2.261626331143147706e+00 1.522027484379811016e-02
6.737437185929647967e+02 2.260360831511329049e+00 1.523093718141106320e-02
6.793969849246230979e+02 2.259168304264646210e+00 1.524102475989677283e-02
6.850502512562813990e+02 2.258042664832110802e+00 1.525058148548175292e-02
6.907035175879397002e+02 2.256978493291401211e+00 1.525964679552034749e-02
6.963567839195980014e+02 2.255970944898480379e+00 1.526825623201534705e-02
7.020100502512563025e+02 2.255015674866879039e+00 1.527644192660243018e-02
7.076633165829146037e+02 2.254108774787846770e+00 1.528423301271620606e-02
7.133165829145727912e+02 2.253246718619941635e+00 1.529165597788225035e-02
7.189698492462312061e+02 2.252426316591505717e+00 1.529873496596517723e-02
7.246231155778893935e+02 2.251644675682351160e+00 1.530549203790002380e-02
7.302763819095478084e+02 2.250899165604148600e+00 1.531194739738992242e-02
7.359296482412059959e+02 2.250187389398943250e+00 1.531811958717806468e-02
7.415829145728642970e+02 2.249507157934132362e+00 1.532402566019374843e-02
7.472361809045225982e+02 2.248856467699360540e+00 1.532968132957767196e-02
7.528894472361808994e+02 2.248233481413081325e+00 1.533510110035006535e-02
7.585427135678392006e+02 2.247636511029285078e+00 1.534029838555617427e-02
7.641959798994975017e+02 2.247064002802218852e+00 1.534528560891630991e-02
7.698492462311558029e+02 2.246514524121960843e+00 1.535007429588638832e-02
7.755025125628139904e+02 2.245986751878917609e+00 1.535467515455521924e-02
7.811557788944724052e+02 2.245479462152614847e+00 1.535909814782043283e-02
7.868090452261305927e+02 2.244991521051073580e+00 1.536335255786870461e-02
7.924623115577890076e+02 2.244521876552777240e+00 1.536744704391914372e-02
7.981155778894471950e+02 2.244069551224739723e+00 1.537138969412326500e-02
8.037688442211054962e+02 2.243633635708208285e+00 1.537518807221957724e-02
8.094221105527637974e+02 2.243213282878686154e+00 1.537884925962243118e-02
8.150753768844220986e+02 2.242807702599796116e+00 1.538237989346129785e-02
8.207286432160803997e+02 2.242416157001342114e+00 1.538578620099643156e-02
8.263819095477387009e+02 2.242037956221158979e+00 1.538907403086258764e-02
8.320351758793970021e+02 2.241672454558208738e+00 1.539224888141659670e-02
8.376884422110551895e+02 2.241319046991113062e+00 1.539531592660669732e-02
8.433417085427136044e+02 2.240977166022063649e+00 1.539828003947661325e-02
8.489949748743717919e+02 2.240646278811035508e+00 1.540114581364661339e-02
8.546482412060302067e+02 2.240325884569497550e+00 1.540391758305457819e-02
8.603015075376883942e+02 2.240015512186490643e+00 1.540659943990730849e-02
8.659547738693468091e+02 2.239714718063189558e+00 1.540919525115183597e-02
8.716080402010049966e+02 2.239423084134799957e+00 1.541170867376102059e-02
8.772613065326632977e+02 2.239140216061099142e+00 1.541414316856490850e-02
8.829145728643215989e+02 2.238865741569018741e+00 1.541650201316576915e-02
8.885678391959799001e+02 2.238599308932528675e+00 1.541878831375356924e-02
8.942211055276382012e+02 2.238340585576691577e+00 1.542100501605602608e-02
8.998743718592965024e+02 2.238089256794176141e+00 1.542315491536889842e-02
9.055276381909548036e+02 2.237845024563776875e+00 1.542524066604370608e-02
9.111809045226129911e+02 2.237607606461577081e+00 1.542726478998908413e-02
9.168341708542714059e+02 2.237376734656366217e+00 1.542922968477834778e-02
9.224874371859295934e+02 2.237152154981790542e+00 1.543113763110603998e-02
9.281407035175880083e+02 2.236933626078464243e+00 1.543299079960976788e-02
9.337939698492461957e+02 2.236720918599950370e+00 1.543479125744738091e-02
9.394472361809044969e+02 2.236513814477123052e+00 1.543654097415611375e-02
9.451005025125627981e+02 2.236312106235955000e+00 1.543824182729852668e-02
9.507537688442210992e+02 2.236115596364244951e+00 1.543989560765182158e-02
9.564070351758794004e+02 2.235924096723235444e+00 1.544150402402786650e-02
9.620603015075377016e+02 2.235737428000441174e+00 1.544306870785428984e-02
9.677135678391960028e+02 2.235555419200360383e+00 1.544459121737364916e-02
9.733668341708543039e+02 2.235377907170034817e+00 1.544607304160524990e-02
9.790201005025126051e+02 2.235204736156704897e+00 1.544751560408463321e-02
9.846733668341707926e+02 2.235035757395055001e+00 1.544892026630945159e-02
9.903266331658290937e+02 2.234870828721760461e+00 1.545028833097857220e-02
9.959798994974873949e+02 2.234709814215249057e+00 1.545162104513984717e-02
1.001633165829145696e+03 2.234552583858774533e+00 1.545291960293083099e-02
1.007286432160803997e+03 2.234399013225059072e+00 1.545418514837272779e-02
1.012939698492462298e+03 2.234248983180904702e+00 1.545541877785869267e-02
1.018592964824120600e+03 2.234102379610321432e+00 1.545662154253796619e-02
1.024246231155778787e+03 2.233959093154824327e+00 1.545779445055307268e-02
1.029899497487437202e+03 2.233819018969672054e+00 1.545893846923088871e-02
1.035552763819095617e+03 2.233682056494914914e+00 1.546005452692619624e-02
1.041206030150753804e+03 2.233548109240217627e+00 1.546114351502068766e-02
1.046859296482411992e+03 2.233417084582491885e+00 1.546220628966109116e-02
1.052512562814070407e+03 2.233288893575462453e+00 1.546324367338023330e-02
1.058165829145728594e+03 2.233163450770355940e+00 1.546425645677356603e-02
1.063819095477386782e+03 2.233040674046953722e+00 1.546524539987228185e-02
1.069472361809045196e+03 2.232920484454326004e+00 1.546621123365832587e-02
1.075125628140703611e+03 2.232802806060598222e+00 1.546715466136246858e-02
1.080778894472361799e+03 2.232687565811163122e+00 1.546807635966042718e-02
1.086432160804019986e+03 2.232574693394788756e+00 1.546897697995379059e-02
1.092085427135678401e+03 2.232464121117112565e+00 1.546985714952048806e-02
1.097738693467336816e+03 2.232355783781052150e+00 1.547071747247749998e-02
1.103391959798995003e+03 2.232249618573695304e+00 1.547155853090040854e-02
1.109045226130653191e+03 2.232145564959262973e+00 1.547238088569794813e-02
1.114698492462311606e+03 2.232043564577774752e+00 1.547318507765785972e-02
1.120351758793969793e+03 2.231943561149049682e+00 1.547397162816182246e-02
1.126005025125627981e+03 2.231845500381739900e+00 1.547474104011484393e-02
1.131658291457286396e+03 2.231749329887072530e+00 1.547549379870171923e-02
1.137311557788944810e+03 2.231654999097032466e+00 1.547623037215715459e-02
1.142964824120602998e+03 2.231562459186708480e+00 1.547695121240611101e-02
1.148618090452261185e+03 2.231471663000573979e+00 1.547765675578966112e-02
1.154271356783919600e+03 2.231382564982455463e+00 1.547834742373287685e-02
1.159924623115578015e+03 2.231295121108989754e+00 1.547902362326876620e-02
1.165577889447236203e+03 2.231209288826355941e+00 1.547968574771951648e-02
1.171231155778894390e+03 2.231125026990109728e+00 1.548033417719080207e-02
1.176884422110552805e+03 2.231042295807931009e+00 1.548096927910871425e-02
1.182537688442210992e+03 2.230961056785132346e+00 1.548159140872761366e-02
1.188190954773869180e+03 2.230881272672766258e+00 1.548220090960892963e-02
1.193844221105527595e+03 2.230802907418195868e+00 1.548279811409961418e-02
1.199497487437186010e+03 2.230725926117985924e+00 1.548338334373857220e-02
1.205150753768844197e+03 2.230650294972995162e+00 1.548395690970581079e-02
1.210804020100502385e+03 2.230575981245546124e+00 1.548451911317093310e-02
1.216457286432160799e+03 2.230502953218563178e+00 1.548507024574174995e-02
1.222110552763819214e+03 2.230431180156577931e+00 1.548561058978357649e-02
1.227763819095477402e+03 2.230360632268495458e+00 1.548614041876699571e-02
1.233417085427135589e+03 2.230291280672035636e+00 1.548665999762972693e-02
1.239070351758794004e+03 2.230223097359761208e+00 1.548716958306662478e-02
1.244723618090452419e+03 2.230156055166610862e+00 1.548766942383379523e-02
1.250376884422110379e+03 2.230090127738858286e+00 1.548815976108124277e-02
1.256030150753768794e+03 2.230025289504427022e+00 1.548864082855628405e-02
1.261683417085427209e+03 2.229961515644490966e+00 1.548911285297887436e-02
1.267336683417085396e+03 2.229898782066299656e+00 1.548957605415871019e-02
1.272989949748743584e+03 2.229837065377163086e+00 1.549003064538459484e-02
1.278643216080401999e+03 2.229776342859538740e+00 1.549047683354127722e-02
1.284296482412060413e+03 2.229716592447172463e+00 1.549091481941255143e-02
1.289949748743718601e+03 2.229657792702237185e+00 1.549134479786953844e-02
1.295603015075376788e+03 2.229599922793418454e+00 1.549176695807320814e-02
1.301256281407035203e+03 2.229542962474909462e+00 1.549218148366246495e-02
1.306909547738693618e+03 2.229486892066265380e+00 1.549258855297079400e-02
1.312562814070351806e+03 2.229431692433079704e+00 1.549298833921416117e-02
1.318216080402009993e+03 2.229377344968439534e+00 1.549338101062149552e-02
1.323869346733668408e+03 2.229323831575131809e+00 1.549376673063674291e-02
1.329522613065326595e+03 2.229271134648556529e+00 1.549414565812085726e-02
1.335175879396984783e+03 2.229219237060318104e+00 1.549451794741039078e-02
1.340829145728643198e+03 2.229168122142465513e+00 1.549488374853366830e-02
1.346482412060301613e+03 2.229117773672351976e+00 1.549524320736957866e-02
1.352135678391959800e+03 2.229068175858075929e+00 1.549559646572030124e-02
1.357788944723617988e+03 2.229019313324496210e+00 1.549594366149864740e-02
1.363442211055276402e+03 2.228971171099776161e+00 1.549628492884366944e-02
1.369095477386934817e+03 2.228923734602447304e+00 1.549662039822191119e-02
1.374748743718593005e+03 2.228876989628960192e+00 1.549695019658590966e-02
1.380402010050251192e+03 2.228830922341709542e+00 1.549727444746101974e-02
1.386055276381909607e+03 2.228785519257505232e+00 1.549759327104651384e-02
1.391708542713567795e+03 2.228740767236473186e+00 1.549790678434530972e-02
1.397361809045225982e+03 2.228696653471368805e+00 1.549821510123632930e-02
1.403015075376884397e+03 2.228653165477284759e+00 1.549851833260415535e-02
1.408668341708542812e+03 2.228610291081734029e+00 1.549881658642564275e-02
1.414321608040200999e+03 2.228568018415095775e+00 1.549910996785652632e-02
1.419974874371859187e+03 2.228526335901403144e+00 1.549939857928931547e-02
1.425628140703517602e+03 2.228485232249467707e+00 1.549968252051146626e-02
1.431281407035176017e+03 2.228444696444318307e+00 1.549996188869160428e-02
1.436934673366834204e+03 2.228404717738944552e+00 1.550023677856627452e-02
1.442587939698492391e+03 2.228365285646332961e+00 1.550050728238314308e-02
1.448241206030150806e+03 2.228326389931784224e+00 1.550077349013067804e-02
1.453894472361808994e+03 2.228288020605493802e+00 1.550103548945264836e-02
1.459547738693467409e+03 2.228250167915399871e+00 1.550129336584910381e-02
1.465201005025125596e+03 2.228212822340268850e+00 1.550154720264814573e-02
1.470854271356784011e+03 2.228175974583024743e+00 1.550179708110658444e-02
1.476507537688442198e+03 2.228139615564304066e+00 1.550204308049626944e-02
1.482160804020100386e+03 2.228103736416231939e+00 1.550228527810443811e-02
1.487814070351758801e+03 2.228068328476404680e+00 1.550252374933434006e-02
1.493467336683416988e+03 2.228033383282079338e+00 1.550275856774852370e-02
1.499120603015075403e+03 2.227998892564555966e+00 1.550298980512645163e-02
1.504773869346733591e+03 2.227964848243745077e+00 1.550321753152209166e-02
1.510427135678392006e+03 2.227931242422917180e+00 1.550344181526420138e-02
1.516080402010050193e+03 2.227898067383624170e+00 1.550366272309983660e-02
1.521733668341708608e+03 2.227865315580787264e+00 1.550388032012299522e-02
1.527386934673366795e+03 2.227832979637944355e+00 1.550409466994674169e-02
1.533040201005025210e+03 2.227801052342653687e+00 1.550430583463183534e-02
1.538693467336683398e+03 2.227769526642041864e+00 1.550451387480153605e-02
1.544346733668341585e+03 2.227738395638496183e+00 1.550471884965614645e-02
1.550000000000000000e+03 2.227707652585498188e+00 1.550492081701619271e-02
