4.250000000000000000e+02 1.848336689096016450e+00 4.204247543264607589e-01
4.306532663316583012e+02 1.970971781946067036e+00 3.905327963676314962e-01
4.363065326633166023e+02 2.035676484771363537e+00 3.737697998059970605e-01
4.419597989949749035e+02 2.082619498835752925e+00 3.603151359920854224e-01
4.476130653266331478e+02 2.121431708962517426e+00 3.479545168019182455e-01
4.532663316582914490e+02 2.155863604281906820e+00 3.358261209875604281e-01
4.589195979899497502e+02 2.187750127283317525e+00 3.234842856586879201e-01
4.645728643216080513e+02 2.218118548210767482e+00 3.106446053765017368e-01
4.702261306532663525e+02 2.247596012776292618e+00 2.970885387982747927e-01
4.758793969849245968e+02 2.276586592841765011e+00 2.826170508904103373e-01
4.815326633165828980e+02 2.305356178843187109e+00 2.670199876950317130e-01
4.871859296482411992e+02 2.334073690645541266e+00 2.500467172015497508e-01
4.928391959798995003e+02 2.362825718489629523e+00 2.313665299440842704e-01
4.984924623115578015e+02 2.391604693308072793e+00 2.105005450485681884e-01
5.041457286432161027e+02 2.420245818084338474e+00 1.866808915291388038e-01
5.097989949748744039e+02 2.448196537977738174e+00 1.584955278932987377e-01
5.154522613065327050e+02 2.473397413338068951e+00 1.226733690836025042e-01
5.211055276381910062e+02 2.477348758847115029e+00 6.534269447832385946e-02
5.267587939698491937e+02 2.441364114015670772e+00 1.305299949641068775e-02
5.324120603015074948e+02 2.396848223356417229e+00 1.330204686324640458e-02
5.380653266331657960e+02 2.371074625002765224e+00 1.345298715111024543e-02
5.437185929648240972e+02 2.352923170903871153e+00 1.356284005636980081e-02
5.493718592964823983e+02 2.339048178716040205e+00 1.364909269524273994e-02
5.550251256281406995e+02 2.327934526556719952e+00 1.371979016659317756e-02
5.606783919597990007e+02 2.318753884207961580e+00 1.377939412606829853e-02
5.663316582914573019e+02 2.311000182588595742e+00 1.383066685140358146e-02
5.719849246231156030e+02 2.304340477967518730e+00 1.387544849375159026e-02
5.776381909547739042e+02 2.298543765417933926e+00 1.391503104819372290e-02
5.832914572864322054e+02 2.293443197475936390e+00 1.395035836194438890e-02
5.889447236180903928e+02 2.288914407303877407e+00 1.398214174048558432e-02
5.945979899497488077e+02 2.284862304364775998e+00 1.401093087329639483e-02
6.002512562814069952e+02 2.281212639413277454e+00 1.403715945544796971e-02
6.059045226130652964e+02 2.277906403386260159e+00 1.406117568511988138e-02
6.115577889447235975e+02 2.274895986425500283e+00 1.408326331323599134e-02
6.172110552763818987e+02 2.272142471292002863e+00 1.410365657013784926e-02
6.228643216080401999e+02 2.269613681176738673e+00 1.412255099818508775e-02
6.285175879396985010e+02 2.267282742906315374e+00 1.414011147255860544e-02
6.341708542713568022e+02 2.265127010604576885e+00 1.415647824521367587e-02
6.398241206030151034e+02 2.263127246683694693e+00 1.417177157082610307e-02
6.454773869346734045e+02 2.261266989914171965e+00 1.418609529633242487e-02
6.511306532663315920e+02 2.259532061724401686e+00 1.419953968138368446e-02
6.567839195979900069e+02 2.257910176132445823e+00 1.421218363908903839e-02
6.624371859296481944e+02 2.256390628398945442e+00 1.422409653474778803e-02
6.680904522613064955e+02 2.254964044194960771e+00 1.423533964298680232e-02
6.737437185929647967e+02 2.253622175797271865e+00 1.424596733818471635e-02
6.793969849246230979e+02 2.252357735195093191e+00 1.425602807485555623e-02
6.850502512562813990e+02 2.251164256434404987e+00 1.426556520067886330e-02
6.907035175879397002e+02 2.250035981317693778e+00 1.427461763533562078e-02
6.963567839195980014e+02 2.248967763906652539e+00 1.428322044095483613e-02
7.020100502512563025e+02 2.247954990272958309e+00 1.429140530397681082e-02
7.076633165829146037e+02 2.246993510698172880e+00 1.429920094470648120e-02
7.133165829145727912e+02 2.246079582101882188e+00 1.430663346699740171e-02
7.189698492462312061e+02 2.245209818923199041e+00 1.431372665817538803e-02
7.246231155778893935e+02 2.244381151027507126e+00 1.432050224770226553e-02
7.302763819095478084e+02 2.243590787482127702e+00 1.432698013088124465e-02
7.359296482412059959e+02 2.242836185259001525e+00 1.433317856332863918e-02
7.415829145728642970e+02 2.242115022092860066e+00 1.433911433056991869e-02
7.472361809045225982e+02 2.241425172859556891e+00 1.434480289649435296e-02
7.528894472361808994e+02 2.240764688948748695e+00 1.435025853371151190e-02
7.585427135678392006e+02 2.240131780193711286e+00 1.435549443843337110e-02
7.641959798994975017e+02 2.239524798993082655e+00 1.436052283198435524e-02
7.698492462311558029e+02 2.238942226318170636e+00 1.436535505074203710e-02
7.755025125628139904e+02 2.238382659347807113e+00 1.437000162623201446e-02
7.811557788944724052e+02 2.237844800512549970e+00 1.437447235623600002e-02
7.868090452261305927e+02 2.237327447763096444e+00 1.437877636859553540e-02
7.924623115577890076e+02 2.236829485905194037e+00 1.438292217811660938e-02
7.981155778894471950e+02 2.236349878866302987e+00 1.438691773785350826e-02
8.037688442211054962e+02 2.235887662778489382e+00 1.439077048500870225e-02
8.094221105527637974e+02 2.235441939778197717e+00 1.439448738260647523e-02
8.150753768844220986e+02 2.235011872437221214e+00 1.439807495681228768e-02
8.207286432160803997e+02 2.234596678750752741e+00 1.440153933096975300e-02
8.263819095477387009e+02 2.234195627618244195e+00 1.440488625629740213e-02
8.320351758793970021e+02 2.233808034761171513e+00 1.440812113992517678e-02
8.376884422110551895e+02 2.233433259028974049e+00 1.441124907016181483e-02
8.433417085427136044e+02 2.233070699050582864e+00 1.441427483985350394e-02
8.489949748743717919e+02 2.232719790194234388e+00 1.441720296736686419e-02
8.546482412060302067e+02 2.232380001802813485e+00 1.442003771606875824e-02
8.603015075376883942e+02 2.232050834675912920e+00 1.442278311197212580e-02
8.659547738693468091e+02 2.231731818773196263e+00 1.442544295992495389e-02
8.716080402010049966e+02 2.231422511116617269e+00 1.442802085867192843e-02
8.772613065326632977e+02 2.231122493871618762e+00 1.443052021440949760e-02
8.829145728643215989e+02 2.230831372589689554e+00 1.443294425343972717e-02
8.885678391959799001e+02 2.230548774596607942e+00 1.443529603389626277e-02
8.942211055276382012e+02 2.230274347512437139e+00 1.443757845639248409e-02
8.998743718592965024e+02 2.230007757890834164e+00 1.443979427391834346e-02
9.055276381909548036e+02 2.229748689966565056e+00 1.444194610112722529e-02
9.111809045226129911e+02 2.229496844501299258e+00 1.444403642273870553e-02
9.168341708542714059e+02 2.229251937718764953e+00 1.444606760141326635e-02
9.224874371859295934e+02 2.229013700321291314e+00 1.444804188511644195e-02
9.281407035175880083e+02 2.228781876580542054e+00 1.444996141388197458e-02
9.337939698492461957e+02 2.228556223495985034e+00 1.445182822609871083e-02
9.394472361809044969e+02 2.228336510015263006e+00 1.445364426441490130e-02
9.451005025125627981e+02 2.228122516311215051e+00 1.445541138118440830e-02
9.507537688442210992e+02 2.227914033110788061e+00 1.445713134362504662e-02
9.564070351758794004e+02 2.227710861071533710e+00 1.445880583844434339e-02
9.620603015075377016e+02 2.227512810201806914e+00 1.446043647645595294e-02
9.677135678391960028e+02 2.227319699321111734e+00 1.446202479657319497e-02
9.733668341708543039e+02 2.227131355557393722e+00 1.446357226982558468e-02
9.790201005025126051e+02 2.226947613878350385e+00 1.446508030290761214e-02
9.846733668341707926e+02 2.226768316654108126e+00 1.446655024159825866e-02
9.903266331658290937e+02 2.226593313248831585e+00 1.446798337397503173e-02
9.959798994974873949e+02 2.226422459639061380e+00 1.446938093342303895e-02
1.001633165829145696e+03 2.226255618056753427e+00 1.447074410139354700e-02
1.007286432160803997e+03 2.226092656655179081e+00 1.447207401009663330e-02
1.012939698492462298e+03 2.225933449195986569e+00 1.447337174495948176e-02
1.018592964824120600e+03 2.225777874755883179e+00 1.447463834694278154e-02
1.024246231155778787e+03 2.225625817451511335e+00 1.447587481480758914e-02
1.029899497487437202e+03 2.225477166181216493e+00 1.447708210708747133e-02
1.035552763819095617e+03 2.225331814382509155e+00 1.447826114414975211e-02
1.041206030150753804e+03 2.225189659804114761e+00 1.447941280988587244e-02
1.046859296482411992e+03 2.225050604291607836e+00 1.448053795364465969e-02
1.052512562814070407e+03 2.224914553585679133e+00 1.448163739165715148e-02
1.058165829145728594e+03 2.224781417132190686e+00 1.448271190875068636e-02
1.063819095477386782e+03 2.224651107903214076e+00 1.448376225975429518e-02
1.069472361809045196e+03 2.224523542228319606e+00 1.448478917082563107e-02
1.075125628140703611e+03 2.224398639635439157e+00 1.448579334082220928e-02
1.080778894472361799e+03 2.224276322700676101e+00 1.448677544254842360e-02
1.086432160804019986e+03 2.224156516906475201e+00 1.448773612386315170e-02
1.092085427135678401e+03 2.224039150507620910e+00 1.448867600886267516e-02
1.097738693467336816e+03 2.223924154404563591e+00 1.448959569884776359e-02
1.103391959798995003e+03 2.223811462023607355e+00 1.449049577342754330e-02
1.109045226130653191e+03 2.223701009203529200e+00 1.449137679134644523e-02
1.114698492462311606e+03 2.223592734088242207e+00 1.449223929149403949e-02
1.120351758793969793e+03 2.223486577025110655e+00 1.449308379365346448e-02
1.126005025125627981e+03 2.223382480468591549e+00 1.449391079943284852e-02
1.131658291457286396e+03 2.223280388888867698e+00 1.449472079288950666e-02
1.137311557788944810e+03 2.223180248685181937e+00 1.449551424138321824e-02
1.142964824120602998e+03 2.223082008103586471e+00 1.449629159622962786e-02
1.148618090452261185e+03 2.222985617158851124e+00 1.449705329332237960e-02
1.154271356783919600e+03 2.222891027560286226e+00 1.449779975381591986e-02
1.159924623115578015e+03 2.222798192641253667e+00 1.449853138471583237e-02
1.165577889447236203e+03 2.222707067292154726e+00 1.449924857942268969e-02
1.171231155778894390e+03 2.222617607896693936e+00 1.449995171833669445e-02
1.176884422110552805e+03 2.222529772271237380e+00 1.450064116926275820e-02
1.182537688442210992e+03 2.222443519607089524e+00 1.450131728806017782e-02
1.188190954773869180e+03 2.222358810415526964e+00 1.450198041895502457e-02
1.193844221105527595e+03 2.222275606475437204e+00 1.450263089512778165e-02
1.199497487437186010e+03 2.222193870783416791e+00 1.450326903902501678e-02
1.205150753768844197e+03 2.222113567506203591e+00 1.450389516291569932e-02
1.210804020100502385e+03 2.222034661935303745e+00 1.450450956907977165e-02
1.216457286432160799e+03 2.221957120443709410e+00 1.450511255037917509e-02
1.222110552763819214e+03 2.221880910444589574e+00 1.450570439050709141e-02
1.227763819095477402e+03 2.221806000351848276e+00 1.450628536435943396e-02
1.233417085427135589e+03 2.221732359542456514e+00 1.450685573834483572e-02
1.239070351758794004e+03 2.221659958320466366e+00 1.450741577075566856e-02
1.244723618090452419e+03 2.221588767882614057e+00 1.450796571198576489e-02
1.250376884422110379e+03 2.221518760285439154e+00 1.450850580483979690e-02
1.256030150753768794e+03 2.221449908413836383e+00 1.450903628485776878e-02
1.261683417085427209e+03 2.221382185950972588e+00 1.450955738053218841e-02
1.267336683417085396e+03 2.221315567349494646e+00 1.451006931360161560e-02
1.272989949748743584e+03 2.221250027803971072e+00 1.451057229919100293e-02
1.278643216080401999e+03 2.221185543224501568e+00 1.451106654616614831e-02
1.284296482412060413e+03 2.221122090211437694e+00 1.451155225730437273e-02
1.289949748743718601e+03 2.221059646031162682e+00 1.451202962948036114e-02
1.295603015075376788e+03 2.220998188592878009e+00 1.451249885391310904e-02
1.301256281407035203e+03 2.220937696426347419e+00 1.451296011635153267e-02
1.306909547738693618e+03 2.220878148660554441e+00 1.451341359721407959e-02
1.312562814070351806e+03 2.220819525003228545e+00 1.451385947185062676e-02
1.318216080402009993e+03 2.220761805721200854e+00 1.451429791068189860e-02
1.323869346733668408e+03 2.220704971621549006e+00 1.451472907932348233e-02
1.329522613065326595e+03 2.220649004033494300e+00 1.451515313880155818e-02
1.335175879396984783e+03 2.220593884791016492e+00 1.451557024569205372e-02
1.340829145728643198e+03 2.220539596216160039e+00 1.451598055224442851e-02
1.346482412060301613e+03 2.220486121102983379e+00 1.451638420656655923e-02
1.352135678391959800e+03 2.220433442702144156e+00 1.451678135270250206e-02
1.357788944723617988e+03 2.220381544706073740e+00 1.451717213084784130e-02
1.363442211055276402e+03 2.220330411234722856e+00 1.451755667738142096e-02
1.369095477386934817e+03 2.220280026821853436e+00 1.451793512503470225e-02
1.374748743718593005e+03 2.220230376401849615e+00 1.451830760304573947e-02
1.380402010050251192e+03 2.220181445297027434e+00 1.451867423717547595e-02
1.386055276381909607e+03 2.220133219205417063e+00 1.451903514993809277e-02
1.391708542713567795e+03 2.220085684189005537e+00 1.451939046057133288e-02
1.397361809045225982e+03 2.220038826662412479e+00 1.451974028526674572e-02
1.403015075376884397e+03 2.219992633381980163e+00 1.452008473713993844e-02
1.408668341708542812e+03 2.219947091435269027e+00 1.452042392646073210e-02
1.414321608040200999e+03 2.219902188230928886e+00 1.452075796060803801e-02
1.419974874371859187e+03 2.219857911488942737e+00 1.452108694428464776e-02
1.425628140703517602e+03 2.219814249231216952e+00 1.452141097947205230e-02
1.431281407035176017e+03 2.219771189772510311e+00 1.452173016564514869e-02
1.436934673366834204e+03 2.219728721711684116e+00 1.452204459969642057e-02
1.442587939698492391e+03 2.219686833923261382e+00 1.452235437616588264e-02
1.448241206030150806e+03 2.219645515549288017e+00 1.452265958724164099e-02
1.453894472361808994e+03 2.219604755991467560e+00 1.452296032277573118e-02
1.459547738693467409e+03 2.219564544903581016e+00 1.452325667046810639e-02
1.465201005025125596e+03 2.219524872184162056e+00 1.452354871582126061e-02
1.470854271356784011e+03 2.219485727969424005e+00 1.452383654232417172e-02
1.476507537688442198e+03 2.219447102626430635e+00 1.452412023134573224e-02
1.482160804020100386e+03 2.219408986746499224e+00 1.452439986234922015e-02
1.487814070351758801e+03 2.219371371138825211e+00 1.452467551290799463e-02
1.493467336683416988e+03 2.219334246824321788e+00 1.452494725872118669e-02
1.499120603015075403e+03 2.219297605029665110e+00 1.452521517362936193e-02
1.504773869346733591e+03 2.219261437181538010e+00 1.452547932984419275e-02
1.510427135678392006e+03 2.219225734901064673e+00 1.452573979776536350e-02
1.516080402010050193e+03 2.219190489998428273e+00 1.452599664621019929e-02
1.521733668341708608e+03 2.219155694467662254e+00 1.452624994235285003e-02
1.527386934673366795e+03 2.219121340481616134e+00 1.452649975184687123e-02
1.533040201005025210e+03 2.219087420387079845e+00 1.452674613879495653e-02
1.538693467336683398e+03 2.219053926700067514e+00 1.452698916584092663e-02
1.544346733668341585e+03 2.219020852101251773e+00 1.452722889418528625e-02
1.550000000000000000e+03 2.218988189431544633e+00 1.452746538363134006e-02
