4.250000000000000000e+02 1.736343049567749208e+00 3.920473243139506736e-01
4.306532663316583012e+02 1.851871521214246696e+00 3.641262482448509030e-01
4.363065326633166023e+02 1.912778417978896250e+00 3.484921254097668730e-01
4.419597989949749035e+02 1.956942676484147992e+00 3.359530708536808130e-01
4.476130653266331478e+02 1.993443669179925326e+00 3.244381442737867549e-01
4.532663316582914490e+02 2.025816641989106159e+00 3.131419734027608981e-01
4.589195979899497502e+02 2.055791158770779781e+00 3.016486506004799617e-01
4.645728643216080513e+02 2.084335591856867342e+00 2.896933690941088657e-01
4.702261306532663525e+02 2.112041357483827486e+00 2.770733502859783481e-01
4.758793969849245968e+02 2.139289898283336377e+00 2.636047382615464563e-01
4.815326633165828980e+02 2.166332874991095281e+00 2.490943932797887728e-01
4.871859296482411992e+02 2.193331360328587554e+00 2.333132404006453275e-01
4.928391959798995003e+02 2.220370406781096317e+00 2.159608561148296246e-01
4.984924623115578015e+02 2.247449793229919557e+00 1.966054096487800940e-01
5.041457286432161027e+02 2.274430133871899518e+00 1.745613414528956187e-01
5.097989949748744039e+02 2.300836726174255276e+00 1.485873703675004431e-01
5.154522613065327050e+02 2.324933846052665398e+00 1.158926591548247731e-01
5.211055276381910062e+02 2.333108579365161805e+00 6.585657985590981367e-02
5.267587939698491937e+02 2.301675163950616110e+00 9.066658270410964462e-03
5.324120603015074948e+02 2.257546796044720860e+00 9.248234944300806962e-03
5.380653266331657960e+02 2.232420768039983461e+00 9.356494385868845479e-03
5.437185929648240972e+02 2.214853138817969747e+00 9.434693608408994264e-03
5.493718592964823983e+02 2.201478789997845187e+00 9.495815806811178095e-03
5.550251256281406995e+02 2.190793801336369029e+00 9.545758364968133514e-03
5.606783919597990007e+02 2.181982963606410308e+00 9.587764719262783369e-03
5.663316582914573019e+02 2.174551183099996177e+00 9.623831196605456967e-03
5.719849246231156030e+02 2.168174160144687779e+00 9.655281922758468527e-03
5.776381909547739042e+02 2.162627638877212100e+00 9.683043462852479119e-03
5.832914572864322054e+02 2.157750072491695814e+00 9.707790887814860686e-03
5.889447236180903928e+02 2.153421300540726335e+00 9.730031824895058606e-03
5.945979899497488077e+02 2.149549608734113715e+00 9.750157835851485863e-03
6.002512562814069952e+02 2.146063488210463888e+00 9.768477365114144884e-03
6.059045226130652964e+02 2.142906177676921597e+00 9.785237708625174613e-03
6.115577889447235975e+02 2.140031928966258157e+00 9.800640144058313241e-03
6.172110552763818987e+02 2.137403380548875464e+00 9.814850639411638183e-03
6.228643216080401999e+02 2.134989666261966068e+00 9.828007612070742763e-03
6.285175879396985010e+02 2.132765025376576418e+00 9.840227664935771376e-03
6.341708542713568022e+02 2.130707762702007901e+00 9.851609903829649031e-03
6.398241206030151034e+02 2.128799458210175910e+00 9.862239237587439381e-03
6.454773869346734045e+02 2.127024357820387124e+00 9.872188936521288094e-03
6.511306532663315920e+02 2.125368897880933972e+00 9.881522640568574101e-03
6.567839195979900069e+02 2.123821329776845790e+00 9.890295953366422602e-03
6.624371859296481944e+02 2.122371420521354857e+00 9.898557720922346662e-03
6.680904522613064955e+02 2.121010211706174431e+00 9.906351066608774791e-03
6.737437185929647967e+02 2.119729823766962173e+00 9.913714236067534130e-03
6.793969849246230979e+02 2.118523295789878969e+00 9.920681292776874563e-03
6.850502512562813990e+02 2.117384453451134352e+00 9.927282694327155613e-03
6.907035175879397002e+02 2.116307799415453328e+00 9.933545773471700105e-03
6.963567839195980014e+02 2.115288421805252117e+00 9.939495142043218781e-03
7.020100502512563025e+02 2.114321917316217547e+00 9.945153031944039407e-03
7.076633165829146037e+02 2.113404326284798795e+00 9.950539584993331119e-03
7.133165829145727912e+02 2.112532077570887346e+00 9.955673100059098113e-03
7.189698492462312061e+02 2.111701941548955741e+00 9.960570245111335930e-03
7.246231155778893935e+02 2.110910989835096174e+00 9.965246239907479819e-03
7.302763819095478084e+02 2.110156560639121714e+00 9.969715014011544182e-03
7.359296482412059959e+02 2.109436228837299421e+00 9.973989344010881358e-03
7.415829145728642970e+02 2.108747780025173046e+00 9.978080973192174699e-03
7.472361809045225982e+02 2.108089187940915821e+00 9.982000716256482498e-03
7.528894472361808994e+02 2.107458594754912706e+00 9.985758551201871433e-03
7.585427135678392006e+02 2.106854293806378564e+00 9.989363700323461784e-03
7.641959798994975017e+02 2.106274714436984663e+00 9.992824701683904534e-03
7.698492462311558029e+02 2.105718408627959448e+00 9.996149472503717756e-03
7.755025125628139904e+02 2.105184039193501722e+00 9.999345365508378533e-03
7.811557788944724052e+02 2.104670369321577805e+00 1.000241921899280850e-02
7.868090452261305927e+02 2.104176253284845810e+00 1.000537740166664892e-02
7.924623115577890076e+02 2.103700628170768194e+00 1.000822585280378152e-02
7.981155778894471950e+02 2.103242506501978859e+00 1.001097011808116041e-02
8.037688442211054962e+02 2.102800969636384298e+00 1.001361538210866244e-02
8.094221105527637974e+02 2.102375161851975705e+00 1.001616649742732498e-02
8.150753768844220986e+02 2.101964285034421565e+00 1.001862801101476540e-02
8.207286432160803997e+02 2.101567593896579655e+00 1.002100418789220355e-02
8.263819095477387009e+02 2.101184391668486473e+00 1.002329903293297346e-02
8.320351758793970021e+02 2.100814026204401941e+00 1.002551631035213109e-02
8.376884422110551895e+02 2.100455886460341315e+00 1.002765956155222786e-02
8.433417085427136044e+02 2.100109399301411273e+00 1.002973212144461432e-02
8.489949748743717919e+02 2.099774026603308474e+00 1.003173713316533877e-02
8.546482412060302067e+02 2.099449262616709166e+00 1.003367756176799450e-02
8.603015075376883942e+02 2.099134631567015852e+00 1.003555620656713596e-02
8.659547738693468091e+02 2.098829685465210648e+00 1.003737571249155823e-02
8.716080402010049966e+02 2.098534002108379148e+00 1.003913858060672369e-02
8.772613065326632977e+02 2.098247183250930181e+00 1.004084717763317931e-02
8.829145728643215989e+02 2.097968852929691153e+00 1.004250374481841651e-02
8.885678391959799001e+02 2.097698655927925593e+00 1.004411040607661176e-02
8.942211055276382012e+02 2.097436256364972440e+00 1.004566917553162408e-02
8.998743718592965024e+02 2.097181336399640994e+00 1.004718196444347178e-02
9.055276381909548036e+02 2.096933595036762910e+00 1.004865058749834263e-02
9.111809045226129911e+02 2.096692747027431469e+00 1.005007676903855139e-02
9.168341708542714059e+02 2.096458521854420720e+00 1.005146214823960174e-02
9.224874371859295934e+02 2.096230662795181665e+00 1.005280828447335274e-02
9.281407035175880083e+02 2.096008926055545007e+00 1.005411666186420763e-02
9.337939698492461957e+02 2.095793079967986472e+00 1.005538869385695644e-02
9.394472361809044969e+02 2.095582904248878275e+00 1.005662572722294291e-02
9.451005025125627981e+02 2.095378189309730743e+00 1.005782904588100810e-02
9.507537688442210992e+02 2.095178735617872601e+00 1.005899987446776285e-02
9.564070351758794004e+02 2.094984353102489649e+00 1.006013938176827244e-02
9.620603015075377016e+02 2.094794860602282593e+00 1.006124868358845327e-02
9.677135678391960028e+02 2.094610085351392925e+00 1.006232884586445026e-02
9.733668341708543039e+02 2.094429862500523765e+00 1.006338088725899915e-02
9.790201005025126051e+02 2.094254034670473441e+00 1.006440578177504423e-02
9.846733668341707926e+02 2.094082451535544287e+00 1.006540446103390898e-02
9.903266331658290937e+02 2.093914969434525819e+00 1.006637781654945094e-02
9.959798994974873949e+02 2.093751451007129116e+00 1.006732670188816188e-02
1.001633165829145696e+03 2.093591764853960147e+00 1.006825193451705604e-02
1.007286432160803997e+03 2.093435785218267675e+00 1.006915429767055170e-02
1.012939698492462298e+03 2.093283391687846162e+00 1.007003454212623828e-02
1.018592964824120600e+03 2.093134468915631707e+00 1.007089338777958712e-02
1.024246231155778787e+03 2.092988906357628576e+00 1.007173152521623725e-02
1.029899497487437202e+03 2.092846598026921523e+00 1.007254961714979836e-02
1.035552763819095617e+03 2.092707442262640161e+00 1.007334829972533242e-02
1.041206030150753804e+03 2.092571341512819316e+00 1.007412818388711898e-02
1.046859296482411992e+03 2.092438202130190827e+00 1.007488985645812324e-02
1.052512562814070407e+03 2.092307934180019036e+00 1.007563388148238585e-02
1.058165829145728594e+03 2.092180451259152196e+00 1.007636080103697582e-02
1.063819095477386782e+03 2.092055670325543293e+00 1.007707113654949908e-02
1.069472361809045196e+03 2.091933511537530155e+00 1.007776538945322556e-02
1.075125628140703611e+03 2.091813898102234948e+00 1.007844404230384856e-02
1.080778894472361799e+03 2.091696756132484403e+00 1.007910755963072579e-02
1.086432160804019986e+03 2.091582014511692567e+00 1.007975638861088701e-02
1.092085427135678401e+03 2.091469604766201584e+00 1.008039095996247046e-02
1.097738693467336816e+03 2.091359460944598236e+00 1.008101168868306106e-02
1.103391959798995003e+03 2.091251519503567025e+00 1.008161897463306575e-02
1.109045226130653191e+03 2.091145719199871245e+00 1.008221320331660620e-02
1.114698492462311606e+03 2.091042000988085015e+00 1.008279474639742039e-02
1.120351758793969793e+03 2.090940307923712993e+00 1.008336396243437669e-02
1.126005025125627981e+03 2.090840585071383373e+00 1.008392119724201876e-02
1.131658291457286396e+03 2.090742779417789965e+00 1.008446678460292109e-02
1.137311557788944810e+03 2.090646839789117806e+00 1.008500104671527196e-02
1.142964824120602998e+03 2.090552716772669406e+00 1.008552429461798301e-02
1.148618090452261185e+03 2.090460362642455827e+00 1.008603682876949015e-02
1.154271356783919600e+03 2.090369731288512334e+00 1.008653893933990700e-02
1.159924623115578015e+03 2.090280778149732122e+00 1.008703090676700900e-02
1.165577889447236203e+03 2.090193460150004068e+00 1.008751300206968057e-02
1.171231155778894390e+03 2.090107735637480424e+00 1.008798548722708230e-02
1.176884422110552805e+03 2.090023564326783045e+00 1.008844861560153315e-02
1.182537688442210992e+03 2.089940907243994950e+00 1.008890263218499908e-02
1.188190954773869180e+03 2.089859726674276885e+00 1.008934777399940648e-02
1.193844221105527595e+03 2.089779986111961474e+00 1.008978427038663417e-02
1.199497487437186010e+03 2.089701650212999251e+00 1.009021234336429824e-02
1.205150753768844197e+03 2.089624684749614936e+00 1.009063220773922902e-02
1.210804020100502385e+03 2.089549056567067353e+00 1.009104407157287477e-02
1.216457286432160799e+03 2.089474733542392215e+00 1.009144813636039112e-02
1.222110552763819214e+03 2.089401684545026949e+00 1.009184459725358252e-02
1.227763819095477402e+03 2.089329879399216772e+00 1.009223364332768533e-02
1.233417085427135589e+03 2.089259288848106966e+00 1.009261545782597774e-02
1.239070351758794004e+03 2.089189884519440543e+00 1.009299021833822210e-02
1.244723618090452419e+03 2.089121638892766697e+00 1.009335809702299747e-02
1.250376884422110379e+03 2.089054525268096540e+00 1.009371926082986738e-02
1.256030150753768794e+03 2.088988517735923089e+00 1.009407387163344452e-02
1.261683417085427209e+03 2.088923591148539760e+00 1.009442208649932553e-02
1.267336683417085396e+03 2.088859721092591215e+00 1.009476405775192390e-02
1.272989949748743584e+03 2.088796883862797493e+00 1.009509993321819864e-02
1.278643216080401999e+03 2.088735056436795023e+00 1.009542985642726542e-02
1.284296482412060413e+03 2.088674216451029686e+00 1.009575396663396803e-02
1.289949748743718601e+03 2.088614342177665062e+00 1.009607239904030881e-02
1.295603015075376788e+03 2.088555412502448139e+00 1.009638528497282250e-02
1.301256281407035203e+03 2.088497406903484954e+00 1.009669275194987996e-02
1.306909547738693618e+03 2.088440305430890653e+00 1.009699492388090210e-02
1.312562814070351806e+03 2.088384088687263773e+00 1.009729192108955141e-02
1.318216080402009993e+03 2.088328737808952784e+00 1.009758386055678407e-02
1.323869346733668408e+03 2.088274234448074917e+00 1.009787085592193066e-02
1.329522613065326595e+03 2.088220560755249977e+00 1.009815301770363057e-02
1.335175879396984783e+03 2.088167699363023821e+00 1.009843045327882792e-02
1.340829145728643198e+03 2.088115633369938884e+00 1.009870326712556873e-02
1.346482412060301613e+03 2.088064346325231746e+00 1.009897156080190837e-02
1.352135678391959800e+03 2.088013822214127124e+00 1.009923543310065931e-02
1.357788944723617988e+03 2.087964045443696293e+00 1.009949498013814999e-02
1.363442211055276402e+03 2.087915000829261292e+00 1.009975029539894945e-02
1.369095477386934817e+03 2.087866673581319610e+00 1.010000146993447062e-02
1.374748743718593005e+03 2.087819049292958251e+00 1.010024859227571549e-02
1.380402010050251192e+03 2.087772113927751416e+00 1.010049174860981960e-02
1.386055276381909607e+03 2.087725853808103604e+00 1.010073102286860973e-02
1.391708542713567795e+03 2.087680255604033253e+00 1.010096649677316542e-02
1.397361809045225982e+03 2.087635306322365825e+00 1.010119824992232636e-02
1.403015075376884397e+03 2.087590993296329689e+00 1.010142635977124594e-02
1.408668341708542812e+03 2.087547304175527696e+00 1.010165090185173586e-02
1.414321608040200999e+03 2.087504226916279126e+00 1.010187194968482916e-02
1.419974874371859187e+03 2.087461749772303587e+00 1.010208957493512021e-02
1.425628140703517602e+03 2.087419861285747746e+00 1.010230384745517372e-02
1.431281407035176017e+03 2.087378550278526035e+00 1.010251483528595493e-02
1.436934673366834204e+03 2.087337805843972660e+00 1.010272260478911437e-02
1.442587939698492391e+03 2.087297617338784939e+00 1.010292722062539929e-02
1.448241206030150806e+03 2.087257974375256619e+00 1.010312874584294932e-02
1.453894472361808994e+03 2.087218866813773221e+00 1.010332724196555225e-02
1.459547738693467409e+03 2.087180284755574711e+00 1.010352276892706805e-02
1.465201005025125596e+03 2.087142218535765981e+00 1.010371538522558330e-02
1.470854271356784011e+03 2.087104658716566696e+00 1.010390514792372692e-02
1.476507537688442198e+03 2.087067596080791620e+00 1.010409211269292645e-02
1.482160804020100386e+03 2.087031021625554761e+00 1.010427633385763309e-02
1.487814070351758801e+03 2.086994926556181351e+00 1.010445786441757990e-02
1.493467336683416988e+03 2.086959302280329887e+00 1.010463675607001753e-02
1.499120603015075403e+03 2.086924140402308225e+00 1.010481305934180993e-02
1.504773869346733591e+03 2.086889432717575765e+00 1.010498682352374729e-02
1.510427135678392006e+03 2.086855171207432580e+00 1.010515809673670322e-02
1.516080402010050193e+03 2.086821348033877754e+00 1.010532692593185157e-02
1.521733668341708608e+03 2.086787955534641359e+00 1.010549335706666281e-02
1.527386934673366795e+03 2.086754986218374075e+00 1.010565743490734678e-02
1.533040201005025210e+03 2.086722432759993140e+00 1.010581920322680197e-02
1.538693467336683398e+03 2.086690287996180171e+00 1.010597870482676970e-02
1.544346733668341585e+03 2.086658544921020209e+00 1.010613598142815449e-02
1.550000000000000000e+03 2.086627196681782870e+00 1.010629107386893343e-02
