4.250000000000000000e+02 1.635494144015583906e+00 3.911421431445687436e-01
4.306532663316583012e+02 1.749832811615736450e+00 3.633026169606065614e-01
4.363065326633166023e+02 1.809461920818957736e+00 3.485330562695552192e-01
4.419597989949749035e+02 1.852343936843865002e+00 3.371115276702279506e-01
4.476130653266331478e+02 1.887560599056373078e+00 3.268749219304796227e-01
4.532663316582914490e+02 1.918644098047069591e+00 3.169963609065601928e-01
4.589195979899497502e+02 1.947322003094448029e+00 3.070616515871996133e-01
4.645728643216080513e+02 1.974562732181912361e+00 2.968203533522646431e-01
4.702261306532663525e+02 2.000960289181294538e+00 2.860948749338372843e-01
4.758793969849245968e+02 2.026902137659951642e+00 2.747392318349952678e-01
4.815326633165828980e+02 2.052651201575404372e+00 2.626158698452601969e-01
4.871859296482411992e+02 2.078388759862145552e+00 2.495787101098388139e-01
4.928391959798995003e+02 2.104236992501018033e+00 2.354563027827609734e-01
4.984924623115578015e+02 2.130268649919595969e+00 2.200297987202140260e-01
5.041457286432161027e+02 2.156504921852372636e+00 2.029977752302359606e-01
5.097989949748744039e+02 2.182894892682453847e+00 1.839109345844637533e-01
5.154522613065327050e+02 2.209249351060076361e+00 1.620315146815594631e-01
5.211055276381910062e+02 2.235012650385570065e+00 1.359657807247448835e-01
5.267587939698491937e+02 2.258131776840799354e+00 1.023329118918085145e-01
5.324120603015074948e+02 2.254389906702258362e+00 4.371364110573310036e-02
5.380653266331657960e+02 2.215658688003096177e+00 8.237329489135917365e-03
5.437185929648240972e+02 2.176523681864988014e+00 8.532806823971183369e-03
5.493718592964823983e+02 2.152975419960261316e+00 8.772492160092638588e-03
5.550251256281406995e+02 2.136075970287747872e+00 8.986723273230738662e-03
5.606783919597990007e+02 2.123001212126427895e+00 9.185047018829196885e-03
5.663316582914573019e+02 2.112436550208259156e+00 9.371889782201407379e-03
5.719849246231156030e+02 2.103650167306727603e+00 9.549707940924903257e-03
5.776381909547739042e+02 2.096189033288775150e+00 9.720019751617835560e-03
5.832914572864322054e+02 2.089752017132876727e+00 9.883835479954023243e-03
5.889447236180903928e+02 2.084128412080114234e+00 1.004186546342043101e-02
5.945979899497488077e+02 2.079164928840983695e+00 1.019463158837340643e-02
6.002512562814069952e+02 2.074746580178548072e+00 1.034253165808775472e-02
6.059045226130652964e+02 2.070784945732795812e+00 1.048587874392200615e-02
6.115577889447235975e+02 2.067210625384701572e+00 1.062492634645604422e-02
6.172110552763818987e+02 2.063968198805132825e+00 1.075988507254649687e-02
6.228643216080401999e+02 2.061012751026401801e+00 1.089093401754064570e-02
6.285175879396985010e+02 2.058307412701120942e+00 1.101822872250724991e-02
6.341708542713568022e+02 2.055821578381280990e+00 1.114190684930193437e-02
6.398241206030151034e+02 2.053529590021722306e+00 1.126209229479413661e-02
6.454773869346734045e+02 2.051409747143090101e+00 1.137889821510065444e-02
6.511306532663315920e+02 2.049443551052178236e+00 1.149242927375510037e-02
6.567839195979900069e+02 2.047615119803185113e+00 1.160278332860598810e-02
6.624371859296481944e+02 2.045910729720146648e+00 1.171005270716943963e-02
6.680904522613064955e+02 2.044318452089703086e+00 1.181432517686520703e-02
6.737437185929647967e+02 2.042827862353610247e+00 1.191568468654915711e-02
6.793969849246230979e+02 2.041429805185046575e+00 1.201421193532879218e-02
6.850502512562813990e+02 2.040116203106144610e+00 1.210998481005747841e-02
6.907035175879397002e+02 2.038879899365686921e+00 1.220307872263800587e-02
6.963567839195980014e+02 2.037714528019313409e+00 1.229356687004462718e-02
7.020100502512563025e+02 2.036614405789694882e+00 1.238152043525643335e-02
7.076633165829146037e+02 2.035574441500524134e+00 1.246700874257309667e-02
7.133165829145727912e+02 2.034590059792784178e+00 1.255009937760752717e-02
7.189698492462312061e+02 2.033657136526250575e+00 1.263085828046655798e-02
7.246231155778893935e+02 2.032771943801450210e+00 1.270934981800469869e-02
7.302763819095478084e+02 2.031931102948696832e+00 1.278563684035759034e-02
7.359296482412059959e+02 2.031131544151367319e+00 1.285978072555501485e-02
7.415829145728642970e+02 2.030370471622222617e+00 1.293184141512880060e-02
7.472361809045225982e+02 2.029645333450525335e+00 1.300187744300561679e-02
7.528894472361808994e+02 2.028953795396000626e+00 1.306994595987512851e-02
7.585427135678392006e+02 2.028293718032474047e+00 1.313610275384334211e-02
7.641959798994975017e+02 2.027663136746149508e+00 1.320040226906141548e-02
7.698492462311558029e+02 2.027060244176194459e+00 1.326289762287689855e-02
7.755025125628139904e+02 2.026483374752667821e+00 1.332364062198416847e-02
7.811557788944724052e+02 2.025930991041956730e+00 1.338268177861723363e-02
7.868090452261305927e+02 2.025401671655207902e+00 1.344007032639298049e-02
7.924623115577890076e+02 2.024894100512689921e+00 1.349585423666875041e-02
7.981155778894471950e+02 2.024407057288090339e+00 1.355008023534043544e-02
8.037688442211054962e+02 2.023939408882616586e+00 1.360279382006923492e-02
8.094221105527637974e+02 2.023490101800424323e+00 1.365403927824497717e-02
8.150753768844220986e+02 2.023058155315053508e+00 1.370385970559028811e-02
8.207286432160803997e+02 2.022642655331862827e+00 1.375229702534010515e-02
8.263819095477387009e+02 2.022242748864389039e+00 1.379939200815302573e-02
8.320351758793970021e+02 2.021857639053540101e+00 1.384518429248468054e-02
8.376884422110551895e+02 2.021486580667856359e+00 1.388971240557126605e-02
8.433417085427136044e+02 2.021128876031057509e+00 1.393301378484355750e-02
8.489949748743717919e+02 2.020783871329917769e+00 1.397512479976608171e-02
8.546482412060302067e+02 2.020450953261351046e+00 1.401608077405937756e-02
8.603015075376883942e+02 2.020129545982649599e+00 1.405591600806959003e-02
8.659547738693468091e+02 2.019819108333169133e+00 1.409466380152249280e-02
8.716080402010049966e+02 2.019519131299498671e+00 1.413235647621296880e-02
8.772613065326632977e+02 2.019229135699457611e+00 1.416902539909455604e-02
8.829145728643215989e+02 2.018948670063054340e+00 1.420470100503083699e-02
8.885678391959799001e+02 2.018677308691063654e+00 1.423941281975926038e-02
8.942211055276382012e+02 2.018414649874003874e+00 1.427318948276189159e-02
8.998743718592965024e+02 2.018160314256207677e+00 1.430605876994068930e-02
9.055276381909548036e+02 2.017913943331334004e+00 1.433804761610045844e-02
9.111809045226129911e+02 2.017675198057124586e+00 1.436918213734605758e-02
9.168341708542714059e+02 2.017443757578497365e+00 1.439948765318581521e-02
9.224874371859295934e+02 2.017219318049195298e+00 1.442898870830174388e-02
9.281407035175880083e+02 2.017001591543219341e+00 1.445770909411241319e-02
9.337939698492461957e+02 2.016790305048156373e+00 1.448567186991119721e-02
9.394472361809044969e+02 2.016585199533292627e+00 1.451289938379052118e-02
9.451005025125627981e+02 2.016386029086119969e+00 1.453941329303659429e-02
9.507537688442210992e+02 2.016192560111442322e+00 1.456523458432055357e-02
9.564070351758794004e+02 2.016004570587863309e+00 1.459038359331899827e-02
9.620603015075377016e+02 2.015821849376916219e+00 1.461488002405213031e-02
9.677135678391960028e+02 2.015644195580551301e+00 1.463874296773528573e-02
9.733668341708543039e+02 2.015471417943083932e+00 1.466199092127255625e-02
9.790201005025126051e+02 2.015303334294063831e+00 1.468464180525980677e-02
9.846733668341707926e+02 2.015139771028850113e+00 1.470671298154441545e-02
9.903266331658290937e+02 2.014980562623957194e+00 1.472822127050667923e-02
9.959798994974873949e+02 2.014825551184495023e+00 1.474918296763631440e-02
1.001633165829145696e+03 2.014674586021267366e+00 1.476961385991222911e-02
1.007286432160803997e+03 2.014527523255293939e+00 1.478952924166007481e-02
1.012939698492462298e+03 2.014384225447714449e+00 1.480894393001357286e-02
1.018592964824120600e+03 2.014244561253207166e+00 1.482787227984762833e-02
1.024246231155778787e+03 2.014108405095206944e+00 1.484632819842481716e-02
1.029899497487437202e+03 2.013975636861351504e+00 1.486432515958919891e-02
1.035552763819095617e+03 2.013846141617712693e+00 1.488187621749082618e-02
1.041206030150753804e+03 2.013719809340480449e+00 1.489899401998670721e-02
1.046859296482411992e+03 2.013596534663881776e+00 1.491569082156356599e-02
1.052512562814070407e+03 2.013476216643212524e+00 1.493197849601435832e-02
1.058165829145728594e+03 2.013358758531937021e+00 1.494786854850300127e-02
1.063819095477386782e+03 2.013244067571905216e+00 1.496337212752929524e-02
1.069472361809045196e+03 2.013132054795803150e+00 1.497850003630722161e-02
1.075125628140703611e+03 2.013022634841016512e+00 1.499326274390225082e-02
1.080778894472361799e+03 2.012915725774161224e+00 1.500767039599590347e-02
1.086432160804019986e+03 2.012811248925570506e+00 1.502173282527904247e-02
1.092085427135678401e+03 2.012709128733105590e+00 1.503545956156302627e-02
1.097738693467336816e+03 2.012609292594675914e+00 1.504885984156359609e-02
1.103391959798995003e+03 2.012511670728928781e+00 1.506194261828242877e-02
1.109045226130653191e+03 2.012416196043575134e+00 1.507471657019091721e-02
1.114698492462311606e+03 2.012322804010888255e+00 1.508719011010961619e-02
1.120351758793969793e+03 2.012231432549920207e+00 1.509937139367681889e-02
1.126005025125627981e+03 2.012142021915022116e+00 1.511126832771130142e-02
1.131658291457286396e+03 2.012054514590289944e+00 1.512288857811097675e-02
1.137311557788944810e+03 2.011968855189568917e+00 1.513423957769387089e-02
1.142964824120602998e+03 2.011884990361683112e+00 1.514532853356379168e-02
1.148618090452261185e+03 2.011802868700588220e+00 1.515616243440557655e-02
1.154271356783919600e+03 2.011722440660140609e+00 1.516674805742382511e-02
1.159924623115578015e+03 2.011643658473224683e+00 1.517709197510848200e-02
1.165577889447236203e+03 2.011566476074976961e+00 1.518720056167289535e-02
1.171231155778894390e+03 2.011490849029877293e+00 1.519707999944880893e-02
1.176884422110552805e+03 2.011416734462475819e+00 1.520673628486380984e-02
1.182537688442210992e+03 2.011344090991557199e+00 1.521617523434341118e-02
1.188190954773869180e+03 2.011272878667544894e+00 1.522540248993830940e-02
1.193844221105527595e+03 2.011203058912963026e+00 1.523442352482785693e-02
1.199497487437186010e+03 2.011134594465787462e+00 1.524324364848564720e-02
1.205150753768844197e+03 2.011067449325523171e+00 1.525186801189074709e-02
1.210804020100502385e+03 2.011001588701865739e+00 1.526030161229306910e-02
1.216457286432160799e+03 2.010936978965796040e+00 1.526854929798869207e-02
1.222110552763819214e+03 2.010873587602988621e+00 1.527661577286095612e-02
1.227763819095477402e+03 2.010811383169396560e+00 1.528450560076373248e-02
1.233417085427135589e+03 2.010750335248908005e+00 1.529222320966291786e-02
1.239070351758794004e+03 2.010690414412963811e+00 1.529977289582982840e-02
1.244723618090452419e+03 2.010631592182021254e+00 1.530715882755189113e-02
1.250376884422110379e+03 2.010573840988787442e+00 1.531438504901697778e-02
1.256030150753768794e+03 2.010517134143113172e+00 1.532145548385110793e-02
1.261683417085427209e+03 2.010461445798471747e+00 1.532837393855889831e-02
1.267336683417085396e+03 2.010406750919943253e+00 1.533514410582540941e-02
1.272989949748743584e+03 2.010353025253618586e+00 1.534176956766710245e-02
1.278643216080401999e+03 2.010300245297364174e+00 1.534825379844842116e-02
1.284296482412060413e+03 2.010248388272869668e+00 1.535460016776590136e-02
1.289949748743718601e+03 2.010197432098926207e+00 1.536081194314382718e-02
1.295603015075376788e+03 2.010147355365861088e+00 1.536689229264440702e-02
1.301256281407035203e+03 2.010098137311086663e+00 1.537284428733620700e-02
1.306909547738693618e+03 2.010049757795703496e+00 1.537867090355017965e-02
1.312562814070351806e+03 2.010002197282107606e+00 1.538437502504044242e-02
1.318216080402009993e+03 2.009955436812555174e+00 1.538995944509433458e-02
1.323869346733668408e+03 2.009909457988644732e+00 1.539542686818900531e-02
1.329522613065326595e+03 2.009864242951668434e+00 1.540077991190303905e-02
1.335175879396984783e+03 2.009819774363799549e+00 1.540602110830501491e-02
1.340829145728643198e+03 2.009776035390073989e+00 1.541115290535412068e-02
1.346482412060301613e+03 2.009733009681137439e+00 1.541617766809746763e-02
1.352135678391959800e+03 2.009690681356719466e+00 1.542109767956442896e-02
1.357788944723617988e+03 2.009649034989813288e+00 1.542591514167594019e-02
1.363442211055276402e+03 2.009608055591523446e+00 1.543063217560812841e-02
1.369095477386934817e+03 2.009567728596564518e+00 1.543525082223045665e-02
1.374748743718593005e+03 2.009528039849385106e+00 1.543977304201469940e-02
1.380402010050251192e+03 2.009488975590893123e+00 1.544420071477566048e-02
1.386055276381909607e+03 2.009450522445768605e+00 1.544853563904306781e-02
1.391708542713567795e+03 2.009412667410344522e+00 1.545277953100821465e-02
1.397361809045225982e+03 2.009375397841046684e+00 1.545693402313256214e-02
1.403015075376884397e+03 2.009338701443373676e+00 1.546100066210319077e-02
1.408668341708542812e+03 2.009302566261423451e+00 1.546498090638047385e-02
1.414321608040200999e+03 2.009266980667945734e+00 1.546887612297991911e-02
1.419974874371859187e+03 2.009231933354941546e+00 1.547268758348948822e-02
1.425628140703517602e+03 2.009197413324794290e+00 1.547641645928054567e-02
1.431281407035176017e+03 2.009163409881961293e+00 1.548006381554068236e-02
1.436934673366834204e+03 2.009129912625237768e+00 1.548363060410131928e-02
1.442587939698492391e+03 2.009096911440619415e+00 1.548711765476054429e-02
1.448241206030150806e+03 2.009064396494804505e+00 1.549052566483057926e-02
1.453894472361808994e+03 2.009032358229393189e+00 1.549385518648192447e-02
1.459547738693467409e+03 2.009000787355838202e+00 1.549710661144233260e-02
1.465201005025125596e+03 2.008969674851261100e+00 1.550028015255184785e-02
1.470854271356784011e+03 2.008939011955228615e+00 1.550337582124588012e-02
1.476507537688442198e+03 2.008908790167670322e+00 1.550639340018242392e-02
1.482160804020100386e+03 2.008879001248122798e+00 1.550933240972895630e-02
1.487814070351758801e+03 2.008849637216584050e+00 1.551219206672506921e-02
1.493467336683416988e+03 2.008820690356328598e+00 1.551497123345142032e-02
1.499120603015075403e+03 2.008792153219165488e+00 1.551766835406461278e-02
1.504773869346733591e+03 2.008764018633765414e+00 1.552028137481505435e-02
1.510427135678392006e+03 2.008736279717933115e+00 1.552280764320849299e-02
1.516080402010050193e+03 2.008708929895998363e+00 1.552524377930068235e-02
1.521733668341708608e+03 2.008681962922971742e+00 1.552758550990114561e-02
1.527386934673366795e+03 2.008655372917742987e+00 1.552982745251919004e-02
1.533040201005025210e+03 2.008629154408612116e+00 1.553196283072846504e-02
1.538693467336683398e+03 2.008603302395870926e+00 1.553398309419598555e-02
1.544346733668341585e+03 2.008577812438391508e+00 1.553587740364599686e-02
1.550000000000000000e+03 2.008552680774695620e+00 1.553763192200574919e-02
