4.250000000000000000e+02 1.712531473977220831e+00 3.876512918593542079e-01
4.306532663316583012e+02 1.825688838982296058e+00 3.602403642561383124e-01
4.363065326633166023e+02 1.885365374148201489e+00 3.448882788683644840e-01
4.419597989949749035e+02 1.928644745869825705e+00 3.325767289694778195e-01
4.476130653266331478e+02 1.964418094302993856e+00 3.212722997510933376e-01
4.532663316582914490e+02 1.996147868287486471e+00 3.101839625619851604e-01
4.589195979899497502e+02 2.025528195769081385e+00 2.989031884916034110e-01
4.645728643216080513e+02 2.053507694820151830e+00 2.871699169465597445e-01
4.702261306532663525e+02 2.080665766289039098e+00 2.747850949342262039e-01
4.758793969849245968e+02 2.107376135104250370e+00 2.615683669102652487e-01
4.815326633165828980e+02 2.133885395062988355e+00 2.473304195400413408e-01
4.871859296482411992e+02 2.160351406037578137e+00 2.318468971209267093e-01
4.928391959798995003e+02 2.186857588918879713e+00 2.148238015614613861e-01
4.984924623115578015e+02 2.213403946163469360e+00 1.958388989168224625e-01
5.041457286432161027e+02 2.239854576810159426e+00 1.742225579189136120e-01
5.097989949748744039e+02 2.265746874536910482e+00 1.487641381125686113e-01
5.154522613065327050e+02 2.289393726581284483e+00 1.167490736195609252e-01
5.211055276381910062e+02 2.297703059829275585e+00 6.793879418512138724e-02
5.267587939698491937e+02 2.266981691928203979e+00 1.169659491937544669e-02
5.324120603015074948e+02 2.223530169387159194e+00 1.193086637172294413e-02
5.380653266331657960e+02 2.198824191235313474e+00 1.207039107807209195e-02
5.437185929648240972e+02 2.181562190842104787e+00 1.217113373274107159e-02
5.493718592964823983e+02 2.168426367819578093e+00 1.224986458858219086e-02
5.550251256281406995e+02 2.157935400247716906e+00 1.231419359901340937e-02
5.606783919597990007e+02 2.149286851269446075e+00 1.236830319246268184e-02
5.663316582914573019e+02 2.141993611181125967e+00 1.241476633278023808e-02
5.719849246231156030e+02 2.135736722172761670e+00 1.245528894298889543e-02
5.776381909547739042e+02 2.130295683161244735e+00 1.249106437191742358e-02
5.832914572864322054e+02 2.125511687669276562e+00 1.252296183097797305e-02
5.889447236180903928e+02 2.121266635503401332e+00 1.255163478599488625e-02
5.945979899497488077e+02 2.117470399152774352e+00 1.257758719367972101e-02
6.002512562814069952e+02 2.114052716595467007e+00 1.260121596711311596e-02
6.059045226130652964e+02 2.110957822987430177e+00 1.262283928373593780e-02
6.115577889447235975e+02 2.108140778146203598e+00 1.264271607753398620e-02
6.172110552763818987e+02 2.105564884017809391e+00 1.266105983237609048e-02
6.228643216080401999e+02 2.103199825310831272e+00 1.267804857423066207e-02
6.285175879396985010e+02 2.101020303176712289e+00 1.269383225765317175e-02
6.341708542713568022e+02 2.099005013091529204e+00 1.270853832393763205e-02
6.398241206030151034e+02 2.097135868067958597e+00 1.272227594978545158e-02
6.454773869346734045e+02 2.095397399966268281e+00 1.273513934007458777e-02
6.511306532663315920e+02 2.093776292229811542e+00 1.274721031248603371e-02
6.567839195979900069e+02 2.092261011036037122e+00 1.275856034911547129e-02
6.624371859296481944e+02 2.090841511126886765e+00 1.276925224148969459e-02
6.680904522613064955e+02 2.089508998991873590e+00 1.277934142226634304e-02
6.737437185929647967e+02 2.088255740581970610e+00 1.278887705242346372e-02
6.793969849246230979e+02 2.087074903947142346e+00 1.279790291584314253e-02
6.850502512562813990e+02 2.085960429516442005e+00 1.280645816060536034e-02
6.907035175879397002e+02 2.084906922444273558e+00 1.281457791774495356e-02
6.963567839195980014e+02 2.083909562710422048e+00 1.282229382067468990e-02
7.020100502512563025e+02 2.082964029608882495e+00 1.282963444381599906e-02
7.076633165829146037e+02 2.082066437977838635e+00 1.283662567513663491e-02
7.133165829145727912e+02 2.081213284071336211e+00 1.284329103404036054e-02
7.189698492462312061e+02 2.080401399395728657e+00 1.284965194395804207e-02
7.246231155778893935e+02 2.079627911162424070e+00 1.285572796720712251e-02
7.302763819095478084e+02 2.078890208265591344e+00 1.286153700817444998e-02
7.359296482412059959e+02 2.078185911896320182e+00 1.286709548966333966e-02
7.415829145728642970e+02 2.077512850065772909e+00 1.287241850673869273e-02
7.472361809045225982e+02 2.076869035438536848e+00 1.287751996133889611e-02
7.528894472361808994e+02 2.076252645980809497e+00 1.288241268031757418e-02
7.585427135678392006e+02 2.075662008011673887e+00 1.288710851958324057e-02
7.641959798994975017e+02 2.075095581313651572e+00 1.289161845596356777e-02
7.698492462311558029e+02 2.074551946014224768e+00 1.289595266860920492e-02
7.755025125628139904e+02 2.074029790995592482e+00 1.290012061142576869e-02
7.811557788944724052e+02 2.073527903627441216e+00 1.290413107740731070e-02
7.868090452261305927e+02 2.073045160648662844e+00 1.290799225630226248e-02
7.924623115577890076e+02 2.072580520049784436e+00 1.291171178605288357e-02
7.981155778894471950e+02 2.072133013829485559e+00 1.291529679904463920e-02
8.037688442211054962e+02 2.071701741516664974e+00 1.291875396367963939e-02
8.094221105527637974e+02 2.071285864364757590e+00 1.292208952183495664e-02
8.150753768844220986e+02 2.070884600137838039e+00 1.292530932272816825e-02
8.207286432160803997e+02 2.070497218418924756e+00 1.292841885345106384e-02
8.263819095477387009e+02 2.070123036380167036e+00 1.293142326673895476e-02
8.320351758793970021e+02 2.069761414962441926e+00 1.293432740617954033e-02
8.376884422110551895e+02 2.069411755418650412e+00 1.293713582913197727e-02
8.433417085427136044e+02 2.069073496180760863e+00 1.293985282755642958e-02
8.489949748743717919e+02 2.068746110015606821e+00 1.294248244709004028e-02
8.546482412060302067e+02 2.068429101438733930e+00 1.294502850451512144e-02
8.603015075376883942e+02 2.068122004359265631e+00 1.294749460360990374e-02
8.659547738693468091e+02 2.067824379931982648e+00 1.294988414985161033e-02
8.716080402010049966e+02 2.067535814595557575e+00 1.295220036373736540e-02
8.772613065326632977e+02 2.067255918278336324e+00 1.295444629319104923e-02
8.829145728643215989e+02 2.066984322755134773e+00 1.295662482490611556e-02
8.885678391959799001e+02 2.066720680140382793e+00 1.295873869471405974e-02
8.942211055276382012e+02 2.066464661504556766e+00 1.296079049741041996e-02
8.998743718592965024e+02 2.066215955602243692e+00 1.296278269542441332e-02
9.055276381909548036e+02 2.065974267701450096e+00 1.296471762731161298e-02
9.111809045226129911e+02 2.065739318504838717e+00 1.296659751521533899e-02
9.168341708542714059e+02 2.065510843154564569e+00 1.296842447200132441e-02
9.224874371859295934e+02 2.065288590313223427e+00 1.297020050779344562e-02
9.281407035175880083e+02 2.065072321314194603e+00 1.297192753611767051e-02
9.337939698492461957e+02 2.064861809375324153e+00 1.297360737948454260e-02
9.394472361809044969e+02 2.064656838870493782e+00 1.297524177471972087e-02
9.451005025125627981e+02 2.064457204654156275e+00 1.297683237788962128e-02
9.507537688442210992e+02 2.064262711434386777e+00 1.297838076877200902e-02
9.564070351758794004e+02 2.064073173190423383e+00 1.297988845523182638e-02
9.620603015075377016e+02 2.063888412631055491e+00 1.298135687714377547e-02
9.677135678391960028e+02 2.063708260690546581e+00 1.298278741015332534e-02
9.733668341708543039e+02 2.063532556059082701e+00 1.298418136910576594e-02
9.790201005025126051e+02 2.063361144745024855e+00 1.298554001134920137e-02
9.846733668341707926e+02 2.063193879666469499e+00 1.298686453977523393e-02
9.903266331658290937e+02 2.063030620269845627e+00 1.298815610566625249e-02
9.959798994974873949e+02 2.062871232173497216e+00 1.298941581140110844e-02
1.001633165829145696e+03 2.062715586834337422e+00 1.299064471293411363e-02
1.007286432160803997e+03 2.062563561235870591e+00 1.299184382220158925e-02
1.012939698492462298e+03 2.062415037595981548e+00 1.299301410933667751e-02
1.018592964824120600e+03 2.062269903093058243e+00 1.299415650470982578e-02
1.024246231155778787e+03 2.062128049609109670e+00 1.299527190096612557e-02
1.029899497487437202e+03 2.061989373488667177e+00 1.299636115483762330e-02
1.035552763819095617e+03 2.061853775312341597e+00 1.299742508891879242e-02
1.041206030150753804e+03 2.061721159684012150e+00 1.299846449325162134e-02
1.046859296482411992e+03 2.061591435030698527e+00 1.299948012692555763e-02
1.052512562814070407e+03 2.061464513414236865e+00 1.300047271958992313e-02
1.058165829145728594e+03 2.061340310353963812e+00 1.300144297269112403e-02
1.063819095477386782e+03 2.061218744659656821e+00 1.300239156091308190e-02
1.069472361809045196e+03 2.061099738274050797e+00 1.300331913339395316e-02
1.075125628140703611e+03 2.060983216124292472e+00 1.300422631482182033e-02
1.080778894472361799e+03 2.060869105981751659e+00 1.300511370661436988e-02
1.086432160804019986e+03 2.060757338329639587e+00 1.300598188794357957e-02
1.092085427135678401e+03 2.060647846237934733e+00 1.300683141669092130e-02
1.097738693467336816e+03 2.060540565245153832e+00 1.300766283048680923e-02
1.103391959798995003e+03 2.060435433246526671e+00 1.300847664744171975e-02
1.109045226130653191e+03 2.060332390388181167e+00 1.300927336716656627e-02
1.114698492462311606e+03 2.060231378966963955e+00 1.301005347145077484e-02
1.120351758793969793e+03 2.060132343335543847e+00 1.301081742509315256e-02
1.126005025125627981e+03 2.060035229812484214e+00 1.301156567656132010e-02
1.131658291457286396e+03 2.059939986596979633e+00 1.301229865873575545e-02
1.137311557788944810e+03 2.059846563687974808e+00 1.301301678955077250e-02
1.142964824120602998e+03 2.059754912807413074e+00 1.301372047261780719e-02
1.148618090452261185e+03 2.059664987327360475e+00 1.301441009776282964e-02
1.154271356783919600e+03 2.059576742200786459e+00 1.301508604166557240e-02
1.159924623115578015e+03 2.059490133895789832e+00 1.301574866837882510e-02
1.165577889447236203e+03 2.059405120333066108e+00 1.301639832977902027e-02
1.171231155778894390e+03 2.059321660826433309e+00 1.301703536610168167e-02
1.176884422110552805e+03 2.059239716026250999e+00 1.301766010645939373e-02
1.182537688442210992e+03 2.059159247865554487e+00 1.301827286912056979e-02
1.188190954773869180e+03 2.059080219508772736e+00 1.301887396214609222e-02
1.193844221105527595e+03 2.059002595302866556e+00 1.301946368358210086e-02
1.199497487437186010e+03 2.058926340730772520e+00 1.302004232197657638e-02
1.205150753768844197e+03 2.058851422367018014e+00 1.302061015672504110e-02
1.210804020100502385e+03 2.058777807835387108e+00 1.302116745838189336e-02
1.216457286432160799e+03 2.058705465768538634e+00 1.302171448902263162e-02
1.222110552763819214e+03 2.058634365769464569e+00 1.302225150257175015e-02
1.227763819095477402e+03 2.058564478374689255e+00 1.302277874506217389e-02
1.233417085427135589e+03 2.058495775019129503e+00 1.302329645496270831e-02
1.239070351758794004e+03 2.058428228002516125e+00 1.302380486350527070e-02
1.244723618090452419e+03 2.058361810457305818e+00 1.302430419482438796e-02
1.250376884422110379e+03 2.058296496318005708e+00 1.302479466636931316e-02
1.256030150753768794e+03 2.058232260291831039e+00 1.302527648899203666e-02
1.261683417085427209e+03 2.058169077830642291e+00 1.302574986732498059e-02
1.267336683417085396e+03 2.058106925104081775e+00 1.302621499988575703e-02
1.272989949748743584e+03 2.058045778973866646e+00 1.302667207936932837e-02
1.278643216080401999e+03 2.057985616969167264e+00 1.302712129283774452e-02
1.284296482412060413e+03 2.057926417263022945e+00 1.302756282194384926e-02
1.289949748743718601e+03 2.057868158649750256e+00 1.302799684300147247e-02
1.295603015075376788e+03 2.057810820523284345e+00 1.302842352734526546e-02
1.301256281407035203e+03 2.057754382856419095e+00 1.302884304136659593e-02
1.306909547738693618e+03 2.057698826180894613e+00 1.302925554671978577e-02
1.312562814070351806e+03 2.057644131568300949e+00 1.302966120056233204e-02
1.318216080402009993e+03 2.057590280611750089e+00 1.303006015555645790e-02
1.323869346733668408e+03 2.057537255408287802e+00 1.303045256016029628e-02
1.329522613065326595e+03 2.057485038542005817e+00 1.303083855869743846e-02
1.335175879396984783e+03 2.057433613067827238e+00 1.303121829149459995e-02
1.340829145728643198e+03 2.057382962495927003e+00 1.303159189503624339e-02
1.346482412060301613e+03 2.057333070776767858e+00 1.303195950210209002e-02
1.352135678391959800e+03 2.057283922286713640e+00 1.303232124185346209e-02
1.357788944723617988e+03 2.057235501814203893e+00 1.303267723995364842e-02
1.363442211055276402e+03 2.057187794546455173e+00 1.303302761872227218e-02
1.369095477386934817e+03 2.057140786056676163e+00 1.303337249718740376e-02
1.374748743718593005e+03 2.057094462291761960e+00 1.303371199125686122e-02
1.380402010050251192e+03 2.057048809560457769e+00 1.303404621371911758e-02
1.386055276381909607e+03 2.057003814521961793e+00 1.303437527446561599e-02
1.391708542713567795e+03 2.056959464174960228e+00 1.303469928049159031e-02
1.397361809045225982e+03 2.056915745847060162e+00 1.303501833599905561e-02
1.403015075376884397e+03 2.056872647184615488e+00 1.303533254253382359e-02
1.408668341708542812e+03 2.056830156142927191e+00 1.303564199898621205e-02
1.414321608040200999e+03 2.056788260976798011e+00 1.303594680177909415e-02
1.419974874371859187e+03 2.056746950231427729e+00 1.303624704481744223e-02
1.425628140703517602e+03 2.056706212733638850e+00 1.303654281965927614e-02
1.431281407035176017e+03 2.056666037583414930e+00 1.303683421560141407e-02
1.436934673366834204e+03 2.056626414145738657e+00 1.303712131964596642e-02
1.442587939698492391e+03 2.056587332042719485e+00 1.303740421663713255e-02
1.448241206030150806e+03 2.056548781145997484e+00 1.303768298934687014e-02
1.453894472361808994e+03 2.056510751569415874e+00 1.303795771847538962e-02
1.459547738693467409e+03 2.056473233661940903e+00 1.303822848278785723e-02
1.465201005025125596e+03 2.056436218000834870e+00 1.303849535906376894e-02
1.470854271356784011e+03 2.056399695385056958e+00 1.303875842225063995e-02
1.476507537688442198e+03 2.056363656828897213e+00 1.303901774551550694e-02
1.482160804020100386e+03 2.056328093555814807e+00 1.303927340021126223e-02
1.487814070351758801e+03 2.056292996992500566e+00 1.303952545603029138e-02
1.493467336683416988e+03 2.056258358763123795e+00 1.303977398097077960e-02
1.499120603015075403e+03 2.056224170683782493e+00 1.304001904143921829e-02
1.504773869346733591e+03 2.056190424757132540e+00 1.304026070226777315e-02
1.510427135678392006e+03 2.056157113167196737e+00 1.304049902676568395e-02
1.516080402010050193e+03 2.056124228274342602e+00 1.304073407678766651e-02
1.521733668341708608e+03 2.056091762610428475e+00 1.304096591273421445e-02
1.527386934673366795e+03 2.056059708874102832e+00 1.304119459360295573e-02
1.533040201005025210e+03 2.056028059926259921e+00 1.304142017700594264e-02
1.538693467336683398e+03 2.055996808785639285e+00 1.304164271932315398e-02
1.544346733668341585e+03 2.055965948624568718e+00 1.304186227556651881e-02
1.550000000000000000e+03 2.055935472764839123e+00 1.304207889953339430e-02
