4.250000000000000000e+02 1.710695079593142154e+00 3.838836345836004749e-01
4.306532663316583012e+02 1.822700814447438589e+00 3.569875897552691191e-01
4.363065326633166023e+02 1.881764293851961201e+00 3.419186077388709499e-01
4.419597989949749035e+02 1.924594510735108122e+00 3.298319028553464705e-01
4.476130653266331478e+02 1.959993915546430765e+00 3.187316949185468040e-01
4.532663316582914490e+02 1.991390750572950674e+00 3.078414050333455054e-01
4.589195979899497502e+02 2.020462638416380852e+00 2.967600298680440063e-01
4.645728643216080513e+02 2.048149201591074942e+00 2.852324926898791579e-01
4.702261306532663525e+02 2.075024661297388384e+00 2.730638637127401069e-01
4.758793969849245968e+02 2.101459847423771787e+00 2.600779569683278614e-01
4.815326633165828980e+02 2.127700136457467028e+00 2.460904242773981343e-01
4.871859296482411992e+02 2.153903808706811862e+00 2.308836151228203792e-01
4.928391959798995003e+02 2.180156938008560363e+00 2.141735706775903525e-01
4.984924623115578015e+02 2.206466292128287598e+00 1.955546814644284481e-01
5.041457286432161027e+02 2.232712493546840538e+00 1.743883806671280567e-01
5.097989949748744039e+02 2.258479855297739647e+00 1.495331055658147279e-01
5.154522613065327050e+02 2.282272942425607631e+00 1.184825868352284706e-01
5.211055276381910062e+02 2.293378999775274707e+00 7.240179647980619915e-02
5.267587939698491937e+02 2.264364187241920234e+00 1.184170428405065950e-02
5.324120603015074948e+02 2.219854299987190416e+00 1.208485239736365943e-02
5.380653266331657960e+02 2.194806414218148038e+00 1.222825139869118845e-02
5.437185929648240972e+02 2.177387326832057379e+00 1.233132421687533481e-02
5.493718592964823983e+02 2.164167922011233980e+00 1.241166217718493552e-02
5.550251256281406995e+02 2.153629071556367514e+00 1.247718787333309404e-02
5.606783919597990007e+02 2.144952115331503428e+00 1.253223347458619179e-02
5.663316582914573019e+02 2.137641926248593283e+00 1.257945433256757971e-02
5.719849246231156030e+02 2.131375189327335828e+00 1.262060614466378738e-02
5.776381909547739042e+02 2.125928868067466393e+00 1.265691443140671765e-02
5.832914572864322054e+02 2.121142602991249682e+00 1.268927028848709088e-02
5.889447236180903928e+02 2.116897304162995042e+00 1.271834267630454762e-02
5.945979899497488077e+02 2.113102193247756500e+00 1.274464688160690043e-02
6.002512562814069952e+02 2.109686569436967307e+00 1.276858832484560786e-02
6.059045226130652964e+02 2.106594366075557279e+00 1.279049171487284947e-02
6.115577889447235975e+02 2.103780432049255911e+00 1.281062109559182732e-02
6.172110552763818987e+02 2.101207920037499566e+00 1.282919401425970315e-02
6.228643216080401999e+02 2.098846408128800078e+00 1.284639177392428271e-02
6.285175879396985010e+02 2.096670520829714501e+00 1.286236700514848189e-02
6.341708542713568022e+02 2.094658898332905306e+00 1.287724935867718204e-02
6.398241206030151034e+02 2.092793413769940880e+00 1.289114985318641667e-02
6.454773869346734045e+02 2.091058570335555977e+00 1.290416424304783975e-02
6.511306532663315920e+02 2.089441031041431529e+00 1.291637565970811356e-02
6.567839195979900069e+02 2.087929247718081971e+00 1.292785670715097986e-02
6.624371859296481944e+02 2.086513165279744619e+00 1.293867114140441824e-02
6.680904522613064955e+02 2.085183983756390802e+00 1.294887522934462000e-02
6.737437185929647967e+02 2.083933965154312062e+00 1.295851885743823026e-02
6.793969849246230979e+02 2.082756275456550288e+00 1.296764644377071569e-02
6.850502512562813990e+02 2.081644854424385294e+00 1.297629769353310543e-02
6.907035175879397002e+02 2.080594307582170899e+00 1.298450822925488815e-02
6.963567839195980014e+02 2.079599816043264937e+00 1.299231011974061496e-02
7.020100502512563025e+02 2.078657060790281452e+00 1.299973232666101590e-02
7.076633165829146037e+02 2.077762158745993570e+00 1.300680108359002392e-02
7.133165829145727912e+02 2.076911608523492436e+00 1.301354021943710963e-02
7.189698492462312061e+02 2.076102244169823141e+00 1.301997143572350586e-02
7.246231155778893935e+02 2.075331195547895913e+00 1.302611454540546741e-02
7.302763819095478084e+02 2.074595854260279371e+00 1.303198767926515636e-02
7.359296482412059959e+02 2.073893844222512328e+00 1.303760746537110937e-02
7.415829145728642970e+02 2.073222996155507758e+00 1.304298918519305669e-02
7.472361809045225982e+02 2.072581325395993268e+00 1.304814691038669837e-02
7.528894472361808994e+02 2.071967012527867524e+00 1.305309362279537255e-02
7.585427135678392006e+02 2.071378386421369733e+00 1.305784132006713311e-02
7.641959798994975017e+02 2.070813909335184277e+00 1.306240110890434340e-02
7.698492462311558029e+02 2.070272163792371334e+00 1.306678328785796164e-02
7.755025125628139904e+02 2.069751840986704394e+00 1.307099742059380544e-02
7.811557788944724052e+02 2.069251730513734344e+00 1.307505240136128989e-02
7.868090452261305927e+02 2.068770711252086336e+00 1.307895651339835083e-02
7.924623115577890076e+02 2.068307743246447394e+00 1.308271748109991750e-02
7.981155778894471950e+02 2.067861860465386226e+00 1.308634251700757992e-02
8.037688442211054962e+02 2.067432164325267330e+00 1.308983836389099840e-02
8.094221105527637974e+02 2.067017817886806164e+00 1.309321133271299648e-02
8.150753768844220986e+02 2.066618040643688481e+00 1.309646733697733718e-02
8.207286432160803997e+02 2.066232103833577582e+00 1.309961192373415920e-02
8.263819095477387009e+02 2.065859326211108460e+00 1.310265030165091819e-02
8.320351758793970021e+02 2.065499070230350842e+00 1.310558736653705779e-02
8.376884422110551895e+02 2.065150738590983970e+00 1.310842772464062070e-02
8.433417085427136044e+02 2.064813771108193308e+00 1.311117571369435977e-02
8.489949748743717919e+02 2.064487641871278978e+00 1.311383542228043361e-02
8.546482412060302067e+02 2.064171856660244497e+00 1.311641070745446502e-02
8.603015075376883942e+02 2.063865950593330556e+00 1.311890521089059160e-02
8.659547738693468091e+02 2.063569485981670226e+00 1.312132237363875138e-02
8.716080402010049966e+02 2.063282050370010001e+00 1.312366544975388828e-02
8.772613065326632977e+02 2.063003254744873338e+00 1.312593751878517699e-02
8.829145728643215989e+02 2.062732731893647919e+00 1.312814149719747879e-02
8.885678391959799001e+02 2.062470134899915042e+00 1.313028014903347244e-02
8.942211055276382012e+02 2.062215135761966245e+00 1.313235609566762788e-02
8.998743718592965024e+02 2.061967424122862269e+00 1.313437182470593607e-02
9.055276381909548036e+02 2.061726706101635553e+00 1.313632969854135538e-02
9.111809045226129911e+02 2.061492703216327271e+00 1.313823196187410142e-02
9.168341708542714059e+02 2.061265151390538453e+00 1.314008074899362249e-02
9.224874371859295934e+02 2.061043800036009621e+00 1.314187809031695103e-02
9.281407035175880083e+02 2.060828411204504995e+00 1.314362591869219603e-02
9.337939698492461957e+02 2.060618758802964301e+00 1.314532607492792556e-02
9.394472361809044969e+02 2.060414627866465676e+00 1.314698031331018070e-02
9.451005025125627981e+02 2.060215813884078706e+00 1.314859030644935020e-02
9.507537688442210992e+02 2.060022122173169379e+00 1.315015764996486231e-02
9.564070351758794004e+02 2.059833367298131712e+00 1.315168386673836939e-02
9.620603015075377016e+02 2.059649372529897438e+00 1.315317041102341544e-02
9.677135678391960028e+02 2.059469969342929918e+00 1.315461867212530320e-02
9.733668341708543039e+02 2.059294996946686496e+00 1.315602997798955530e-02
9.790201005025126051e+02 2.059124301848830996e+00 1.315740559842950262e-02
9.846733668341707926e+02 2.058957737447704162e+00 1.315874674828053544e-02
9.903266331658290937e+02 2.058795163651790716e+00 1.316005459019459894e-02
9.959798994974873949e+02 2.058636446524114039e+00 1.316133023751420855e-02
1.001633165829145696e+03 2.058481457949678628e+00 1.316257475661889234e-02
1.007286432160803997e+03 2.058330075324222186e+00 1.316378916945320013e-02
1.012939698492462298e+03 2.058182181262714128e+00 1.316497445573036780e-02
1.018592964824120600e+03 2.058037663326138578e+00 1.316613155503136047e-02
1.024246231155778787e+03 2.057896413765250010e+00 1.316726136879955468e-02
1.029899497487437202e+03 2.057758329280072740e+00 1.316836476226503072e-02
1.035552763819095617e+03 2.057623310794029159e+00 1.316944256609637806e-02
1.041206030150753804e+03 2.057491263241676194e+00 1.317049557818494865e-02
1.046859296482411992e+03 2.057362095369086763e+00 1.317152456510645858e-02
1.052512562814070407e+03 2.057235719546022690e+00 1.317253026368167546e-02
1.058165829145728594e+03 2.057112051589084167e+00 1.317351338233284895e-02
1.063819095477386782e+03 2.056991010595093261e+00 1.317447460240466980e-02
1.069472361809045196e+03 2.056872518784035098e+00 1.317541457943298931e-02
1.075125628140703611e+03 2.056756501350915922e+00 1.317633394431089178e-02
1.080778894472361799e+03 2.056642886325956265e+00 1.317723330441965615e-02
1.086432160804019986e+03 2.056531604442574768e+00 1.317811324464044156e-02
1.092085427135678401e+03 2.056422589012664837e+00 1.317897432841531533e-02
1.097738693467336816e+03 2.056315775808695179e+00 1.317981709865550903e-02
1.103391959798995003e+03 2.056211102952203440e+00 1.318064207869916807e-02
1.109045226130653191e+03 2.056108510808280609e+00 1.318144977306597888e-02
1.114698492462311606e+03 2.056007941885681589e+00 1.318224066837935492e-02
1.120351758793969793e+03 2.055909340742203550e+00 1.318301523400141652e-02
1.126005025125627981e+03 2.055812653895020325e+00 1.318377392293670208e-02
1.131658291457286396e+03 2.055717829735670410e+00 1.318451717236460152e-02
1.137311557788944810e+03 2.055624818449414359e+00 1.318524540440690895e-02
1.142964824120602998e+03 2.055533571938712889e+00 1.318595902669265039e-02
1.148618090452261185e+03 2.055444043750568106e+00 1.318665843298969832e-02
1.154271356783919600e+03 2.055356189007516043e+00 1.318734400371795491e-02
1.159924623115578015e+03 2.055269964342049338e+00 1.318801610661357419e-02
1.165577889447236203e+03 2.055185327834277320e+00 1.318867509707279638e-02
1.171231155778894390e+03 2.055102238952636107e+00 1.318932131879839952e-02
1.176884422110552805e+03 2.055020658497478170e+00 1.318995510417635825e-02
1.182537688442210992e+03 2.054940548547381063e+00 1.319057677476996593e-02
1.188190954773869180e+03 2.054861872408017653e+00 1.319118664164524619e-02
1.193844221105527595e+03 2.054784594563455524e+00 1.319178500598221226e-02
1.199497487437186010e+03 2.054708680629743434e+00 1.319237215921444800e-02
1.205150753768844197e+03 2.054634097310668484e+00 1.319294838357242157e-02
1.210804020100502385e+03 2.054560812355558763e+00 1.319351395237399784e-02
1.216457286432160799e+03 2.054488794519030215e+00 1.319406913038203948e-02
1.222110552763819214e+03 2.054418013522568032e+00 1.319461417409443019e-02
1.227763819095477402e+03 2.054348440017847555e+00 1.319514933210119874e-02
1.233417085427135589e+03 2.054280045551707623e+00 1.319567484532361418e-02
1.239070351758794004e+03 2.054212802532682236e+00 1.319619094733722429e-02
1.244723618090452419e+03 2.054146684199018580e+00 1.319669786462739254e-02
1.250376884422110379e+03 2.054081664588101042e+00 1.319719581684466493e-02
1.256030150753768794e+03 2.054017718507209711e+00 1.319768501707677295e-02
1.261683417085427209e+03 2.053954821505545425e+00 1.319816567201955414e-02
1.267336683417085396e+03 2.053892949847464511e+00 1.319863798231594477e-02
1.272989949748743584e+03 2.053832080486849065e+00 1.319910214264249405e-02
1.278643216080401999e+03 2.053772191042574580e+00 1.319955834201443426e-02
1.284296482412060413e+03 2.053713259775004296e+00 1.320000676395605144e-02
1.289949748743718601e+03 2.053655265563471666e+00 1.320044758667093636e-02
1.295603015075376788e+03 2.053598187884700721e+00 1.320088098327941786e-02
1.301256281407035203e+03 2.053542006792110186e+00 1.320130712190448544e-02
1.306909547738693618e+03 2.053486702895978677e+00 1.320172616595948790e-02
1.312562814070351806e+03 2.053432257344403933e+00 1.320213827420022891e-02
1.318216080402009993e+03 2.053378651805047639e+00 1.320254360096200473e-02
1.323869346733668408e+03 2.053325868447601898e+00 1.320294229624519727e-02
1.329522613065326595e+03 2.053273889926964468e+00 1.320333450591849693e-02
1.335175879396984783e+03 2.053222699367077464e+00 1.320372037182115758e-02
1.340829145728643198e+03 2.053172280345405998e+00 1.320410003188199691e-02
1.346482412060301613e+03 2.053122616878023887e+00 1.320447362030560332e-02
1.352135678391959800e+03 2.053073693405280231e+00 1.320484126764074478e-02
1.357788944723617988e+03 2.053025494778019322e+00 1.320520310091601555e-02
1.363442211055276402e+03 2.052978006244335685e+00 1.320555924375857795e-02
1.369095477386934817e+03 2.052931213436826940e+00 1.320590981647925058e-02
1.374748743718593005e+03 2.052885102360339165e+00 1.320625493625840474e-02
1.380402010050251192e+03 2.052839659380167436e+00 1.320659471711325278e-02
1.386055276381909607e+03 2.052794871210705807e+00 1.320692927013410178e-02
1.391708542713567795e+03 2.052750724904514268e+00 1.320725870345155345e-02
1.397361809045225982e+03 2.052707207841796055e+00 1.320758312245585119e-02
1.403015075376884397e+03 2.052664307720258208e+00 1.320790262976400536e-02
1.408668341708542812e+03 2.052622012545348706e+00 1.320821732540544691e-02
1.414321608040200999e+03 2.052580310620843118e+00 1.320852730680589088e-02
1.419974874371859187e+03 2.052539190539774960e+00 1.320883266895610426e-02
1.425628140703517602e+03 2.052498641175694694e+00 1.320913350442933995e-02
1.431281407035176017e+03 2.052458651674236911e+00 1.320942990348278681e-02
1.436934673366834204e+03 2.052419211444988179e+00 1.320972195410857579e-02
1.442587939698492391e+03 2.052380310153647525e+00 1.321000974210155554e-02
1.448241206030150806e+03 2.052341937714455167e+00 1.321029335114386020e-02
1.453894472361808994e+03 2.052304084282891683e+00 1.321057286287263648e-02
1.459547738693467409e+03 2.052266740248627652e+00 1.321084835688052413e-02
1.465201005025125596e+03 2.052229896228717987e+00 1.321111991086738185e-02
1.470854271356784011e+03 2.052193543061033409e+00 1.321138760062390283e-02
1.476507537688442198e+03 2.052157671797909089e+00 1.321165150011608530e-02
1.482160804020100386e+03 2.052122273700017541e+00 1.321191168155284000e-02
1.487814070351758801e+03 2.052087340230442258e+00 1.321216821535277017e-02
1.493467336683416988e+03 2.052052863048955622e+00 1.321242117036301560e-02
1.499120603015075403e+03 2.052018834006482884e+00 1.321267061370834210e-02
1.504773869346733591e+03 2.051985245139757108e+00 1.321291661097634754e-02
1.510427135678392006e+03 2.051952088666144647e+00 1.321315922621777404e-02
1.516080402010050193e+03 2.051919356978643805e+00 1.321339852198043230e-02
1.521733668341708608e+03 2.051887042641047376e+00 1.321363455934310149e-02
1.527386934673366795e+03 2.051855138383263277e+00 1.321386739803344021e-02
1.533040201005025210e+03 2.051823637096784392e+00 1.321409709634424265e-02
1.538693467336683398e+03 2.051792531830306743e+00 1.321432371125132003e-02
1.544346733668341585e+03 2.051761815785488441e+00 1.321454729844736067e-02
1.550000000000000000e+03 2.051731482312839638e+00 1.321476791234216762e-02
