4.250000000000000000e+02 1.685010985279489004e+00 3.851874052765105194e-01
4.306532663316583012e+02 1.796980772281941086e+00 3.578885816099422468e-01
4.363065326633166023e+02 1.855998153931265326e+00 3.426545130170837727e-01
4.419597989949749035e+02 1.898781187194555020e+00 3.304684184454171891e-01
4.476130653266331478e+02 1.934132582399427758e+00 3.192993593545308539e-01
4.532663316582914490e+02 1.965480234381257407e+00 3.083584192445920080e-01
4.589195979899497502e+02 1.994501450151470623e+00 2.972391960549275458e-01
4.645728643216080513e+02 2.022135636495238753e+00 2.856840564594655962e-01
4.702261306532663525e+02 2.048956904597569739e+00 2.734969538983149095e-01
4.758793969849245968e+02 2.075336093453779451e+00 2.605014836131130940e-01
4.815326633165828980e+02 2.101518749595881363e+00 2.465137965855507818e-01
4.871859296482411992e+02 2.127663582394514918e+00 2.313175032683252030e-01
4.928391959798995003e+02 2.153857576670074714e+00 2.146309576305304168e-01
4.984924623115578015e+02 2.180109438337568761e+00 1.960526585007978662e-01
5.041457286432161027e+02 2.206304296251424990e+00 1.749518383709111891e-01
5.097989949748744039e+02 2.232039036536038967e+00 1.502041328144918253e-01
5.154522613065327050e+02 2.255868442114840278e+00 1.193539134254910511e-01
5.211055276381910062e+02 2.267633820816163492e+00 7.388264894698733098e-02
5.267587939698491937e+02 2.238985007357062074e+00 1.225376387304442753e-02
5.324120603015074948e+02 2.194182706109280900e+00 1.250981469268300401e-02
5.380653266331657960e+02 2.169027097684108174e+00 1.266051126023052566e-02
5.437185929648240972e+02 2.151550765186237335e+00 1.276872103485601588e-02
5.493718592964823983e+02 2.138295548625768649e+00 1.285300998434889784e-02
5.550251256281406995e+02 2.127732088443407221e+00 1.292172715841560619e-02
5.606783919597990007e+02 2.119037149931605413e+00 1.297943342329723262e-02
5.663316582914573019e+02 2.111713239617777571e+00 1.302892237388546259e-02
5.719849246231156030e+02 2.105435690264494841e+00 1.307204016413727674e-02
5.776381909547739042e+02 2.099980634314352113e+00 1.311007493957419556e-02
5.832914572864322054e+02 2.095187172298532463e+00 1.314396302637607823e-02
5.889447236180903928e+02 2.090935847601310904e+00 1.317440714643580875e-02
5.945979899497488077e+02 2.087135623817110375e+00 1.320194846178782133e-02
6.002512562814069952e+02 2.083715613034844871e+00 1.322701265868893826e-02
6.059045226130652964e+02 2.080619609514102741e+00 1.324994060910010193e-02
6.115577889447235975e+02 2.077802356517513882e+00 1.327100944799122946e-02
6.172110552763818987e+02 2.075226925019389768e+00 1.329044746749243749e-02
6.228643216080401999e+02 2.072862828879549202e+00 1.330844489246103129e-02
6.285175879396985010e+02 2.070684641394292758e+00 1.332516183737701351e-02
6.341708542713568022e+02 2.068670961410365994e+00 1.334073428765369940e-02
6.398241206030151034e+02 2.066803628302094076e+00 1.335527866758351619e-02
6.454773869346734045e+02 2.065067117424824961e+00 1.336889537788734511e-02
6.511306532663315920e+02 2.063448068622582454e+00 1.338167157022365945e-02
6.567839195979900069e+02 2.061934914287299581e+00 1.339368334795039764e-02
6.624371859296481944e+02 2.060517582901391531e+00 1.340499752982431646e-02
6.680904522613064955e+02 2.059187260509752093e+00 1.341567307685873588e-02
6.737437185929647967e+02 2.057936197141476242e+00 1.342576225644046169e-02
6.793969849246230979e+02 2.056757548462957441e+00 1.343531159983051872e-02
6.850502512562813990e+02 2.055645245301970903e+00 1.344436269524063900e-02
6.907035175879397002e+02 2.054593885409087939e+00 1.345295284939238348e-02
6.963567839195980014e+02 2.053598643102249710e+00 1.346111564268174902e-02
7.020100502512563025e+02 2.052655193398744693e+00 1.346888139780825881e-02
7.076633165829146037e+02 2.051759647964054523e+00 1.347627757758723503e-02
7.133165829145727912e+02 2.050908500760908471e+00 1.348332912433979763e-02
7.189698492462312061e+02 2.050098581708672985e+00 1.349005875071131871e-02
7.246231155778893935e+02 2.049327016994672235e+00 1.349648719028663166e-02
7.302763819095478084e+02 2.048591194938529370e+00 1.350263341411105274e-02
7.359296482412059959e+02 2.047888736515155461e+00 1.350851481880164552e-02
7.415829145728642970e+02 2.047217469804367251e+00 1.351414739045511161e-02
7.472361809045225982e+02 2.046575407764784860e+00 1.351954584796687987e-02
7.528894472361808994e+02 2.045960728833857711e+00 1.352472376885970745e-02
7.585427135678392006e+02 2.045371759940053380e+00 1.352969370001475685e-02
7.641959798994975017e+02 2.044806961581658200e+00 1.353446725555768580e-02
7.698492462311558029e+02 2.044264914682492496e+00 1.353905520342575143e-02
7.755025125628139904e+02 2.043744308980672386e+00 1.354346754233858724e-02
7.811557788944724052e+02 2.043243932744320812e+00 1.354771357035633624e-02
7.868090452261305927e+02 2.042762663639432930e+00 1.355180194603377783e-02
7.924623115577890076e+02 2.042299460601074479e+00 1.355574074320251877e-02
7.981155778894471950e+02 2.041853356580813017e+00 1.355953750002870939e-02
8.037688442211054962e+02 2.041423452061472243e+00 1.356319926320033280e-02
8.094221105527637974e+02 2.041008909245577208e+00 1.356673262774864969e-02
8.150753768844220986e+02 2.040608946836781623e+00 1.357014377290589012e-02
8.207286432160803997e+02 2.040222835344481567e+00 1.357343849459394756e-02
8.263819095477387009e+02 2.039849892851108848e+00 1.357662223490640335e-02
8.320351758793970021e+02 2.039489481189511011e+00 1.357970010876363882e-02
8.376884422110551895e+02 2.039141002484573750e+00 1.358267692827849066e-02
8.433417085427136044e+02 2.038803896019035999e+00 1.358555722487711330e-02
8.489949748743717919e+02 2.038477635388434184e+00 1.358834526946360935e-02
8.546482412060302067e+02 2.038161725914395372e+00 1.359104509091541881e-02
8.603015075376883942e+02 2.037855702289197879e+00 1.359366049299907779e-02
8.659547738693468091e+02 2.037559126427745060e+00 1.359619506981141202e-02
8.716080402010049966e+02 2.037271585505856297e+00 1.359865221999732345e-02
8.772613065326632977e+02 2.036992690166238962e+00 1.360103515979852254e-02
8.829145728643215989e+02 2.036722072875576384e+00 1.360334693513380946e-02
8.885678391959799001e+02 2.036459386418048467e+00 1.360559043256818340e-02
8.942211055276382012e+02 2.036204302512205189e+00 1.360776838963152421e-02
8.998743718592965024e+02 2.035956510539519648e+00 1.360988340414727091e-02
9.055276381909548036e+02 2.035715716374224549e+00 1.361193794307992248e-02
9.111809045226129911e+02 2.035481641305100009e+00 1.361393435046331056e-02
9.168341708542714059e+02 2.035254021040882044e+00 1.361587485499926586e-02
9.224874371859295934e+02 2.035032604791792821e+00 1.361776157692083482e-02
9.281407035175880083e+02 2.034817154420470064e+00 1.361959653449700165e-02
9.337939698492461957e+02 2.034607443656238246e+00 1.362138164995219287e-02
9.394472361809044969e+02 2.034403257367260576e+00 1.362311875507920753e-02
9.451005025125627981e+02 2.034204390885652636e+00 1.362480959641639879e-02
9.507537688442210992e+02 2.034010649381100766e+00 1.362645584008805900e-02
9.564070351758794004e+02 2.033821847278964423e+00 1.362805907630907157e-02
9.620603015075377016e+02 2.033637807719205437e+00 1.362962082355472469e-02
9.677135678391960028e+02 2.033458362052843693e+00 1.363114253257578096e-02
9.733668341708543039e+02 2.033283349372924764e+00 1.363262558994996973e-02
9.790201005025126051e+02 2.033112616077273227e+00 1.363407132169191203e-02
9.846733668341707926e+02 2.032946015460539435e+00 1.363548099633563049e-02
9.903266331658290937e+02 2.032783407333273118e+00 1.363685582797889879e-02
9.959798994974873949e+02 2.032624657665953904e+00 1.363819697917587580e-02
1.001633165829145696e+03 2.032469638256094502e+00 1.363950556353191006e-02
1.007286432160803997e+03 2.032318226416680140e+00 1.364078264822891559e-02
1.012939698492462298e+03 2.032170304684372208e+00 1.364202925635142963e-02
1.018592964824120600e+03 2.032025760546026572e+00 1.364324636914391285e-02
1.024246231155778787e+03 2.031884486182187644e+00 1.364443492800427454e-02
1.029899497487437202e+03 2.031746378226358729e+00 1.364559583650690362e-02
1.035552763819095617e+03 2.031611337538909989e+00 1.364672996219500924e-02
1.041206030150753804e+03 2.031479268994607068e+00 1.364783813840291307e-02
1.046859296482411992e+03 2.031350081282807807e+00 1.364892116573425233e-02
1.052512562814070407e+03 2.031223686719450860e+00 1.364997981376575749e-02
1.058165829145728594e+03 2.031100001070040850e+00 1.365101482245612875e-02
1.063819095477386782e+03 2.030978943382879542e+00 1.365202690345543833e-02
1.069472361809045196e+03 2.030860435831854272e+00 1.365301674151039868e-02
1.075125628140703611e+03 2.030744403568167211e+00 1.365398499562402168e-02
1.080778894472361799e+03 2.030630774580394871e+00 1.365493230026259240e-02
1.086432160804019986e+03 2.030519479562356011e+00 1.365585926641490165e-02
1.092085427135678401e+03 2.030410451788274617e+00 1.365676648273148920e-02
1.097738693467336816e+03 2.030303626994774291e+00 1.365765451637002657e-02
1.103391959798995003e+03 2.030198943269275524e+00 1.365852391408349346e-02
1.109045226130653191e+03 2.030096340944385513e+00 1.365937520299840592e-02
1.114698492462311606e+03 2.029995762497920797e+00 1.366020889153842649e-02
1.120351758793969793e+03 2.029897152458206122e+00 1.366102547016827089e-02
1.126005025125627981e+03 2.029800457314329343e+00 1.366182541218555375e-02
1.131658291457286396e+03 2.029705625431058369e+00 1.366260917446310633e-02
1.137311557788944810e+03 2.029612606968130173e+00 1.366337719809307752e-02
1.142964824120602998e+03 2.029521353803662720e+00 1.366412990904660590e-02
1.148618090452261185e+03 2.029431819461438469e+00 1.366486771886539150e-02
1.154271356783919600e+03 2.029343959041838730e+00 1.366559102517392148e-02
1.159924623115578015e+03 2.029257729156209944e+00 1.366630021225617199e-02
1.165577889447236203e+03 2.029173087864476699e+00 1.366699565163180009e-02
1.171231155778894390e+03 2.029089994615802084e+00 1.366767770253437750e-02
1.176884422110552805e+03 2.029008410192132406e+00 1.366834671243793639e-02
1.182537688442210992e+03 2.028928296654461505e+00 1.366900301745311609e-02
1.188190954773869180e+03 2.028849617291662799e+00 1.366964694283667563e-02
1.193844221105527595e+03 2.028772336571749602e+00 1.367027880340314534e-02
1.199497487437186010e+03 2.028696420095425612e+00 1.367089890387119568e-02
1.205150753768844197e+03 2.028621834551805669e+00 1.367150753935586840e-02
1.210804020100502385e+03 2.028548547676190417e+00 1.367210499564934338e-02
1.216457286432160799e+03 2.028476528209778973e+00 1.367269154958267521e-02
1.222110552763819214e+03 2.028405745861222353e+00 1.367326746940348420e-02
1.227763819095477402e+03 2.028336171269916832e+00 1.367383301507220546e-02
1.233417085427135589e+03 2.028267775970951536e+00 1.367438843855811950e-02
1.239070351758794004e+03 2.028200532361614794e+00 1.367493398415140296e-02
1.244723618090452419e+03 2.028134413669389957e+00 1.367546988877496594e-02
1.250376884422110379e+03 2.028069393921355434e+00 1.367599638216622157e-02
1.256030150753768794e+03 2.028005447914923653e+00 1.367651368722102787e-02
1.261683417085427209e+03 2.027942551189845677e+00 1.367702202017511033e-02
1.267336683417085396e+03 2.027880680001425073e+00 1.367752159094767599e-02
1.272989949748743584e+03 2.027819811294873986e+00 1.367801260320888196e-02
1.278643216080401999e+03 2.027759922680758997e+00 1.367849525473940030e-02
1.284296482412060413e+03 2.027700992411484826e+00 1.367896973757878193e-02
1.289949748743718601e+03 2.027642999358755027e+00 1.367943623817372868e-02
1.295603015075376788e+03 2.027585922991981260e+00 1.367989493770478682e-02
1.301256281407035203e+03 2.027529743357574521e+00 1.368034601213698187e-02
1.306909547738693618e+03 2.027474441059092136e+00 1.368078963249760860e-02
1.312562814070351806e+03 2.027419997238191662e+00 1.368122596492667327e-02
1.318216080402009993e+03 2.027366393556354396e+00 1.368165517098693905e-02
1.323869346733668408e+03 2.027313612177349622e+00 1.368207740769796649e-02
1.329522613065326595e+03 2.027261635750391644e+00 1.368249282776482986e-02
1.335175879396984783e+03 2.027210447393972714e+00 1.368290157967692704e-02
1.340829145728643198e+03 2.027160030680329239e+00 1.368330380785538411e-02
1.346482412060301613e+03 2.027110369620518160e+00 1.368369965280041844e-02
1.352135678391959800e+03 2.027061448650076425e+00 1.368408925120614961e-02
1.357788944723617988e+03 2.027013252615231131e+00 1.368447273614027335e-02
1.363442211055276402e+03 2.026965766759643905e+00 1.368485023701273076e-02
1.369095477386934817e+03 2.026918976711660658e+00 1.368522187988506153e-02
1.374748743718593005e+03 2.026872868472045397e+00 1.368558778740651925e-02
1.380402010050251192e+03 2.026827428402176334e+00 1.368594807909086740e-02
1.386055276381909607e+03 2.026782643212685642e+00 1.368630287123617090e-02
1.391708542713567795e+03 2.026738499952525530e+00 1.368665227716904693e-02
1.397361809045225982e+03 2.026694985998432674e+00 1.368699640726172076e-02
1.403015075376884397e+03 2.026652089044789218e+00 1.368733536904639427e-02
1.408668341708542812e+03 2.026609797093848364e+00 1.368766926731334460e-02
1.414321608040200999e+03 2.026568098446319688e+00 1.368799820417654356e-02
1.419974874371859187e+03 2.026526981692293283e+00 1.368832227917168680e-02
1.425628140703517602e+03 2.026486435702492983e+00 1.368864158927308311e-02
1.431281407035176017e+03 2.026446449619838219e+00 1.368895622910516578e-02
1.436934673366834204e+03 2.026407012851311418e+00 1.368926629091065522e-02
1.442587939698492391e+03 2.026368115060106945e+00 1.368957186456735628e-02
1.448241206030150806e+03 2.026329746158063827e+00 1.368987303784825228e-02
1.453894472361808994e+03 2.026291896298355155e+00 1.369016989629225599e-02
1.459547738693467409e+03 2.026254555868435947e+00 1.369046252336692318e-02
1.465201005025125596e+03 2.026217715483233484e+00 1.369075100051759912e-02
1.470854271356784011e+03 2.026181365978575233e+00 1.369103540724896269e-02
1.476507537688442198e+03 2.026145498404836598e+00 1.369131582107682710e-02
1.482160804020100386e+03 2.026110104020804048e+00 1.369159231772318179e-02
1.487814070351758801e+03 2.026075174287754521e+00 1.369186497110037523e-02
1.493467336683416988e+03 2.026040700863723121e+00 1.369213385332772488e-02
1.499120603015075403e+03 2.026006675597969764e+00 1.369239903487785154e-02
1.504773869346733591e+03 2.025973090525624354e+00 1.369266058449594703e-02
1.510427135678392006e+03 2.025939937862518025e+00 1.369291856941092823e-02
1.516080402010050193e+03 2.025907210000174263e+00 1.369317305522226372e-02
1.521733668341708608e+03 2.025874899500970550e+00 1.369342410603000340e-02
1.527386934673366795e+03 2.025842999093454111e+00 1.369367178446752147e-02
1.533040201005025210e+03 2.025811501667814429e+00 1.369391615171801531e-02
1.538693467336683398e+03 2.025780400271496084e+00 1.369415726756343689e-02
1.544346733668341585e+03 2.025749688104954593e+00 1.369439519046582177e-02
1.550000000000000000e+03 2.025719358517549473e+00 1.369462997751890940e-02
