4.250000000000000000e+02 1.656593049687328900e+00 3.966136916252996358e-01
4.306532663316583012e+02 1.770898389845407150e+00 3.680610227662247103e-01
4.363065326633166023e+02 1.830848241635290918e+00 3.525173948486074460e-01
4.419597989949749035e+02 1.874142796252517673e+00 3.402936055221580380e-01
4.476130653266331478e+02 1.909811077419653724e+00 3.292232736152963524e-01
4.532663316582914490e+02 1.941367008509873315e+00 3.184728561443679884e-01
4.589195979899497502e+02 1.970529639718430648e+00 3.076199572436784657e-01
4.645728643216080513e+02 1.998262205978376782e+00 2.964039843403986074e-01
4.702261306532663525e+02 2.025154482339039941e+00 2.846342971422022861e-01
4.758793969849245968e+02 2.051589363909596564e+00 2.721475075166625568e-01
4.815326633165828980e+02 2.077823714244148690e+00 2.587820052869958531e-01
4.871859296482411992e+02 2.104029654900003266e+00 2.443571652674550732e-01
4.928391959798995003e+02 2.130314196772711277e+00 2.286496577476464787e-01
4.984924623115578015e+02 2.156722718674537465e+00 2.113582435128243675e-01
5.041457286432161027e+02 2.183221767793111390e+00 1.920406280505298213e-01
5.097989949748744039e+02 2.209635260846551930e+00 1.699803783050733985e-01
5.154522613065327050e+02 2.235420732889338513e+00 1.438466948543915269e-01
5.211055276381910062e+02 2.258578288376566157e+00 1.105081486751889053e-01
5.267587939698491937e+02 2.259794696750457188e+00 5.589301825326964401e-02
5.324120603015074948e+02 2.224513864817393660e+00 1.159431114887523977e-02
5.380653266331657960e+02 2.183553734624664067e+00 1.181701319859808363e-02
5.437185929648240972e+02 2.159520954009463090e+00 1.195352388979575679e-02
5.493718592964823983e+02 2.142472695642449576e+00 1.205343069639841849e-02
5.550251256281406995e+02 2.129375289952621042e+00 1.213214872844512945e-02
5.606783919597990007e+02 2.118843388353585766e+00 1.219682864674081352e-02
5.663316582914573019e+02 2.110115211950465586e+00 1.225145898467175538e-02
5.719849246231156030e+02 2.102723290948959711e+00 1.229851994753037962e-02
5.776381909547739042e+02 2.096358968544601797e+00 1.233966960641580575e-02
5.832914572864322054e+02 2.090807434907465012e+00 1.237607553353047875e-02
5.889447236180903928e+02 2.085913123196003305e+00 1.240859281339397845e-02
5.945979899497488077e+02 2.081559796094627046e+00 1.243786724958012742e-02
6.002512562814069952e+02 2.077658384293741278e+00 1.246439885165160494e-02
6.059045226130652964e+02 2.074139199920209453e+00 1.248858276866956704e-02
6.115577889447235975e+02 2.070946755402494954e+00 1.251073671102309430e-02
6.172110552763818987e+02 2.068036203825807995e+00 1.253111991418814561e-02
6.228643216080401999e+02 2.065370826232980406e+00 1.254994661066845436e-02
6.285175879396985010e+02 2.062920216336780133e+00 1.256739582318644466e-02
6.341708542713568022e+02 2.060658942439235641e+00 1.258361862722073843e-02
6.398241206030151034e+02 2.058565543587797197e+00 1.259874363169168933e-02
6.454773869346734045e+02 2.056621764673491892e+00 1.261288117945521571e-02
6.511306532663315920e+02 2.054811965468963386e+00 1.262612661101961131e-02
6.567839195979900069e+02 2.053122658349560758e+00 1.263856283198968450e-02
6.624371859296481944e+02 2.051542142606012309e+00 1.265026235524179844e-02
6.680904522613064955e+02 2.050060212215285560e+00 1.266128894180976704e-02
6.737437185929647967e+02 2.048667920143944166e+00 1.267169893166232575e-02
6.793969849246230979e+02 2.047357386631772691e+00 1.268154233178244578e-02
6.850502512562813990e+02 2.046121642031371923e+00 1.269086371308595154e-02
6.907035175879397002e+02 2.044954497047498432e+00 1.269970295474226116e-02
6.963567839195980014e+02 2.043850434885363221e+00 1.270809586624996844e-02
7.020100502512563025e+02 2.042804521054341294e+00 1.271607471039801034e-02
7.076633165829146037e+02 2.041812327502571911e+00 1.272366864537608985e-02
7.133165829145727912e+02 2.040869868462496850e+00 1.273090410067891955e-02
7.189698492462312061e+02 2.039973545926697440e+00 1.273780509831842246e-02
7.246231155778893935e+02 2.039120103089773206e+00 1.274439352839129916e-02
7.302763819095478084e+02 2.038306584416073264e+00 1.275068938685896235e-02
7.359296482412059959e+02 2.037530301247229669e+00 1.275671098129356820e-02
7.415829145728642970e+02 2.036788802064144033e+00 1.276247510969255594e-02
7.472361809045225982e+02 2.036079846677656846e+00 1.276799721668884710e-02
7.528894472361808994e+02 2.035401383749788184e+00 1.277329153002609331e-02
7.585427135678392006e+02 2.034751531150170933e+00 1.277837118065225375e-02
7.641959798994975017e+02 2.034128558735471159e+00 1.278324830850109325e-02
7.698492462311558029e+02 2.033530873207214373e+00 1.278793415597212664e-02
7.755025125628139904e+02 2.032957004758785047e+00 1.279243915080376798e-02
7.811557788944724052e+02 2.032405595267800180e+00 1.279677297974016713e-02
7.868090452261305927e+02 2.031875387827587698e+00 1.280094465423967098e-02
7.924623115577890076e+02 2.031365217442592908e+00 1.280496256899341274e-02
7.981155778894471950e+02 2.030874002738432438e+00 1.280883455462059062e-02
8.037688442211054962e+02 2.030400738558943541e+00 1.281256792466763800e-02
8.094221105527637974e+02 2.029944489340726133e+00 1.281616951814245828e-02
8.150753768844220986e+02 2.029504383170952941e+00 1.281964573771697535e-02
8.207286432160803997e+02 2.029079606447138584e+00 1.282300258416066430e-02
8.263819095477387009e+02 2.028669399068481205e+00 1.282624568775417827e-02
8.320351758793970021e+02 2.028273050097712193e+00 1.282938033651110504e-02
8.376884422110551895e+02 2.027889893840311153e+00 1.283241150195129493e-02
8.433417085427136044e+02 2.027519306294734314e+00 1.283534386254341075e-02
8.489949748743717919e+02 2.027160701933122589e+00 1.283818182496722360e-02
8.546482412060302067e+02 2.026813530776977235e+00 1.284092954367329828e-02
8.603015075376883942e+02 2.026477275736588535e+00 1.284359093867991006e-02
8.659547738693468091e+02 2.026151450186754133e+00 1.284616971184004280e-02
8.716080402010049966e+02 2.025835595754553520e+00 1.284866936177566678e-02
8.772613065326632977e+02 2.025529280297761137e+00 1.285109319767547241e-02
8.829145728643215989e+02 2.025232096054923048e+00 1.285344435185770302e-02
8.885678391959799001e+02 2.024943657950258658e+00 1.285572579134484743e-02
8.942211055276382012e+02 2.024663602038429211e+00 1.285794032867883241e-02
8.998743718592965024e+02 2.024391584075837081e+00 1.286009063165222122e-02
9.055276381909548036e+02 2.024127278206567127e+00 1.286217923256317841e-02
9.111809045226129911e+02 2.023870375752343520e+00 1.286420853656531499e-02
9.168341708542714059e+02 2.023620584096986530e+00 1.286618082954664281e-02
9.224874371859295934e+02 2.023377625656855638e+00 1.286809828526371859e-02
9.281407035175880083e+02 2.023141236929604680e+00 1.286996297219900054e-02
9.337939698492461957e+02 2.022911167614380279e+00 1.287177685969446983e-02
9.394472361809044969e+02 2.022687179797260537e+00 1.287354182376012138e-02
9.451005025125627981e+02 2.022469047196336245e+00 1.287525965254138725e-02
9.507537688442210992e+02 2.022256554461404843e+00 1.287693205125707389e-02
9.564070351758794004e+02 2.022049496523697698e+00 1.287856064695394251e-02
9.620603015075377016e+02 2.021847677991511549e+00 1.288014699283749481e-02
9.677135678391960028e+02 2.021650912588008886e+00 1.288169257230066707e-02
9.733668341708543039e+02 2.021459022627777102e+00 1.288319880289256168e-02
9.790201005025126051e+02 2.021271838529064890e+00 1.288466703974529282e-02
9.846733668341707926e+02 2.021089198358878569e+00 1.288609857892512867e-02
9.903266331658290937e+02 2.020910947408388836e+00 1.288749466062224028e-02
9.959798994974873949e+02 2.020736937796306254e+00 1.288885647207628146e-02
1.001633165829145696e+03 2.020567028098099627e+00 1.289018515022106147e-02
1.007286432160803997e+03 2.020401082999111697e+00 1.289148178439339029e-02
1.012939698492462298e+03 2.020238972969788271e+00 1.289274741867573078e-02
1.018592964824120600e+03 2.020080573961394954e+00 1.289398305423487823e-02
1.024246231155778787e+03 2.019925767120727578e+00 1.289518965139856144e-02
1.029899497487437202e+03 2.019774438522442317e+00 1.289636813174591459e-02
1.035552763819095617e+03 2.019626478917750934e+00 1.289751937986763179e-02
1.041206030150753804e+03 2.019481783498324301e+00 1.289864424536432512e-02
1.046859296482411992e+03 2.019340251674338393e+00 1.289974354436012639e-02
1.052512562814070407e+03 2.019201786865686632e+00 1.290081806115162336e-02
1.058165829145728594e+03 2.019066296305448649e+00 1.290186854975123969e-02
1.063819095477386782e+03 2.018933690854796126e+00 1.290289573520477656e-02
1.069472361809045196e+03 2.018803884828552775e+00 1.290390031504473449e-02
1.075125628140703611e+03 2.018676795830709025e+00 1.290488296048371286e-02
1.080778894472361799e+03 2.018552344599229276e+00 1.290584431765778688e-02
1.086432160804019986e+03 2.018430454859548195e+00 1.290678500869630284e-02
1.092085427135678401e+03 2.018311053186191639e+00 1.290770563285910735e-02
1.097738693467336816e+03 2.018194068872002589e+00 1.290860676755200241e-02
1.103391959798995003e+03 2.018079433804486733e+00 1.290948896923779961e-02
1.109045226130653191e+03 2.017967082348832708e+00 1.291035277439786348e-02
1.114698492462311606e+03 2.017856951237187779e+00 1.291119870037218086e-02
1.120351758793969793e+03 2.017748979463803494e+00 1.291202724623287737e-02
1.126005025125627981e+03 2.017643108185692480e+00 1.291283889348484801e-02
1.131658291457286396e+03 2.017539280628456666e+00 1.291363410688592568e-02
1.137311557788944810e+03 2.017437441996985381e+00 1.291441333511150411e-02
1.142964824120602998e+03 2.017337539390718693e+00 1.291517701138404986e-02
1.148618090452261185e+03 2.017239521723222406e+00 1.291592555423948414e-02
1.154271356783919600e+03 2.017143339645802058e+00 1.291665936800065126e-02
1.159924623115578015e+03 2.017048945474940069e+00 1.291737884338773484e-02
1.165577889447236203e+03 2.016956293123323363e+00 1.291808435816251162e-02
1.171231155778894390e+03 2.016865338034257160e+00 1.291877627751421981e-02
1.176884422110552805e+03 2.016776037119277110e+00 1.291945495465125424e-02
1.182537688442210992e+03 2.016688348698776778e+00 1.292012073122048889e-02
1.188190954773869180e+03 2.016602232445479981e+00 1.292077393782934368e-02
1.193844221105527595e+03 2.016517649330605177e+00 1.292141489439555500e-02
1.199497487437186010e+03 2.016434561572570061e+00 1.292204391061691805e-02
1.205150753768844197e+03 2.016352932588098668e+00 1.292266128637190904e-02
1.210804020100502385e+03 2.016272726945599114e+00 1.292326731205127414e-02
1.216457286432160799e+03 2.016193910320696503e+00 1.292386226894085173e-02
1.222110552763819214e+03 2.016116449453797532e+00 1.292444642958694330e-02
1.227763819095477402e+03 2.016040312109583788e+00 1.292502005809267017e-02
1.233417085427135589e+03 2.015965467038333792e+00 1.292558341041410985e-02
1.239070351758794004e+03 2.015891883938972118e+00 1.292613673474207053e-02
1.244723618090452419e+03 2.015819533423767407e+00 1.292668027171186597e-02
1.250376884422110379e+03 2.015748386984579366e+00 1.292721425468159810e-02
1.256030150753768794e+03 2.015678416960592134e+00 1.292773891006177706e-02
1.261683417085427209e+03 2.015609596507444312e+00 1.292825445749015874e-02
1.267336683417085396e+03 2.015541899567695694e+00 1.292876111009230201e-02
1.272989949748743584e+03 2.015475300842558770e+00 1.292925907479348588e-02
1.278643216080401999e+03 2.015409775764834155e+00 1.292974855237284150e-02
1.284296482412060413e+03 2.015345300472987766e+00 1.293022973789519081e-02
1.289949748743718601e+03 2.015281851786321798e+00 1.293070282067904780e-02
1.295603015075376788e+03 2.015219407181175093e+00 1.293116798467665481e-02
1.301256281407035203e+03 2.015157944768112941e+00 1.293162540859629957e-02
1.306909547738693618e+03 2.015097443270053024e+00 1.293207526605887232e-02
1.312562814070351806e+03 2.015037882001288416e+00 1.293251772577148385e-02
1.318216080402009993e+03 2.014979240847357023e+00 1.293295295176966932e-02
1.323869346733668408e+03 2.014921500245727248e+00 1.293338110348777985e-02
1.329522613065326595e+03 2.014864641167255055e+00 1.293380233593232308e-02
1.335175879396984783e+03 2.014808645098379980e+00 1.293421679983803620e-02
1.340829145728643198e+03 2.014753494024023706e+00 1.293462464187537797e-02
1.346482412060301613e+03 2.014699170411162310e+00 1.293502600465194774e-02
1.352135678391959800e+03 2.014645657193038453e+00 1.293542102695415842e-02
1.357788944723617988e+03 2.014592937753985957e+00 1.293580984380001374e-02
1.363442211055276402e+03 2.014540995914843258e+00 1.293619258662915064e-02
1.369095477386934817e+03 2.014489815918914850e+00 1.293656938337266367e-02
1.374748743718593005e+03 2.014439382418481639e+00 1.293694035855718662e-02
1.380402010050251192e+03 2.014389680461811327e+00 1.293730563346043479e-02
1.386055276381909607e+03 2.014340695480660415e+00 1.293766532616369251e-02
1.391708542713567795e+03 2.014292413278242488e+00 1.293801955169008103e-02
1.397361809045225982e+03 2.014244820017645043e+00 1.293836842207411741e-02
1.403015075376884397e+03 2.014197902210673075e+00 1.293871204646556208e-02
1.408668341708542812e+03 2.014151646707101673e+00 1.293905053121606127e-02
1.414321608040200999e+03 2.014106040684321641e+00 1.293938397996574272e-02
1.419974874371859187e+03 2.014061071637359035e+00 1.293971249376410157e-02
1.425628140703517602e+03 2.014016727369257520e+00 1.294003617105355872e-02
1.431281407035176017e+03 2.013972995981800906e+00 1.294035510785892205e-02
1.436934673366834204e+03 2.013929865866572744e+00 1.294066939775371898e-02
1.442587939698492391e+03 2.013887325696325892e+00 1.294097913204958136e-02
1.448241206030150806e+03 2.013845364416660733e+00 1.294128439977968760e-02
1.453894472361808994e+03 2.013803971237995150e+00 1.294158528778513451e-02
1.459547738693467409e+03 2.013763135627808953e+00 1.294188188076695820e-02
1.465201005025125596e+03 2.013722847303163643e+00 1.294217426138961555e-02
1.470854271356784011e+03 2.013683096223475300e+00 1.294246251033294957e-02
1.476507537688442198e+03 2.013643872583538386e+00 1.294274670630983504e-02
1.482160804020100386e+03 2.013605166806783586e+00 1.294302692616957663e-02
1.487814070351758801e+03 2.013566969538765683e+00 1.294330324486404372e-02
1.493467336683416988e+03 2.013529271640873919e+00 1.294357573567111661e-02
1.499120603015075403e+03 2.013492064184246644e+00 1.294384447005784457e-02
1.504773869346733591e+03 2.013455338443894682e+00 1.294410951783523875e-02
1.510427135678392006e+03 2.013419085893017879e+00 1.294437094722725515e-02
1.516080402010050193e+03 2.013383298197505944e+00 1.294462882480254019e-02
1.521733668341708608e+03 2.013347967210625811e+00 1.294488321562915073e-02
1.527386934673366795e+03 2.013313084967874644e+00 1.294513418324058987e-02
1.533040201005025210e+03 2.013278643682008262e+00 1.294538178979048708e-02
1.538693467336683398e+03 2.013244635738223653e+00 1.294562609594998234e-02
1.544346733668341585e+03 2.013211053689497820e+00 1.294586716099379448e-02
1.550000000000000000e+03 2.013177890252078495e+00 1.294610504293770142e-02
