4.250000000000000000e+02 1.583307265749767545e+00 3.766199158233294875e-01
4.306532663316583012e+02 1.691175692514559348e+00 3.502493540193321597e-01
4.363065326633166023e+02 1.747519522508046874e+00 3.361236151072186096e-01
4.419597989949749035e+02 1.788076620767730551e+00 3.251432776915471057e-01
4.476130653266331478e+02 1.821403963261321479e+00 3.152770355549664449e-01
4.532663316582914490e+02 1.850831408921441712e+00 3.057468938623267851e-01
4.589195979899497502e+02 1.877988321681943296e+00 2.961624849299018813e-01
4.645728643216080513e+02 1.903788507281100939e+00 2.862873419106704564e-01
4.702261306532663525e+02 1.928792777170561523e+00 2.759534311210386504e-01
4.758793969849245968e+02 1.953367180955570159e+00 2.650223118463532201e-01
4.815326633165828980e+02 1.977760310387587372e+00 2.533632540803392175e-01
4.871859296482411992e+02 2.002143742884982203e+00 2.408371683314990130e-01
4.928391959798995003e+02 2.026633303525854579e+00 2.272805675056132346e-01
4.984924623115578015e+02 2.051298190974264468e+00 2.124845177041005673e-01
5.041457286432161027e+02 2.076158989341600591e+00 1.961609342214497842e-01
5.097989949748744039e+02 2.101168354086960566e+00 1.778798563409646760e-01
5.154522613065327050e+02 2.126148768853111548e+00 1.569340172097776487e-01
5.211055276381910062e+02 2.150577933080445980e+00 1.319833091159736127e-01
5.267587939698491937e+02 2.172522195231578301e+00 9.975638660365455934e-02
5.324120603015074948e+02 2.167771211405660647e+00 4.279798487349121411e-02
5.380653266331657960e+02 2.130276335610692406e+00 1.109137983987856270e-02
5.437185929648240972e+02 2.093786030940921972e+00 1.128905045661632821e-02
5.493718592964823983e+02 2.071698907830638259e+00 1.141360061478479890e-02
5.550251256281406995e+02 2.055808001173674349e+00 1.150583851024183230e-02
5.606783919597990007e+02 2.043494232388606058e+00 1.157900730252147715e-02
5.663316582914573019e+02 2.033532338717922716e+00 1.163939551444517079e-02
5.719849246231156030e+02 2.025238236643621903e+00 1.169056282819356044e-02
5.776381909547739042e+02 2.018187660639551684e+00 1.173474547269257387e-02
5.832914572864322054e+02 2.012098255034425964e+00 1.177344974698494272e-02
5.889447236180903928e+02 2.006772289863324676e+00 1.180774258597700431e-02
5.945979899497488077e+02 2.002065840484067660e+00 1.183840906432415997e-02
6.002512562814069952e+02 1.997870910101179565e+00 1.186604442429789290e-02
6.059045226130652964e+02 1.994104440887952689e+00 1.189111104393686565e-02
6.115577889447235975e+02 1.990701240192774168e+00 1.191397536080161974e-02
6.172110552763818987e+02 1.987609252030459350e+00 1.193493271830364626e-02
6.228643216080401999e+02 1.984786295467125150e+00 1.195422461491183093e-02
6.285175879396985010e+02 1.982197754232877251e+00 1.197205099947842855e-02
6.341708542713568022e+02 1.979814902389503972e+00 1.198857923601556914e-02
6.398241206030151034e+02 1.977613666687605631e+00 1.200395076989494748e-02
6.454773869346734045e+02 1.975573695705798549e+00 1.201828617069632815e-02
6.511306532663315920e+02 1.973677648904419435e+00 1.203168900567013269e-02
6.567839195979900069e+02 1.971910646167296388e+00 1.204424885557250913e-02
6.624371859296481944e+02 1.970259836347004967e+00 1.205604369138717907e-02
6.680904522613064955e+02 1.968714055325525125e+00 1.206714176818053305e-02
6.737437185929647967e+02 1.967263552285941852e+00 1.207760314923377043e-02
6.793969849246230979e+02 1.965899768575297024e+00 1.208748094381409920e-02
6.850502512562813990e+02 1.964615157552313862e+00 1.209682232079606866e-02
6.907035175879397002e+02 1.963403036690104297e+00 1.210566934510683146e-02
6.963567839195980014e+02 1.962257465293594905e+00 1.211405967285045758e-02
7.020100502512563025e+02 1.961173142728577901e+00 1.212202713275843668e-02
7.076633165829146037e+02 1.960145323203124290e+00 1.212960221561999903e-02
7.133165829145727912e+02 1.959169744002376312e+00 1.213681248838142414e-02
7.189698492462312061e+02 1.958242564731128565e+00 1.214368294663236390e-02
7.246231155778893935e+02 1.957360315619474544e+00 1.215023631590506602e-02
7.302763819095478084e+02 1.956519853334012904e+00 1.215649331063407487e-02
7.359296482412059959e+02 1.955718323038876161e+00 1.216247285744025131e-02
7.415829145728642970e+02 1.954953125687787452e+00 1.216819228869982401e-02
7.472361809045225982e+02 1.954221889715702210e+00 1.217366751089888136e-02
7.528894472361808994e+02 1.953522446447708782e+00 1.217891315155124159e-02
7.585427135678392006e+02 1.952852808662310480e+00 1.218394268789282919e-02
7.641959798994975017e+02 1.952211151842421444e+00 1.218876856010994887e-02
7.698492462311558029e+02 1.951595797725377279e+00 1.219340227100988369e-02
7.755025125628139904e+02 1.951005199826741476e+00 1.219785447426516636e-02
7.811557788944724052e+02 1.950437930664662645e+00 1.220213505266965273e-02
7.868090452261305927e+02 1.949892670454269394e+00 1.220625318762910000e-02
7.924623115577890076e+02 1.949368197076901676e+00 1.221021742128745348e-02
7.981155778894471950e+02 1.948863377158267962e+00 1.221403571181517086e-02
8.037688442211054962e+02 1.948377158114027452e+00 1.221771548319626997e-02
8.094221105527637974e+02 1.947908561041699738e+00 1.222126366969756434e-02
8.150753768844220986e+02 1.947456674354957507e+00 1.222468675607078260e-02
8.207286432160803997e+02 1.947020648070773907e+00 1.222799081364233167e-02
8.263819095477387009e+02 1.946599688672124850e+00 1.223118153307759491e-02
8.320351758793970021e+02 1.946193054479284923e+00 1.223426425384007733e-02
8.376884422110551895e+02 1.945800051471573422e+00 1.223724399113465706e-02
8.433417085427136044e+02 1.945420029508928339e+00 1.224012546018663113e-02
8.489949748743717919e+02 1.945052378909114310e+00 1.224291309847766289e-02
8.546482412060302067e+02 1.944696527341908121e+00 1.224561108589551986e-02
8.603015075376883942e+02 1.944351937006351339e+00 1.224822336323377892e-02
8.659547738693468091e+02 1.944018102061270348e+00 1.225075364901375904e-02
8.716080402010049966e+02 1.943694546282812574e+00 1.225320545498073677e-02
8.772613065326632977e+02 1.943380820925826313e+00 1.225558210022656934e-02
8.829145728643215989e+02 1.943076502768592784e+00 1.225788672418921983e-02
8.885678391959799001e+02 1.942781192322744932e+00 1.226012229864290211e-02
8.942211055276382012e+02 1.942494512192252776e+00 1.226229163869235923e-02
8.998743718592965024e+02 1.942216105567124984e+00 1.226439741285672777e-02
9.055276381909548036e+02 1.941945634839058688e+00 1.226644215253623084e-02
9.111809045226129911e+02 1.941682780327614211e+00 1.226842826054781906e-02
9.168341708542714059e+02 1.941427239106730429e+00 1.227035801921231260e-02
9.224874371859295934e+02 1.941178723922437399e+00 1.227223359770577595e-02
9.281407035175880083e+02 1.940936962193579696e+00 1.227405705893069160e-02
9.337939698492461957e+02 1.940701695088191681e+00 1.227583036591784436e-02
9.394472361809044969e+02 1.940472676668901775e+00 1.227755538767923670e-02
9.451005025125627981e+02 1.940249673101406946e+00 1.227923390476680018e-02
9.507537688442210992e+02 1.940032461920635054e+00 1.228086761435736966e-02
9.564070351758794004e+02 1.939820831349734487e+00 1.228245813500081392e-02
9.620603015075377016e+02 1.939614579667497285e+00 1.228400701111375531e-02
9.677135678391960028e+02 1.939413514620231815e+00 1.228551571706617065e-02
9.733668341708543039e+02 1.939217452874475889e+00 1.228698566107873022e-02
9.790201005025126051e+02 1.939026219507270721e+00 1.228841818883220569e-02
9.846733668341707926e+02 1.938839647531016341e+00 1.228981458687100625e-02
9.903266331658290937e+02 1.938657577450194625e+00 1.229117608572017663e-02
9.959798994974873949e+02 1.938479856847492577e+00 1.229250386287907004e-02
1.001633165829145696e+03 1.938306339997066807e+00 1.229379904561088421e-02
1.007286432160803997e+03 1.938136887502893924e+00 1.229506271353759256e-02
1.012939698492462298e+03 1.937971365960325043e+00 1.229629590105878190e-02
1.018592964824120600e+03 1.937809647639125110e+00 1.229749959969409119e-02
1.024246231155778787e+03 1.937651610186413853e+00 1.229867476021419097e-02
1.029899497487437202e+03 1.937497136348072413e+00 1.229982229467797665e-02
1.035552763819095617e+03 1.937346113707279605e+00 1.230094307837628111e-02
1.041206030150753804e+03 1.937198434438966332e+00 1.230203795154697841e-02
1.046859296482411992e+03 1.937053995079065949e+00 1.230310772117763039e-02
1.052512562814070407e+03 1.936912696307526049e+00 1.230415316253486400e-02
1.058165829145728594e+03 1.936774442744138458e+00 1.230517502069147090e-02
1.063819095477386782e+03 1.936639142756307885e+00 1.230617401194306591e-02
1.069472361809045196e+03 1.936506708277953015e+00 1.230715082517770155e-02
1.075125628140703611e+03 1.936377054638793282e+00 1.230810612311732631e-02
1.080778894472361799e+03 1.936250100403338337e+00 1.230904054353954176e-02
1.086432160804019986e+03 1.936125767218931371e+00 1.230995470040759966e-02
1.092085427135678401e+03 1.936003979672270559e+00 1.231084918492680348e-02
1.097738693467336816e+03 1.935884665153851047e+00 1.231172456660858255e-02
1.103391959798995003e+03 1.935767753729828344e+00 1.231258139418905939e-02
1.109045226130653191e+03 1.935653178020829923e+00 1.231342019655546835e-02
1.114698492462311606e+03 1.935540873087280955e+00 1.231424148363546162e-02
1.120351758793969793e+03 1.935430776320837820e+00 1.231504574719523813e-02
1.126005025125627981e+03 1.935322827341556362e+00 1.231583346163677394e-02
1.131658291457286396e+03 1.935216967900439622e+00 1.231660508472207267e-02
1.137311557788944810e+03 1.935113141787043523e+00 1.231736105826956688e-02
1.142964824120602998e+03 1.935011294741835419e+00 1.231810180887684542e-02
1.148618090452261185e+03 1.934911374373024184e+00 1.231882774848041401e-02
1.154271356783919600e+03 1.934813330077594706e+00 1.231953927502300525e-02
1.159924623115578015e+03 1.934717112966304997e+00 1.232023677300309907e-02
1.165577889447236203e+03 1.934622675792413649e+00 1.232092061399686807e-02
1.171231155778894390e+03 1.934529972883922255e+00 1.232159115724267701e-02
1.176884422110552805e+03 1.934438960079136072e+00 1.232224875008991992e-02
1.182537688442210992e+03 1.934349594665349947e+00 1.232289372847444713e-02
1.188190954773869180e+03 1.934261835320489009e+00 1.232352641738455358e-02
1.193844221105527595e+03 1.934175642057535338e+00 1.232414713129053110e-02
1.199497487437186010e+03 1.934090976171590981e+00 1.232475617455582734e-02
1.205150753768844197e+03 1.934007800189427861e+00 1.232535384182983917e-02
1.210804020100502385e+03 1.933926077821393807e+00 1.232594041838633650e-02
1.216457286432160799e+03 1.933845773915546129e+00 1.232651618055164919e-02
1.222110552763819214e+03 1.933766854413890179e+00 1.232708139596144087e-02
1.227763819095477402e+03 1.933689286310618982e+00 1.232763632397932373e-02
1.233417085427135589e+03 1.933613037612236907e+00 1.232818121590808016e-02
1.239070351758794004e+03 1.933538077299481239e+00 1.232871631538077009e-02
1.244723618090452419e+03 1.933464375290938841e+00 1.232924185858049783e-02
1.250376884422110379e+03 1.933391902408272855e+00 1.232975807455003944e-02
1.256030150753768794e+03 1.933320630342981516e+00 1.233026518542021735e-02
1.261683417085427209e+03 1.933250531624605140e+00 1.233076340669211728e-02
1.267336683417085396e+03 1.933181579590311117e+00 1.233125294745611097e-02
1.272989949748743584e+03 1.933113748355787420e+00 1.233173401064672353e-02
1.278643216080401999e+03 1.933047012787380448e+00 1.233220679321631041e-02
1.284296482412060413e+03 1.932981348475412808e+00 1.233267148638063880e-02
1.289949748743718601e+03 1.932916731708628433e+00 1.233312827582828432e-02
1.295603015075376788e+03 1.932853139449703717e+00 1.233357734185791532e-02
1.301256281407035203e+03 1.932790549311778294e+00 1.233401885965046754e-02
1.306909547738693618e+03 1.932728939535953261e+00 1.233445299936116422e-02
1.312562814070351806e+03 1.932668288969713100e+00 1.233487992635547842e-02
1.318216080402009993e+03 1.932608577046224685e+00 1.233529980133694047e-02
1.323869346733668408e+03 1.932549783764476059e+00 1.233571278051989219e-02
1.329522613065326595e+03 1.932491889670210128e+00 1.233611901575712259e-02
1.335175879396984783e+03 1.932434875837622634e+00 1.233651865473042557e-02
1.340829145728643198e+03 1.932378723851784441e+00 1.233691184105108196e-02
1.346482412060301613e+03 1.932323415791756815e+00 1.233729871437825969e-02
1.352135678391959800e+03 1.932268934214366851e+00 1.233767941063633987e-02
1.357788944723617988e+03 1.932215262138617273e+00 1.233805406202517947e-02
1.363442211055276402e+03 1.932162383030695318e+00 1.233842279721030812e-02
1.369095477386934817e+03 1.932110280789558043e+00 1.233878574142306499e-02
1.374748743718593005e+03 1.932058939733072744e+00 1.233914301657866759e-02
1.380402010050251192e+03 1.932008344584674742e+00 1.233949474134025601e-02
1.386055276381909607e+03 1.931958480460536975e+00 1.233984103128184066e-02
1.391708542713567795e+03 1.931909332857214556e+00 1.234018199894325145e-02
1.397361809045225982e+03 1.931860887639751834e+00 1.234051775395698762e-02
1.403015075376884397e+03 1.931813131030229780e+00 1.234084840308509110e-02
1.408668341708542812e+03 1.931766049596735479e+00 1.234117405038190167e-02
1.414321608040200999e+03 1.931719630242732411e+00 1.234149479723083316e-02
1.419974874371859187e+03 1.931673860196820858e+00 1.234181074243508730e-02
1.425628140703517602e+03 1.931628727002866697e+00 1.234212198228134584e-02
1.431281407035176017e+03 1.931584218510484785e+00 1.234242861064840935e-02
1.436934673366834204e+03 1.931540322865863191e+00 1.234273071907980926e-02
1.442587939698492391e+03 1.931497028502913826e+00 1.234302839682041748e-02
1.448241206030150806e+03 1.931454324134733058e+00 1.234332173088900815e-02
1.453894472361808994e+03 1.931412198745366737e+00 1.234361080619576258e-02
1.459547738693467409e+03 1.931370641581857894e+00 1.234389570554281224e-02
1.465201005025125596e+03 1.931329642146574876e+00 1.234417650971471325e-02
1.470854271356784011e+03 1.931289190189801719e+00 1.234445329754189913e-02
1.476507537688442198e+03 1.931249275702583867e+00 1.234472614594613396e-02
1.482160804020100386e+03 1.931209888909817929e+00 1.234499513000392526e-02
1.487814070351758801e+03 1.931171020263576787e+00 1.234526032299193728e-02
1.493467336683416988e+03 1.931132660436660098e+00 1.234552179644135723e-02
1.499120603015075403e+03 1.931094800316360161e+00 1.234577962019227197e-02
1.504773869346733591e+03 1.931057430998437852e+00 1.234603386245699576e-02
1.510427135678392006e+03 1.931020543781297505e+00 1.234628458982044499e-02
1.516080402010050193e+03 1.930984130160355194e+00 1.234653186732141694e-02
1.521733668341708608e+03 1.930948181822591758e+00 1.234677575849790071e-02
1.527386934673366795e+03 1.930912690641283458e+00 1.234701632542336766e-02
1.533040201005025210e+03 1.930877648670905389e+00 1.234725362872506581e-02
1.538693467336683398e+03 1.930843048142198537e+00 1.234748772763827329e-02
1.544346733668341585e+03 1.930808881457397153e+00 1.234771868009650053e-02
1.550000000000000000e+03 1.930775141185606447e+00 1.234794654265983053e-02
