4.250000000000000000e+02 1.596585652948064427e+00 3.445097782007306986e-01
4.306532663316583012e+02 1.695616294833578230e+00 3.222422358890434935e-01
4.363065326633166023e+02 1.747480565505828753e+00 3.100817972096508446e-01
4.419597989949749035e+02 1.784877701142959516e+00 3.005031980595522234e-01
4.476130653266331478e+02 1.815649854820003739e+00 2.918088738737209531e-01
4.532663316582914490e+02 1.842851728365047403e+00 2.833432987281874205e-01
4.589195979899497502e+02 1.867979214301946689e+00 2.747742428723313757e-01
4.645728643216080513e+02 1.891871870448644355e+00 2.658977378040905948e-01
4.702261306532663525e+02 1.915045327390776153e+00 2.565663857078785415e-01
4.758793969849245968e+02 1.937836425463561163e+00 2.466565014230762687e-01
4.815326633165828980e+02 1.960474144290682341e+00 2.360492988799864356e-01
4.871859296482411992e+02 1.983116717380653649e+00 2.246167175731254295e-01
4.928391959798995003e+02 2.005871140175056411e+00 2.122068843930863813e-01
4.984924623115578015e+02 2.028801529170785045e+00 1.986246588338121954e-01
5.041457286432161027e+02 2.051927260265001607e+00 1.836001575376776940e-01
5.097989949748744039e+02 2.075205165006766883e+00 1.667298725581193020e-01
5.154522613065327050e+02 2.098472231235933183e+00 1.473491233239631604e-01
5.211055276381910062e+02 2.121248135636380816e+00 1.241960571929733859e-01
5.267587939698491937e+02 2.141752937694441972e+00 9.417702847723831427e-02
5.324120603015074948e+02 2.136562070839259420e+00 4.032321825604118920e-02
5.380653266331657960e+02 2.101206703963790279e+00 1.236992930667100976e-02
5.437185929648240972e+02 2.067808923515629171e+00 1.257450221457932261e-02
5.493718592964823983e+02 2.047514928524858391e+00 1.270371697621129961e-02
5.550251256281406995e+02 2.032895637605616201e+00 1.279945458552166938e-02
5.606783919597990007e+02 2.021561348441367034e+00 1.287540037333742560e-02
5.663316582914573019e+02 2.012389839378384337e+00 1.293807241184795169e-02
5.719849246231156030e+02 2.004753213660624311e+00 1.299116563878074948e-02
5.776381909547739042e+02 1.998261539350892679e+00 1.303700287239170121e-02
5.832914572864322054e+02 1.992655087740725639e+00 1.307714922787168998e-02
5.889447236180903928e+02 1.987751868859649607e+00 1.311271341646738121e-02
5.945979899497488077e+02 1.983419361915123913e+00 1.314451124471639580e-02
6.002512562814069952e+02 1.979558099333969423e+00 1.317316121152323737e-02
6.059045226130652964e+02 1.976091567841642194e+00 1.319914371175087524e-02
6.115577889447235975e+02 1.972959703393221131e+00 1.322283941852633871e-02
6.172110552763818987e+02 1.970114540662189384e+00 1.324455511450614922e-02
6.228643216080401999e+02 1.967517210980214593e+00 1.326454162544405194e-02
6.285175879396985010e+02 1.965135815144157583e+00 1.328300660316023181e-02
6.341708542713568022e+02 1.962943881460543105e+00 1.330012384522278462e-02
6.398241206030151034e+02 1.960919225726498238e+00 1.331604022430925294e-02
6.454773869346734045e+02 1.959043093657057533e+00 1.333088092958923179e-02
6.511306532663315920e+02 1.957299505828840269e+00 1.334475349220733478e-02
6.567839195979900069e+02 1.955674750443357812e+00 1.335775091890263264e-02
6.624371859296481944e+02 1.954156985717444339e+00 1.336995416137940970e-02
6.680904522613064955e+02 1.952735924746988427e+00 1.338143408364148197e-02
6.737437185929647967e+02 1.951402583222474618e+00 1.339225304508515242e-02
6.793969849246230979e+02 1.950149075608057281e+00 1.340246618592158198e-02
6.850502512562813990e+02 1.948968449091627919e+00 1.341212247979484823e-02
6.907035175879397002e+02 1.947854547262362068e+00 1.342126560229092019e-02
6.963567839195980014e+02 1.946801897396980952e+00 1.342993465254599915e-02
7.020100502512563025e+02 1.945805616652038772e+00 1.343816475695415805e-02
7.076633165829146037e+02 1.944861333513365098e+00 1.344598757709667032e-02
7.133165829145727912e+02 1.943965121646472616e+00 1.345343173970404115e-02
7.189698492462312061e+02 1.943113443893830894e+00 1.346052320235039713e-02
7.246231155778893935e+02 1.942303104626483590e+00 1.346728556631544317e-02
7.302763819095478084e+02 1.941531209014349946e+00 1.347374034515357900e-02
7.359296482412059959e+02 1.940795128057685837e+00 1.347990719657159858e-02
7.415829145728642970e+02 1.940092468440562934e+00 1.348580412323942095e-02
7.472361809045225982e+02 1.939421046439923968e+00 1.349144764747126773e-02
7.528894472361808994e+02 1.938778865261219453e+00 1.349685296374544298e-02
7.585427135678392006e+02 1.938164095281735388e+00 1.350203407223007045e-02
7.641959798994975017e+02 1.937575056771420501e+00 1.350700389626637889e-02
7.698492462311558029e+02 1.937010204732884100e+00 1.351177438582815485e-02
7.755025125628139904e+02 1.936468115560763259e+00 1.351635660911003171e-02
7.811557788944724052e+02 1.935947475268569695e+00 1.352076083368818592e-02
7.868090452261305927e+02 1.935447069070514559e+00 1.352499659875630762e-02
7.924623115577890076e+02 1.934965772138371731e+00 1.352907277943455645e-02
7.981155778894471950e+02 1.934502541380436424e+00 1.353299764436090291e-02
8.037688442211054962e+02 1.934056408112133418e+00 1.353677890715850214e-02
8.094221105527637974e+02 1.933626471506662892e+00 1.354042377278439659e-02
8.150753768844220986e+02 1.933211892729846282e+00 1.354393897914374367e-02
8.207286432160803997e+02 1.932811889676662176e+00 1.354733083460342609e-02
8.263819095477387009e+02 1.932425732238212124e+00 1.355060525198551261e-02
8.320351758793970021e+02 1.932052738037393080e+00 1.355376777919964359e-02
8.376884422110551895e+02 1.931692268579689342e+00 1.355682362717873513e-02
8.433417085427136044e+02 1.931343725772413089e+00 1.355977769511624610e-02
8.489949748743717919e+02 1.931006548771673215e+00 1.356263459350099711e-02
8.546482412060302067e+02 1.930680211121428291e+00 1.356539866515700694e-02
8.603015075376883942e+02 1.930364218153379330e+00 1.356807400434704644e-02
8.659547738693468091e+02 1.930058104620234971e+00 1.357066447430842551e-02
8.716080402010049966e+02 1.929761432538148247e+00 1.357317372332644823e-02
8.772613065326632977e+02 1.929473789216979096e+00 1.357560519941733261e-02
8.829145728643215989e+02 1.929194785459487527e+00 1.357796216384711020e-02
8.885678391959799001e+02 1.928924053912723258e+00 1.358024770354859107e-02
8.942211055276382012e+02 1.928661247556751057e+00 1.358246474256339688e-02
8.998743718592965024e+02 1.928406038317493021e+00 1.358461605257826194e-02
9.055276381909548036e+02 1.928158115791911653e+00 1.358670426264070585e-02
9.111809045226129911e+02 1.927917186075021494e+00 1.358873186817964596e-02
9.168341708542714059e+02 1.927682970679328145e+00 1.359070123928453333e-02
9.224874371859295934e+02 1.927455205538283645e+00 1.359261462840062953e-02
9.281407035175880083e+02 1.927233640086206012e+00 1.359447417749148380e-02
9.337939698492461957e+02 1.927018036407883050e+00 1.359628192464596395e-02
9.394472361809044969e+02 1.926808168451765724e+00 1.359803981020499264e-02
9.451005025125627981e+02 1.926603821301246855e+00 1.359974968253196102e-02
9.507537688442210992e+02 1.926404790499079978e+00 1.360141330325666080e-02
9.564070351758794004e+02 1.926210881420452603e+00 1.360303235229599374e-02
9.620603015075377016e+02 1.926021908690664919e+00 1.360460843244025095e-02
9.677135678391960028e+02 1.925837695643747960e+00 1.360614307366102976e-02
9.733668341708543039e+02 1.925658073818694582e+00 1.360763773713343644e-02
9.790201005025126051e+02 1.925482882490277881e+00 1.360909381903050060e-02
9.846733668341707926e+02 1.925311968231720794e+00 1.361051265400069384e-02
9.903266331658290937e+02 1.925145184506706908e+00 1.361189551845161556e-02
9.959798994974873949e+02 1.924982391288468264e+00 1.361324363368115152e-02
1.001633165829145696e+03 1.924823454703862069e+00 1.361455816872610310e-02
1.007286432160803997e+03 1.924668246700549368e+00 1.361584024310005629e-02
1.012939698492462298e+03 1.924516644735538407e+00 1.361709092929038953e-02
1.018592964824120600e+03 1.924368531483507061e+00 1.361831125523500600e-02
1.024246231155778787e+03 1.924223794563454382e+00 1.361950220646109162e-02
1.029899497487437202e+03 1.924082326282347211e+00 1.362066472831021009e-02
1.035552763819095617e+03 1.923944023394543512e+00 1.362179972782607759e-02
1.041206030150753804e+03 1.923808786875865540e+00 1.362290807571286261e-02
1.046859296482411992e+03 1.923676521711294329e+00 1.362399060801374948e-02
1.052512562814070407e+03 1.923547136695337390e+00 1.362504812786045211e-02
1.058165829145728594e+03 1.923420544244191843e+00 1.362608140699233042e-02
1.063819095477386782e+03 1.923296660218896559e+00 1.362709118723271114e-02
1.069472361809045196e+03 1.923175403758735635e+00 1.362807818193074658e-02
1.075125628140703611e+03 1.923056697124200465e+00 1.362904307724670770e-02
1.080778894472361799e+03 1.922940465548877098e+00 1.362998653340310139e-02
1.086432160804019986e+03 1.922826637099676717e+00 1.363090918590169343e-02
1.092085427135678401e+03 1.922715142544858757e+00 1.363181164658439776e-02
1.097738693467336816e+03 1.922605915229352869e+00 1.363269450474990235e-02
1.103391959798995003e+03 1.922498890956903406e+00 1.363355832813879093e-02
1.109045226130653191e+03 1.922394007878614586e+00 1.363440366385241902e-02
1.114698492462311606e+03 1.922291206387485518e+00 1.363523103932778521e-02
1.120351758793969793e+03 1.922190429018569624e+00 1.363604096308343450e-02
1.126005025125627981e+03 1.922091620354408059e+00 1.363683392565991949e-02
1.131658291457286396e+03 1.921994726935414954e+00 1.363761040028260707e-02
1.137311557788944810e+03 1.921899697174917820e+00 1.363837084366213877e-02
1.142964824120602998e+03 1.921806481278569567e+00 1.363911569665577674e-02
1.148618090452261185e+03 1.921715031167873899e+00 1.363984538494437612e-02
1.154271356783919600e+03 1.921625300407582060e+00 1.364056031965991435e-02
1.159924623115578015e+03 1.921537244136732880e+00 1.364126089796359464e-02
1.165577889447236203e+03 1.921450819003125199e+00 1.364194750365598299e-02
1.171231155778894390e+03 1.921365983101025909e+00 1.364262050768083254e-02
1.176884422110552805e+03 1.921282695911928018e+00 1.364328026866101946e-02
1.182537688442210992e+03 1.921200918248185507e+00 1.364392713339332430e-02
1.188190954773869180e+03 1.921120612199365141e+00 1.364456143731842055e-02
1.193844221105527595e+03 1.921041741081162435e+00 1.364518350492536884e-02
1.199497487437186010e+03 1.920964269386741474e+00 1.364579365026968860e-02
1.205150753768844197e+03 1.920888162740362892e+00 1.364639217727953158e-02
1.210804020100502385e+03 1.920813387853178344e+00 1.364697938021615028e-02
1.216457286432160799e+03 1.920739912481074452e+00 1.364755554402828815e-02
1.222110552763819214e+03 1.920667705384453638e+00 1.364812094465750469e-02
1.227763819095477402e+03 1.920596736289851725e+00 1.364867584946526449e-02
1.233417085427135589e+03 1.920526975853294127e+00 1.364922051748894416e-02
1.239070351758794004e+03 1.920458395625299630e+00 1.364975519977085043e-02
1.244723618090452419e+03 1.920390968017446243e+00 1.365028013967073059e-02
1.250376884422110379e+03 1.920324666270418312e+00 1.365079557311302781e-02
1.256030150753768794e+03 1.920259464423460294e+00 1.365130172889902904e-02
1.261683417085427209e+03 1.920195337285162562e+00 1.365179882892934675e-02
1.267336683417085396e+03 1.920132260405515545e+00 1.365228708849945509e-02
1.272989949748743584e+03 1.920070210049166670e+00 1.365276671646493793e-02
1.278643216080401999e+03 1.920009163169820843e+00 1.365323791556923710e-02
1.284296482412060413e+03 1.919949097385726500e+00 1.365370088255170485e-02
1.289949748743718601e+03 1.919889990956197057e+00 1.365415580844255364e-02
1.295603015075376788e+03 1.919831822759113571e+00 1.365460287872758208e-02
1.301256281407035203e+03 1.919774572269364876e+00 1.365504227354530364e-02
1.306909547738693618e+03 1.919718219538175896e+00 1.365547416787585289e-02
1.312562814070351806e+03 1.919662745173286389e+00 1.365589873170537476e-02
1.318216080402009993e+03 1.919608130319935713e+00 1.365631613022286368e-02
1.323869346733668408e+03 1.919554356642617643e+00 1.365672652395185163e-02
1.329522613065326595e+03 1.919501406307571045e+00 1.365713006893079506e-02
1.335175879396984783e+03 1.919449261965965547e+00 1.365752691685274099e-02
1.340829145728643198e+03 1.919397906737759563e+00 1.365791721521303695e-02
1.346482412060301613e+03 1.919347324196192472e+00 1.365830110746509354e-02
1.352135678391959800e+03 1.919297498352882991e+00 1.365867873309480757e-02
1.357788944723617988e+03 1.919248413643512396e+00 1.365905022784934426e-02
1.363442211055276402e+03 1.919200054914056208e+00 1.365941572377891468e-02
1.369095477386934817e+03 1.919152407407548999e+00 1.365977534935977969e-02
1.374748743718593005e+03 1.919105456751353467e+00 1.366012922965783791e-02
1.380402010050251192e+03 1.919059188944913341e+00 1.366047748641900129e-02
1.386055276381909607e+03 1.919013590347967257e+00 1.366082023812702391e-02
1.391708542713567795e+03 1.918968647669207828e+00 1.366115760019944760e-02
1.397361809045225982e+03 1.918924347955358822e+00 1.366148968498844159e-02
1.403015075376884397e+03 1.918880678580661137e+00 1.366181660194415275e-02
1.408668341708542812e+03 1.918837627236744225e+00 1.366213845768048975e-02
1.414321608040200999e+03 1.918795181922869242e+00 1.366245535605711305e-02
1.419974874371859187e+03 1.918753330936525225e+00 1.366276739826953815e-02
1.425628140703517602e+03 1.918712062864368573e+00 1.366307468294730362e-02
1.431281407035176017e+03 1.918671366573485804e+00 1.366337730621962343e-02
1.436934673366834204e+03 1.918631231202970966e+00 1.366367536176475023e-02
1.442587939698492391e+03 1.918591646155800134e+00 1.366396894093244163e-02
1.448241206030150806e+03 1.918552601090995902e+00 1.366425813279326454e-02
1.453894472361808994e+03 1.918514085916065204e+00 1.366454302418787688e-02
1.459547738693467409e+03 1.918476090779701160e+00 1.366482369983316666e-02
1.465201005025125596e+03 1.918438606064741370e+00 1.366510024233897995e-02
1.470854271356784011e+03 1.918401622381366467e+00 1.366537273231420956e-02
1.476507537688442198e+03 1.918365130560534038e+00 1.366564124839161030e-02
1.482160804020100386e+03 1.918329121647636359e+00 1.366590586729321891e-02
1.487814070351758801e+03 1.918293586896375080e+00 1.366616666391200739e-02
1.493467336683416988e+03 1.918258517762839732e+00 1.366642371132850524e-02
1.499120603015075403e+03 1.918223905899789639e+00 1.366667708090055049e-02
1.504773869346733591e+03 1.918189743151123450e+00 1.366692684224738927e-02
1.510427135678392006e+03 1.918156021546534085e+00 1.366717306338811888e-02
1.516080402010050193e+03 1.918122733296341087e+00 1.366741581070952255e-02
1.521733668341708608e+03 1.918089870786492179e+00 1.366765514907198470e-02
1.527386934673366795e+03 1.918057426573728019e+00 1.366789114180166562e-02
1.533040201005025210e+03 1.918025393380905275e+00 1.366812385076389587e-02
1.538693467336683398e+03 1.917993764092471576e+00 1.366835333639594696e-02
1.544346733668341585e+03 1.917962531750084132e+00 1.366857965774790663e-02
1.550000000000000000e+03 1.917931689548371343e+00 1.366880287251542349e-02
