4.250000000000000000e+02 1.668896487219003744e+00 3.514143328368682928e-01
4.306532663316583012e+02 1.770896754782869564e+00 3.285628043634299944e-01
4.363065326633166023e+02 1.824568928981948002e+00 3.157988308152882007e-01
4.419597989949749035e+02 1.863412563405040911e+00 3.055856343051141510e-01
4.476130653266331478e+02 1.895467253368536831e+00 2.962148449139806461e-01
4.532663316582914490e+02 1.923865751082892039e+00 2.870217387650513263e-01
4.589195979899497502e+02 1.950142127793090818e+00 2.776646890939802881e-01
4.645728643216080513e+02 1.975156728739661416e+00 2.679289202796586999e-01
4.702261306532663525e+02 1.999436793075477281e+00 2.576536657421838461e-01
4.758793969849245968e+02 2.023324926739732632e+00 2.466978466189107544e-01
4.815326633165828980e+02 2.047051177419848766e+00 2.349190770030396835e-01
4.871859296482411992e+02 2.070769824220143107e+00 2.221559199761667103e-01
4.928391959798995003e+02 2.094576811532472327e+00 2.082070484673182453e-01
4.984924623115578015e+02 2.118512687979089204e+00 1.927997473031086428e-01
5.041457286432161027e+02 2.142546897556559582e+00 1.755330388874209446e-01
5.097989949748744039e+02 2.166519958115270761e+00 1.557576360441655372e-01
5.154522613065327050e+02 2.189941155840442910e+00 1.322693389240971740e-01
5.211055276381910062e+02 2.211004621428042771e+00 1.022432860996623227e-01
5.267587939698491937e+02 2.212503361723391571e+00 5.311978822496538771e-02
5.324120603015074948e+02 2.180787877358216775e+00 1.253629462244781542e-02
5.380653266331657960e+02 2.143648382327826063e+00 1.275860630069269516e-02
5.437185929648240972e+02 2.121915814063386474e+00 1.289418467168074525e-02
5.493718592964823983e+02 2.106521550733170489e+00 1.299310631142345032e-02
5.550251256281406995e+02 2.094706451095117217e+00 1.307087637119795295e-02
5.606783919597990007e+02 2.085212732480299369e+00 1.313466710812522323e-02
5.663316582914573019e+02 2.077349627130262721e+00 1.318847014883387826e-02
5.719849246231156030e+02 2.070693652321568656e+00 1.323476294241697666e-02
5.776381909547739042e+02 2.064965415088106493e+00 1.327519900773647780e-02
5.832914572864322054e+02 2.059970600690125497e+00 1.331094102766736988e-02
5.889447236180903928e+02 2.055568565283541371e+00 1.334283940371236432e-02
5.945979899497488077e+02 2.051654274323031046e+00 1.337153565154933395e-02
6.002512562814069952e+02 2.048147278564392604e+00 1.339752593250497642e-02
6.059045226130652964e+02 2.044984659530975080e+00 1.342120197262236005e-02
6.115577889447235975e+02 2.042116337696191053e+00 1.344287844806686671e-02
6.172110552763818987e+02 2.039501850405978534e+00 1.346281190618707664e-02
6.228643216080401999e+02 2.037108078358418339e+00 1.348121419551902983e-02
6.285175879396985010e+02 2.034907603704664059e+00 1.349826222036298179e-02
6.341708542713568022e+02 2.032877500181839547e+00 1.351410516918467343e-02
6.398241206030151034e+02 2.030998425739402702e+00 1.352886996551646258e-02
6.454773869346734045e+02 2.029253931346034268e+00 1.354266544261272659e-02
6.511306532663315920e+02 2.027629927120322417e+00 1.355558558502430525e-02
6.567839195979900069e+02 2.026114264819231181e+00 1.356771207697871073e-02
6.624371859296481944e+02 2.024696407643659768e+00 1.357911632823749493e-02
6.680904522613064955e+02 2.023367166432420206e+00 1.358986110086618342e-02
6.737437185929647967e+02 2.022118486935900794e+00 1.360000182779884381e-02
6.793969849246230979e+02 2.020943276819040069e+00 1.360958769057213878e-02
6.850502512562813990e+02 2.019835263873617226e+00 1.361866250695318095e-02
6.907035175879397002e+02 2.018788878971704115e+00 1.362726546754571000e-02
6.963567839195980014e+02 2.017799158798452730e+00 1.363543175086813497e-02
7.020100502512563025e+02 2.016861664521210074e+00 1.364319304030179106e-02
7.076633165829146037e+02 2.015972413391868834e+00 1.365057796101549863e-02
7.133165829145727912e+02 2.015127820916244872e+00 1.365761245115220714e-02
7.189698492462312061e+02 2.014324651711684844e+00 1.366432007897793073e-02
7.246231155778893935e+02 2.013559977550327673e+00 1.367072231494265849e-02
7.302763819095478084e+02 2.012831141378249367e+00 1.367683876607517050e-02
7.359296482412059959e+02 2.012135726330257057e+00 1.368268737906972246e-02
7.415829145728642970e+02 2.011471528941374931e+00 1.368828461655027286e-02
7.472361809045225982e+02 2.010836535900164090e+00 1.369364561091137786e-02
7.528894472361808994e+02 2.010228903804272438e+00 1.369878429893893815e-02
7.585427135678392006e+02 2.009646941471364912e+00 1.370371354000659604e-02
7.641959798994975017e+02 2.009089094433643474e+00 1.370844522025909361e-02
7.698492462311558029e+02 2.008553931305214757e+00 1.371299034463660180e-02
7.755025125628139904e+02 2.008040131761491320e+00 1.371735911841408077e-02
7.811557788944724052e+02 2.007546475910819250e+00 1.372156101976896962e-02
7.868090452261305927e+02 2.007071834872381721e+00 1.372560486423095825e-02
7.924623115577890076e+02 2.006615162402462182e+00 1.372949886248896710e-02
7.981155778894471950e+02 2.006175487434533444e+00 1.373325067190553188e-02
8.037688442211054962e+02 2.005751907418116264e+00 1.373686744302051767e-02
8.094221105527637974e+02 2.005343582357734356e+00 1.374035586105877560e-02
8.150753768844220986e+02 2.004949729467075503e+00 1.374372218363222563e-02
8.207286432160803997e+02 2.004569618365087624e+00 1.374697227457787919e-02
8.263819095477387009e+02 2.004202566750607595e+00 1.375011163471069088e-02
8.320351758793970021e+02 2.003847936500521065e+00 1.375314542958854143e-02
8.376884422110551895e+02 2.003505130143572899e+00 1.375607851483671290e-02
8.433417085427136044e+02 2.003173587668096278e+00 1.375891545906031584e-02
8.489949748743717919e+02 2.002852783627150135e+00 1.376166056482364813e-02
8.546482412060302067e+02 2.002542224509085589e+00 1.376431788783478820e-02
8.603015075376883942e+02 2.002241446345433218e+00 1.376689125426295082e-02
8.659547738693468091e+02 2.001950012531396705e+00 1.376938427684109428e-02
8.716080402010049966e+02 2.001667511837120106e+00 1.377180036950172333e-02
8.772613065326632977e+02 2.001393556590454370e+00 1.377414276077722037e-02
8.829145728643215989e+02 2.001127781014145235e+00 1.377641450625967899e-02
8.885678391959799001e+02 2.000869839702285713e+00 1.377861849988257399e-02
8.942211055276382012e+02 2.000619406222566177e+00 1.378075748449548305e-02
8.998743718592965024e+02 2.000376171832320971e+00 1.378283406146106962e-02
9.055276381909548036e+02 2.000139844297676994e+00 1.378485069969620849e-02
9.111809045226129911e+02 1.999910146806237243e+00 1.378680974382951591e-02
9.168341708542714059e+02 1.999686816964742819e+00 1.378871342188032513e-02
9.224874371859295934e+02 1.999469605874041989e+00 1.379056385240467510e-02
9.281407035175880083e+02 1.999258277274476026e+00 1.379236305100544485e-02
9.337939698492461957e+02 1.999052606755494566e+00 1.379411293648202808e-02
9.394472361809044969e+02 1.998852381023916491e+00 1.379581533648404496e-02
9.451005025125627981e+02 1.998657397225816812e+00 1.379747199280726040e-02
9.507537688442210992e+02 1.998467462317491616e+00 1.379908456627649757e-02
9.564070351758794004e+02 1.998282392481404157e+00 1.380065464140164261e-02
9.620603015075377016e+02 1.998102012583388376e+00 1.380218373055822588e-02
9.677135678391960028e+02 1.997926155667748782e+00 1.380367327807156992e-02
9.733668341708543039e+02 1.997754662487194466e+00 1.380512466388341894e-02
9.790201005025126051e+02 1.997587381064835688e+00 1.380653920705915763e-02
9.846733668341707926e+02 1.997424166285707736e+00 1.380791816904773824e-02
9.903266331658290937e+02 1.997264879515531222e+00 1.380926275676721063e-02
9.959798994974873949e+02 1.997109388244602268e+00 1.381057412541990097e-02
1.001633165829145696e+03 1.996957565754903463e+00 1.381185338122258889e-02
1.007286432160803997e+03 1.996809290808681858e+00 1.381310158391539991e-02
1.012939698492462298e+03 1.996664447356898853e+00 1.381431974909001943e-02
1.018592964824120600e+03 1.996522924266078913e+00 1.381550885050629451e-02
1.024246231155778787e+03 1.996384615062225976e+00 1.381666982209217402e-02
1.029899497487437202e+03 1.996249417690562744e+00 1.381780355996474301e-02
1.035552763819095617e+03 1.996117234289973119e+00 1.381891092427979355e-02
1.041206030150753804e+03 1.995987970981101478e+00 1.381999274095027826e-02
1.046859296482411992e+03 1.995861537667156460e+00 1.382104980336246007e-02
1.052512562814070407e+03 1.995737847846536628e+00 1.382208287383281976e-02
1.058165829145728594e+03 1.995616818436468209e+00 1.382309268515940007e-02
1.063819095477386782e+03 1.995498369606907296e+00 1.382407994195443413e-02
1.069472361809045196e+03 1.995382424624013717e+00 1.382504532198333171e-02
1.075125628140703611e+03 1.995268909702562876e+00 1.382598947738161374e-02
1.080778894472361799e+03 1.995157753866700912e+00 1.382691303584634122e-02
1.086432160804019986e+03 1.995048888818501620e+00 1.382781660172982367e-02
1.092085427135678401e+03 1.994942248813818653e+00 1.382870075705983602e-02
1.097738693467336816e+03 1.994837770544964473e+00 1.382956606259884424e-02
1.103391959798995003e+03 1.994735393029781756e+00 1.383041305872550857e-02
1.109045226130653191e+03 1.994635057506707776e+00 1.383124226635537926e-02
1.114698492462311606e+03 1.994536707335451631e+00 1.383205418778839582e-02
1.120351758793969793e+03 1.994440287902943254e+00 1.383284930748331434e-02
1.126005025125627981e+03 1.994345746534228025e+00 1.383362809285541666e-02
1.131658291457286396e+03 1.994253032408004778e+00 1.383439099498518648e-02
1.137311557788944810e+03 1.994162096476530532e+00 1.383513844931026984e-02
1.142964824120602998e+03 1.994072891389630175e+00 1.383587087625257062e-02
1.148618090452261185e+03 1.993985371422565711e+00 1.383658868190897756e-02
1.154271356783919600e+03 1.993899492407541274e+00 1.383729225854090500e-02
1.159924623115578015e+03 1.993815211668630294e+00 1.383798198523986112e-02
1.165577889447236203e+03 1.993732487959928523e+00 1.383865822840797850e-02
1.171231155778894390e+03 1.993651281406746412e+00 1.383932134227019994e-02
1.176884422110552805e+03 1.993571553449669187e+00 1.383997166936196468e-02
1.182537688442210992e+03 1.993493266791324103e+00 1.384060954101651655e-02
1.188190954773869180e+03 1.993416385345698760e+00 1.384123527780368665e-02
1.193844221105527595e+03 1.993340874189877487e+00 1.384184918990418942e-02
1.199497487437186010e+03 1.993266699518053020e+00 1.384245157756379407e-02
1.205150753768844197e+03 1.993193828597695783e+00 1.384304273146698752e-02
1.210804020100502385e+03 1.993122229727762873e+00 1.384362293310232618e-02
1.216457286432160799e+03 1.993051872198833951e+00 1.384419245507140413e-02
1.222110552763819214e+03 1.992982726255074777e+00 1.384475156152586810e-02
1.227763819095477402e+03 1.992914763057929806e+00 1.384530050834758587e-02
1.233417085427135589e+03 1.992847954651453257e+00 1.384583954359322987e-02
1.239070351758794004e+03 1.992782273929193382e+00 1.384636890766601305e-02
1.244723618090452419e+03 1.992717694602549994e+00 1.384688883370373269e-02
1.250376884422110379e+03 1.992654191170527334e+00 1.384739954775815289e-02
1.256030150753768794e+03 1.992591738890814312e+00 1.384790126910251905e-02
1.261683417085427209e+03 1.992530313752122195e+00 1.384839421045070199e-02
1.267336683417085396e+03 1.992469892447718660e+00 1.384887857822430721e-02
1.272989949748743584e+03 1.992410452350094952e+00 1.384935457273946471e-02
1.278643216080401999e+03 1.992351971486715501e+00 1.384982238845762319e-02
1.284296482412060413e+03 1.992294428516790727e+00 1.385028221414002017e-02
1.289949748743718601e+03 1.992237802709027727e+00 1.385073423313830897e-02
1.295603015075376788e+03 1.992182073920307550e+00 1.385117862346864175e-02
1.301256281407035203e+03 1.992127222575249101e+00 1.385161555809405996e-02
1.306909547738693618e+03 1.992073229646609711e+00 1.385204520503044261e-02
1.312562814070351806e+03 1.992020076636493275e+00 1.385246772758060366e-02
1.318216080402009993e+03 1.991967745558314906e+00 1.385288328441601491e-02
1.323869346733668408e+03 1.991916218919499659e+00 1.385329202980272074e-02
1.329522613065326595e+03 1.991865479704870046e+00 1.385369411371495038e-02
1.335175879396984783e+03 1.991815511360698343e+00 1.385408968196471212e-02
1.340829145728643198e+03 1.991766297779387740e+00 1.385447887639540583e-02
1.346482412060301613e+03 1.991717823284756550e+00 1.385486183495517228e-02
1.352135678391959800e+03 1.991670072617899079e+00 1.385523869184229935e-02
1.357788944723617988e+03 1.991623030923591386e+00 1.385560957763454573e-02
1.363442211055276402e+03 1.991576683737225295e+00 1.385597461942641474e-02
1.369095477386934817e+03 1.991531016972240886e+00 1.385633394089426026e-02
1.374748743718593005e+03 1.991486016908039502e+00 1.385668766244147962e-02
1.380402010050251192e+03 1.991441670178351275e+00 1.385703590127152808e-02
1.386055276381909607e+03 1.991397963760045187e+00 1.385737877154903479e-02
1.391708542713567795e+03 1.991354884962353244e+00 1.385771638442467521e-02
1.397361809045225982e+03 1.991312421416497003e+00 1.385804884817214665e-02
1.403015075376884397e+03 1.991270561065697997e+00 1.385837626827706587e-02
1.408668341708542812e+03 1.991229292155553221e+00 1.385869874749375702e-02
1.414321608040200999e+03 1.991188603224764542e+00 1.385901638595810406e-02
1.419974874371859187e+03 1.991148483096202071e+00 1.385932928126830735e-02
1.425628140703517602e+03 1.991108920868291943e+00 1.385963752854960443e-02
1.431281407035176017e+03 1.991069905906711401e+00 1.385994122053496765e-02
1.436934673366834204e+03 1.991031427836381873e+00 1.386024044762175153e-02
1.442587939698492391e+03 1.990993476533744699e+00 1.386053529796836548e-02
1.448241206030150806e+03 1.990956042119309322e+00 1.386082585755886963e-02
1.453894472361808994e+03 1.990919114950463031e+00 1.386111221023551485e-02
1.459547738693467409e+03 1.990882685614531633e+00 1.386139443779534249e-02
1.465201005025125596e+03 1.990846744922080580e+00 1.386167262005470746e-02
1.470854271356784011e+03 1.990811283900445483e+00 1.386194683486574424e-02
1.476507537688442198e+03 1.990776293787487328e+00 1.386221715821288683e-02
1.482160804020100386e+03 1.990741766025558190e+00 1.386248366426132660e-02
1.487814070351758801e+03 1.990707692255671901e+00 1.386274642538142150e-02
1.493467336683416988e+03 1.990674064311872771e+00 1.386300551225317680e-02
1.499120603015075403e+03 1.990640874215791278e+00 1.386326099385058047e-02
1.504773869346733591e+03 1.990608114171382947e+00 1.386351293754604225e-02
1.510427135678392006e+03 1.990575776559839971e+00 1.386376140911072495e-02
1.516080402010050193e+03 1.990543853934672702e+00 1.386400647281094828e-02
1.521733668341708608e+03 1.990512339016951682e+00 1.386424819138445258e-02
1.527386934673366795e+03 1.990481224690704654e+00 1.386448662615280894e-02
1.533040201005025210e+03 1.990450503998464127e+00 1.386472183699765173e-02
1.538693467336683398e+03 1.990420170136957490e+00 1.386495388244903156e-02
1.544346733668341585e+03 1.990390216452937233e+00 1.386518281970168173e-02
1.550000000000000000e+03 1.990360636439142850e+00 1.386540870463927495e-02
