4.250000000000000000e+02 1.733230164386547312e+00 3.651400650010924176e-01
4.306532663316583012e+02 1.839331924088560166e+00 3.413163094507217776e-01
4.363065326633166023e+02 1.895187085141512684e+00 3.279859574748621998e-01
4.419597989949749035e+02 1.935625527283004521e+00 3.173066003774798194e-01
4.476130653266331478e+02 1.969006311947249621e+00 3.075002555154376926e-01
4.532663316582914490e+02 1.998586792670519863e+00 2.978747070007528031e-01
4.589195979899497502e+02 2.025962132018988004e+00 2.880737496270732723e-01
4.645728643216080513e+02 2.052026999223906856e+00 2.778729331340567543e-01
4.702261306532663525e+02 2.077329731678007274e+00 2.671036686548265426e-01
4.758793969849245968e+02 2.102226720912010460e+00 2.556173557119661433e-01
4.815326633165828980e+02 2.126957371193654911e+00 2.432632705698358211e-01
4.871859296482411992e+02 2.151682380217971424e+00 2.298696409234602667e-01
4.928391959798995003e+02 2.176501909836487059e+00 2.152211059312833796e-01
4.984924623115578015e+02 2.201458705591067488e+00 1.990242196224638882e-01
5.041457286432161027e+02 2.226521826847152496e+00 1.808444101329535481e-01
5.097989949748744039e+02 2.251526360920906189e+00 1.599709872398100141e-01
5.154522613065327050e+02 2.275960542012886556e+00 1.350649385209977682e-01
5.211055276381910062e+02 2.297906235987296153e+00 1.028843941246694732e-01
5.267587939698491937e+02 2.294637465849854507e+00 4.675115511045531413e-02
5.324120603015074948e+02 2.258695327896509397e+00 1.293992350867149109e-02
5.380653266331657960e+02 2.222517369531443521e+00 1.315581824204732804e-02
5.437185929648240972e+02 2.200843279798172070e+00 1.329042041179798531e-02
5.493718592964823983e+02 2.185340080712757427e+00 1.338952869982220316e-02
5.550251256281406995e+02 2.173377297773684713e+00 1.346783703447857437e-02
5.606783919597990007e+02 2.163731999454736155e+00 1.353227465092915471e-02
5.663316582914573019e+02 2.155724358804332219e+00 1.358674428022299020e-02
5.719849246231156030e+02 2.148934169170976460e+00 1.363368786082269982e-02
5.776381909547739042e+02 2.143082560773652556e+00 1.367474470737196565e-02
5.832914572864322054e+02 2.137974722251424708e+00 1.371107255494821014e-02
5.889447236180903928e+02 2.133469164302324916e+00 1.374352106003108240e-02
5.945979899497488077e+02 2.129459930345284135e+00 1.377273291042728151e-02
6.002512562814069952e+02 2.125865682893392616e+00 1.379920626939748138e-02
6.059045226130652964e+02 2.122622690340930429e+00 1.382333516228366650e-02
6.115577889447235975e+02 2.119680146367419749e+00 1.384543659902267784e-02
6.172110552763818987e+02 2.116996946123356427e+00 1.386576936847587482e-02
6.228643216080401999e+02 2.114539405783139259e+00 1.388454741159067182e-02
6.285175879396985010e+02 2.112279612084720259e+00 1.390194955559780066e-02
6.341708542713568022e+02 2.110194203866874840e+00 1.391812674067371795e-02
6.398241206030151034e+02 2.108263456741365172e+00 1.393320747861696851e-02
6.454773869346734045e+02 2.106470584824124970e+00 1.394730203933165248e-02
6.511306532663315920e+02 2.104801200701376107e+00 1.396050570599037532e-02
6.567839195979900069e+02 2.103242892607158687e+00 1.397290133674272856e-02
6.624371859296481944e+02 2.101784889679776835e+00 1.398456140348157233e-02
6.680904522613064955e+02 2.100417794269155536e+00 1.399554963056228937e-02
6.737437185929647967e+02 2.099133365891710401e+00 1.400592232390499535e-02
6.793969849246230979e+02 2.097924345397335966e+00 1.401572945842938407e-02
6.850502512562813990e+02 2.096784310754541192e+00 1.402501557424313400e-02
6.907035175879397002e+02 2.095707557922320330e+00 1.403382052074684735e-02
6.963567839195980014e+02 2.094689001793448746e+00 1.404218007845771214e-02
7.020100502512563025e+02 2.093724093321181368e+00 1.405012648183764576e-02
7.076633165829146037e+02 2.092808749788536815e+00 1.405768886143788851e-02
7.133165829145727912e+02 2.091939295822334621e+00 1.406489361970203120e-02
7.189698492462312061e+02 2.091112413246710044e+00 1.407176475219003992e-02
7.246231155778893935e+02 2.090325098251316849e+00 1.407832412321586082e-02
7.302763819095478084e+02 2.089574624645768708e+00 1.408459170354616971e-02
7.359296482412059959e+02 2.088858512204399887e+00 1.409058577621966242e-02
7.415829145728642970e+02 2.088174499289118913e+00 1.409632311542025930e-02
7.472361809045225982e+02 2.087520519084295589e+00 1.410181914251040260e-02
7.528894472361808994e+02 2.086894678894574806e+00 1.410708806273544211e-02
7.585427135678392006e+02 2.086295242050693499e+00 1.411214298517764892e-02
7.641959798994975017e+02 2.085720612044617894e+00 1.411699602860512666e-02
7.698492462311558029e+02 2.085169318577385411e+00 1.412165841487815141e-02
7.755025125628139904e+02 2.084640005253790562e+00 1.412614055188783808e-02
7.811557788944724052e+02 2.084131418699780802e+00 1.413045210716912595e-02
7.868090452261305927e+02 2.083642398912880722e+00 1.413460207356967251e-02
7.924623115577890076e+02 2.083171870684519256e+00 1.413859882789027765e-02
7.981155778894471950e+02 2.082718835956919978e+00 1.414245018335724864e-02
8.037688442211054962e+02 2.082282366997105783e+00 1.414616343684293315e-02
8.094221105527637974e+02 2.081861600287226999e+00 1.414974541114829426e-02
8.150753768844220986e+02 2.081455731044497437e+00 1.415320249334751576e-02
8.207286432160803997e+02 2.081064008295864021e+00 1.415654066918590158e-02
8.263819095477387009e+02 2.080685730442613401e+00 1.415976555439804607e-02
8.320351758793970021e+02 2.080320241258679648e+00 1.416288242300997764e-02
8.376884422110551895e+02 2.079966926273697947e+00 1.416589623303196425e-02
8.433417085427136044e+02 2.079625209498117577e+00 1.416881164988375956e-02
8.489949748743717919e+02 2.079294550453026247e+00 1.417163306768855040e-02
8.546482412060302067e+02 2.078974441471965307e+00 1.417436462877418382e-02
8.603015075376883942e+02 2.078664405245974400e+00 1.417701024143688121e-02
8.659547738693468091e+02 2.078363992586555575e+00 1.417957359628797126e-02
8.716080402010049966e+02 2.078072780384220941e+00 1.418205818106460514e-02
8.772613065326632977e+02 2.077790369742883669e+00 1.418446729442682762e-02
8.829145728643215989e+02 2.077516384272592553e+00 1.418680405857345242e-02
8.885678391959799001e+02 2.077250468525103866e+00 1.418907143079066284e-02
8.942211055276382012e+02 2.076992286558477563e+00 1.419127221414061106e-02
8.998743718592965024e+02 2.076741520618416104e+00 1.419340906735585932e-02
9.055276381909548036e+02 2.076497869925378659e+00 1.419548451392694220e-02
9.111809045226129911e+02 2.076261049557667882e+00 1.419750095055778184e-02
9.168341708542714059e+02 2.076030789421718481e+00 1.419946065489735912e-02
9.224874371859295934e+02 2.075806833301727661e+00 1.420136579286255391e-02
9.281407035175880083e+02 2.075588937981560189e+00 1.420321842524112366e-02
9.337939698492461957e+02 2.075376872432582509e+00 1.420502051402999615e-02
9.394472361809044969e+02 2.075170417061702466e+00 1.420677392813500355e-02
9.451005025125627981e+02 2.074969363014463219e+00 1.420848044879298618e-02
9.507537688442210992e+02 2.074773511528535508e+00 1.421014177456108619e-02
9.564070351758794004e+02 2.074582673333391636e+00 1.421175952609303808e-02
9.620603015075377016e+02 2.074396668092352236e+00 1.421333525034401517e-02
9.677135678391960028e+02 2.074215323883553896e+00 1.421487042473615001e-02
9.733668341708543039e+02 2.074038476716695278e+00 1.421636646098856788e-02
9.790201005025126051e+02 2.073865970082714671e+00 1.421782470858141273e-02
9.846733668341707926e+02 2.073697654533803281e+00 1.421924645821374261e-02
9.903266331658290937e+02 2.073533387291397911e+00 1.422063294477166756e-02
9.959798994974873949e+02 2.073373031879993889e+00 1.422198535040068018e-02
1.001633165829145696e+03 2.073216457784811784e+00 1.422330480713607410e-02
1.007286432160803997e+03 2.073063540131531379e+00 1.422459239952909502e-02
1.012939698492462298e+03 2.072914159386438637e+00 1.422584916706617908e-02
1.018592964824120600e+03 2.072768201075484207e+00 1.422707610641287500e-02
1.024246231155778787e+03 2.072625555520882568e+00 1.422827417357641275e-02
1.029899497487437202e+03 2.072486117593973276e+00 1.422944428592475691e-02
1.035552763819095617e+03 2.072349786483197676e+00 1.423058732404677319e-02
1.041206030150753804e+03 2.072216465476111491e+00 1.423170413353183963e-02
1.046859296482411992e+03 2.072086061754456754e+00 1.423279552673142878e-02
1.052512562814070407e+03 2.071958486201390226e+00 1.423386228423768537e-02
1.058165829145728594e+03 2.071833653220029436e+00 1.423490515643798492e-02
1.063819095477386782e+03 2.071711480562557384e+00 1.423592486494282619e-02
1.069472361809045196e+03 2.071591889169163814e+00 1.423692210388720347e-02
1.075125628140703611e+03 2.071474803016176480e+00 1.423789754123039493e-02
1.080778894472361799e+03 2.071360148972778870e+00 1.423885181989830231e-02
1.086432160804019986e+03 2.071247856665744624e+00 1.423978555895563658e-02
1.092085427135678401e+03 2.071137858351673078e+00 1.424069935469883530e-02
1.097738693467336816e+03 2.071030088796252944e+00 1.424159378157631613e-02
1.103391959798995003e+03 2.070924485160095863e+00 1.424246939327913908e-02
1.109045226130653191e+03 2.070820986890730353e+00 1.424332672351882705e-02
1.114698492462311606e+03 2.070719535620379137e+00 1.424416628700695547e-02
1.120351758793969793e+03 2.070620075069149024e+00 1.424498858019999231e-02
1.126005025125627981e+03 2.070522550953314500e+00 1.424579408213688496e-02
1.131658291457286396e+03 2.070426910898374828e+00 1.424658325508882870e-02
1.137311557788944810e+03 2.070333104356604892e+00 1.424735654537980650e-02
1.142964824120602998e+03 2.070241082528828880e+00 1.424811438395708063e-02
1.148618090452261185e+03 2.070150798290164129e+00 1.424885718708576721e-02
1.154271356783919600e+03 2.070062206119508197e+00 1.424958535691817942e-02
1.159924623115578015e+03 2.069975262032541785e+00 1.425029928209378335e-02
1.165577889447236203e+03 2.069889923518057007e+00 1.425099933826077907e-02
1.171231155778894390e+03 2.069806149477409374e+00 1.425168588864393453e-02
1.176884422110552805e+03 2.069723900166920316e+00 1.425235928447178557e-02
1.182537688442210992e+03 2.069643137143069467e+00 1.425301986554364068e-02
1.188190954773869180e+03 2.069563823210306186e+00 1.425366796057809908e-02
1.193844221105527595e+03 2.069485922371355535e+00 1.425430388771700349e-02
1.199497487437186010e+03 2.069409399779862380e+00 1.425492795493560685e-02
1.205150753768844197e+03 2.069334221695254605e+00 1.425554046035894078e-02
1.210804020100502385e+03 2.069260355439712651e+00 1.425614169276484197e-02
1.216457286432160799e+03 2.069187769357112572e+00 1.425673193182189560e-02
1.222110552763819214e+03 2.069116432773857817e+00 1.425731144848288619e-02
1.227763819095477402e+03 2.069046315961488247e+00 1.425788050533128778e-02
1.233417085427135589e+03 2.068977390100974034e+00 1.425843935686522436e-02
1.239070351758794004e+03 2.068909627248611827e+00 1.425898824978123411e-02
1.244723618090452419e+03 2.068843000303431268e+00 1.425952742328896565e-02
1.250376884422110379e+03 2.068777482976050575e+00 1.426005710942570420e-02
1.256030150753768794e+03 2.068713049758879485e+00 1.426057753319941515e-02
1.261683417085427209e+03 2.068649675897636708e+00 1.426108891296521720e-02
1.267336683417085396e+03 2.068587337364082845e+00 1.426159146058368285e-02
1.272989949748743584e+03 2.068526010829931039e+00 1.426208538168801006e-02
1.278643216080401999e+03 2.068465673641866509e+00 1.426257087590433043e-02
1.284296482412060413e+03 2.068406303797619916e+00 1.426304813704075761e-02
1.289949748743718601e+03 2.068347879923049248e+00 1.426351735333858915e-02
1.295603015075376788e+03 2.068290381250176058e+00 1.426397870756771109e-02
1.301256281407035203e+03 2.068233787596129858e+00 1.426443237735540957e-02
1.306909547738693618e+03 2.068178079342962050e+00 1.426487853523486851e-02
1.312562814070351806e+03 2.068123237418283189e+00 1.426531734889594644e-02
1.318216080402009993e+03 2.068069243276687619e+00 1.426574898131132037e-02
1.323869346733668408e+03 2.068016078881923736e+00 1.426617359094038522e-02
1.329522613065326595e+03 2.067963726689783677e+00 1.426659133180854626e-02
1.335175879396984783e+03 2.067912169631671127e+00 1.426700235371094506e-02
1.340829145728643198e+03 2.067861391098820167e+00 1.426740680236943462e-02
1.346482412060301613e+03 2.067811374927132295e+00 1.426780481948052362e-02
1.352135678391959800e+03 2.067762105382609850e+00 1.426819654296559298e-02
1.357788944723617988e+03 2.067713567147349440e+00 1.426858210697203901e-02
1.363442211055276402e+03 2.067665745306078051e+00 1.426896164209223196e-02
1.369095477386934817e+03 2.067618625333206950e+00 1.426933527541123826e-02
1.374748743718593005e+03 2.067572193080374987e+00 1.426970313067898836e-02
1.380402010050251192e+03 2.067526434764464405e+00 1.427006532835789140e-02
1.386055276381909607e+03 2.067481336956069171e+00 1.427042198577935413e-02
1.391708542713567795e+03 2.067436886568391863e+00 1.427077321719130015e-02
1.397361809045225982e+03 2.067393070846554881e+00 1.427111913389903820e-02
1.403015075376884397e+03 2.067349877357306465e+00 1.427145984434383293e-02
1.408668341708542812e+03 2.067307293979103289e+00 1.427179545415031836e-02
1.414321608040200999e+03 2.067265308892556330e+00 1.427212606629837087e-02
1.419974874371859187e+03 2.067223910571222234e+00 1.427245178112376313e-02
1.425628140703517602e+03 2.067183087772728189e+00 1.427277269642773447e-02
1.431281407035176017e+03 2.067142829530215220e+00 1.427308890760206270e-02
1.436934673366834204e+03 2.067103125144083009e+00 1.427340050759853471e-02
1.442587939698492391e+03 2.067063964174032265e+00 1.427370758708509241e-02
1.448241206030150806e+03 2.067025336431385973e+00 1.427401023449302933e-02
1.453894472361808994e+03 2.066987231971675332e+00 1.427430853606418033e-02
1.459547738693467409e+03 2.066949641087493461e+00 1.427460257596030284e-02
1.465201005025125596e+03 2.066912554301586713e+00 1.427489243626355389e-02
1.470854271356784011e+03 2.066875962360189334e+00 1.427517819708582283e-02
1.476507537688442198e+03 2.066839856226587724e+00 1.427545993658472026e-02
1.482160804020100386e+03 2.066804227074900080e+00 1.427573773108842953e-02
1.487814070351758801e+03 2.066769066284069201e+00 1.427601165508054007e-02
1.493467336683416988e+03 2.066734365432056464e+00 1.427628178126265530e-02
1.499120603015075403e+03 2.066700116290234313e+00 1.427654818063251591e-02
1.504773869346733591e+03 2.066666310817959484e+00 1.427681092253100907e-02
1.510427135678392006e+03 2.066632941157330983e+00 1.427707007464249986e-02
1.516080402010050193e+03 2.066599999628119466e+00 1.427732570311958035e-02
1.521733668341708608e+03 2.066567478722864504e+00 1.427757787256781451e-02
1.527386934673366795e+03 2.066535371102126373e+00 1.427782664607714185e-02
1.533040201005025210e+03 2.066503669589900838e+00 1.427807208533102105e-02
1.538693467336683398e+03 2.066472367169174706e+00 1.427831425056004348e-02
1.544346733668341585e+03 2.066441456977627489e+00 1.427855320068216298e-02
1.550000000000000000e+03 2.066410932303469838e+00 1.427878899320962451e-02
