4.250000000000000000e+02 1.872450785939231199e+00 3.945244962335477945e-01
4.306532663316583012e+02 1.987201347724923517e+00 3.682554314450627864e-01
4.363065326633166023e+02 2.047897432506949222e+00 3.532684253703853861e-01
4.419597989949749035e+02 2.092002769275860263e+00 3.411043463665239250e-01
4.476130653266331478e+02 2.128513450768511284e+00 3.298381119757591851e-01
4.532663316582914490e+02 2.160935897324596233e+00 3.187144537655435816e-01
4.589195979899497502e+02 2.190986807186253049e+00 3.073387280857310389e-01
4.645728643216080513e+02 2.219627811505225701e+00 2.954555617691006497e-01
4.702261306532663525e+02 2.247446279937264535e+00 2.828654869203753308e-01
4.758793969849245968e+02 2.274820795278098107e+00 2.693839195417511712e-01
4.815326633165828980e+02 2.302000472219633664e+00 2.548134427741931551e-01
4.871859296482411992e+02 2.329143376677862420e+00 2.389165149174475866e-01
4.928391959798995003e+02 2.356329957128204367e+00 2.213779337221218058e-01
4.984924623115578015e+02 2.383551355591836174e+00 2.017396080422233784e-01
5.041457286432161027e+02 2.410648677238546700e+00 1.792648321322141969e-01
5.097989949748744039e+02 2.437091090023941753e+00 1.525939684899429438e-01
5.154522613065327050e+02 2.460892291222652073e+00 1.185556406559972187e-01
5.211055276381910062e+02 2.463508136349422895e+00 6.331371931405378739e-02
5.267587939698491937e+02 2.428861557088575207e+00 1.596655922771060554e-02
5.324120603015074948e+02 2.387459199104163154e+00 1.625117618529715868e-02
5.380653266331657960e+02 2.363396994503492721e+00 1.642404542151339186e-02
5.437185929648240972e+02 2.346427229448860619e+00 1.654991732118398645e-02
5.493718592964823983e+02 2.333447290705874977e+00 1.664875130820692162e-02
5.550251256281406995e+02 2.323047354086754890e+00 1.672975339689329599e-02
5.606783919597990007e+02 2.314455067216652395e+00 1.679803592640002896e-02
5.663316582914573019e+02 2.307197925138461336e+00 1.685676626346547732e-02
5.719849246231156030e+02 2.300964778334536387e+00 1.690805515588639577e-02
5.776381909547739042e+02 2.295539601017235309e+00 1.695338479161764486e-02
5.832914572864322054e+02 2.290766289573996861e+00 1.699383796845745781e-02
5.889447236180903928e+02 2.286528443883629969e+00 1.703023064857102017e-02
5.945979899497488077e+02 2.282737040729892364e+00 1.706319332120258270e-02
6.002512562814069952e+02 2.279322554167031445e+00 1.709322335454424233e-02
6.059045226130652964e+02 2.276229720342024088e+00 1.712071999900175584e-02
6.115577889447235975e+02 2.273413945860232932e+00 1.714600854980299210e-02
6.172110552763818987e+02 2.270838775976899537e+00 1.716935748170409989e-02
6.228643216080401999e+02 2.268474067916995907e+00 1.719099088411640483e-02
6.285175879396985010e+02 2.266294646114958677e+00 1.721109766797407348e-02
6.341708542713568022e+02 2.264279294607991044e+00 1.722983850315806115e-02
6.398241206030151034e+02 2.262409990189907738e+00 1.724735112759321828e-02
6.454773869346734045e+02 2.260671310639744469e+00 1.726375446661228621e-02
6.511306532663315920e+02 2.259049972336620637e+00 1.727915186922026128e-02
6.567839195979900069e+02 2.257534464893993231e+00 1.729363367907549992e-02
6.624371859296481944e+02 2.256114759503025979e+00 1.730727929774746390e-02
6.680904522613064955e+02 2.254782073945517329e+00 1.732015885611176004e-02
6.737437185929647967e+02 2.253528681651030929e+00 1.733233457970279057e-02
6.793969849246230979e+02 2.252347755327373857e+00 1.734386191268795160e-02
6.850502512562813990e+02 2.251233237979080926e+00 1.735479045024844458e-02
6.907035175879397002e+02 2.250179735805482917e+00 1.736516471668839851e-02
6.963567839195980014e+02 2.249182428714742166e+00 1.737502481919756675e-02
7.020100502512563025e+02 2.248236995124209159e+00 1.738440700031616479e-02
7.076633165829146037e+02 2.247339548425263178e+00 1.739334410706066744e-02
7.133165829145727912e+02 2.246486583032156314e+00 1.740186599158930619e-02
7.189698492462312061e+02 2.245674928352060729e+00 1.740999985496967731e-02
7.246231155778893935e+02 2.244901709338327223e+00 1.741777054325938448e-02
7.302763819095478084e+02 2.244164312543526218e+00 1.742520080386347411e-02
7.359296482412059959e+02 2.243460356789725552e+00 1.743231150819541178e-02
7.415829145728642970e+02 2.242787667733059820e+00 1.743912184587332465e-02
7.472361809045225982e+02 2.242144255727242186e+00 1.744564949471098109e-02
7.528894472361808994e+02 2.241528296493300765e+00 1.745191076992996110e-02
7.585427135678392006e+02 2.240938114185801577e+00 1.745792075566622234e-02
7.641959798994975017e+02 2.240372166513317609e+00 1.746369342119238194e-02
7.698492462311558029e+02 2.239829031626035860e+00 1.746924172383454085e-02
7.755025125628139904e+02 2.239307396528680716e+00 1.747457770058193083e-02
7.811557788944724052e+02 2.238806046814280748e+00 1.747971254952068731e-02
7.868090452261305927e+02 2.238323857545245321e+00 1.748465670279525028e-02
7.924623115577890076e+02 2.237859785133958557e+00 1.748941989171044417e-02
7.981155778894471950e+02 2.237412860096596567e+00 1.749401120541728069e-02
8.037688442211054962e+02 2.236982180571897683e+00 1.749843914344987456e-02
8.094221105527637974e+02 2.236566906511769481e+00 1.750271166322595398e-02
8.150753768844220986e+02 2.236166254463434644e+00 1.750683622299599798e-02
8.207286432160803997e+02 2.235779492873649410e+00 1.751081982050660402e-02
8.263819095477387009e+02 2.235405937854747283e+00 1.751466902828702904e-02
8.320351758793970021e+02 2.235044949360124988e+00 1.751839002556417751e-02
8.376884422110551895e+02 2.234695927723495235e+00 1.752198862734160104e-02
8.433417085427136044e+02 2.234358310521987967e+00 1.752547031083359977e-02
8.489949748743717919e+02 2.234031569728147648e+00 1.752884023976034739e-02
8.546482412060302067e+02 2.233715209120119560e+00 1.753210328637498649e-02
8.603015075376883942e+02 2.233408761923022734e+00 1.753526405173841396e-02
8.659547738693468091e+02 2.233111788657694774e+00 1.753832688424955197e-02
8.716080402010049966e+02 2.232823875175769857e+00 1.754129589672927952e-02
8.772613065326632977e+02 2.232544630862464352e+00 1.754417498210195797e-02
8.829145728643215989e+02 2.232273686990542405e+00 1.754696782773057170e-02
8.885678391959799001e+02 2.232010695210798978e+00 1.754967792882786842e-02
8.942211055276382012e+02 2.231755326165976605e+00 1.755230860063113074e-02
8.998743718592965024e+02 2.231507268216470941e+00 1.755486298977458615e-02
9.055276381909548036e+02 2.231266226267421882e+00 1.755734408481197592e-02
9.111809045226129911e+02 2.231031920687869707e+00 1.755975472581631711e-02
9.168341708542714059e+02 2.230804086313639800e+00 1.756209761354002308e-02
9.224874371859295934e+02 2.230582471526466826e+00 1.756437531760645515e-02
9.281407035175880083e+02 2.230366837402622870e+00 1.756659028432936906e-02
9.337939698492461957e+02 2.230156956925001932e+00 1.756874484397224351e-02
9.394472361809044969e+02 2.229952614253188248e+00 1.757084121737335566e-02
9.451005025125627981e+02 2.229753604046591953e+00 1.757288152222881081e-02
9.507537688442210992e+02 2.229559730836191189e+00 1.757486777895886712e-02
9.564070351758794004e+02 2.229370808440847451e+00 1.757680191607037534e-02
9.620603015075377016e+02 2.229186659424548633e+00 1.757868577528166887e-02
9.677135678391960028e+02 2.229007114591261551e+00 1.758052111625927130e-02
9.733668341708543039e+02 2.228832012514386118e+00 1.758230962104301645e-02
9.790201005025126051e+02 2.228661199098068924e+00 1.758405289819830325e-02
9.846733668341707926e+02 2.228494527167892869e+00 1.758575248673402425e-02
9.903266331658290937e+02 2.228331856088664242e+00 1.758740985969838716e-02
9.959798994974873949e+02 2.228173051407225991e+00 1.758902642765528684e-02
1.001633165829145696e+03 2.228017984518410710e+00 1.759060354186491731e-02
1.007286432160803997e+03 2.227866532352389406e+00 1.759214249730796722e-02
1.012939698492462298e+03 2.227718577081849283e+00 1.759364453551601898e-02
1.018592964824120600e+03 2.227574005847529737e+00 1.759511084724629110e-02
1.024246231155778787e+03 2.227432710500805602e+00 1.759654257497594854e-02
1.029899497487437202e+03 2.227294587362077749e+00 1.759794081529192714e-02
1.035552763819095617e+03 2.227159536993861710e+00 1.759930662111349603e-02
1.041206030150753804e+03 2.227027463987535594e+00 1.760064100376048865e-02
1.046859296482411992e+03 2.226898276762796502e+00 1.760194493496828466e-02
1.052512562814070407e+03 2.226771887378956372e+00 1.760321934876155764e-02
1.058165829145728594e+03 2.226648211357264096e+00 1.760446514318689260e-02
1.063819095477386782e+03 2.226527167513510541e+00 1.760568318201805732e-02
1.069472361809045196e+03 2.226408677800230773e+00 1.760687429633315398e-02
1.075125628140703611e+03 2.226292667157867999e+00 1.760803928595119222e-02
1.080778894472361799e+03 2.226179063374308154e+00 1.760917892091744263e-02
1.086432160804019986e+03 2.226067796952243327e+00 1.761029394282324217e-02
1.092085427135678401e+03 2.225958800983860453e+00 1.761138506602349246e-02
1.097738693467336816e+03 2.225852011032387612e+00 1.761245297890324732e-02
1.103391959798995003e+03 2.225747365020061874e+00 1.761349834497911993e-02
1.109045226130653191e+03 2.225644803122118098e+00 1.761452180399954159e-02
1.114698492462311606e+03 2.225544267666428322e+00 1.761552397295569616e-02
1.120351758793969793e+03 2.225445703038438250e+00 1.761650544704100943e-02
1.126005025125627981e+03 2.225349055591077985e+00 1.761746680063494899e-02
1.131658291457286396e+03 2.225254273559351681e+00 1.761840858809684413e-02
1.137311557788944810e+03 2.225161306979320130e+00 1.761933134467237594e-02
1.142964824120602998e+03 2.225070107611219150e+00 1.762023558724802944e-02
1.148618090452261185e+03 2.224980628866462862e+00 1.762112181513009537e-02
1.154271356783919600e+03 2.224892825738315594e+00 1.762199051075996614e-02
1.159924623115578015e+03 2.224806654736009026e+00 1.762284214036584709e-02
1.165577889447236203e+03 2.224722073822114510e+00 1.762367715468947729e-02
1.171231155778894390e+03 2.224639042352979157e+00 1.762449598949812624e-02
1.176884422110552805e+03 2.224557521022057838e+00 1.762529906629769702e-02
1.182537688442210992e+03 2.224477471805971440e+00 1.762608679280595544e-02
1.188190954773869180e+03 2.224398857913146177e+00 1.762685956353874164e-02
1.193844221105527595e+03 2.224321643734890941e+00 1.762761776032015226e-02
1.199497487437186010e+03 2.224245794798772824e+00 1.762836175272939829e-02
1.205150753768844197e+03 2.224171277724171780e+00 1.762909189866063500e-02
1.210804020100502385e+03 2.224098060179897196e+00 1.762980854466834196e-02
1.216457286432160799e+03 2.224026110843750903e+00 1.763051202646354065e-02
1.222110552763819214e+03 2.223955399363936714e+00 1.763120266927116486e-02
1.227763819095477402e+03 2.223885896322222333e+00 1.763188078830050382e-02
1.233417085427135589e+03 2.223817573198750175e+00 1.763254668903907127e-02
1.239070351758794004e+03 2.223750402338428689e+00 1.763320066763438693e-02
1.244723618090452419e+03 2.223684356918806504e+00 1.763384301125034762e-02
1.250376884422110379e+03 2.223619410919362327e+00 1.763447399841077540e-02
1.256030150753768794e+03 2.223555539092136879e+00 1.763509389924204987e-02
1.261683417085427209e+03 2.223492716933640700e+00 1.763570297584144547e-02
1.267336683417085396e+03 2.223430920657964993e+00 1.763630148256975158e-02
1.272989949748743584e+03 2.223370127171052868e+00 1.763688966625558477e-02
1.278643216080401999e+03 2.223310314046053726e+00 1.763746776653805567e-02
1.284296482412060413e+03 2.223251459499724358e+00 1.763803601608334229e-02
1.289949748743718601e+03 2.223193542369813258e+00 1.763859464081376713e-02
1.295603015075376788e+03 2.223136542093389956e+00 1.763914386017446240e-02
1.301256281407035203e+03 2.223080438686068305e+00 1.763968388734959286e-02
1.306909547738693618e+03 2.223025212722080646e+00 1.764021492944065767e-02
1.312562814070351806e+03 2.222970845315171307e+00 1.764073718774541305e-02
1.318216080402009993e+03 2.222917318100253947e+00 1.764125085786046043e-02
1.323869346733668408e+03 2.222864613215815410e+00 1.764175612995993667e-02
1.329522613065326595e+03 2.222812713287019903e+00 1.764225318893567623e-02
1.335175879396984783e+03 2.222761601409483756e+00 1.764274221456245406e-02
1.340829145728643198e+03 2.222711261133693217e+00 1.764322338170088572e-02
1.346482412060301613e+03 2.222661676450028434e+00 1.764369686042474919e-02
1.352135678391959800e+03 2.222612831774376740e+00 1.764416281622375668e-02
1.357788944723617988e+03 2.222564711934298387e+00 1.764462141008036125e-02
1.363442211055276402e+03 2.222517302155727847e+00 1.764507279869756418e-02
1.369095477386934817e+03 2.222470588050181828e+00 1.764551713457561746e-02
1.374748743718593005e+03 2.222424555602453111e+00 1.764595456616415911e-02
1.380402010050251192e+03 2.222379191158771583e+00 1.764638523802691469e-02
1.386055276381909607e+03 2.222334481415405794e+00 1.764680929089304864e-02
1.391708542713567795e+03 2.222290413407696175e+00 1.764722686183433850e-02
1.397361809045225982e+03 2.222246974499486161e+00 1.764763808437934053e-02
1.403015075376884397e+03 2.222204152372950769e+00 1.764804308857722409e-02
1.408668341708542812e+03 2.222161935018795553e+00 1.764844200117477238e-02
1.414321608040200999e+03 2.222120310726809933e+00 1.764883494564236169e-02
1.419974874371859187e+03 2.222079268076766034e+00 1.764922204232573233e-02
1.425628140703517602e+03 2.222038795929643928e+00 1.764960340852222281e-02
1.431281407035176017e+03 2.221998883419171289e+00 1.764997915860729363e-02
1.436934673366834204e+03 2.221959519943663697e+00 1.765034940403520380e-02
1.442587939698492391e+03 2.221920695158154047e+00 1.765071425355354412e-02
1.448241206030150806e+03 2.221882398966799066e+00 1.765107381315352345e-02
1.453894472361808994e+03 2.221844621515551843e+00 1.765142818625928256e-02
1.459547738693467409e+03 2.221807353185087930e+00 1.765177747372844233e-02
1.465201005025125596e+03 2.221770584583977470e+00 1.765212177399104812e-02
1.470854271356784011e+03 2.221734306542090920e+00 1.765246118303748918e-02
1.476507537688442198e+03 2.221698510104235691e+00 1.765279579459511083e-02
1.482160804020100386e+03 2.221663186523997968e+00 1.765312570007837936e-02
1.487814070351758801e+03 2.221628327257805235e+00 1.765345098879060257e-02
1.493467336683416988e+03 2.221593923959183314e+00 1.765377174783629849e-02
1.499120603015075403e+03 2.221559968473201696e+00 1.765408806229772434e-02
1.504773869346733591e+03 2.221526452831112941e+00 1.765440001523527203e-02
1.510427135678392006e+03 2.221493369245161276e+00 1.765470768776332064e-02
1.516080402010050193e+03 2.221460710103566161e+00 1.765501115912606125e-02
1.521733668341708608e+03 2.221428467965671949e+00 1.765531050667271118e-02
1.527386934673366795e+03 2.221396635557249422e+00 1.765560580603391452e-02
1.533040201005025210e+03 2.221365205765957196e+00 1.765589713103403458e-02
1.538693467336683398e+03 2.221334171636944799e+00 1.765618455385496721e-02
1.544346733668341585e+03 2.221303526368596515e+00 1.765646814501127190e-02
1.550000000000000000e+03 2.221273263308415569e+00 1.765674797340078400e-02
