4.250000000000000000e+02 1.869670306226977274e+00 4.060774743455642932e-01
4.306532663316583012e+02 1.987636909104321115e+00 3.783849652306505162e-01
4.363065326633166023e+02 2.049980787495687462e+00 3.626867787533331056e-01
4.419597989949749035e+02 2.095258654460795622e+00 3.499991078132714817e-01
4.476130653266331478e+02 2.132724088490209002e+00 3.382843072450633093e-01
4.532663316582914490e+02 2.165982737054514828e+00 3.267453113089154870e-01
4.589195979899497502e+02 2.196799450183452240e+00 3.149672594128480885e-01
4.645728643216080513e+02 2.226162618510343805e+00 3.026830924453580707e-01
4.702261306532663525e+02 2.254675832131713964e+00 2.896854764804485671e-01
4.758793969849245968e+02 2.282728052696181731e+00 2.757836595931779100e-01
4.815326633165828980e+02 2.310575185371548823e+00 2.607745548437224725e-01
4.871859296482411992e+02 2.338379606779795505e+00 2.444145283066803676e-01
4.928391959798995003e+02 2.366224029654223404e+00 2.263808430895015988e-01
4.984924623115578015e+02 2.394099612871631866e+00 2.062048572256225676e-01
5.041457286432161027e+02 2.421843862026926697e+00 1.831331908989514978e-01
5.097989949748744039e+02 2.448913619468587211e+00 1.557757359366039873e-01
5.154522613065327050e+02 2.473276857410615204e+00 1.208911184340887846e-01
5.211055276381910062e+02 2.476012176572529366e+00 6.436251507756592105e-02
5.267587939698491937e+02 2.440546713717279381e+00 1.569504437938164590e-02
5.324120603015074948e+02 2.398057309041535579e+00 1.598046676783985640e-02
5.380653266331657960e+02 2.373363783166999141e+00 1.615376572785981110e-02
5.437185929648240972e+02 2.355947513530797899e+00 1.627990646909577982e-02
5.493718592964823983e+02 2.342624864897054238e+00 1.637891488890052746e-02
5.550251256281406995e+02 2.331949384578903661e+00 1.646002866923254940e-02
5.606783919597990007e+02 2.323128690781703476e+00 1.652837845280548737e-02
5.663316582914573019e+02 2.315678027776382208e+00 1.658714337605038738e-02
5.719849246231156030e+02 2.309278173650451738e+00 1.663844227269004397e-02
5.776381909547739042e+02 2.303707491920465422e+00 1.668376313823865392e-02
5.832914572864322054e+02 2.298805819114920990e+00 1.672419307533907010e-02
5.889447236180903928e+02 2.294453723354209718e+00 1.676055131236280776e-02
5.945979899497488077e+02 2.290559859150010258e+00 1.679347086122314966e-02
6.002512562814069952e+02 2.287052884068268899e+00 1.682345106546258989e-02
6.059045226130652964e+02 2.283876088153319106e+00 1.685089273924623640e-02
6.115577889447235975e+02 2.280983709343413324e+00 1.687612242626883655e-02
6.172110552763818987e+02 2.278338336089245075e+00 1.689940960480447105e-02
6.228643216080401999e+02 2.275909033322319974e+00 1.692097917509916352e-02
6.285175879396985010e+02 2.273669962803154920e+00 1.694102070573607136e-02
6.341708542713568022e+02 2.271599349345552632e+00 1.695969540137053783e-02
6.398241206030151034e+02 2.269678694034539479e+00 1.697714143548294599e-02
6.454773869346734045e+02 2.267892167055090447e+00 1.699347808821692271e-02
6.511306532663315920e+02 2.266226133262081888e+00 1.700880899738541757e-02
6.567839195979900069e+02 2.264668777287421886e+00 1.702322474121260171e-02
6.624371859296481944e+02 2.263209804270778225e+00 1.703680491110051362e-02
6.680904522613064955e+02 2.261840198733027663e+00 1.704961979073932668e-02
6.737437185929647967e+02 2.260552028639843058e+00 1.706173172764180110e-02
6.793969849246230979e+02 2.259338284938938735e+00 1.707319626247889160e-02
6.850502512562813990e+02 2.258192749199110061e+00 1.708406306553703763e-02
6.907035175879397002e+02 2.257109883699579544e+00 1.709437671843860862e-02
6.963567839195980014e+02 2.256084739595192179e+00 1.710417737087841644e-02
7.020100502512563025e+02 2.255112879741199006e+00 1.711350129542949655e-02
7.076633165829146037e+02 2.254190313487535846e+00 1.712238135883217480e-02
7.133165829145727912e+02 2.253313441307914999e+00 1.713084742433661559e-02
7.189698492462312061e+02 2.252479007557570689e+00 1.713892669684543776e-02
7.246231155778893935e+02 2.251684059986766240e+00 1.714664402033014984e-02
7.302763819095478084e+02 2.250925914898338931e+00 1.715402213514465729e-02
7.359296482412059959e+02 2.250202127043680722e+00 1.716108190160441777e-02
7.415829145728642970e+02 2.249510463515301595e+00 1.716784249487359609e-02
7.472361809045225982e+02 2.248848881025062418e+00 1.717432157557780351e-02
7.528894472361808994e+02 2.248215506062441804e+00 1.718053543962259899e-02
7.585427135678392006e+02 2.247608617512379503e+00 1.718649915006797979e-02
7.641959798994975017e+02 2.247026631381470185e+00 1.719222665375102696e-02
7.698492462311558029e+02 2.246468087337879727e+00 1.719773088455017404e-02
7.755025125628139904e+02 2.245931636816806964e+00 1.720302385524337049e-02
7.811557788944724052e+02 2.245416032481648116e+00 1.720811673919946105e-02
7.868090452261305927e+02 2.244920118862771652e+00 1.721301994346530542e-02
7.924623115577890076e+02 2.244442824022224059e+00 1.721774317418082317e-02
7.981155778894471950e+02 2.243983152114746638e+00 1.722229549519424530e-02
8.037688442211054962e+02 2.243540176733984648e+00 1.722668538089720466e-02
8.094221105527637974e+02 2.243113034948322593e+00 1.723092076377748944e-02
8.150753768844220986e+02 2.242700921943921788e+00 1.723500907732416002e-02
8.207286432160803997e+02 2.242303086203674578e+00 1.723895729494120607e-02
8.263819095477387009e+02 2.241918825160224671e+00 1.724277196520009742e-02
8.320351758793970021e+02 2.241547481269299258e+00 1.724645924375876535e-02
8.376884422110551895e+02 2.241188438456463761e+00 1.725002492251667338e-02
8.433417085427136044e+02 2.240841118896329753e+00 1.725347445613541197e-02
8.489949748743717919e+02 2.240504980088333653e+00 1.725681298623293544e-02
8.546482412060302067e+02 2.240179512197576273e+00 1.726004536349340021e-02
8.603015075376883942e+02 2.239864235632997413e+00 1.726317616799768334e-02
8.659547738693468091e+02 2.239558698838441053e+00 1.726620972765372658e-02
8.716080402010049966e+02 2.239262476275025726e+00 1.726915013538983870e-02
8.772613065326632977e+02 2.238975166575677189e+00 1.727200126470527369e-02
8.829145728643215989e+02 2.238696390854889362e+00 1.727476678417511069e-02
8.885678391959799001e+02 2.238425791158632716e+00 1.727745017069549568e-02
8.942211055276382012e+02 2.238163029040996399e+00 1.728005472173053947e-02
8.998743718592965024e+02 2.237907784255604327e+00 1.728258356670593285e-02
9.055276381909548036e+02 2.237659753551125341e+00 1.728503967744966091e-02
9.111809045226129911e+02 2.237418649561309092e+00 1.728742587783702045e-02
9.168341708542714059e+02 2.237184199780992255e+00 1.728974485286084717e-02
9.224874371859295934e+02 2.236956145620381697e+00 1.729199915693650086e-02
9.281407035175880083e+02 2.236734241530707656e+00 1.729419122163641104e-02
9.337939698492461957e+02 2.236518254195024813e+00 1.729632336290730724e-02
9.394472361809044969e+02 2.236307961778561282e+00 1.729839778774609066e-02
9.451005025125627981e+02 2.236103153233552465e+00 1.730041660045136126e-02
9.507537688442210992e+02 2.235903627653982095e+00 1.730238180842622736e-02
9.564070351758794004e+02 2.235709193676101769e+00 1.730429532764907533e-02
9.620603015075377016e+02 2.235519668920973313e+00 1.730615898765936606e-02
9.677135678391960028e+02 2.235334879475626924e+00 1.730797453630323821e-02
9.733668341708543039e+02 2.235154659409759326e+00 1.730974364425254958e-02
9.790201005025126051e+02 2.234978850325140876e+00 1.731146790902874169e-02
9.846733668341707926e+02 2.234807300935194974e+00 1.731314885894272293e-02
9.903266331658290937e+02 2.234639866672400998e+00 1.731478795672054122e-02
9.959798994974873949e+02 2.234476409321398904e+00 1.731638660290512124e-02
1.001633165829145696e+03 2.234316796675856587e+00 1.731794613906030567e-02
1.007286432160803997e+03 2.234160902217312561e+00 1.731946785079046050e-02
1.012939698492462298e+03 2.234008604814376131e+00 1.732095297053758837e-02
1.018592964824120600e+03 2.233859788440792027e+00 1.732240268025892621e-02
1.024246231155778787e+03 2.233714341911001267e+00 1.732381811395973872e-02
1.029899497487437202e+03 2.233572158631942361e+00 1.732520035996622243e-02
1.035552763819095617e+03 2.233433136369949334e+00 1.732655046320804443e-02
1.041206030150753804e+03 2.233297177031672742e+00 1.732786942729282534e-02
1.046859296482411992e+03 2.233164186458061362e+00 1.732915821646259860e-02
1.052512562814070407e+03 2.233034074230494603e+00 1.733041775752207359e-02
1.058165829145728594e+03 2.232906753488246299e+00 1.733164894148271976e-02
1.063819095477386782e+03 2.232782140756506717e+00 1.733285262532001381e-02
1.069472361809045196e+03 2.232660155784266465e+00 1.733402963351089038e-02
1.075125628140703611e+03 2.232540721391398808e+00 1.733518075953095067e-02
1.080778894472361799e+03 2.232423763324343113e+00 1.733630676723466046e-02
1.086432160804019986e+03 2.232309210119832965e+00 1.733740839220839630e-02
1.092085427135678401e+03 2.232196992976142713e+00 1.733848634300673777e-02
1.097738693467336816e+03 2.232087045631380828e+00 1.733954130241301822e-02
1.103391959798995003e+03 2.231979304248377538e+00 1.734057392846813372e-02
1.109045226130653191e+03 2.231873707305764842e+00 1.734158485563904242e-02
1.114698492462311606e+03 2.231770195494848785e+00 1.734257469578128971e-02
1.120351758793969793e+03 2.231668711621929813e+00 1.734354403915177451e-02
1.126005025125627981e+03 2.231569200515736817e+00 1.734449345526690306e-02
1.131658291457286396e+03 2.231471608939659568e+00 1.734542349383674797e-02
1.137311557788944810e+03 2.231375885508499746e+00 1.734633468557032418e-02
1.142964824120602998e+03 2.231281980609464366e+00 1.734722754295453528e-02
1.148618090452261185e+03 2.231189846327159998e+00 1.734810256103240869e-02
1.154271356783919600e+03 2.231099436372345757e+00 1.734896021809110428e-02
1.159924623115578015e+03 2.231010706014230571e+00 1.734980097634925694e-02
1.165577889447236203e+03 2.230923612016117108e+00 1.735062528263102075e-02
1.171231155778894390e+03 2.230838112574186738e+00 1.735143356894992481e-02
1.176884422110552805e+03 2.230754167259264786e+00 1.735222625309229202e-02
1.182537688442210992e+03 2.230671736961383100e+00 1.735300373923854417e-02
1.188190954773869180e+03 2.230590783837001378e+00 1.735376641844331783e-02
1.193844221105527595e+03 2.230511271258721173e+00 1.735451466912799751e-02
1.199497487437186010e+03 2.230433163767373550e+00 1.735524885762401021e-02
1.205150753768844197e+03 2.230356427026339183e+00 1.735596933863902888e-02
1.210804020100502385e+03 2.230281027777986314e+00 1.735667645564604664e-02
1.216457286432160799e+03 2.230206933802113323e+00 1.735737054134892099e-02
1.222110552763819214e+03 2.230134113876282687e+00 1.735805191808366052e-02
1.227763819095477402e+03 2.230062537737959705e+00 1.735872089819382597e-02
1.233417085427135589e+03 2.229992176048345875e+00 1.735937778440570581e-02
1.239070351758794004e+03 2.229923000357831864e+00 1.736002287021602003e-02
1.244723618090452419e+03 2.229854983072976804e+00 1.736065644016427170e-02
1.250376884422110379e+03 2.229788097424946436e+00 1.736127877024559729e-02
1.256030150753768794e+03 2.229722317439321255e+00 1.736189012811876001e-02
1.261683417085427209e+03 2.229657617907222722e+00 1.736249077349302783e-02
1.267336683417085396e+03 2.229593974357675368e+00 1.736308095839972365e-02
1.272989949748743584e+03 2.229531363031155067e+00 1.736366092737416308e-02
1.278643216080401999e+03 2.229469760854260407e+00 1.736423091788032516e-02
1.284296482412060413e+03 2.229409145415449878e+00 1.736479116040296269e-02
1.289949748743718601e+03 2.229349494941795573e+00 1.736534187880805699e-02
1.295603015075376788e+03 2.229290788276705015e+00 1.736588329047300885e-02
1.301256281407035203e+03 2.229233004858564016e+00 1.736641560659569691e-02
1.306909547738693618e+03 2.229176124700254835e+00 1.736693903237555153e-02
1.312562814070351806e+03 2.229120128369505682e+00 1.736745376719454198e-02
1.318216080402009993e+03 2.229064996970045787e+00 1.736796000484918528e-02
1.323869346733668408e+03 2.229010712123506988e+00 1.736845793371851951e-02
1.329522613065326595e+03 2.228957255952056737e+00 1.736894773694479255e-02
1.335175879396984783e+03 2.228904611061718111e+00 1.736942959261403643e-02
1.340829145728643198e+03 2.228852760526346177e+00 1.736990367394937451e-02
1.346482412060301613e+03 2.228801687872237203e+00 1.737037014940193830e-02
1.352135678391959800e+03 2.228751377063331596e+00 1.737082918288236980e-02
1.357788944723617988e+03 2.228701812486993727e+00 1.737128093386438796e-02
1.363442211055276402e+03 2.228652978940337981e+00 1.737172555753943928e-02
1.369095477386934817e+03 2.228604861617075716e+00 1.737216320495849758e-02
1.374748743718593005e+03 2.228557446094865835e+00 1.737259402318657928e-02
1.380402010050251192e+03 2.228510718323136963e+00 1.737301815534217364e-02
1.386055276381909607e+03 2.228464664611372825e+00 1.737343574085390557e-02
1.391708542713567795e+03 2.228419271617830599e+00 1.737384691547429541e-02
1.397361809045225982e+03 2.228374526338679384e+00 1.737425181142128808e-02
1.403015075376884397e+03 2.228330416097538347e+00 1.737465055750695569e-02
1.408668341708542812e+03 2.228286928535398559e+00 1.737504327925335976e-02
1.414321608040200999e+03 2.228244051600910325e+00 1.737543009891894322e-02
1.419974874371859187e+03 2.228201773541026220e+00 1.737581113571655053e-02
1.425628140703517602e+03 2.228160082891974980e+00 1.737618650578861071e-02
1.431281407035176017e+03 2.228118968470562233e+00 1.737655632237398301e-02
1.436934673366834204e+03 2.228078419365783436e+00 1.737692069589807237e-02
1.442587939698492391e+03 2.228038424930726347e+00 1.737727973398626655e-02
1.448241206030150806e+03 2.227998974774763496e+00 1.737763354164344187e-02
1.453894472361808994e+03 2.227960058756016881e+00 1.737798222125455649e-02
1.459547738693467409e+03 2.227921666974085113e+00 1.737832587270022114e-02
1.465201005025125596e+03 2.227883789763019706e+00 1.737866459342111286e-02
1.470854271356784011e+03 2.227846417684545166e+00 1.737899847849517718e-02
1.476507537688442198e+03 2.227809541521511338e+00 1.737932762071476081e-02
1.482160804020100386e+03 2.227773152271566914e+00 1.737965211061264989e-02
1.487814070351758801e+03 2.227737241141047431e+00 1.737997203656473783e-02
1.493467336683416988e+03 2.227701799539070215e+00 1.738028748484156047e-02
1.499120603015075403e+03 2.227666819071825177e+00 1.738059853967258844e-02
1.504773869346733591e+03 2.227632291537055220e+00 1.738090528332328702e-02
1.510427135678392006e+03 2.227598208918723621e+00 1.738120779606994182e-02
1.516080402010050193e+03 2.227564563381851048e+00 1.738150615636610205e-02
1.521733668341708608e+03 2.227531347267526662e+00 1.738180044083015990e-02
1.527386934673366795e+03 2.227498553088079092e+00 1.738209072428400018e-02
1.533040201005025210e+03 2.227466173522404613e+00 1.738237707985553979e-02
1.538693467336683398e+03 2.227434201411445880e+00 1.738265957896624470e-02
1.544346733668341585e+03 2.227402629753816754e+00 1.738293829145916986e-02
1.550000000000000000e+03 2.227371451701566141e+00 1.738321328553538159e-02
