4.250000000000000000e+02 1.870175367125870070e+00 4.044826503253563521e-01
4.306532663316583012e+02 1.987491258695239571e+00 3.770360938119335370e-01
4.363065326633166023e+02 2.049503435798706530e+00 3.614605794563148233e-01
4.419597989949749035e+02 2.094545795006079736e+00 3.488637479412057818e-01
4.476130653266331478e+02 2.131819641603091675e+00 3.372273521791570583e-01
4.532663316582914490e+02 2.164910519652998300e+00 3.257614968626319496e-01
4.589195979899497502e+02 2.195573535682827426e+00 3.140547888387041908e-01
4.645728643216080513e+02 2.224791668225659880e+00 3.018421831466292504e-01
4.702261306532663525e+02 2.253165224463486993e+00 2.889177173616989669e-01
4.758793969849245968e+02 2.281081058798629879e+00 2.750917348001679641e-01
4.815326633165828980e+02 2.308793685739026991e+00 2.601621776460708579e-01
4.871859296482411992e+02 2.336464578487442267e+00 2.438865402848734709e-01
4.928391959798995003e+02 2.364175936527745492e+00 2.259435015332409424e-01
4.984924623115578015e+02 2.391918816591294572e+00 2.058664167101135201e-01
5.041457286432161027e+02 2.419531261931360255e+00 1.829050656603063152e-01
5.097989949748744039e+02 2.446472175372902846e+00 1.556750823135445438e-01
5.154522613065327050e+02 2.470717356693852285e+00 1.209480614555910466e-01
5.211055276381910062e+02 2.473399956618647977e+00 6.465452622887962741e-02
5.267587939698491937e+02 2.438075303034713315e+00 1.628535702950660927e-02
5.324120603015074948e+02 2.395809160745856037e+00 1.658009091460518891e-02
5.380653266331657960e+02 2.371243840481993992e+00 1.675897955116626564e-02
5.437185929648240972e+02 2.353917920303960631e+00 1.688914528350992858e-02
5.493718592964823983e+02 2.340664549928918259e+00 1.699128096464471230e-02
5.550251256281406995e+02 2.330044781877832705e+00 1.707493214590929606e-02
5.606783919597990007e+02 2.321270309458063785e+00 1.714540037348312798e-02
5.663316582914573019e+02 2.313858857304520011e+00 1.720597055472592937e-02
5.719849246231156030e+02 2.307492832154522944e+00 1.725883190205390952e-02
5.776381909547739042e+02 2.301951726562829759e+00 1.730552173964415921e-02
5.832914572864322054e+02 2.297076192410910433e+00 1.734716313007214974e-02
5.889447236180903928e+02 2.292747405778943648e+00 1.738460233644513117e-02
5.945979899497488077e+02 2.288874486328877911e+00 1.741849320733593331e-02
6.002512562814069952e+02 2.285386455151322771e+00 1.744935147913544843e-02
6.059045226130652964e+02 2.282226891504516519e+00 1.747759108746537240e-02
6.115577889447235975e+02 2.279350266946783776e+00 1.750354923504953211e-02
6.172110552763818987e+02 2.276719361138340503e+00 1.752750417008791181e-02
6.228643216080401999e+02 2.274303397316613129e+00 1.754968808932968680e-02
6.285175879396985010e+02 2.272076669641486912e+00 1.757029669212207407e-02
6.341708542713568022e+02 2.270017514662059366e+00 1.758949637968686142e-02
6.398241206030151034e+02 2.268107528524780037e+00 1.760742976490104958e-02
6.454773869346734045e+02 2.266330962882064703e+00 1.762421994744791526e-02
6.511306532663315920e+02 2.264674252869516735e+00 1.763997387248651336e-02
6.567839195979900069e+02 2.263125644115966395e+00 1.765478499883150337e-02
6.624371859296481944e+02 2.261674894993932483e+00 1.766873544027942194e-02
6.680904522613064955e+02 2.260313036718144097e+00 1.768189770012653858e-02
6.737437185929647967e+02 2.259032178405154134e+00 1.769433608792412779e-02
6.793969849246230979e+02 2.257825347426750007e+00 1.770610788596466839e-02
6.850502512562813990e+02 2.256686357722645031e+00 1.771726431653876388e-02
6.907035175879397002e+02 2.255609700449571431e+00 1.772785134929598730e-02
6.963567839195980014e+02 2.254590452614483098e+00 1.773791037955481376e-02
7.020100502512563025e+02 2.253624200292915880e+00 1.774747880119288343e-02
7.076633165829146037e+02 2.252706973756032127e+00 1.775659049334369494e-02
7.133165829145727912e+02 2.251835192382502626e+00 1.776527623587777563e-02
7.189698492462312061e+02 2.251005617657707347e+00 1.777356406576253989e-02
7.246231155778893935e+02 2.250215312894329411e+00 1.778147958415689928e-02
7.302763819095478084e+02 2.249461608568257720e+00 1.778904622206786343e-02
7.359296482412059959e+02 2.248742072368795419e+00 1.779628547113138934e-02
7.415829145728642970e+02 2.248054483225083722e+00 1.780321708484645937e-02
7.472361809045225982e+02 2.247396808700935722e+00 1.780985925464846284e-02
7.528894472361808994e+02 2.246767185255004406e+00 1.781622876453880372e-02
7.585427135678392006e+02 2.246163900947984349e+00 1.782234112726534953e-02
7.641959798994975017e+02 2.245585380247383078e+00 1.782821070457047199e-02
7.698492462311558029e+02 2.245030170636754363e+00 1.783385081386236470e-02
7.755025125628139904e+02 2.244496930782460709e+00 1.783927382292347860e-02
7.811557788944724052e+02 2.243984420049213391e+00 1.784449123425427275e-02
7.868090452261305927e+02 2.243491489187181553e+00 1.784951376048799984e-02
7.924623115577890076e+02 2.243017072039779958e+00 1.785435139179117336e-02
7.981155778894471950e+02 2.242560178143176319e+00 1.785901345645437427e-02
8.037688442211054962e+02 2.242119886106953786e+00 1.786350867528564701e-02
8.094221105527637974e+02 2.241695337680863709e+00 1.786784521072388304e-02
8.150753768844220986e+02 2.241285732425660981e+00 1.787203071111168398e-02
8.207286432160803997e+02 2.240890322917097333e+00 1.787607235076201298e-02
8.263819095477387009e+02 2.240508410421545804e+00 1.787997686629994726e-02
8.320351758793970021e+02 2.240139340989770300e+00 1.788375058968332335e-02
8.376884422110551895e+02 2.239782501922192193e+00 1.788739947817926182e-02
8.433417085427136044e+02 2.239437318564899915e+00 1.789092914172026386e-02
8.489949748743717919e+02 2.239103251400694106e+00 1.789434486785073872e-02
8.546482412060302067e+02 2.238779793403828045e+00 1.789765164457237170e-02
8.603015075376883942e+02 2.238466467630852108e+00 1.790085418117196708e-02
8.659547738693468091e+02 2.238162825023257252e+00 1.790395692737498795e-02
8.716080402010049966e+02 2.237868442400418711e+00 1.790696409093093730e-02
8.772613065326632977e+02 2.237582920623824911e+00 1.790987965376086150e-02
8.829145728643215989e+02 2.237305882915718858e+00 1.791270738679646979e-02
8.885678391959799001e+02 2.237036973317164001e+00 1.791545086368925149e-02
8.942211055276382012e+02 2.236775855272187030e+00 1.791811347345576358e-02
8.998743718592965024e+02 2.236522210326093774e+00 1.792069843211250429e-02
9.055276381909548036e+02 2.236275736927340940e+00 1.792320879350190951e-02
9.111809045226129911e+02 2.236036149323442856e+00 1.792564745930006267e-02
9.168341708542714059e+02 2.235803176542393800e+00 1.792801718820871693e-02
9.224874371859295934e+02 2.235576561451965816e+00 1.793032060460654151e-02
9.281407035175880083e+02 2.235356059889999969e+00 1.793256020651296315e-02
9.337939698492461957e+02 2.235141439859508417e+00 1.793473837295320519e-02
9.394472361809044969e+02 2.234932480783009101e+00 1.793685737094906016e-02
9.451005025125627981e+02 2.234728972811059755e+00 1.793891936182730185e-02
9.507537688442210992e+02 2.234530716180443743e+00 1.794092640730522714e-02
9.564070351758794004e+02 2.234337520617889261e+00 1.794288047503253547e-02
9.620603015075377016e+02 2.234149204785587095e+00 1.794478344377642073e-02
9.677135678391960028e+02 2.233965595765133205e+00 1.794663710836209847e-02
9.733668341708543039e+02 2.233786528576808372e+00 1.794844318415937320e-02
9.790201005025126051e+02 2.233611845731410028e+00 1.795020331140051786e-02
9.846733668341707926e+02 2.233441396812088087e+00 1.795191905910757321e-02
9.903266331658290937e+02 2.233275038083857300e+00 1.795359192892653430e-02
9.959798994974873949e+02 2.233112632128682051e+00 1.795522335854737514e-02
1.001633165829145696e+03 2.232954047504190687e+00 1.795681472504450163e-02
1.007286432160803997e+03 2.232799158424255914e+00 1.795836734797718812e-02
1.012939698492462298e+03 2.232647844459819009e+00 1.795988249226287276e-02
1.018592964824120600e+03 2.232499990258480338e+00 1.796136137092263149e-02
1.024246231155778787e+03 2.232355485281495522e+00 1.796280514769914641e-02
1.029899497487437202e+03 2.232214223556924448e+00 1.796421493938678629e-02
1.035552763819095617e+03 2.232076103447792725e+00 1.796559181822025841e-02
1.041206030150753804e+03 2.231941027434210412e+00 1.796693681392649844e-02
1.046859296482411992e+03 2.231808901908469256e+00 1.796825091584797543e-02
1.052512562814070407e+03 2.231679636982240478e+00 1.796953507477917072e-02
1.058165829145728594e+03 2.231553146305029767e+00 1.797079020482546252e-02
1.063819095477386782e+03 2.231429346893144317e+00 1.797201718507443480e-02
1.069472361809045196e+03 2.231308158968462241e+00 1.797321686125286783e-02
1.075125628140703611e+03 2.231189505806353779e+00 1.797439004723357797e-02
1.080778894472361799e+03 2.231073313592159657e+00 1.797553752645406761e-02
1.086432160804019986e+03 2.230959511285666164e+00 1.797666005334596154e-02
1.092085427135678401e+03 2.230848030493060907e+00 1.797775835456530066e-02
1.097738693467336816e+03 2.230738805345898079e+00 1.797883313027087704e-02
1.103391959798995003e+03 2.230631772386622913e+00 1.797988505527781458e-02
1.109045226130653191e+03 2.230526870460250333e+00 1.798091478013583849e-02
1.114698492462311606e+03 2.230424040611810543e+00 1.798192293220647955e-02
1.120351758793969793e+03 2.230323225989211622e+00 1.798291011665281713e-02
1.126005025125627981e+03 2.230224371751183821e+00 1.798387691735416419e-02
1.131658291457286396e+03 2.230127424980004047e+00 1.798482389788164798e-02
1.137311557788944810e+03 2.230032334598705646e+00 1.798575160223834721e-02
1.142964824120602998e+03 2.229939051292516794e+00 1.798666055578389614e-02
1.148618090452261185e+03 2.229847527434267729e+00 1.798755126592377698e-02
1.154271356783919600e+03 2.229757717013546969e+00 1.798842422287205006e-02
1.159924623115578015e+03 2.229669575569375617e+00 1.798927990041345598e-02
1.165577889447236203e+03 2.229583060126207883e+00 1.799011875643038993e-02
1.171231155778894390e+03 2.229498129133065554e+00 1.799094123366390408e-02
1.176884422110552805e+03 2.229414742405623873e+00 1.799174776025199568e-02
1.182537688442210992e+03 2.229332861071093852e+00 1.799253875035384392e-02
1.188190954773869180e+03 2.229252447515730928e+00 1.799331460466253516e-02
1.193844221105527595e+03 2.229173465334840287e+00 1.799407571090500674e-02
1.199497487437186010e+03 2.229095879285130977e+00 1.799482244444038440e-02
1.205150753768844197e+03 2.229019655239295794e+00 1.799555516863577537e-02
1.210804020100502385e+03 2.228944760142694381e+00 1.799627423536517834e-02
1.216457286432160799e+03 2.228871161972031167e+00 1.799697998547101704e-02
1.222110552763819214e+03 2.228798829695917583e+00 1.799767274911434276e-02
1.227763819095477402e+03 2.228727733237220399e+00 1.799835284624817094e-02
1.233417085427135589e+03 2.228657843437104713e+00 1.799902058695477744e-02
1.239070351758794004e+03 2.228589132020683650e+00 1.799967627180748889e-02
1.244723618090452419e+03 2.228521571564182846e+00 1.800032019224454688e-02
1.250376884422110379e+03 2.228455135463561554e+00 1.800095263088107717e-02
1.256030150753768794e+03 2.228389797904492653e+00 1.800157386185786274e-02
1.261683417085427209e+03 2.228325533833653616e+00 1.800218415111592626e-02
1.267336683417085396e+03 2.228262318931245378e+00 1.800278375668324521e-02
1.272989949748743584e+03 2.228200129584698264e+00 1.800337292901067407e-02
1.278643216080401999e+03 2.228138942863480576e+00 1.800395191117196841e-02
1.284296482412060413e+03 2.228078736494980117e+00 1.800452093918706795e-02
1.289949748743718601e+03 2.228019488841391560e+00 1.800508024219718908e-02
1.295603015075376788e+03 2.227961178877567061e+00 1.800563004277545842e-02
1.301256281407035203e+03 2.227903786169779909e+00 1.800617055712644757e-02
1.306909547738693618e+03 2.227847290855361262e+00 1.800670199527321449e-02
1.312562814070351806e+03 2.227791673623167323e+00 1.800722456131826840e-02
1.318216080402009993e+03 2.227736915694837894e+00 1.800773845360575942e-02
1.323869346733668408e+03 2.227682998806807646e+00 1.800824386494520937e-02
1.329522613065326595e+03 2.227629905193036830e+00 1.800874098277352453e-02
1.335175879396984783e+03 2.227577617568428980e+00 1.800922998935388167e-02
1.340829145728643198e+03 2.227526119112902769e+00 1.800971106192521959e-02
1.346482412060301613e+03 2.227475393456086028e+00 1.801018437288866639e-02
1.352135678391959800e+03 2.227425424662609732e+00 1.801065008998151140e-02
1.357788944723617988e+03 2.227376197217968645e+00 1.801110837634017914e-02
1.363442211055276402e+03 2.227327696014928193e+00 1.801155939078505699e-02
1.369095477386934817e+03 2.227279906340446480e+00 1.801200328784634611e-02
1.374748743718593005e+03 2.227232813863099903e+00 1.801244021796243738e-02
1.380402010050251192e+03 2.227186404620979499e+00 1.801287032759196077e-02
1.386055276381909607e+03 2.227140665010039378e+00 1.801329375932576859e-02
1.391708542713567795e+03 2.227095581772888799e+00 1.801371065204817462e-02
1.397361809045225982e+03 2.227051141987986593e+00 1.801412114099952208e-02
1.403015075376884397e+03 2.227007333059246363e+00 1.801452535793733253e-02
1.408668341708542812e+03 2.226964142706016503e+00 1.801492343123577838e-02
1.414321608040200999e+03 2.226921558953424363e+00 1.801531548594811558e-02
1.419974874371859187e+03 2.226879570123073471e+00 1.801570164399236840e-02
1.425628140703517602e+03 2.226838164824073374e+00 1.801608202412740764e-02
1.431281407035176017e+03 2.226797331944391001e+00 1.801645674217552257e-02
1.436934673366834204e+03 2.226757060642511110e+00 1.801682591102309744e-02
1.442587939698492391e+03 2.226717340339390283e+00 1.801718964075683244e-02
1.448241206030150806e+03 2.226678160710692911e+00 1.801754803870134550e-02
1.453894472361808994e+03 2.226639511679303851e+00 1.801790120956764038e-02
1.459547738693467409e+03 2.226601383408093771e+00 1.801824925546600259e-02
1.465201005025125596e+03 2.226563766292943392e+00 1.801859227601746577e-02
1.470854271356784011e+03 2.226526650955999109e+00 1.801893036840360868e-02
1.476507537688442198e+03 2.226490028239167529e+00 1.801926362749028954e-02
1.482160804020100386e+03 2.226453889197826275e+00 1.801959214581579788e-02
1.487814070351758801e+03 2.226418225094745296e+00 1.801991601372685686e-02
1.493467336683416988e+03 2.226383027394222669e+00 1.802023531939138390e-02
1.499120603015075403e+03 2.226348287756405142e+00 1.802055014890981133e-02
1.504773869346733591e+03 2.226313998031804076e+00 1.802086058632778806e-02
1.510427135678392006e+03 2.226280150255993906e+00 1.802116671372284290e-02
1.516080402010050193e+03 2.226246736644480695e+00 1.802146861125401844e-02
1.521733668341708608e+03 2.226213749587742541e+00 1.802176635719918499e-02
1.527386934673366795e+03 2.226181181646429863e+00 1.802206002804163792e-02
1.533040201005025210e+03 2.226149025546722449e+00 1.802234969848273347e-02
1.538693467336683398e+03 2.226117274175835270e+00 1.802263544152844441e-02
1.544346733668341585e+03 2.226085920577669963e+00 1.802291732848965156e-02
1.550000000000000000e+03 2.226054957948601309e+00 1.802319542908100564e-02
