4.250000000000000000e+02 1.726297944177674237e+00 3.931138182200832332e-01
4.306532663316583012e+02 1.840860469993862880e+00 3.647279237354982828e-01
4.363065326633166023e+02 1.901545593700781689e+00 3.485624715244219907e-01
4.419597989949749035e+02 1.945707346473362742e+00 3.354537742605497863e-01
4.476130653266331478e+02 1.982306549602026013e+00 3.233286282336615969e-01
4.532663316582914490e+02 2.014833793701607867e+00 3.113745580027226234e-01
4.589195979899497502e+02 2.044996822087870925e+00 2.991655711068811341e-01
4.645728643216080513e+02 2.073751033073988115e+00 2.864231723159477716e-01
4.702261306532663525e+02 2.101678393490831187e+00 2.729256646856883517e-01
4.758793969849245968e+02 2.129151589204086203e+00 2.584621832140893138e-01
4.815326633165828980e+02 2.156411744172483047e+00 2.427994109911795484e-01
4.871859296482411992e+02 2.183603880708932188e+00 2.256453383941789126e-01
4.928391959798995003e+02 2.210783325005709621e+00 2.065940780269394372e-01
4.984924623115578015e+02 2.237883772904225133e+00 1.850198918656213720e-01
5.041457286432161027e+02 2.264582883402827651e+00 1.598284095517940873e-01
5.097989949748744039e+02 2.289692586126890195e+00 1.286969177454569402e-01
5.154522613065327050e+02 2.305522214347817123e+00 8.417140170482680095e-02
5.211055276381910062e+02 2.278388128468678442e+00 1.418907816501796190e-02
5.267587939698491937e+02 2.231428014630910450e+00 1.449351348311962544e-02
5.324120603015074948e+02 2.205472372595424613e+00 1.466966844755274689e-02
5.380653266331657960e+02 2.187597440525749892e+00 1.479486960318428246e-02
5.437185929648240972e+02 2.174121767501419722e+00 1.489166016474418458e-02
5.493718592964823983e+02 2.163432451811123425e+00 1.497008882844042162e-02
5.550251256281406995e+02 2.154667191271260940e+00 1.503560895699148844e-02
5.606783919597990007e+02 2.147307652109493148e+00 1.509154324462027436e-02
5.663316582914573019e+02 2.141017043615288440e+00 1.514007774487618335e-02
5.719849246231156030e+02 2.135564002475563772e+00 1.518273182679886688e-02
5.776381909547739042e+02 2.130782782529797359e+00 1.522060601934507873e-02
5.832914572864322054e+02 2.126550685412132768e+00 1.525452362831732252e-02
5.889447236180903928e+02 2.122774449176217271e+00 1.528511678534026641e-02
5.945979899497488077e+02 2.119381626812696595e+00 1.531288134276874262e-02
6.002512562814069952e+02 2.116314903175982920e+00 1.533821330759819676e-02
6.059045226130652964e+02 2.113528222756479114e+00 1.536143383020675476e-02
6.115577889447235975e+02 2.110984076550256550e+00 1.538280682465330111e-02
6.172110552763818987e+02 2.108651555076334727e+00 1.540255169096029636e-02
6.228643216080401999e+02 2.106504921970941080e+00 1.542085269148718574e-02
6.285175879396985010e+02 2.104522549874153992e+00 1.543786598648886829e-02
6.341708542713568022e+02 2.102686113802134216e+00 1.545372499733628849e-02
6.398241206030151034e+02 2.100979970946890596e+00 1.546854455336227167e-02
6.454773869346734045e+02 2.099390677706376884e+00 1.548242413841076706e-02
6.511306532663315920e+02 2.097906609239986508e+00 1.549545046228864922e-02
6.567839195979900069e+02 2.096517656652908901e+00 1.550769951797835791e-02
6.624371859296481944e+02 2.095214983676051634e+00 1.551923824373556242e-02
6.680904522613064955e+02 2.093990829450940616e+00 1.553012587688464528e-02
6.737437185929647967e+02 2.092838347406245525e+00 1.554041506585824954e-02
6.793969849246230979e+02 2.091751472651312227e+00 1.555015278990370259e-02
6.850502512562813990e+02 2.090724812095895224e+00 1.555938112520971819e-02
6.907035175879397002e+02 2.089753552825543093e+00 1.556813788695717883e-02
6.963567839195980014e+02 2.088833385249966312e+00 1.557645717062098971e-02
7.020100502512563025e+02 2.087960438288426257e+00 1.558436981075629960e-02
7.076633165829146037e+02 2.087131224425888387e+00 1.559190377197494301e-02
7.133165829145727912e+02 2.086342592912204807e+00 1.559908448362171476e-02
7.189698492462312061e+02 2.085591689716874253e+00 1.560593512760653258e-02
7.246231155778893935e+02 2.084875923118012508e+00 1.561247688698485202e-02
7.302763819095478084e+02 2.084192934013763487e+00 1.561872916159562363e-02
7.359296482412059959e+02 2.083540570210560716e+00 1.562470975564599941e-02
7.415829145728642970e+02 2.082916864075250896e+00 1.563043504167976536e-02
7.472361809045225982e+02 2.082320013044597129e+00 1.563592010428536266e-02
7.528894472361808994e+02 2.081748362571603117e+00 1.564117886643885333e-02
7.585427135678392006e+02 2.081200391157902452e+00 1.564622420102279587e-02
7.641959798994975017e+02 2.080674697178388044e+00 1.565106802942884887e-02
7.698492462311558029e+02 2.080169987250930497e+00 1.565572140911975982e-02
7.755025125628139904e+02 2.079685065942484812e+00 1.566019461138712029e-02
7.811557788944724052e+02 2.079218826634686934e+00 1.566449719084133524e-02
7.868090452261305927e+02 2.078770243398477380e+00 1.566863804746507216e-02
7.924623115577890076e+02 2.078338363749311135e+00 1.567262548223781124e-02
7.981155778894471950e+02 2.077922302172980906e+00 1.567646724707700071e-02
8.037688442211054962e+02 2.077521234327584398e+00 1.568017058980734207e-02
8.094221105527637974e+02 2.077134391840233629e+00 1.568374229469485931e-02
8.150753768844220986e+02 2.076761057628197182e+00 1.568718871906443421e-02
8.207286432160803997e+02 2.076400561683512169e+00 1.569051582655839328e-02
8.263819095477387009e+02 2.076052277268157997e+00 1.569372921708135638e-02
8.320351758793970021e+02 2.075715617473663954e+00 1.569683415428110851e-02
8.376884422110551895e+02 2.075390032104907689e+00 1.569983559029483958e-02
8.433417085427136044e+02 2.075075004852867444e+00 1.570273818855002015e-02
8.489949748743717919e+02 2.074770050725426973e+00 1.570554634436045760e-02
8.546482412060302067e+02 2.074474713709062001e+00 1.570826420393408099e-02
8.603015075376883942e+02 2.074188564637475363e+00 1.571089568165810399e-02
8.659547738693468091e+02 2.073911199246055048e+00 1.571344447602143410e-02
8.716080402010049966e+02 2.073642236393450577e+00 1.571591408422215452e-02
8.772613065326632977e+02 2.073381316433722255e+00 1.571830781557802953e-02
8.829145728643215989e+02 2.073128099724335982e+00 1.572062880381499411e-02
8.885678391959799001e+02 2.072882265256933643e+00 1.572288001857638159e-02
8.942211055276382012e+02 2.072643509399216377e+00 1.572506427585958558e-02
8.998743718592965024e+02 2.072411544737527311e+00 1.572718424769385323e-02
9.055276381909548036e+02 2.072186099010845162e+00 1.572924247117477373e-02
9.111809045226129911e+02 2.071966914127843395e+00 1.573124135680121702e-02
9.168341708542714059e+02 2.071753745259546697e+00 1.573318319607451207e-02
9.224874371859295934e+02 2.071546360000880771e+00 1.573507016874281864e-02
9.281407035175880083e+02 2.071344537595061652e+00 1.573690434940992755e-02
9.337939698492461957e+02 2.071148068215405758e+00 1.573868771369353603e-02
9.394472361809044969e+02 2.070956752299634385e+00 1.574042214397654987e-02
9.451005025125627981e+02 2.070770399932258421e+00 1.574210943473849586e-02
9.507537688442210992e+02 2.070588830271024250e+00 1.574375129760911471e-02
9.564070351758794004e+02 2.070411871013789984e+00 1.574534936591943934e-02
9.620603015075377016e+02 2.070239357902553756e+00 1.574690519908966344e-02
9.677135678391960028e+02 2.070071134261625811e+00 1.574842028669944105e-02
9.733668341708543039e+02 2.069907050567247886e+00 1.574989605226946587e-02
9.790201005025126051e+02 2.069746964046172089e+00 1.575133385676908901e-02
9.846733668341707926e+02 2.069590738300961075e+00 1.575273500203379362e-02
9.903266331658290937e+02 2.069438242959945828e+00 1.575410073378284703e-02
9.959798994974873949e+02 2.069289353349973659e+00 1.575543224459008407e-02
1.001633165829145696e+03 2.069143950190226899e+00 1.575673067665305307e-02
1.007286432160803997e+03 2.069001919305551329e+00 1.575799712430463184e-02
1.012939698492462298e+03 2.068863151357853258e+00 1.575923263647879477e-02
1.018592964824120600e+03 2.068727541594250763e+00 1.576043821896174618e-02
1.024246231155778787e+03 2.068594989610777812e+00 1.576161483655549519e-02
1.029899497487437202e+03 2.068465399130521742e+00 1.576276341511186757e-02
1.035552763819095617e+03 2.068338677795181990e+00 1.576388484335268167e-02
1.041206030150753804e+03 2.068214736969114842e+00 1.576497997474393328e-02
1.046859296482411992e+03 2.068093491554991559e+00 1.576604962918467731e-02
1.052512562814070407e+03 2.067974859820282507e+00 1.576709459452493856e-02
1.058165829145728594e+03 2.067858763233828778e+00 1.576811562812404505e-02
1.063819095477386782e+03 2.067745126311825388e+00 1.576911345828051550e-02
1.069472361809045196e+03 2.067633876472589449e+00 1.577008878558995922e-02
1.075125628140703611e+03 2.067524943899533341e+00 1.577104228414667048e-02
1.080778894472361799e+03 2.067418261411810843e+00 1.577197460280018587e-02
1.086432160804019986e+03 2.067313764342132654e+00 1.577288636629799179e-02
1.092085427135678401e+03 2.067211390421302308e+00 1.577377817632851301e-02
1.097738693467336816e+03 2.067111079669036844e+00 1.577465061259121504e-02
1.103391959798995003e+03 2.067012774290678756e+00 1.577550423369679378e-02
1.109045226130653191e+03 2.066916418579437753e+00 1.577633957819312566e-02
1.114698492462311606e+03 2.066821958823810146e+00 1.577715716529481602e-02
1.120351758793969793e+03 2.066729343219870785e+00 1.577795749583712007e-02
1.126005025125627981e+03 2.066638521788127569e+00 1.577874105301804372e-02
1.131658291457286396e+03 2.066549446294680070e+00 1.577950830309754124e-02
1.137311557788944810e+03 2.066462070176410482e+00 1.578025969619458943e-02
1.142964824120602998e+03 2.066376348469975088e+00 1.578099566687257704e-02
1.148618090452261185e+03 2.066292237744378202e+00 1.578171663486488754e-02
1.154271356783919600e+03 2.066209696036906074e+00 1.578242300563108963e-02
1.159924623115578015e+03 2.066128682792241822e+00 1.578311517094080699e-02
1.165577889447236203e+03 2.066049158804569075e+00 1.578379350945714743e-02
1.171231155778894390e+03 2.065971086162500914e+00 1.578445838724937267e-02
1.176884422110552805e+03 2.065894428196669796e+00 1.578511015827701106e-02
1.182537688442210992e+03 2.065819149429832802e+00 1.578574916488773364e-02
1.188190954773869180e+03 2.065745215529352752e+00 1.578637573828669399e-02
1.193844221105527595e+03 2.065672593261923318e+00 1.578699019894933345e-02
1.199497487437186010e+03 2.065601250450416426e+00 1.578759285704793916e-02
1.205150753768844197e+03 2.065531155932737839e+00 1.578818401284976664e-02
1.210804020100502385e+03 2.065462279522578548e+00 1.578876395710088545e-02
1.216457286432160799e+03 2.065394591971968286e+00 1.578933297135349384e-02
1.222110552763819214e+03 2.065328064935528563e+00 1.578989132836332646e-02
1.227763819095477402e+03 2.065262670936343525e+00 1.579043929241653529e-02
1.233417085427135589e+03 2.065198383333351373e+00 1.579097711958605058e-02
1.239070351758794004e+03 2.065135176290197272e+00 1.579150505811432320e-02
1.244723618090452419e+03 2.065073024745451402e+00 1.579202334864119456e-02
1.250376884422110379e+03 2.065011904384137953e+00 1.579253222450192895e-02
1.256030150753768794e+03 2.064951791610504461e+00 1.579303191202507256e-02
1.261683417085427209e+03 2.064892663521960436e+00 1.579352263073172807e-02
1.267336683417085396e+03 2.064834497884143971e+00 1.579400459360503356e-02
1.272989949748743584e+03 2.064777273107045286e+00 1.579447800734541316e-02
1.278643216080401999e+03 2.064720968222138797e+00 1.579494307252729893e-02
1.284296482412060413e+03 2.064665562860483750e+00 1.579539998391040270e-02
1.289949748743718601e+03 2.064611037231729895e+00 1.579584893055404130e-02
1.295603015075376788e+03 2.064557372104000699e+00 1.579629009608600129e-02
1.301256281407035203e+03 2.064504548784601656e+00 1.579672365883073165e-02
1.306909547738693618e+03 2.064452549101516876e+00 1.579714979202180222e-02
1.312562814070351806e+03 2.064401355385661496e+00 1.579756866398614526e-02
1.318216080402009993e+03 2.064350950453844202e+00 1.579798043830009727e-02
1.323869346733668408e+03 2.064301317592421192e+00 1.579838527393134101e-02
1.329522613065326595e+03 2.064252440541592293e+00 1.579878332542290764e-02
1.335175879396984783e+03 2.064204303480327241e+00 1.579917474303496605e-02
1.340829145728643198e+03 2.064156891011877715e+00 1.579955967284435783e-02
1.346482412060301613e+03 2.064110188149860914e+00 1.579993825697061094e-02
1.352135678391959800e+03 2.064064180304880480e+00 1.580031063361912388e-02
1.357788944723617988e+03 2.064018853271665233e+00 1.580067693725084946e-02
1.363442211055276402e+03 2.063974193216699060e+00 1.580103729869565543e-02
1.369095477386934817e+03 2.063930186666326438e+00 1.580139184532187643e-02
1.374748743718593005e+03 2.063886820495302921e+00 1.580174070100908920e-02
1.380402010050251192e+03 2.063844081915781281e+00 1.580208398640186446e-02
1.386055276381909607e+03 2.063801958466708442e+00 1.580242181893867781e-02
1.391708542713567795e+03 2.063760438003614972e+00 1.580275431300721262e-02
1.397361809045225982e+03 2.063719508688783844e+00 1.580308157997318413e-02
1.403015075376884397e+03 2.063679158981782003e+00 1.580340372830748782e-02
1.408668341708542812e+03 2.063639377630332117e+00 1.580372086371329213e-02
1.414321608040200999e+03 2.063600153661524939e+00 1.580403308909858126e-02
1.419974874371859187e+03 2.063561476373338088e+00 1.580434050481557828e-02
1.425628140703517602e+03 2.063523335326469255e+00 1.580464320864727670e-02
1.431281407035176017e+03 2.063485720336454055e+00 1.580494129586416593e-02
1.436934673366834204e+03 2.063448621466067223e+00 1.580523485936525391e-02
1.442587939698492391e+03 2.063412029017989813e+00 1.580552398973474049e-02
1.448241206030150806e+03 2.063375933527734407e+00 1.580580877524250666e-02
1.453894472361808994e+03 2.063340325756818583e+00 1.580608930202717297e-02
1.459547738693467409e+03 2.063305196686172849e+00 1.580636565405440022e-02
1.465201005025125596e+03 2.063270537509775959e+00 1.580663791328587933e-02
1.470854271356784011e+03 2.063236339628511828e+00 1.580690615962351137e-02
1.476507537688442198e+03 2.063202594644231613e+00 1.580717047103623665e-02
1.482160804020100386e+03 2.063169294354019634e+00 1.580743092363061375e-02
1.487814070351758801e+03 2.063136430744654248e+00 1.580768759165116985e-02
1.493467336683416988e+03 2.063103995987251693e+00 1.580794054759309883e-02
1.499120603015075403e+03 2.063071982432089335e+00 1.580818986221663169e-02
1.504773869346733591e+03 2.063040382603602119e+00 1.580843560454733149e-02
1.510427135678392006e+03 2.063009189195542881e+00 1.580867784205897825e-02
1.516080402010050193e+03 2.062978395066304316e+00 1.580891664057553977e-02
1.521733668341708608e+03 2.062947993234388822e+00 1.580915206445401497e-02
1.527386934673366795e+03 2.062917976874030668e+00 1.580938417645827432e-02
1.533040201005025210e+03 2.062888339310957608e+00 1.580961303798405354e-02
1.538693467336683398e+03 2.062859074018288386e+00 1.580983870896084456e-02
1.544346733668341585e+03 2.062830174612561240e+00 1.581006124793639389e-02
1.550000000000000000e+03 2.062801634849891652e+00 1.581028071214716016e-02
