4.250000000000000000e+02 1.757854492094533150e+00 3.819320509345807135e-01
4.306532663316583012e+02 1.870479180431912081e+00 3.555720655527323526e-01
4.363065326633166023e+02 1.929914631982685869e+00 3.406941049586343362e-01
4.419597989949749035e+02 1.973039171459274321e+00 3.286994560742775850e-01
4.476130653266331478e+02 2.008698357698787351e+00 3.176423747157303135e-01
4.532663316582914490e+02 2.040337793461836302e+00 3.067634314385687677e-01
4.589195979899497502e+02 2.069643730222346711e+00 2.956686471455837184e-01
4.645728643216080513e+02 2.097560580584730605e+00 2.841056721120970296e-01
4.702261306532663525e+02 2.124665323719297838e+00 2.718799302688655328e-01
4.758793969849245968e+02 2.151330250637513153e+00 2.588138474239724540e-01
4.815326633165828980e+02 2.177801141111753047e+00 2.447199557571114459e-01
4.871859296482411992e+02 2.204235496781775883e+00 2.293752471346018618e-01
4.928391959798995003e+02 2.230716805213017739e+00 2.124868944962687578e-01
4.984924623115578015e+02 2.257245687110177812e+00 1.936340127482856222e-01
5.041457286432161027e+02 2.283687896312629917e+00 1.721491348173774527e-01
5.097989949748744039e+02 2.309585308123173863e+00 1.468263476903365061e-01
5.154522613065327050e+02 2.333267770357822624e+00 1.149657885132761431e-01
5.211055276381910062e+02 2.341849110827107339e+00 6.643416475729681248e-02
5.267587939698491937e+02 2.311356066664553399e+00 9.899684429141294290e-03
5.324120603015074948e+02 2.267890138238853659e+00 1.009315526906564772e-02
5.380653266331657960e+02 2.243201230665903712e+00 1.020781813143686878e-02
5.437185929648240972e+02 2.225959240777932280e+00 1.029030152017474525e-02
5.493718592964823983e+02 2.212842097925115326e+00 1.035455603273659382e-02
5.550251256281406995e+02 2.202367716038669876e+00 1.040690479672381173e-02
5.606783919597990007e+02 2.193733677988815245e+00 1.045081956692417088e-02
5.663316582914573019e+02 2.186453083754166471e+00 1.048843416274090543e-02
5.719849246231156030e+02 2.180207214556241446e+00 1.052116209751029208e-02
5.776381909547739042e+02 2.174775791582113094e+00 1.054999130273649721e-02
5.832914572864322054e+02 2.170000202486008334e+00 1.057564073084637200e-02
5.889447236180903928e+02 2.165762512784870086e+00 1.059865039686284753e-02
5.945979899497488077e+02 2.161972735317611694e+00 1.061943637964377594e-02
6.002512562814069952e+02 2.158560726791606044e+00 1.063832607050008844e-02
6.059045226130652964e+02 2.155470822994093538e+00 1.065558166221781435e-02
6.115577889447235975e+02 2.152658169322690274e+00 1.067141631687579424e-02
6.172110552763818987e+02 2.150086140796972245e+00 1.068600560296962231e-02
6.228643216080401999e+02 2.147724484786390331e+00 1.069949577751438084e-02
6.285175879396985010e+02 2.145547956404007195e+00 1.071200990636971342e-02
6.341708542713568022e+02 2.143535297789498362e+00 1.072365246777290046e-02
6.398241206030151034e+02 2.141668462469263456e+00 1.073451287001580406e-02
6.454773869346734045e+02 2.139932017611350101e+00 1.074466817664646891e-02
6.511306532663315920e+02 2.138312677540167073e+00 1.075418524478858814e-02
6.567839195979900069e+02 2.136798935533632982e+00 1.076312242140688678e-02
6.624371859296481944e+02 2.135380770191821043e+00 1.077153090336701105e-02
6.680904522613064955e+02 2.134049409070479797e+00 1.077945583756385363e-02
6.737437185929647967e+02 2.132797136773590285e+00 1.078693721860967368e-02
6.793969849246230979e+02 2.131617137910637894e+00 1.079401062743985500e-02
6.850502512562813990e+02 2.130503367647819335e+00 1.080070784272492597e-02
6.907035175879397002e+02 2.129450444285145405e+00 1.080705735120851205e-02
6.963567839195980014e+02 2.128453559553761476e+00 1.081308477556887013e-02
7.020100502512563025e+02 2.127508403274043225e+00 1.081881323591927895e-02
7.076633165829146037e+02 2.126611099731311239e+00 1.082426365632828055e-02
7.133165829145727912e+02 2.125758153673390716e+00 1.082945502636931991e-02
7.189698492462312061e+02 2.124946404256175647e+00 1.083440462532775025e-02
7.246231155778893935e+02 2.124172985591224805e+00 1.083912821504004649e-02
7.302763819095478084e+02 2.123435292806174157e+00 1.084364020685650576e-02
7.359296482412059959e+02 2.122730952731211485e+00 1.084795380633712773e-02
7.415829145728642970e+02 2.122057798485618818e+00 1.085208113930750777e-02
7.472361809045225982e+02 2.121413847366845573e+00 1.085603336233273083e-02
7.528894472361808994e+02 2.120797281547786906e+00 1.085982075928816799e-02
7.585427135678392006e+02 2.120206431171408834e+00 1.086345282662505921e-02
7.641959798994975017e+02 2.119639759499673648e+00 1.086693834849842936e-02
7.698492462311558029e+02 2.119095849829097933e+00 1.087028546327881498e-02
7.755025125628139904e+02 2.118573393930750726e+00 1.087350172267070349e-02
7.811557788944724052e+02 2.118071181809964898e+00 1.087659414432388602e-02
7.868090452261305927e+02 2.117588092612082917e+00 1.087956925871386496e-02
7.924623115577890076e+02 2.117123086526366382e+00 1.088243315118331452e-02
7.981155778894471950e+02 2.116675197561739719e+00 1.088519149950026819e-02
8.037688442211054962e+02 2.116243527086103526e+00 1.088784960779440834e-02
8.094221105527637974e+02 2.115827238036138702e+00 1.089041243689245660e-02
8.150753768844220986e+02 2.115425549717341980e+00 1.089288463186617595e-02
8.207286432160803997e+02 2.115037733124884856e+00 1.089527054691015462e-02
8.263819095477387009e+02 2.114663106725120034e+00 1.089757426776651744e-02
8.320351758793970021e+02 2.114301032645410139e+00 1.089979963219716262e-02
8.376884422110551895e+02 2.113950913226675166e+00 1.090195024853359701e-02
8.433417085427136044e+02 2.113612187898817663e+00 1.090402951259812105e-02
8.489949748743717919e+02 2.113284330344117556e+00 1.090604062300379665e-02
8.546482412060302067e+02 2.112966845917974901e+00 1.090798659540976982e-02
8.603015075376883942e+02 2.112659269300049214e+00 1.090987027526912380e-02
8.659547738693468091e+02 2.112361162352039745e+00 1.091169434964434082e-02
8.716080402010049966e+02 2.112072112161115900e+00 1.091346135805379772e-02
8.772613065326632977e+02 2.111791729250432681e+00 1.091517370239374236e-02
8.829145728643215989e+02 2.111519645940250545e+00 1.091683365604083876e-02
8.885678391959799001e+02 2.111255514845029158e+00 1.091844337232119808e-02
8.942211055276382012e+02 2.110999007493462365e+00 1.092000489230775424e-02
8.998743718592965024e+02 2.110749813059851654e+00 1.092152015182626910e-02
9.055276381909548036e+02 2.110507637196433528e+00 1.092299098826166395e-02
9.111809045226129911e+02 2.110272200957392208e+00 1.092441914653606572e-02
9.168341708542714059e+02 2.110043239806233206e+00 1.092580628487012720e-02
9.224874371859295934e+02 2.109820502699070399e+00 1.092715398000368779e-02
9.281407035175880083e+02 2.109603751237108860e+00 1.092846373206000227e-02
9.337939698492461957e+02 2.109392758882299823e+00 1.092973696911558011e-02
9.394472361809044969e+02 2.109187310230722368e+00 1.093097505139532973e-02
9.451005025125627981e+02 2.108987200338786838e+00 1.093217927517517625e-02
9.507537688442210992e+02 2.108792234097821794e+00 1.093335087653515142e-02
9.564070351758794004e+02 2.108602225653033457e+00 1.093449103455738404e-02
9.620603015075377016e+02 2.108416997863199249e+00 1.093560087476179790e-02
9.677135678391960028e+02 2.108236381797790049e+00 1.093668147182549726e-02
9.733668341708543039e+02 2.108060216268539566e+00 1.093773385260175465e-02
9.790201005025126051e+02 2.107888347392719020e+00 1.093875899848471139e-02
9.846733668341707926e+02 2.107720628185644873e+00 1.093975784799324814e-02
9.903266331658290937e+02 2.107556918180161887e+00 1.094073129902624342e-02
9.959798994974873949e+02 2.107397083071025801e+00 1.094168021087079876e-02
1.001633165829145696e+03 2.107240994382319155e+00 1.094260540636967684e-02
1.007286432160803997e+03 2.107088529156162071e+00 1.094350767370019795e-02
1.012939698492462298e+03 2.106939569661148592e+00 1.094438776819108526e-02
1.018592964824120600e+03 2.106794003119064396e+00 1.094524641391366598e-02
1.024246231155778787e+03 2.106651721448560277e+00 1.094608430531141680e-02
1.029899497487437202e+03 2.106512621024562382e+00 1.094690210862455347e-02
1.035552763819095617e+03 2.106376602452306734e+00 1.094770046327218221e-02
1.041206030150753804e+03 2.106243570354971339e+00 1.094847998321239919e-02
1.046859296482411992e+03 2.106113433173951943e+00 1.094924125807768961e-02
1.052512562814070407e+03 2.105986102980925256e+00 1.094998485436969940e-02
1.058165829145728594e+03 2.105861495300879405e+00 1.095071131665262786e-02
1.063819095477386782e+03 2.105739528945385963e+00 1.095142116840062269e-02
1.069472361809045196e+03 2.105620125855418578e+00 1.095211491310765610e-02
1.075125628140703611e+03 2.105503210953091564e+00 1.095279303517324512e-02
1.080778894472361799e+03 2.105388712001732721e+00 1.095345600076694063e-02
1.086432160804019986e+03 2.105276559473745923e+00 1.095410425867160246e-02
1.092085427135678401e+03 2.105166686425767431e+00 1.095473824108528921e-02
1.097738693467336816e+03 2.105059028380641628e+00 1.095535836423991959e-02
1.103391959798995003e+03 2.104953523215796540e+00 1.095596502928273576e-02
1.109045226130653191e+03 2.104850111057611439e+00 1.095655862281247513e-02
1.114698492462311606e+03 2.104748734181403513e+00 1.095713951755683015e-02
1.120351758793969793e+03 2.104649336916693869e+00 1.095770807296823045e-02
1.126005025125627981e+03 2.104551865557422463e+00 1.095826463579883600e-02
1.131658291457286396e+03 2.104456268276823305e+00 1.095880954063448674e-02
1.137311557788944810e+03 2.104362495046671722e+00 1.095934311038765895e-02
1.142964824120602998e+03 2.104270497560646103e+00 1.095986565678999311e-02
1.148618090452261185e+03 2.104180229161566107e+00 1.096037748092492346e-02
1.154271356783919600e+03 2.104091644772274616e+00 1.096087887357759770e-02
1.159924623115578015e+03 2.104004700829957386e+00 1.096137011568573162e-02
1.165577889447236203e+03 2.103919355223696552e+00 1.096185147874963184e-02
1.171231155778894390e+03 2.103835567235085691e+00 1.096232322524188715e-02
1.176884422110552805e+03 2.103753297481714579e+00 1.096278560889525806e-02
1.182537688442210992e+03 2.103672507863384666e+00 1.096323887509156186e-02
1.188190954773869180e+03 2.103593161510882492e+00 1.096368326120980910e-02
1.193844221105527595e+03 2.103515222737188051e+00 1.096411899695382518e-02
1.199497487437186010e+03 2.103438656990968880e+00 1.096454630455817071e-02
1.205150753768844197e+03 2.103363430812248858e+00 1.096496539915584566e-02
1.210804020100502385e+03 2.103289511790126021e+00 1.096537648904456590e-02
1.216457286432160799e+03 2.103216868522432836e+00 1.096577977591233974e-02
1.222110552763819214e+03 2.103145470577235443e+00 1.096617545520463081e-02
1.227763819095477402e+03 2.103075288456073277e+00 1.096656371612687690e-02
1.233417085427135589e+03 2.103006293558855155e+00 1.096694474209234521e-02
1.239070351758794004e+03 2.102938458150312329e+00 1.096731871090658901e-02
1.244723618090452419e+03 2.102871755327942793e+00 1.096768579481008192e-02
1.250376884422110379e+03 2.102806158991362917e+00 1.096804616094588201e-02
1.256030150753768794e+03 2.102741643812990446e+00 1.096839997132103423e-02
1.261683417085427209e+03 2.102678185210006045e+00 1.096874738305131901e-02
1.267336683417085396e+03 2.102615759317513433e+00 1.096908854862612206e-02
1.272989949748743584e+03 2.102554342962850598e+00 1.096942361597077337e-02
1.278643216080401999e+03 2.102493913640986811e+00 1.096975272867074802e-02
1.284296482412060413e+03 2.102434449490956148e+00 1.097007602605407604e-02
1.289949748743718601e+03 2.102375929273281763e+00 1.097039364345586340e-02
1.295603015075376788e+03 2.102318332348330543e+00 1.097070571223981821e-02
1.301256281407035203e+03 2.102261638655564369e+00 1.097101235998165954e-02
1.306909547738693618e+03 2.102205828693644030e+00 1.097131371067267512e-02
1.312562814070351806e+03 2.102150883501339163e+00 1.097160988468035524e-02
1.318216080402009993e+03 2.102096784639210458e+00 1.097190099903279197e-02
1.323869346733668408e+03 2.102043514172032612e+00 1.097218716743990699e-02
1.329522613065326595e+03 2.101991054651911828e+00 1.097246850041583635e-02
1.335175879396984783e+03 2.101939389102078781e+00 1.097274510544172382e-02
1.340829145728643198e+03 2.101888501001315745e+00 1.097301708698681516e-02
1.346482412060301613e+03 2.101838374268995668e+00 1.097328454667116301e-02
1.352135678391959800e+03 2.101788993250704340e+00 1.097354758332710900e-02
1.357788944723617988e+03 2.101740342704414122e+00 1.097380629306072414e-02
1.363442211055276402e+03 2.101692407787192796e+00 1.097406076945485823e-02
1.369095477386934817e+03 2.101645174042419573e+00 1.097431110352933663e-02
1.374748743718593005e+03 2.101598627387480711e+00 1.097455738384276597e-02
1.380402010050251192e+03 2.101552754101938092e+00 1.097479969665500141e-02
1.386055276381909607e+03 2.101507540816132558e+00 1.097503812590749570e-02
1.391708542713567795e+03 2.101462974500217573e+00 1.097527275334523635e-02
1.397361809045225982e+03 2.101419042453595232e+00 1.097550365853750161e-02
1.403015075376884397e+03 2.101375732294743059e+00 1.097573091904021671e-02
1.408668341708542812e+03 2.101333031951412966e+00 1.097595461035595805e-02
1.414321608040200999e+03 2.101290929651184136e+00 1.097617480605579676e-02
1.419974874371859187e+03 2.101249413912362751e+00 1.097639157782018607e-02
1.425628140703517602e+03 2.101208473535201016e+00 1.097660499552030079e-02
1.431281407035176017e+03 2.101168097593437700e+00 1.097681512719819556e-02
1.436934673366834204e+03 2.101128275426134895e+00 1.097702203926947083e-02
1.442587939698492391e+03 2.101088996629803418e+00 1.097722579636181001e-02
1.448241206030150806e+03 2.101050251050804896e+00 1.097742646161873475e-02
1.453894472361808994e+03 2.101012028778022511e+00 1.097762409649766582e-02
1.459547738693467409e+03 2.100974320135780005e+00 1.097781876105340983e-02
1.465201005025125596e+03 2.100937115677010691e+00 1.097801051371596719e-02
1.470854271356784011e+03 2.100900406176659185e+00 1.097819941159421976e-02
1.476507537688442198e+03 2.100864182625306498e+00 1.097838551039529570e-02
1.482160804020100386e+03 2.100828436223016293e+00 1.097856886444505825e-02
1.487814070351758801e+03 2.100793158373382319e+00 1.097874952674902926e-02
1.493467336683416988e+03 2.100758340677783664e+00 1.097892754909376295e-02
1.499120603015075403e+03 2.100723974929825655e+00 1.097910298194594569e-02
1.504773869346733591e+03 2.100690053109968147e+00 1.097927587463463917e-02
1.510427135678392006e+03 2.100656567380331463e+00 1.097944627531103647e-02
1.516080402010050193e+03 2.100623510079672851e+00 1.097961423100934225e-02
1.521733668341708608e+03 2.100590873718525931e+00 1.097977978758629160e-02
1.527386934673366795e+03 2.100558650974500896e+00 1.097994298990334280e-02
1.533040201005025210e+03 2.100526834687734823e+00 1.098010388174596764e-02
1.538693467336683398e+03 2.100495417856488523e+00 1.098026250590470806e-02
1.544346733668341585e+03 2.100464393632886839e+00 1.098041890417533403e-02
1.550000000000000000e+03 2.100433755318789952e+00 1.098057311737923522e-02
