4.250000000000000000e+02 1.676335372015590020e+00 3.655334732482788951e-01
4.306532663316583012e+02 1.783948243178917314e+00 3.414126325186429001e-01
4.363065326633166023e+02 1.840173871534299010e+00 3.284207101600853385e-01
4.419597989949749035e+02 1.880655933981817407e+00 3.182650890203780891e-01
4.476130653266331478e+02 1.913933293091292898e+00 3.090830247173210199e-01
4.532663316582914490e+02 1.943329777935343561e+00 3.001571667250040876e-01
4.589195979899497502e+02 1.970472096653014482e+00 2.911249541000788255e-01
4.645728643216080513e+02 1.996272640977104995e+00 2.817645528435147595e-01
4.702261306532663525e+02 2.021291343725792444e+00 2.719163381986415273e-01
4.758793969849245968e+02 2.045893622886453489e+00 2.614470232637197689e-01
4.815326633165828980e+02 2.070327540906093500e+00 2.502292427279231846e-01
4.871859296482411992e+02 2.094764150842122863e+00 2.381263215933534516e-01
4.928391959798995003e+02 2.119318660493450857e+00 2.249768304867930668e-01
4.984924623115578015e+02 2.144059416124632023e+00 2.105741221018218312e-01
5.041457286432161027e+02 2.169005652420852304e+00 1.946334864067971737e-01
5.097989949748744039e+02 2.194107614862236488e+00 1.767311731547780984e-01
5.154522613065327050e+02 2.219182922093289712e+00 1.561735280973352014e-01
5.211055276381910062e+02 2.243697960282593495e+00 1.316570584339598060e-01
5.267587939698491937e+02 2.265691207352698910e+00 1.000526121434993226e-01
5.324120603015074948e+02 2.263737836019071192e+00 4.601701340784170036e-02
5.380653266331657960e+02 2.227896651184572807e+00 9.650309597511912488e-03
5.437185929648240972e+02 2.189919731475429288e+00 1.000919176448753119e-02
5.493718592964823983e+02 2.167262158162261532e+00 1.030466236958868520e-02
5.550251256281406995e+02 2.151061360438565107e+00 1.057172104794732587e-02
5.606783919597990007e+02 2.138553780034743834e+00 1.082118662423504907e-02
5.663316582914573019e+02 2.128462047632416532e+00 1.105800707601290594e-02
5.719849246231156030e+02 2.120078190636356386e+00 1.128489262763962553e-02
5.776381909547739042e+02 2.112965259431051734e+00 1.150349544619937159e-02
5.832914572864322054e+02 2.106833448878108861e+00 1.171489833645195794e-02
5.889447236180903928e+02 2.101480314655097992e+00 1.191985001833494213e-02
5.945979899497488077e+02 2.096758769568889846e+00 1.211889071140770727e-02
6.002512562814069952e+02 2.092558592450294963e+00 1.231242442222502988e-02
6.059045226130652964e+02 2.088795097835488335e+00 1.250076301519235759e-02
6.115577889447235975e+02 2.085401861198723950e+00 1.268415431861281105e-02
6.172110552763818987e+02 2.082325866585503782e+00 1.286280070436628814e-02
6.228643216080401999e+02 2.079524165681721826e+00 1.303687173139470371e-02
6.285175879396985010e+02 2.076961514955599775e+00 1.320651295418857896e-02
6.341708542713568022e+02 2.074608665628022042e+00 1.337185217723502011e-02
6.398241206030151034e+02 2.072441101142734610e+00 1.353300396465765415e-02
6.454773869346734045e+02 2.070438088576097346e+00 1.369007293090580835e-02
6.511306532663315920e+02 2.068581954813376367e+00 1.384315616437531947e-02
6.567839195979900069e+02 2.066857526571580728e+00 1.399234502363661675e-02
6.624371859296481944e+02 2.065251691794010913e+00 1.413772647430298381e-02
6.680904522613064955e+02 2.063753052258173515e+00 1.427938408500565963e-02
6.737437185929647967e+02 2.062351645630577934e+00 1.441739876858033099e-02
6.793969849246230979e+02 2.061038721024549769e+00 1.455184933101420081e-02
6.850502512562813990e+02 2.059806556224223151e+00 1.468281287478082064e-02
6.907035175879397002e+02 2.058648307678491385e+00 1.481036509132284060e-02
6.963567839195980014e+02 2.057557886503143862e+00 1.493458046901209070e-02
7.020100502512563025e+02 2.056529855298351972e+00 1.505553243676034138e-02
7.076633165829146037e+02 2.055559341755217595e+00 1.517329345856132695e-02
7.133165829145727912e+02 2.054641965901912837e+00 1.528793509083911650e-02
7.189698492462312061e+02 2.053773778505417980e+00 1.539952801213659468e-02
7.246231155778893935e+02 2.052951208654695936e+00 1.550814203188408298e-02
7.302763819095478084e+02 2.052171018945052161e+00 1.561384608424920550e-02
7.359296482412059959e+02 2.051430266990251106e+00 1.571670821110007082e-02
7.415829145728642970e+02 2.050726272229720593e+00 1.581679553786060483e-02
7.472361809045225982e+02 2.050056587188471280e+00 1.591417424436280051e-02
7.528894472361808994e+02 2.049418972498723512e+00 1.600890953341922371e-02
7.585427135678392006e+02 2.048811375113432032e+00 1.610106559808223425e-02
7.641959798994975017e+02 2.048231909239468518e+00 1.619070558913902197e-02
7.698492462311558029e+02 2.047678839597264933e+00 1.627789158350602047e-02
7.755025125628139904e+02 2.047150566678035410e+00 1.636268455446305767e-02
7.811557788944724052e+02 2.046645613722328338e+00 1.644514434381431911e-02
7.868090452261305927e+02 2.046162615186931433e+00 1.652532963656798068e-02
7.924623115577890076e+02 2.045700306502883592e+00 1.660329793816655089e-02
7.981155778894471950e+02 2.045257514956963618e+00 1.667910555451009025e-02
8.037688442211054962e+02 2.044833151553729245e+00 1.675280757448703237e-02
8.094221105527637974e+02 2.044426203735787873e+00 1.682445785535476718e-02
8.150753768844220986e+02 2.044035728857318102e+00 1.689410901053443881e-02
8.207286432160803997e+02 2.043660848320421941e+00 1.696181239983943906e-02
8.263819095477387009e+02 2.043300742296243033e+00 1.702761812211124604e-02
8.320351758793970021e+02 2.042954644963211219e+00 1.709157500972352181e-02
8.376884422110551895e+02 2.042621840203690642e+00 1.715373062512262972e-02
8.433417085427136044e+02 2.042301657707874529e+00 1.721413125906808006e-02
8.489949748743717919e+02 2.041993469440292586e+00 1.727282193019746143e-02
8.546482412060302067e+02 2.041696686429839147e+00 1.732984638603890515e-02
8.603015075376883942e+02 2.041410755849060621e+00 1.738524710491465633e-02
8.659547738693468091e+02 2.041135158352554324e+00 1.743906529874095571e-02
8.716080402010049966e+02 2.040869405647937729e+00 1.749134091629659174e-02
8.772613065326632977e+02 2.040613038275933544e+00 1.754211264697139866e-02
8.829145728643215989e+02 2.040365623578837884e+00 1.759141792453626160e-02
8.885678391959799001e+02 2.040126753838979567e+00 1.763929293082363431e-02
8.942211055276382012e+02 2.039896044570846279e+00 1.768577259892998438e-02
8.998743718592965024e+02 2.039673132952354084e+00 1.773089061600686273e-02
9.055276381909548036e+02 2.039457676382313345e+00 1.777467942493918956e-02
9.111809045226129911e+02 2.039249351152546907e+00 1.781717022496647623e-02
9.168341708542714059e+02 2.039047851224331520e+00 1.785839297082354726e-02
9.224874371859295934e+02 2.038852887099928513e+00 1.789837637011612234e-02
9.281407035175880083e+02 2.038664184780927258e+00 1.793714787858380691e-02
9.337939698492461957e+02 2.038481484805974908e+00 1.797473369291502712e-02
9.394472361809044969e+02 2.038304541361237288e+00 1.801115874067852132e-02
9.451005025125627981e+02 2.038133121457599284e+00 1.804644666700979880e-02
9.507537688442210992e+02 2.037967004169242813e+00 1.808061981736946294e-02
9.564070351758794004e+02 2.037805979928764888e+00 1.811369921615839026e-02
9.620603015075377016e+02 2.037649849874521468e+00 1.814570454018564136e-02
9.677135678391960028e+02 2.037498425246298428e+00 1.817665408664956295e-02
9.733668341708543039e+02 2.037351526825858627e+00 1.820656473445716669e-02
9.790201005025126051e+02 2.037208984419265789e+00 1.823545189833226249e-02
9.846733668341707926e+02 2.037070636378248256e+00 1.826332947433017412e-02
9.903266331658290937e+02 2.036936329158197445e+00 1.829020977569578016e-02
9.959798994974873949e+02 2.036805916910706671e+00 1.831610345756183589e-02
1.001633165829145696e+03 2.036679261108859329e+00 1.834101942870552948e-02
1.007286432160803997e+03 2.036556230203780071e+00 1.836496474856824310e-02
1.012939698492462298e+03 2.036436699311252152e+00 1.838794450688159901e-02
1.018592964824120600e+03 2.036320549927526091e+00 1.840996168339920427e-02
1.024246231155778787e+03 2.036207669673754772e+00 1.843101698408111319e-02
1.029899497487437202e+03 2.036097952068846695e+00 1.845110864994161520e-02
1.035552763819095617e+03 2.035991296330916356e+00 1.847023223362878955e-02
1.041206030150753804e+03 2.035887607207936600e+00 1.848838033792650493e-02
1.046859296482411992e+03 2.035786794838706726e+00 1.850554230900528646e-02
1.052512562814070407e+03 2.035688774645851407e+00 1.852170387599830909e-02
1.058165829145728594e+03 2.035593467263250744e+00 1.853684672598166286e-02
1.063819095477386782e+03 2.035500798501193920e+00 1.855094800155343560e-02
1.069472361809045196e+03 2.035410699353605413e+00 1.856397970468118275e-02
1.075125628140703611e+03 2.035323106053028130e+00 1.857590798649379898e-02
1.080778894472361799e+03 2.035237960180752648e+00 1.858669229785672727e-02
1.086432160804019986e+03 2.035155208841641805e+00 1.859628436835399079e-02
1.092085427135678401e+03 2.035074804916011448e+00 1.860462697315274846e-02
1.097738693467336816e+03 2.034996707404581606e+00 1.861165243494029495e-02
1.103391959798995003e+03 2.034920881887356092e+00 1.861728079389078985e-02
1.109045226130653191e+03 2.034847301123707819e+00 1.862141755675376237e-02
1.114698492462311606e+03 2.034775945829643273e+00 1.862395090983739315e-02
1.120351758793969793e+03 2.034706805679959984e+00 1.862474824129801629e-02
1.126005025125627981e+03 2.034639880599303563e+00 1.862365176678121639e-02
1.131658291457286396e+03 2.034575182428663087e+00 1.862047297790935668e-02
1.137311557788944810e+03 2.034512737085755862e+00 1.861498552950262633e-02
1.142964824120602998e+03 2.034452587383304589e+00 1.860691603084870319e-02
1.148618090452261185e+03 2.034394796735290889e+00 1.859593198764574601e-02
1.154271356783919600e+03 2.034339454078664122e+00 1.858162581580511882e-02
1.159924623115578015e+03 2.034286680483947674e+00 1.856349335765734854e-02
1.165577889447236203e+03 2.034236638150983989e+00 1.854090457516484672e-02
1.171231155778894390e+03 2.034189542833048314e+00 1.851306290543882141e-02
1.176884422110552805e+03 2.034145681284861951e+00 1.847894785152398578e-02
1.182537688442210992e+03 2.034105436230085218e+00 1.843723222188855052e-02
1.188190954773869180e+03 2.034069322849167971e+00 1.838616007132615193e-02
1.193844221105527595e+03 2.034038043377087934e+00 1.832336200721680630e-02
1.199497487437186010e+03 2.034012570988056101e+00 1.824556752398453011e-02
1.205150753768844197e+03 2.033994282533957421e+00 1.814814207436310847e-02
1.210804020100502385e+03 2.033985175534630763e+00 1.802431411588673385e-02
1.216457286432160799e+03 2.033988235503843445e+00 1.786383022505459023e-02
1.222110552763819214e+03 2.034008079788355516e+00 1.765050835410566024e-02
1.227763819095477402e+03 2.034052116531648302e+00 1.735758747402854976e-02
1.233417085427135589e+03 2.034132612755939817e+00 1.693864525315579017e-02
1.239070351758794004e+03 2.034269824736349985e+00 1.631077427998951085e-02
1.244723618090452419e+03 2.034491998163540760e+00 1.533706324414978520e-02
1.250376884422110379e+03 2.034802633693212126e+00 1.391542078974784824e-02
1.256030150753768794e+03 2.035086622858536476e+00 1.241590371133095318e-02
1.261683417085427209e+03 2.035223962977853684e+00 1.144718459282815029e-02
1.267336683417085396e+03 2.035258415392869225e+00 1.094339533782673346e-02
1.272989949748743584e+03 2.035247534059222652e+00 1.066826530103128466e-02
1.278643216080401999e+03 2.035216660279345113e+00 1.050210908303890467e-02
1.284296482412060413e+03 2.035176119712511333e+00 1.039290795404880161e-02
1.289949748743718601e+03 2.035130545765646115e+00 1.031640995199028556e-02
1.295603015075376788e+03 2.035082249040947033e+00 1.026018575527099658e-02
1.301256281407035203e+03 2.035032487040496996e+00 1.021731253295832600e-02
1.306909547738693618e+03 2.034981992806261353e+00 1.018366229219491194e-02
1.312562814070351806e+03 2.034931217098528311e+00 1.015663322470105115e-02
1.318216080402009993e+03 2.034880448784845086e+00 1.013450922267597996e-02
1.323869346733668408e+03 2.034829878913321455e+00 1.011611490430113468e-02
1.329522613065326595e+03 2.034779636816156589e+00 1.010061935579160096e-02
1.335175879396984783e+03 2.034729811454825565e+00 1.008741917055779556e-02
1.340829145728643198e+03 2.034680464566350988e+00 1.007606592030006395e-02
1.346482412060301613e+03 2.034631639048996909e+00 1.006621960969858627e-02
1.352135678391959800e+03 2.034583364476194145e+00 1.005761790164064369e-02
1.357788944723617988e+03 2.034535660819415614e+00 1.005005523014631391e-02
1.363442211055276402e+03 2.034488541020872621e+00 1.004336829228235327e-02
1.369095477386934817e+03 2.034442012808220124e+00 1.003742576196212620e-02
1.374748743718593005e+03 2.034396079998085138e+00 1.003212086145070445e-02
1.380402010050251192e+03 2.034350743447695287e+00 1.002736590713243503e-02
1.386055276381909607e+03 2.034306001759715432e+00 1.002308824454339366e-02
1.391708542713567795e+03 2.034261851811076216e+00 1.001922717732426672e-02
1.397361809045225982e+03 2.034218289154361869e+00 1.001573161788609466e-02
1.403015075376884397e+03 2.034175308325635090e+00 1.001255827017464087e-02
1.408668341708542812e+03 2.034132903082691790e+00 1.000967020861311986e-02
1.414321608040200999e+03 2.034091066590993258e+00 1.000703575660335382e-02
1.419974874371859187e+03 2.034049791569820353e+00 1.000462759344256276e-02
1.425628140703517602e+03 2.034009070407893027e+00 1.000242203683390611e-02
1.431281407035176017e+03 2.033968895255341636e+00 1.000039846263958004e-02
1.436934673366834204e+03 2.033929258097211257e+00 9.998538831832531198e-03
1.442587939698492391e+03 2.033890150812422970e+00 9.996827302269547730e-03
1.448241206030150806e+03 2.033851565221231006e+00 9.995249908352897561e-03
1.453894472361808994e+03 2.033813493123480587e+00 9.993794294781727094e-03
1.459547738693467409e+03 2.033775926329504991e+00 9.992449494358455683e-03
1.465201005025125596e+03 2.033738856685070928e+00 9.991205741357870457e-03
1.470854271356784011e+03 2.033702276091510885e+00 9.990054314168288555e-03
1.476507537688442198e+03 2.033666176521919500e+00 9.988987401860676199e-03
1.482160804020100386e+03 2.033630550034153384e+00 9.987997990562515888e-03
1.487814070351758801e+03 2.033595388781184621e+00 9.987079766495854036e-03
1.493467336683416988e+03 2.033560685019295544e+00 9.986227032592099456e-03
1.499120603015075403e+03 2.033526431114473620e+00 9.985434636719588142e-03
1.504773869346733591e+03 2.033492619547331071e+00 9.984697909729918844e-03
1.510427135678392006e+03 2.033459242916790810e+00 9.984012611500697743e-03
1.516080402010050193e+03 2.033426293942750984e+00 9.983374884214808731e-03
1.521733668341708608e+03 2.033393765467904846e+00 9.982781211467835897e-03
1.527386934673366795e+03 2.033361650458846093e+00 9.982228382437110734e-03
1.533040201005025210e+03 2.033329942006593782e+00 9.981713460477029468e-03
1.538693467336683398e+03 2.033298633326622085e+00 9.981233755414493924e-03
1.544346733668341585e+03 2.033267717758487692e+00 9.980786799239438692e-03
1.550000000000000000e+03 2.033237188765116610e+00 9.980370324305884791e-03
