4.250000000000000000e+02 1.626712180889011039e+00 3.509652702267276880e-01
4.306532663316583012e+02 1.728496514581570054e+00 3.277037148243482911e-01
4.363065326633166023e+02 1.782007650952745159e+00 3.147842123967595773e-01
4.419597989949749035e+02 1.820711728003928886e+00 3.044861056875044492e-01
4.476130653266331478e+02 1.852636592392382875e+00 2.950641750820302556e-01
4.532663316582914490e+02 1.880909561233546023e+00 2.858410237120771469e-01
4.589195979899497502e+02 1.907061725089371329e+00 2.764696615540785385e-01
4.645728643216080513e+02 1.931951607365424151e+00 2.667329516803448319e-01
4.702261306532663525e+02 1.956105254770004853e+00 2.564693110477789806e-01
4.758793969849245968e+02 1.979864468443067294e+00 2.455378395333717989e-01
4.815326633165828980e+02 2.003458768703801240e+00 2.337971576515530947e-01
4.871859296482411992e+02 2.027042153049297024e+00 2.210877305146017047e-01
4.928391959798995003e+02 2.050710572680190857e+00 2.072113442858781740e-01
4.984924623115578015e+02 2.074505036337114472e+00 1.919003395134591394e-01
5.041457286432161027e+02 2.098396365316629097e+00 1.747623932367128041e-01
5.097989949748744039e+02 2.122228800590629572e+00 1.551646664430410272e-01
5.154522613065327050e+02 2.145523374441118403e+00 1.319403349341286280e-01
5.211055276381910062e+02 2.166531486694525999e+00 1.023836801055814372e-01
5.267587939698491937e+02 2.169613372328587975e+00 5.501606790135361857e-02
5.324120603015074948e+02 2.138963128489131726e+00 1.188135116256836682e-02
5.380653266331657960e+02 2.101170419020008229e+00 1.209935441598841699e-02
5.437185929648240972e+02 2.079213580492379254e+00 1.223125015782793555e-02
5.493718592964823983e+02 2.063706763222858953e+00 1.232710352812340163e-02
5.550251256281406995e+02 2.051824538839279732e+00 1.240226297556245791e-02
5.606783919597990007e+02 2.042286486138428447e+00 1.246378855606111030e-02
5.663316582914573019e+02 2.034392010726573830e+00 1.251559542033965459e-02
5.719849246231156030e+02 2.027712692225354996e+00 1.256010748873139654e-02
5.776381909547739042e+02 2.021966396195860494e+00 1.259893952562753279e-02
5.832914572864322054e+02 2.016957170660045762e+00 1.263322527325964201e-02
5.889447236180903928e+02 2.012543337835252188e+00 1.266379293448543011e-02
5.945979899497488077e+02 2.008619180648834490e+00 1.269126660310601444e-02
6.002512562814069952e+02 2.005103782732975848e+00 1.271612849613534130e-02
6.059045226130652964e+02 2.001933896143244684e+00 1.273875898814157137e-02
6.115577889447235975e+02 1.999059202967453874e+00 1.275946337739686937e-02
6.172110552763818987e+02 1.996439064234830196e+00 1.277849036359409579e-02
6.228643216080401999e+02 1.994040227710018209e+00 1.279604515330387202e-02
6.285175879396985010e+02 1.991835173609852516e+00 1.281229897277624125e-02
6.341708542713568022e+02 1.989800896320967016e+00 1.282739611300312207e-02
6.398241206030151034e+02 1.987917991180825572e+00 1.284145923954739879e-02
6.454773869346734045e+02 1.986169959144528985e+00 1.285459345720338896e-02
6.511306532663315920e+02 1.984542669931698367e+00 1.286688946471329677e-02
6.567839195979900069e+02 1.983023942330549350e+00 1.287842603368958769e-02
6.624371859296481944e+02 1.981603212381450430e+00 1.288927197848827380e-02
6.680904522613064955e+02 1.980271268350880742e+00 1.289948773735144320e-02
6.737437185929647967e+02 1.979020037076533844e+00 1.290912665350979135e-02
6.793969849246230979e+02 1.977842410255872707e+00 1.291823602172810330e-02
6.850502512562813990e+02 1.976732102103238908e+00 1.292685795009315512e-02
6.907035175879397002e+02 1.975683531867858722e+00 1.293503007478854008e-02
6.963567839195980014e+02 1.974691726222151278e+00 1.294278615667779180e-02
7.020100502512563025e+02 1.973752237656133168e+00 1.295015658254169630e-02
7.076633165829146037e+02 1.972861075859055013e+00 1.295716878852315630e-02
7.133165829145727912e+02 1.972014649710193579e+00 1.296384761978242907e-02
7.189698492462312061e+02 1.971209717991004862e+00 1.297021563753657063e-02
7.246231155778893935e+02 1.970443347309180915e+00 1.297629338242207477e-02
7.302763819095478084e+02 1.969712876019517944e+00 1.298209960135592554e-02
7.359296482412059959e+02 1.969015883157238411e+00 1.298765144379429234e-02
7.415829145728642970e+02 1.968350161581582602e+00 1.299296463225367917e-02
7.472361809045225982e+02 1.967713694672253988e+00 1.299805361085451007e-02
7.528894472361808994e+02 1.967104636037104060e+00 1.300293167539138574e-02
7.585427135678392006e+02 1.966521291782593606e+00 1.300761108744345751e-02
7.641959798994975017e+02 1.965962104973944413e+00 1.301210317483247197e-02
7.698492462311558029e+02 1.965425641973198134e+00 1.301641842044089573e-02
7.755025125628139904e+02 1.964910580393524508e+00 1.302056654078756481e-02
7.811557788944724052e+02 1.964415698449278658e+00 1.302455655590625816e-02
7.868090452261305927e+02 1.963939865515293093e+00 1.302839685150634919e-02
7.924623115577890076e+02 1.963482033737032895e+00 1.303209523449614347e-02
7.981155778894471950e+02 1.963041230556679340e+00 1.303565898267715177e-02
8.037688442211054962e+02 1.962616552039786688e+00 1.303909488931739857e-02
8.094221105527637974e+02 1.962207156903563510e+00 1.304240930322116826e-02
8.150753768844220986e+02 1.961812261161669069e+00 1.304560816477186302e-02
8.207286432160803997e+02 1.961431133312065977e+00 1.304869703857403432e-02
8.263819095477387009e+02 1.961063090004380616e+00 1.305168114285776108e-02
8.320351758793970021e+02 1.960707492131621654e+00 1.305456537618898162e-02
8.376884422110551895e+02 1.960363741298279949e+00 1.305735434169508213e-02
8.433417085427136044e+02 1.960031276622972385e+00 1.306005236912382780e-02
8.489949748743717919e+02 1.959709571839043152e+00 1.306266353483094729e-02
8.546482412060302067e+02 1.959398132661072545e+00 1.306519168015591974e-02
8.603015075376883942e+02 1.959096494389126697e+00 1.306764042810013710e-02
8.659547738693468091e+02 1.958804219725979623e+00 1.307001319863722831e-02
8.716080402010049966e+02 1.958520896785434395e+00 1.307231322271241308e-02
8.772613065326632977e+02 1.958246137272431797e+00 1.307454355513145046e-02
8.829145728643215989e+02 1.957979574817828139e+00 1.307670708635222390e-02
8.885678391959799001e+02 1.957720863452666160e+00 1.307880655335282027e-02
8.942211055276382012e+02 1.957469676208439369e+00 1.308084454965603716e-02
8.998743718592965024e+02 1.957225703831335650e+00 1.308282353456432200e-02
9.055276381909548036e+02 1.956988653599734063e+00 1.308474584165041435e-02
9.111809045226129911e+02 1.956758248235384023e+00 1.308661368669273954e-02
9.168341708542714059e+02 1.956534224899688201e+00 1.308842917492200955e-02
9.224874371859295934e+02 1.956316334267402368e+00 1.309019430777606449e-02
9.281407035175880083e+02 1.956104339670861947e+00 1.309191098919011004e-02
9.337939698492461957e+02 1.955898016308523113e+00 1.309358103138993749e-02
9.394472361809044969e+02 1.955697150512238913e+00 1.309520616030821968e-02
9.451005025125627981e+02 1.955501539068231986e+00 1.309678802056574339e-02
9.507537688442210992e+02 1.955310988587216192e+00 1.309832818021367667e-02
9.564070351758794004e+02 1.955125314919561097e+00 1.309982813504282154e-02
9.620603015075377016e+02 1.954944342611770525e+00 1.310128931263878672e-02
9.677135678391960028e+02 1.954767904400906753e+00 1.310271307622620091e-02
9.733668341708543039e+02 1.954595840743901469e+00 1.310410072814167763e-02
9.790201005025126051e+02 1.954427999378962388e+00 1.310545351319883367e-02
9.846733668341707926e+02 1.954264234916557319e+00 1.310677262177649405e-02
9.903266331658290937e+02 1.954104408457662645e+00 1.310805919267294360e-02
9.959798994974873949e+02 1.953948387237177897e+00 1.310931431587920165e-02
1.001633165829145696e+03 1.953796044290591505e+00 1.311053903511076417e-02
1.007286432160803997e+03 1.953647258142140464e+00 1.311173435017445529e-02
1.012939698492462298e+03 1.953501912512867200e+00 1.311290121923000887e-02
1.018592964824120600e+03 1.953359896047102584e+00 1.311404056090434943e-02
1.024246231155778787e+03 1.953221102056032388e+00 1.311515325625039162e-02
1.029899497487437202e+03 1.953085428277113511e+00 1.311624015066914679e-02
1.035552763819095617e+03 1.952952776648206878e+00 1.311730205555834694e-02
1.041206030150753804e+03 1.952823053095388284e+00 1.311833975010258217e-02
1.046859296482411992e+03 1.952696167333477506e+00 1.311935398270572782e-02
1.052512562814070407e+03 1.952572032678405956e+00 1.312034547254831325e-02
1.058165829145728594e+03 1.952450565870609500e+00 1.312131491091451940e-02
1.063819095477386782e+03 1.952331686908699293e+00 1.312226296255975672e-02
1.069472361809045196e+03 1.952215318892716711e+00 1.312319026689049220e-02
1.075125628140703611e+03 1.952101387876336247e+00 1.312409743915954156e-02
1.080778894472361799e+03 1.951989822727424828e+00 1.312498507159228986e-02
1.086432160804019986e+03 1.951880554996410444e+00 1.312585373439323182e-02
1.092085427135678401e+03 1.951773518791956263e+00 1.312670397675133778e-02
1.097738693467336816e+03 1.951668650663471283e+00 1.312753632778512411e-02
1.103391959798995003e+03 1.951565889490020078e+00 1.312835129742751482e-02
1.109045226130653191e+03 1.951465176375233757e+00 1.312914937725902405e-02
1.114698492462311606e+03 1.951366454547841300e+00 1.312993104130625102e-02
1.120351758793969793e+03 1.951269669267480689e+00 1.313069674682264092e-02
1.126005025125627981e+03 1.951174767735457838e+00 1.313144693497550301e-02
1.131658291457286396e+03 1.951081699010160486e+00 1.313218203155768100e-02
1.137311557788944810e+03 1.950990413926841249e+00 1.313290244760558639e-02
1.142964824120602998e+03 1.950900865021510722e+00 1.313360858005043451e-02
1.148618090452261185e+03 1.950813006458697485e+00 1.313430081226747356e-02
1.154271356783919600e+03 1.950726793962846095e+00 1.313497951466696505e-02
1.159924623115578015e+03 1.950642184753144992e+00 1.313564504520858649e-02
1.165577889447236203e+03 1.950559137481580274e+00 1.313629774991537796e-02
1.171231155778894390e+03 1.950477612174037478e+00 1.313693796334500924e-02
1.176884422110552805e+03 1.950397570174271511e+00 1.313756600904374128e-02
1.182537688442210992e+03 1.950318974090587743e+00 1.313818219999156670e-02
1.188190954773869180e+03 1.950241787745082167e+00 1.313878683903853956e-02
1.193844221105527595e+03 1.950165976125294964e+00 1.313938021925629106e-02
1.199497487437186010e+03 1.950091505338149789e+00 1.313996262436527979e-02
1.205150753768844197e+03 1.950018342566050444e+00 1.314053432906880925e-02
1.210804020100502385e+03 1.949946456025018593e+00 1.314109559938678694e-02
1.216457286432160799e+03 1.949875814924765027e+00 1.314164669303991180e-02
1.222110552763819214e+03 1.949806389430587483e+00 1.314218785969001324e-02
1.227763819095477402e+03 1.949738150627003064e+00 1.314271934128999515e-02
1.233417085427135589e+03 1.949671070483018465e+00 1.314324137238286755e-02
1.239070351758794004e+03 1.949605121818958064e+00 1.314375418031613757e-02
1.244723618090452419e+03 1.949540278274765503e+00 1.314425798559114462e-02
1.250376884422110379e+03 1.949476514279704586e+00 1.314475300202641410e-02
1.256030150753768794e+03 1.949413805023388457e+00 1.314523943705597428e-02
1.261683417085427209e+03 1.949352126428067322e+00 1.314571749195152586e-02
1.267336683417085396e+03 1.949291455122114325e+00 1.314618736203600723e-02
1.272989949748743584e+03 1.949231768414650068e+00 1.314664923688013166e-02
1.278643216080401999e+03 1.949173044271245381e+00 1.314710330054104891e-02
1.284296482412060413e+03 1.949115261290651935e+00 1.314754973173328997e-02
1.289949748743718601e+03 1.949058398682513404e+00 1.314798870401651457e-02
1.295603015075376788e+03 1.949002436246001446e+00 1.314842038598315437e-02
1.301256281407035203e+03 1.948947354349341632e+00 1.314884494141215637e-02
1.306909547738693618e+03 1.948893133910178488e+00 1.314926252944798903e-02
1.312562814070351806e+03 1.948839756376746335e+00 1.314967330479643003e-02
1.318216080402009993e+03 1.948787203709799964e+00 1.315007741777673468e-02
1.323869346733668408e+03 1.948735458365280060e+00 1.315047501455948557e-02
1.329522613065326595e+03 1.948684503277668956e+00 1.315086623728614797e-02
1.335175879396984783e+03 1.948634321844010753e+00 1.315125122417168564e-02
1.340829145728643198e+03 1.948584897908562930e+00 1.315163010965774738e-02
1.346482412060301613e+03 1.948536215748052802e+00 1.315200302454893125e-02
1.352135678391959800e+03 1.948488260057506638e+00 1.315237009610674239e-02
1.357788944723617988e+03 1.948441015936631882e+00 1.315273144816885703e-02
1.363442211055276402e+03 1.948394468876722296e+00 1.315308720128519071e-02
1.369095477386934817e+03 1.948348604748066260e+00 1.315343747277795267e-02
1.374748743718593005e+03 1.948303409787833562e+00 1.315378237690293869e-02
1.380402010050251192e+03 1.948258870588421177e+00 1.315412202488418399e-02
1.386055276381909607e+03 1.948214974086237561e+00 1.315445652508359133e-02
1.391708542713567795e+03 1.948171707550905740e+00 1.315478598299330698e-02
1.397361809045225982e+03 1.948129058574867845e+00 1.315511050143058219e-02
1.403015075376884397e+03 1.948087015063374006e+00 1.315543018055539796e-02
1.408668341708542812e+03 1.948045565224837627e+00 1.315574511795554111e-02
1.414321608040200999e+03 1.948004697561545262e+00 1.315605540875698122e-02
1.419974874371859187e+03 1.947964400860699108e+00 1.315636114566670102e-02
1.425628140703517602e+03 1.947924664185788579e+00 1.315666241907456624e-02
1.431281407035176017e+03 1.947885476868264965e+00 1.315695931711297062e-02
1.436934673366834204e+03 1.947846828499517846e+00 1.315725192570802067e-02
1.442587939698492391e+03 1.947808708923133736e+00 1.315754032865601268e-02
1.448241206030150806e+03 1.947771108227427606e+00 1.315782460770831101e-02
1.453894472361808994e+03 1.947734016738236651e+00 1.315810484260558286e-02
1.459547738693467409e+03 1.947697425011964967e+00 1.315838111114576645e-02
1.465201005025125596e+03 1.947661323828868918e+00 1.315865348925200802e-02
1.470854271356784011e+03 1.947625704186574991e+00 1.315892205098152280e-02
1.476507537688442198e+03 1.947590557293818359e+00 1.315918686865255940e-02
1.482160804020100386e+03 1.947555874564395495e+00 1.315944801284478667e-02
1.487814070351758801e+03 1.947521647611322404e+00 1.315970555246715606e-02
1.493467336683416988e+03 1.947487868241188025e+00 1.315995955477513094e-02
1.499120603015075403e+03 1.947454528448699262e+00 1.316021008548070442e-02
1.504773869346733591e+03 1.947421620411405430e+00 1.316045720871054578e-02
1.510427135678392006e+03 1.947389136484599659e+00 1.316070098715815470e-02
1.516080402010050193e+03 1.947357069196387735e+00 1.316094148201667896e-02
1.521733668341708608e+03 1.947325411242917914e+00 1.316117875307200140e-02
1.527386934673366795e+03 1.947294155483769051e+00 1.316141285876205359e-02
1.533040201005025210e+03 1.947263294937484623e+00 1.316164385617709168e-02
1.538693467336683398e+03 1.947232822777254624e+00 1.316187180111055496e-02
1.544346733668341585e+03 1.947202732326733576e+00 1.316209674808461842e-02
1.550000000000000000e+03 1.947173017055994659e+00 1.316231875040946818e-02
