4.250000000000000000e+02 1.626280339671741126e+00 3.474525624805644974e-01
4.306532663316583012e+02 1.726763601743015020e+00 3.246515769460920353e-01
4.363065326633166023e+02 1.779626662436088136e+00 3.119451331779735659e-01
4.419597989949749035e+02 1.817879716989045491e+00 3.017946738565205345e-01
4.476130653266331478e+02 1.849443709654013057e+00 2.924934058912243007e-01
4.532663316582914490e+02 1.877404873531548279e+00 2.833778807482652540e-01
4.589195979899497502e+02 1.903274386671072627e+00 2.741075638032662853e-01
4.645728643216080513e+02 1.927899692312701196e+00 2.644687284192830390e-01
4.702261306532663525e+02 1.951800078282801776e+00 2.543017095117355852e-01
4.758793969849245968e+02 1.975312945350451432e+00 2.434666612823660481e-01
4.815326633165828980e+02 1.998664807604923599e+00 2.318226456860182638e-01
4.871859296482411992e+02 2.022007528664065745e+00 2.192099933987521343e-01
4.928391959798995003e+02 2.045435483822164002e+00 2.054296121853385060e-01
4.984924623115578015e+02 2.068988426774469591e+00 1.902117093801655445e-01
5.041457286432161027e+02 2.092635935797587887e+00 1.731592539953369370e-01
5.097989949748744039e+02 2.116220183833902535e+00 1.536284040065185874e-01
5.154522613065327050e+02 2.139255399566062366e+00 1.304221242240001799e-01
5.211055276381910062e+02 2.159948542565015117e+00 1.007185971945053354e-01
5.267587939698491937e+02 2.160721957051470632e+00 5.171202361117346880e-02
5.324120603015074948e+02 2.129096770167785202e+00 1.294066077486989361e-02
5.380653266331657960e+02 2.092881460968674112e+00 1.316925934381459051e-02
5.437185929648240972e+02 2.071617783692866421e+00 1.330891339096119952e-02
5.493718592964823983e+02 2.056533664279269313e+00 1.341081744010775602e-02
5.550251256281406995e+02 2.044947000810179105e+00 1.349089927007569682e-02
5.606783919597990007e+02 2.035631792716224187e+00 1.355654640127495342e-02
5.663316582914573019e+02 2.027913563772327787e+00 1.361187707101052524e-02
5.719849246231156030e+02 2.021378326582413010e+00 1.365945006187497569e-02
5.776381909547739042e+02 2.015752714976877247e+00 1.370097438787752989e-02
5.832914572864322054e+02 2.010846479518414220e+00 1.373765230194432495e-02
5.889447236180903928e+02 2.006521846718729130e+00 1.377036338601508349e-02
5.945979899497488077e+02 2.002675882090129367e+00 1.379977125429737717e-02
6.002512562814069952e+02 1.999229717330113010e+00 1.382638916813689819e-02
6.059045226130652964e+02 1.996121652290608228e+00 1.385062232396161268e-02
6.115577889447235975e+02 1.993302564880399919e+00 1.387279616975749079e-02
6.172110552763818987e+02 1.990732757458704150e+00 1.389317597815190736e-02
6.228643216080401999e+02 1.988379730786694388e+00 1.391198074402307840e-02
6.285175879396985010e+02 1.986216575882720381e+00 1.392939328200637136e-02
6.341708542713568022e+02 1.984220788685381986e+00 1.394556771066212363e-02
6.398241206030151034e+02 1.982373380849783873e+00 1.396063509738786762e-02
6.454773869346734045e+02 1.980658202241170507e+00 1.397470778235820367e-02
6.511306532663315920e+02 1.979061417530330713e+00 1.398788273632740019e-02
6.567839195979900069e+02 1.977571096790734062e+00 1.400024420057892870e-02
6.624371859296481944e+02 1.976176891663016022e+00 1.401186578557366003e-02
6.680904522613064955e+02 1.974869776590180148e+00 1.402281215639403569e-02
6.737437185929647967e+02 1.973641840127489777e+00 1.403314039855150901e-02
6.793969849246230979e+02 1.972486115206312896e+00 1.404290113444831706e-02
6.850502512562813990e+02 1.971396440002762818e+00 1.405213944282653060e-02
6.907035175879397002e+02 1.970367343071587340e+00 1.406089562157463932e-02
6.963567839195980014e+02 1.969393947881399320e+00 1.406920582477199332e-02
7.020100502512563025e+02 1.968471892983508109e+00 1.407710259781922400e-02
7.076633165829146037e+02 1.967597264869704876e+00 1.408461532977296239e-02
7.133165829145727912e+02 1.966766541198538443e+00 1.409177063761439357e-02
7.189698492462312061e+02 1.965976542547392292e+00 1.409859269430210373e-02
7.246231155778893935e+02 1.965224391216514599e+00 1.410510351025065674e-02
7.302763819095478084e+02 1.964507475898222166e+00 1.411132317586066311e-02
7.359296482412059959e+02 1.963823421249592638e+00 1.411727007137549353e-02
7.415829145728642970e+02 1.963170061584734727e+00 1.412296104917472490e-02
7.472361809045225982e+02 1.962545418044046697e+00 1.412841159269307735e-02
7.528894472361808994e+02 1.961947678710938892e+00 1.413363595551942430e-02
7.585427135678392006e+02 1.961375181237478671e+00 1.413864728349540668e-02
7.641959798994975017e+02 1.960826397614046979e+00 1.414345772223570344e-02
7.698492462311558029e+02 1.960299920778007410e+00 1.414807851210776214e-02
7.755025125628139904e+02 1.959794452805363907e+00 1.415252007239974595e-02
7.811557788944724052e+02 1.959308794469634796e+00 1.415679207606070251e-02
7.868090452261305927e+02 1.958841835985382751e+00 1.416090351627487254e-02
7.924623115577890076e+02 1.958392548781375808e+00 1.416486276591786934e-02
7.981155778894471950e+02 1.957959978171269988e+00 1.416867763074600335e-02
8.037688442211054962e+02 1.957543236808858556e+00 1.417235539715519001e-02
8.094221105527637974e+02 1.957141498830993420e+00 1.417590287504237427e-02
8.150753768844220986e+02 1.956753994604809810e+00 1.417932643649351399e-02
8.207286432160803997e+02 1.956380006007310879e+00 1.418263205067334803e-02
8.263819095477387009e+02 1.956018862175047168e+00 1.418582531535947204e-02
8.320351758793970021e+02 1.955669935669861914e+00 1.418891148557593386e-02
8.376884422110551895e+02 1.955332639013693585e+00 1.419189549952867314e-02
8.433417085427136044e+02 1.955006421551433782e+00 1.419478200221536285e-02
8.489949748743717919e+02 1.954690766605986507e+00 1.419757536693170945e-02
8.546482412060302067e+02 1.954385188894115055e+00 1.420027971486355345e-02
8.603015075376883942e+02 1.954089232175469482e+00 1.420289893303106933e-02
8.659547738693468091e+02 1.953802467110509644e+00 1.420543669067818315e-02
8.716080402010049966e+02 1.953524489305886735e+00 1.420789645428548707e-02
8.772613065326632977e+02 1.953254917528342682e+00 1.421028150138407831e-02
8.829145728643215989e+02 1.952993392070347056e+00 1.421259493317510690e-02
8.885678391959799001e+02 1.952739573252591176e+00 1.421483968623275460e-02
8.942211055276382012e+02 1.952493140050096443e+00 1.421701854322403834e-02
8.998743718592965024e+02 1.952253788830158099e+00 1.421913414278150670e-02
9.055276381909548036e+02 1.952021232191606392e+00 1.422118898868016124e-02
9.111809045226129911e+02 1.951795197895992207e+00 1.422318545827424771e-02
9.168341708542714059e+02 1.951575427882286107e+00 1.422512581029776978e-02
9.224874371859295934e+02 1.951361677357556612e+00 1.422701219217121713e-02
9.281407035175880083e+02 1.951153713956853553e+00 1.422884664662118354e-02
9.337939698492461957e+02 1.950951316966217375e+00 1.423063111798913809e-02
9.394472361809044969e+02 1.950754276603333670e+00 1.423236745802001178e-02
9.451005025125627981e+02 1.950562393350886659e+00 1.423405743120996492e-02
9.507537688442210992e+02 1.950375477338161412e+00 1.423570271987828484e-02
9.564070351758794004e+02 1.950193347766845609e+00 1.423730492877724532e-02
9.620603015075377016e+02 1.950015832377397285e+00 1.423886558951382129e-02
9.677135678391960028e+02 1.949842766952652573e+00 1.424038616455793049e-02
9.733668341708543039e+02 1.949673994855679382e+00 1.424186805109527339e-02
9.790201005025126051e+02 1.949509366599143867e+00 1.424331258455390631e-02
9.846733668341707926e+02 1.949348739443705014e+00 1.424472104191431242e-02
9.903266331658290937e+02 1.949191977023180034e+00 1.424609464485806012e-02
9.959798994974873949e+02 1.949038948994414433e+00 1.424743456263864727e-02
1.001633165829145696e+03 1.948889530709977613e+00 1.424874191485422416e-02
1.007286432160803997e+03 1.948743602911963357e+00 1.425001777397454095e-02
1.012939698492462298e+03 1.948601051445321142e+00 1.425126316780167893e-02
1.018592964824120600e+03 1.948461766989282973e+00 1.425247908167794585e-02
1.024246231155778787e+03 1.948325644805556811e+00 1.425366646064376783e-02
1.029899497487437202e+03 1.948192584502089320e+00 1.425482621142901488e-02
1.035552763819095617e+03 1.948062489811272613e+00 1.425595920434031758e-02
1.041206030150753804e+03 1.947935268381582485e+00 1.425706627504461262e-02
1.046859296482411992e+03 1.947810831581705537e+00 1.425814822621795583e-02
1.052512562814070407e+03 1.947689094316288783e+00 1.425920582914548887e-02
1.058165829145728594e+03 1.947569974852516372e+00 1.426023982521038187e-02
1.063819095477386782e+03 1.947453394656777137e+00 1.426125092727198104e-02
1.069472361809045196e+03 1.947339278240744820e+00 1.426223982103446038e-02
1.075125628140703611e+03 1.947227553016241730e+00 1.426320716624265503e-02
1.080778894472361799e+03 1.947118149158311606e+00 1.426415359796207732e-02
1.086432160804019986e+03 1.947010999475957904e+00 1.426507972757738198e-02
1.092085427135678401e+03 1.946906039290057677e+00 1.426598614398417834e-02
1.097738693467336816e+03 1.946803206317986756e+00 1.426687341447616456e-02
1.103391959798995003e+03 1.946702440564531900e+00 1.426774208579463521e-02
1.109045226130653191e+03 1.946603684218692010e+00 1.426859268498244064e-02
1.114698492462311606e+03 1.946506881556003599e+00 1.426942572025261154e-02
1.120351758793969793e+03 1.946411978846043889e+00 1.427024168177831211e-02
1.126005025125627981e+03 1.946318924264801575e+00 1.427104104252869404e-02
1.131658291457286396e+03 1.946227667811610162e+00 1.427182425891728584e-02
1.137311557788944810e+03 1.946138161230378749e+00 1.427259177157417895e-02
1.142964824120602998e+03 1.946050357934854480e+00 1.427334400595420272e-02
1.148618090452261185e+03 1.945964212937684179e+00 1.427408137299119271e-02
1.154271356783919600e+03 1.945879682783049125e+00 1.427480426970502425e-02
1.159924623115578015e+03 1.945796725482666689e+00 1.427551307974591135e-02
1.165577889447236203e+03 1.945715300454960994e+00 1.427620817396154686e-02
1.171231155778894390e+03 1.945635368467225845e+00 1.427688991088603941e-02
1.176884422110552805e+03 1.945556891580606074e+00 1.427755863725174192e-02
1.182537688442210992e+03 1.945479833097739197e+00 1.427821468847736627e-02
1.188190954773869180e+03 1.945404157512910626e+00 1.427885838907019291e-02
1.193844221105527595e+03 1.945329830464581633e+00 1.427949005306681195e-02
1.199497487437186010e+03 1.945256818690157097e+00 1.428010998448132722e-02
1.205150753768844197e+03 1.945185089982876425e+00 1.428071847762106897e-02
1.210804020100502385e+03 1.945114613150707328e+00 1.428131581753420976e-02
1.216457286432160799e+03 1.945045357977136291e+00 1.428190228030161088e-02
1.222110552763819214e+03 1.944977295183757171e+00 1.428247813340617622e-02
1.227763819095477402e+03 1.944910396394558205e+00 1.428304363603978382e-02
1.233417085427135589e+03 1.944844634101822400e+00 1.428359903944884622e-02
1.239070351758794004e+03 1.944779981633553811e+00 1.428414458717086784e-02
1.244723618090452419e+03 1.944716413122352439e+00 1.428468051537961150e-02
1.250376884422110379e+03 1.944653903475665135e+00 1.428520705311349739e-02
1.256030150753768794e+03 1.944592428347336144e+00 1.428572442253493203e-02
1.261683417085427209e+03 1.944531964110398636e+00 1.428623283920501391e-02
1.267336683417085396e+03 1.944472487831041763e+00 1.428673251229590699e-02
1.272989949748743584e+03 1.944413977243691027e+00 1.428722364484971349e-02
1.278643216080401999e+03 1.944356410727155371e+00 1.428770643394395266e-02
1.284296482412060413e+03 1.944299767281777447e+00 1.428818107095016811e-02
1.289949748743718601e+03 1.944244026507549572e+00 1.428864774170693526e-02
1.295603015075376788e+03 1.944189168583137839e+00 1.428910662673938542e-02
1.301256281407035203e+03 1.944135174245779085e+00 1.428955790140867994e-02
1.306909547738693618e+03 1.944082024772002537e+00 1.429000173610025376e-02
1.312562814070351806e+03 1.944029701959141709e+00 1.429043829640417977e-02
1.318216080402009993e+03 1.943978188107596150e+00 1.429086774328768364e-02
1.323869346733668408e+03 1.943927466003809279e+00 1.429129023319765206e-02
1.329522613065326595e+03 1.943877518903927459e+00 1.429170591829512053e-02
1.335175879396984783e+03 1.943828330518111880e+00 1.429211494652657052e-02
1.340829145728643198e+03 1.943779884995469054e+00 1.429251746180387923e-02
1.346482412060301613e+03 1.943732166909574177e+00 1.429291360409879266e-02
1.352135678391959800e+03 1.943685161244560922e+00 1.429330350963051340e-02
1.357788944723617988e+03 1.943638853381750131e+00 1.429368731092120134e-02
1.363442211055276402e+03 1.943593229086794549e+00 1.429406513699122208e-02
1.369095477386934817e+03 1.943548274497315820e+00 1.429443711337569610e-02
1.374748743718593005e+03 1.943503976111013554e+00 1.429480336234294907e-02
1.380402010050251192e+03 1.943460320774222483e+00 1.429516400290318894e-02
1.386055276381909607e+03 1.943417295670902822e+00 1.429551915098026434e-02
1.391708542713567795e+03 1.943374888312040305e+00 1.429586891948238410e-02
1.397361809045225982e+03 1.943333086525439457e+00 1.429621341837282976e-02
1.403015075376884397e+03 1.943291878445897680e+00 1.429655275481049419e-02
1.408668341708542812e+03 1.943251252505735938e+00 1.429688703319721005e-02
1.414321608040200999e+03 1.943211197425677828e+00 1.429721635529493037e-02
1.419974874371859187e+03 1.943171702206057949e+00 1.429754082027298243e-02
1.425628140703517602e+03 1.943132756118349125e+00 1.429786052480964964e-02
1.431281407035176017e+03 1.943094348696992713e+00 1.429817556315490096e-02
1.436934673366834204e+03 1.943056469731519798e+00 1.429848602721638280e-02
1.442587939698492391e+03 1.943019109258952160e+00 1.429879200661432481e-02
1.448241206030150806e+03 1.942982257556471692e+00 1.429909358879077191e-02
1.453894472361808994e+03 1.942945905134345397e+00 1.429939085899456334e-02
1.459547738693467409e+03 1.942910042729099063e+00 1.429968390042933579e-02
1.465201005025125596e+03 1.942874661296925654e+00 1.429997279426174599e-02
1.470854271356784011e+03 1.942839752007321286e+00 1.430025761970732910e-02
1.476507537688442198e+03 1.942805306236940366e+00 1.430053845406972432e-02
1.482160804020100386e+03 1.942771315563659007e+00 1.430081537281096583e-02
1.487814070351758801e+03 1.942737771760839616e+00 1.430108844957516008e-02
1.493467336683416988e+03 1.942704666791791102e+00 1.430135775629753740e-02
1.499120603015075403e+03 1.942671992804411163e+00 1.430162336319705171e-02
1.504773869346733591e+03 1.942639742126010649e+00 1.430188533884658650e-02
1.510427135678392006e+03 1.942607907258307787e+00 1.430214375023538403e-02
1.516080402010050193e+03 1.942576480872587608e+00 1.430239866276159996e-02
1.521733668341708608e+03 1.942545455805021026e+00 1.430265014036456554e-02
1.527386934673366795e+03 1.942514825052136462e+00 1.430289824545521310e-02
1.533040201005025210e+03 1.942484581766438456e+00 1.430314303907160092e-02
1.538693467336683398e+03 1.942454719252168172e+00 1.430338458081708251e-02
1.544346733668341585e+03 1.942425230961199123e+00 1.430362292897698583e-02
1.550000000000000000e+03 1.942396110489065242e+00 1.430385814048781845e-02
