4.250000000000000000e+02 1.629983886655275827e+00 3.508129524437426094e-01
4.306532663316583012e+02 1.731231056695173187e+00 3.277012465763494697e-01
4.363065326633166023e+02 1.784485356321513505e+00 3.148427907609210319e-01
4.419597989949749035e+02 1.823015872104109869e+00 3.045827691164494921e-01
4.476130653266331478e+02 1.854805005704823095e+00 2.951891959384475572e-01
4.532663316582914490e+02 1.882962770668315411e+00 2.859892742385741204e-01
4.589195979899497502e+02 1.909011924375750180e+00 2.766380050462852180e-01
4.645728643216080513e+02 1.933806370797433338e+00 2.669191680187804616e-01
4.702261306532663525e+02 1.957869337581820801e+00 2.566715353843435077e-01
4.758793969849245968e+02 1.981540774050750908e+00 2.457541844105538276e-01
4.815326633165828980e+02 2.005048900749640595e+00 2.340253708272278799e-01
4.871859296482411992e+02 2.028546730247231089e+00 2.213247811118201624e-01
4.928391959798995003e+02 2.052129375430580716e+00 2.074527978774591552e-01
4.984924623115578015e+02 2.075836974349357433e+00 1.921392530762018325e-01
5.041457286432161027e+02 2.099639118666415172e+00 1.749870809895341661e-01
5.097989949748744039e+02 2.123377525761878548e+00 1.553534475363866352e-01
5.154522613065327050e+02 2.146565483585175294e+00 1.320462346025039757e-01
5.211055276381910062e+02 2.167412680931068980e+00 1.022693348852983797e-01
5.267587939698491937e+02 2.168879586910053447e+00 5.360091216654140622e-02
5.324120603015074948e+02 2.137430721081748697e+00 1.335676462452919412e-02
5.380653266331657960e+02 2.100600013819109435e+00 1.359585408523604315e-02
5.437185929648240972e+02 2.079046906522441507e+00 1.374150025939613849e-02
5.493718592964823983e+02 2.063778876103397941e+00 1.384765943430357575e-02
5.550251256281406995e+02 2.052060068859236974e+00 1.393103976541788802e-02
5.606783919597990007e+02 2.042643319924732026e+00 1.399937054294989568e-02
5.663316582914573019e+02 2.034843679761110025e+00 1.405695353226717181e-02
5.719849246231156030e+02 2.028241220900118602e+00 1.410645862128371252e-02
5.776381909547739042e+02 2.022558887307645659e+00 1.414966764071135148e-02
5.832914572864322054e+02 2.017603983374965715e+00 1.418783334347798950e-02
5.889447236180903928e+02 2.013237032765474499e+00 1.422187185292233744e-02
5.945979899497488077e+02 2.009353869664719294e+00 1.425247411344804371e-02
6.002512562814069952e+02 2.005874707896090570e+00 1.428017437728097173e-02
6.059045226130652964e+02 2.002737145842974797e+00 1.430539431824966699e-02
6.115577889447235975e+02 1.999891514081187260e+00 1.432847255710574703e-02
6.172110552763818987e+02 1.997297680327291047e+00 1.434968506209153769e-02
6.228643216080401999e+02 1.994922794940479083e+00 1.436925962940516395e-02
6.285175879396985010e+02 1.992739662726850103e+00 1.438738640116793421e-02
6.341708542713568022e+02 1.990725543144934440e+00 1.440422565930004825e-02
6.398241206030151034e+02 1.988861250467913289e+00 1.441991370282392528e-02
6.454773869346734045e+02 1.987130468317256815e+00 1.443456734892155195e-02
6.511306532663315920e+02 1.985519220206388047e+00 1.444828742778100222e-02
6.567839195979900069e+02 1.984015455472502687e+00 1.446116152979858537e-02
6.624371859296481944e+02 1.982608721799363094e+00 1.447326618933951134e-02
6.680904522613064955e+02 1.981289903577575950e+00 1.448466863819777677e-02
6.737437185929647967e+02 1.980051010921505705e+00 1.449542822648934234e-02
6.793969849246230979e+02 1.978885008087113873e+00 1.450559758393131331e-02
6.850502512562813990e+02 1.977785672841643638e+00 1.451522357621103272e-02
6.907035175879397002e+02 1.976747480370739440e+00 1.452434809836403336e-02
6.963567839195980014e+02 1.975765506802335647e+00 1.453300873716889367e-02
7.020100502512563025e+02 1.974835348536121415e+00 1.454123932775223081e-02
7.076633165829146037e+02 1.973953054400312546e+00 1.454907042387399221e-02
7.133165829145727912e+02 1.973115068289053697e+00 1.455652969746886426e-02
7.189698492462312061e+02 1.972318180417119260e+00 1.456364227981876355e-02
7.246231155778893935e+02 1.971559485701713132e+00 1.457043105412333256e-02
7.302763819095478084e+02 1.970836348071515420e+00 1.457691690770962327e-02
7.359296482412059959e+02 1.970146369730786162e+00 1.458311895014385504e-02
7.415829145728642970e+02 1.969487364586113953e+00 1.458905470280160571e-02
7.472361809045225982e+02 1.968857335186297020e+00 1.459474026403832260e-02
7.528894472361808994e+02 1.968254452640161523e+00 1.460019045382734797e-02
7.585427135678392006e+02 1.967677039069115619e+00 1.460541894063771204e-02
7.641959798994975017e+02 1.967123552225664040e+00 1.461043835319561328e-02
7.698492462311558029e+02 1.966592571969679515e+00 1.461526037928546039e-02
7.755025125628139904e+02 1.966082788343725074e+00 1.461989585315701286e-02
7.811557788944724052e+02 1.965592991029410763e+00 1.462435483326422758e-02
7.868090452261305927e+02 1.965122060000332072e+00 1.462864667146342168e-02
7.924623115577890076e+02 1.964668957214963596e+00 1.463278007476515909e-02
7.981155778894471950e+02 1.964232719216043588e+00 1.463676316068747603e-02
8.037688442211054962e+02 1.963812450522340436e+00 1.464060350684854260e-02
8.094221105527637974e+02 1.963407317714913392e+00 1.464430819554478347e-02
8.150753768844220986e+02 1.963016544133660668e+00 1.464788385394163658e-02
8.207286432160803997e+02 1.962639405111473945e+00 1.465133669033300869e-02
8.263819095477387009e+02 1.962275223683117797e+00 1.465467252698269066e-02
8.320351758793970021e+02 1.961923366714249717e+00 1.465789682978515390e-02
8.376884422110551895e+02 1.961583241403113353e+00 1.466101473528376616e-02
8.433417085427136044e+02 1.961254292113484565e+00 1.466403107521856673e-02
8.489949748743717919e+02 1.960935997502665673e+00 1.466695039883464738e-02
8.546482412060302067e+02 1.960627867912795086e+00 1.466977699330934866e-02
8.603015075376883942e+02 1.960329442997602589e+00 1.467251490232197170e-02
8.659547738693468091e+02 1.960040289560073479e+00 1.467516794318225390e-02
8.716080402010049966e+02 1.959759999579382406e+00 1.467773972234251781e-02
8.772613065326632977e+02 1.959488188407964238e+00 1.468023364982133996e-02
8.829145728643215989e+02 1.959224493121784816e+00 1.468265295230164989e-02
8.885678391959799001e+02 1.958968571008773640e+00 1.468500068529347141e-02
8.942211055276382012e+02 1.958720098182059832e+00 1.468727974425932011e-02
8.998743718592965024e+02 1.958478768306106232e+00 1.468949287492496598e-02
9.055276381909548036e+02 1.958244291425130346e+00 1.469164268274839730e-02
9.111809045226129911e+02 1.958016392884322388e+00 1.469373164175373329e-02
9.168341708542714059e+02 1.957794812335371226e+00 1.469576210263421993e-02
9.224874371859295934e+02 1.957579302818686973e+00 1.469773630026251048e-02
9.281407035175880083e+02 1.957369629915488796e+00 1.469965636070073509e-02
9.337939698492461957e+02 1.957165570963610879e+00 1.470152430768183888e-02
9.394472361809044969e+02 1.956966914331498497e+00 1.470334206860902417e-02
9.451005025125627981e+02 1.956773458745402205e+00 1.470511148017282325e-02
9.507537688442210992e+02 1.956585012665269518e+00 1.470683429358698828e-02
9.564070351758794004e+02 1.956401393705258007e+00 1.470851217940652780e-02
9.620603015075377016e+02 1.956222428095188537e+00 1.471014673208743614e-02
9.677135678391960028e+02 1.956047950179591322e+00 1.471173947419834697e-02
9.733668341708543039e+02 1.955877801951316775e+00 1.471329186037550855e-02
9.790201005025126051e+02 1.955711832616953139e+00 1.471480528102931187e-02
9.846733668341707926e+02 1.955549898191545122e+00 1.471628106580300833e-02
9.903266331658290937e+02 1.955391861120328922e+00 1.471772048674647657e-02
9.959798994974873949e+02 1.955237589925406416e+00 1.471912476143944631e-02
1.001633165829145696e+03 1.955086958875453806e+00 1.472049505577793446e-02
1.007286432160803997e+03 1.954939847676731013e+00 1.472183248662805276e-02
1.012939698492462298e+03 1.954796141183805069e+00 1.472313812437769757e-02
1.018592964824120600e+03 1.954655729128534469e+00 1.472441299525825524e-02
1.024246231155778787e+03 1.954518505865978195e+00 1.472565808357241719e-02
1.029899497487437202e+03 1.954384370136011739e+00 1.472687433373034982e-02
1.035552763819095617e+03 1.954253224839527903e+00 1.472806265229804207e-02
1.041206030150753804e+03 1.954124976828187865e+00 1.472922390974143805e-02
1.046859296482411992e+03 1.953999536706777729e+00 1.473035894224352521e-02
1.052512562814070407e+03 1.953876818647294344e+00 1.473146855330054877e-02
1.058165829145728594e+03 1.953756740213957732e+00 1.473255351529354287e-02
1.063819095477386782e+03 1.953639222198406467e+00 1.473361457093735373e-02
1.069472361809045196e+03 1.953524188464392575e+00 1.473465243465253184e-02
1.075125628140703611e+03 1.953411565801340677e+00 1.473566779389790318e-02
1.080778894472361799e+03 1.953301283786189613e+00 1.473666131037352882e-02
1.086432160804019986e+03 1.953193274652970990e+00 1.473763362121472374e-02
1.092085427135678401e+03 1.953087473169629940e+00 1.473858534009436609e-02
1.097738693467336816e+03 1.952983816521615568e+00 1.473951705822607039e-02
1.103391959798995003e+03 1.952882244201816553e+00 1.474042934541897748e-02
1.109045226130653191e+03 1.952782697906442655e+00 1.474132275098084290e-02
1.114698492462311606e+03 1.952685121436474436e+00 1.474219780462017113e-02
1.120351758793969793e+03 1.952589460604344129e+00 1.474305501727966525e-02
1.126005025125627981e+03 1.952495663145523475e+00 1.474389488196132560e-02
1.131658291457286396e+03 1.952403678634718531e+00 1.474471787446791395e-02
1.137311557788944810e+03 1.952313458406399471e+00 1.474552445414371513e-02
1.142964824120602998e+03 1.952224955479398449e+00 1.474631506454684993e-02
1.148618090452261185e+03 1.952138124485341297e+00 1.474709013412097390e-02
1.154271356783919600e+03 1.952052921600685886e+00 1.474785007680613595e-02
1.159924623115578015e+03 1.951969304482154666e+00 1.474859529264159128e-02
1.165577889447236203e+03 1.951887232205368639e+00 1.474932616831539471e-02
1.171231155778894390e+03 1.951806665206496705e+00 1.475004307769846486e-02
1.176884422110552805e+03 1.951727565226752281e+00 1.475074638241584239e-02
1.182537688442210992e+03 1.951649895259571332e+00 1.475143643223688662e-02
1.188190954773869180e+03 1.951573619500328816e+00 1.475211356560809234e-02
1.193844221105527595e+03 1.951498703298447213e+00 1.475277811008769702e-02
1.199497487437186010e+03 1.951425113111766807e+00 1.475343038276489757e-02
1.205150753768844197e+03 1.951352816463055806e+00 1.475407069063360346e-02
1.210804020100502385e+03 1.951281781898543954e+00 1.475469933103360116e-02
1.216457286432160799e+03 1.951211978948368397e+00 1.475531659197858864e-02
1.222110552763819214e+03 1.951143378088832536e+00 1.475592275251402102e-02
1.227763819095477402e+03 1.951075950706381956e+00 1.475651808307473778e-02
1.233417085427135589e+03 1.951009669063203944e+00 1.475710284578213467e-02
1.239070351758794004e+03 1.950944506264369105e+00 1.475767729474867195e-02
1.244723618090452419e+03 1.950880436226436032e+00 1.475824167641226134e-02
1.250376884422110379e+03 1.950817433647437316e+00 1.475879622977265167e-02
1.256030150753768794e+03 1.950755473978186494e+00 1.475934118667278361e-02
1.261683417085427209e+03 1.950694533394830010e+00 1.475987677207245274e-02
1.267336683417085396e+03 1.950634588772586220e+00 1.476040320429923558e-02
1.272989949748743584e+03 1.950575617660611050e+00 1.476092069522406090e-02
1.278643216080401999e+03 1.950517598257934804e+00 1.476142945059458027e-02
1.284296482412060413e+03 1.950460509390415709e+00 1.476192967014277289e-02
1.289949748743718601e+03 1.950404330488664018e+00 1.476242154788044714e-02
1.295603015075376788e+03 1.950349041566884933e+00 1.476290527224421827e-02
1.301256281407035203e+03 1.950294623202600830e+00 1.476338102631555467e-02
1.306909547738693618e+03 1.950241056517204807e+00 1.476384898798059446e-02
1.312562814070351806e+03 1.950188323157314052e+00 1.476430933013494345e-02
1.318216080402009993e+03 1.950136405276876150e+00 1.476476222083576879e-02
1.323869346733668408e+03 1.950085285520000822e+00 1.476520782346882853e-02
1.329522613065326595e+03 1.950034947004477548e+00 1.476564629690038481e-02
1.335175879396984783e+03 1.949985373305950676e+00 1.476607779564407044e-02
1.340829145728643198e+03 1.949936548442721129e+00 1.476650246998257622e-02
1.346482412060301613e+03 1.949888456861144537e+00 1.476692046612685001e-02
1.352135678391959800e+03 1.949841083421601340e+00 1.476733192632260355e-02
1.357788944723617988e+03 1.949794413385008474e+00 1.476773698902443012e-02
1.363442211055276402e+03 1.949748432399855957e+00 1.476813578896458805e-02
1.369095477386934817e+03 1.949703126489735983e+00 1.476852845730444556e-02
1.374748743718593005e+03 1.949658482041350060e+00 1.476891512175578826e-02
1.380402010050251192e+03 1.949614485792967367e+00 1.476929590667200483e-02
1.386055276381909607e+03 1.949571124823322288e+00 1.476967093315426950e-02
1.391708542713567795e+03 1.949528386540920755e+00 1.477004031916518551e-02
1.397361809045225982e+03 1.949486258673748917e+00 1.477040417962735552e-02
1.403015075376884397e+03 1.949444729259360409e+00 1.477076262649183909e-02
1.408668341708542812e+03 1.949403786635328428e+00 1.477111576887422950e-02
1.414321608040200999e+03 1.949363419430043987e+00 1.477146371311552527e-02
1.419974874371859187e+03 1.949323616553851890e+00 1.477180656285046953e-02
1.425628140703517602e+03 1.949284367190503797e+00 1.477214441912097671e-02
1.431281407035176017e+03 1.949245660788918810e+00 1.477247738045192951e-02
1.436934673366834204e+03 1.949207487055238053e+00 1.477280554290440022e-02
1.442587939698492391e+03 1.949169835945161022e+00 1.477312900016643227e-02
1.448241206030150806e+03 1.949132697656551505e+00 1.477344784362874877e-02
1.453894472361808994e+03 1.949096062622303505e+00 1.477376216243038443e-02
1.459547738693467409e+03 1.949059921503455861e+00 1.477407204354938206e-02
1.465201005025125596e+03 1.949024265182544902e+00 1.477437757185588035e-02
1.470854271356784011e+03 1.948989084757186241e+00 1.477467883017271472e-02
1.476507537688442198e+03 1.948954371533878183e+00 1.477497589932845815e-02
1.482160804020100386e+03 1.948920117022013621e+00 1.477526885823300315e-02
1.487814070351758801e+03 1.948886312928097775e+00 1.477555778391554525e-02
1.493467336683416988e+03 1.948852951150159107e+00 1.477584275158508841e-02
1.499120603015075403e+03 1.948820023772348753e+00 1.477612383470596792e-02
1.504773869346733591e+03 1.948787523059718252e+00 1.477640110497566855e-02
1.510427135678392006e+03 1.948755441453173809e+00 1.477667463246793746e-02
1.516080402010050193e+03 1.948723771564593310e+00 1.477694448560305969e-02
1.521733668341708608e+03 1.948692506172106986e+00 1.477721073125336411e-02
1.527386934673366795e+03 1.948661638215529734e+00 1.477747343472099635e-02
1.533040201005025210e+03 1.948631160791943318e+00 1.477773265985090657e-02
1.538693467336683398e+03 1.948601067151420452e+00 1.477798846902361740e-02
1.544346733668341585e+03 1.948571350692887005e+00 1.477824092320057653e-02
1.550000000000000000e+03 1.948542004960114760e+00 1.477849008197700334e-02
