4.250000000000000000e+02 1.655776016577217291e+00 3.374439706785473669e-01
4.306532663316583012e+02 1.753235413000948872e+00 3.161818966155783839e-01
4.363065326633166023e+02 1.804585916756286323e+00 3.042109330212986462e-01
4.419597989949749035e+02 1.841780656635622737e+00 2.945824790326569964e-01
4.476130653266331478e+02 1.872494352623751857e+00 2.857147272016032358e-01
4.532663316582914490e+02 1.899718975836649282e+00 2.769899728950684370e-01
4.589195979899497502e+02 1.924920181469975011e+00 2.680892769998604042e-01
4.645728643216080513e+02 1.948920200848897277e+00 2.588108659121366451e-01
4.702261306532663525e+02 1.972223060075482648e+00 2.490025467242034107e-01
4.758793969849245968e+02 1.995156363315095494e+00 2.385297007346421916e-01
4.815326633165828980e+02 2.017940119907295493e+00 2.272555109765650727e-01
4.871859296482411992e+02 2.040721858540075484e+00 2.150240157696031440e-01
4.928391959798995003e+02 2.063593222662507554e+00 2.016399477743772151e-01
4.984924623115578015e+02 2.086592647311740212e+00 1.868379940542056750e-01
5.041457286432161027e+02 2.109690026281271891e+00 1.702269592342253446e-01
5.097989949748744039e+02 2.132730500547191710e+00 1.511712539670134192e-01
5.154522613065327050e+02 2.155237293536539145e+00 1.284859662809734460e-01
5.211055276381910062e+02 2.175444608841978766e+00 9.936245015628245025e-02
5.267587939698491937e+02 2.175401369353099579e+00 5.073142933258253939e-02
5.324120603015074948e+02 2.144061126201553424e+00 1.433374363359606746e-02
5.380653266331657960e+02 2.109173088719615841e+00 1.457612382099045777e-02
5.437185929648240972e+02 2.088614214393662571e+00 1.472466790174185511e-02
5.493718592964823983e+02 2.074009948114027058e+00 1.483319974316421076e-02
5.550251256281406995e+02 2.062784268703422796e+00 1.491855415415206318e-02
5.606783919597990007e+02 2.053755895892456440e+00 1.498856065392754899e-02
5.663316582914573019e+02 2.046273697125035707e+00 1.504759067802125851e-02
5.719849246231156030e+02 2.039937504148629621e+00 1.509836293329751451e-02
5.776381909547739042e+02 2.034482841866918079e+00 1.514269438126035483e-02
5.832914572864322054e+02 2.029725530527750621e+00 1.518186375934603601e-02
5.889447236180903928e+02 2.025532128288145550e+00 1.521680689348671803e-02
5.945979899497488077e+02 2.021802900497541966e+00 1.524822999569114615e-02
6.002512562814069952e+02 2.018461408836054627e+00 1.527667937512963876e-02
6.059045226130652964e+02 2.015447840769879928e+00 1.530258638556109517e-02
6.115577889447235975e+02 2.012714568510808988e+00 1.532629753253576983e-02
6.172110552763818987e+02 2.010223096506986717e+00 1.534809528951140700e-02
6.228643216080401999e+02 2.007941905985013431e+00 1.536821288085410235e-02
6.285175879396985010e+02 2.005844897332907273e+00 1.538684502418741218e-02
6.341708542713568022e+02 2.003910241713811935e+00 1.540415589338641096e-02
6.398241206030151034e+02 2.002119519394256475e+00 1.542028512516152583e-02
6.454773869346734045e+02 2.000457063092667020e+00 1.543535242037569200e-02
6.511306532663315920e+02 1.998909450604493321e+00 1.544946111742442896e-02
6.567839195979900069e+02 1.997465107882320012e+00 1.546270100181379101e-02
6.624371859296481944e+02 1.996113995036238764e+00 1.547515053976820584e-02
6.680904522613064955e+02 1.994847355401955902e+00 1.548687867203949083e-02
6.737437185929647967e+02 1.993657513149045046e+00 1.549794626771098215e-02
6.793969849246230979e+02 1.992537708654113393e+00 1.550840731250023412e-02
6.850502512562813990e+02 1.991481963547855560e+00 1.551830988755263305e-02
6.907035175879397002e+02 1.990484969291602457e+00 1.552769698136350664e-02
6.963567839195980014e+02 1.989541994568597261e+00 1.553660716794984763e-02
7.020100502512563025e+02 1.988648807837371857e+00 1.554507517657101150e-02
7.076633165829146037e+02 1.987801612192256151e+00 1.555313237332103284e-02
7.133165829145727912e+02 1.986996990281020059e+00 1.556080717014384114e-02
7.189698492462312061e+02 1.986231857492764652e+00 1.556812537426185798e-02
7.246231155778893935e+02 1.985503421986742678e+00 1.557511048780381782e-02
7.302763819095478084e+02 1.984809150411105394e+00 1.558178396614895954e-02
7.359296482412059959e+02 1.984146738378819608e+00 1.558816544132122194e-02
7.415829145728642970e+02 1.983514084940393385e+00 1.559427291621665566e-02
7.472361809045225982e+02 1.982909270430074811e+00 1.560012293385721303e-02
7.528894472361808994e+02 1.982330537171858253e+00 1.560573072555528421e-02
7.585427135678392006e+02 1.981776272619860890e+00 1.561111034095377659e-02
7.641959798994975017e+02 1.981244994579054897e+00 1.561627476262123296e-02
7.698492462311558029e+02 1.980735338210448448e+00 1.562123600723179170e-02
7.755025125628139904e+02 1.980246044572319342e+00 1.562600521524830713e-02
7.811557788944724052e+02 1.979775950488150471e+00 1.563059273059897933e-02
7.868090452261305927e+02 1.979323979564131530e+00 1.563500817160490622e-02
7.924623115577890076e+02 1.978889134205807920e+00 1.563926049436990123e-02
7.981155778894471950e+02 1.978470488505692515e+00 1.564335804948730618e-02
8.037688442211054962e+02 1.978067181892228188e+00 1.564730863293270838e-02
8.094221105527637974e+02 1.977678413446089190e+00 1.565111953179958160e-02
8.150753768844220986e+02 1.977303436802913206e+00 1.565479756553717766e-02
8.207286432160803997e+02 1.976941555572655940e+00 1.565834912313988567e-02
8.263819095477387009e+02 1.976592119215144105e+00 1.566178019684745168e-02
8.320351758793970021e+02 1.976254519319400993e+00 1.566509641260744462e-02
8.376884422110551895e+02 1.975928186241118212e+00 1.566830305781131624e-02
8.433417085427136044e+02 1.975612586058489439e+00 1.567140510644457821e-02
8.489949748743717919e+02 1.975307217811614002e+00 1.567440724205924549e-02
8.546482412060302067e+02 1.975011610994976241e+00 1.567731387868452619e-02
8.603015075376883942e+02 1.974725323276219635e+00 1.568012917996767716e-02
8.659547738693468091e+02 1.974447938417638548e+00 1.568285707665865655e-02
8.716080402010049966e+02 1.974179064379591564e+00 1.568550128268580285e-02
8.772613065326632977e+02 1.973918331587446229e+00 1.568806530983530428e-02
8.829145728643215989e+02 1.973665391345783116e+00 1.569055248132263450e-02
8.885678391959799001e+02 1.973419914385401652e+00 1.569296594418241944e-02
8.942211055276382012e+02 1.973181589530290880e+00 1.569530868078496122e-02
8.998743718592965024e+02 1.972950122473123846e+00 1.569758351938370725e-02
9.055276381909548036e+02 1.972725234649074011e+00 1.569979314390893346e-02
9.111809045226129911e+02 1.972506662198834970e+00 1.570194010296080064e-02
9.168341708542714059e+02 1.972294155012681127e+00 1.570402681818807225e-02
9.224874371859295934e+02 1.972087475848256943e+00 1.570605559202619891e-02
9.281407035175880083e+02 1.971886399515524912e+00 1.570802861488871174e-02
9.337939698492461957e+02 1.971690712122967426e+00 1.570994797178516811e-02
9.394472361809044969e+02 1.971500210379721896e+00 1.571181564860051408e-02
9.451005025125627981e+02 1.971314700948860299e+00 1.571363353775443242e-02
9.507537688442210992e+02 1.971133999847478169e+00 1.571540344366587766e-02
9.564070351758794004e+02 1.970957931889679715e+00 1.571712708767765074e-02
9.620603015075377016e+02 1.970786330168917910e+00 1.571880611273165917e-02
9.677135678391960028e+02 1.970619035576474332e+00 1.572044208776741253e-02
9.733668341708543039e+02 1.970455896353165315e+00 1.572203651172450825e-02
9.790201005025126051e+02 1.970296767671623650e+00 1.572359081736871694e-02
9.846733668341707926e+02 1.970141511246748189e+00 1.572510637486463150e-02
9.903266331658290937e+02 1.969989994972126901e+00 1.572658449508836098e-02
9.959798994974873949e+02 1.969842092580428083e+00 1.572802643273731385e-02
1.001633165829145696e+03 1.969697683325940529e+00 1.572943338927280249e-02
1.007286432160803997e+03 1.969556651687587090e+00 1.573080651566765437e-02
1.012939698492462298e+03 1.969418887090891079e+00 1.573214691495216852e-02
1.018592964824120600e+03 1.969284283647493083e+00 1.573345564469991187e-02
1.024246231155778787e+03 1.969152739910942085e+00 1.573473371922784816e-02
1.029899497487437202e+03 1.969024158647582290e+00 1.573598211180744083e-02
1.035552763819095617e+03 1.968898446621461851e+00 1.573720175662595908e-02
1.041206030150753804e+03 1.968775514392264281e+00 1.573839355075219368e-02
1.046859296482411992e+03 1.968655276125361286e+00 1.573955835584574595e-02
1.052512562814070407e+03 1.968537649413136803e+00 1.574069699992055454e-02
1.058165829145728594e+03 1.968422555106816407e+00 1.574181027890881115e-02
1.063819095477386782e+03 1.968309917158085121e+00 1.574289895815246185e-02
1.069472361809045196e+03 1.968199662469833244e+00 1.574396377384357226e-02
1.075125628140703611e+03 1.968091720755429153e+00 1.574500543438547492e-02
1.080778894472361799e+03 1.967986024405947054e+00 1.574602462161845198e-02
1.086432160804019986e+03 1.967882508364835914e+00 1.574702199205811268e-02
1.092085427135678401e+03 1.967781110009547696e+00 1.574799817802670712e-02
1.097738693467336816e+03 1.967681769039671957e+00 1.574895378873391455e-02
1.103391959798995003e+03 1.967584427371173339e+00 1.574988941127189804e-02
1.109045226130653191e+03 1.967489029036338044e+00 1.575080561163753889e-02
1.114698492462311606e+03 1.967395520089077809e+00 1.575170293558453283e-02
1.120351758793969793e+03 1.967303848515260301e+00 1.575258190957328983e-02
1.126005025125627981e+03 1.967213964147752403e+00 1.575344304151558156e-02
1.131658291457286396e+03 1.967125818585898633e+00 1.575428682162415689e-02
1.137311557788944810e+03 1.967039365119157335e+00 1.575511372312774286e-02
1.142964824120602998e+03 1.966954558654655072e+00 1.575592420298537952e-02
1.148618090452261185e+03 1.966871355648421416e+00 1.575671870258599921e-02
1.154271356783919600e+03 1.966789714040088288e+00 1.575749764834180264e-02
1.159924623115578015e+03 1.966709593190856697e+00 1.575826145235148870e-02
1.165577889447236203e+03 1.966630953824537009e+00 1.575901051293620084e-02
1.171231155778894390e+03 1.966553757971487348e+00 1.575974521523839170e-02
1.176884422110552805e+03 1.966477968915288033e+00 1.576046593171456442e-02
1.182537688442210992e+03 1.966403551141996164e+00 1.576117302264876466e-02
1.188190954773869180e+03 1.966330470291835386e+00 1.576186683663748436e-02
1.193844221105527595e+03 1.966258693113186462e+00 1.576254771104604324e-02
1.199497487437186010e+03 1.966188187418752564e+00 1.576321597243645484e-02
1.205150753768844197e+03 1.966118922043780248e+00 1.576387193700201292e-02
1.210804020100502385e+03 1.966050866806222208e+00 1.576451591094524957e-02
1.216457286432160799e+03 1.965983992468742558e+00 1.576514819085561916e-02
1.222110552763819214e+03 1.965918270702461612e+00 1.576576906411506981e-02
1.227763819095477402e+03 1.965853674052348676e+00 1.576637880917662604e-02
1.233417085427135589e+03 1.965790175904179815e+00 1.576697769596246967e-02
1.239070351758794004e+03 1.965727750452974210e+00 1.576756598612798557e-02
1.244723618090452419e+03 1.965666372672835616e+00 1.576814393340307541e-02
1.250376884422110379e+03 1.965606018288125867e+00 1.576871178386287514e-02
1.256030150753768794e+03 1.965546663745901146e+00 1.576926977621235723e-02
1.261683417085427209e+03 1.965488286189549738e+00 1.576981814205670809e-02
1.267336683417085396e+03 1.965430863433567543e+00 1.577035710612224861e-02
1.272989949748743584e+03 1.965374373939418273e+00 1.577088688657577245e-02
1.278643216080401999e+03 1.965318796792420164e+00 1.577140769516070101e-02
1.284296482412060413e+03 1.965264111679612569e+00 1.577191973751614767e-02
1.289949748743718601e+03 1.965210298868552918e+00 1.577242321331986594e-02
1.295603015075376788e+03 1.965157339186996976e+00 1.577291831652962925e-02
1.301256281407035203e+03 1.965105214003423528e+00 1.577340523557523369e-02
1.306909547738693618e+03 1.965053905208360874e+00 1.577388415354333620e-02
1.312562814070351806e+03 1.965003395196476488e+00 1.577435524837631289e-02
1.318216080402009993e+03 1.964953666849394098e+00 1.577481869300762993e-02
1.323869346733668408e+03 1.964904703519206208e+00 1.577527465559569811e-02
1.329522613065326595e+03 1.964856489012645424e+00 1.577572329959574943e-02
1.335175879396984783e+03 1.964809007575889499e+00 1.577616478402167621e-02
1.340829145728643198e+03 1.964762243879963677e+00 1.577659926348960046e-02
1.346482412060301613e+03 1.964716183006721684e+00 1.577702688843734408e-02
1.352135678391959800e+03 1.964670810435371839e+00 1.577744780522416165e-02
1.357788944723617988e+03 1.964626112029526306e+00 1.577786215628674757e-02
1.363442211055276402e+03 1.964582074024751934e+00 1.577827008023182515e-02
1.369095477386934817e+03 1.964538683016596954e+00 1.577867171199904064e-02
1.374748743718593005e+03 1.964495925949074184e+00 1.577906718296050517e-02
1.380402010050251192e+03 1.964453790103581898e+00 1.577945662102728935e-02
1.386055276381909607e+03 1.964412263088239019e+00 1.577984015076294017e-02
1.391708542713567795e+03 1.964371332827621108e+00 1.578021789349691104e-02
1.397361809045225982e+03 1.964330987552880270e+00 1.578058996742392681e-02
1.403015075376884397e+03 1.964291215792224099e+00 1.578095648770325155e-02
1.408668341708542812e+03 1.964252006361751457e+00 1.578131756652279699e-02
1.414321608040200999e+03 1.964213348356618205e+00 1.578167331324757672e-02
1.419974874371859187e+03 1.964175231142525346e+00 1.578202383445558021e-02
1.425628140703517602e+03 1.964137644347515144e+00 1.578236923404396225e-02
1.431281407035176017e+03 1.964100577854060559e+00 1.578270961331409636e-02
1.436934673366834204e+03 1.964064021791437353e+00 1.578304507103548554e-02
1.442587939698492391e+03 1.964027966528366864e+00 1.578337570353779973e-02
1.448241206030150806e+03 1.963992402665918569e+00 1.578370160478176701e-02
1.453894472361808994e+03 1.963957321030660008e+00 1.578402286639487770e-02
1.459547738693467409e+03 1.963922712668048964e+00 1.578433957780552704e-02
1.465201005025125596e+03 1.963888568836050785e+00 1.578465182623648919e-02
1.470854271356784011e+03 1.963854880998979091e+00 1.578495969683899741e-02
1.476507537688442198e+03 1.963821640821545866e+00 1.578526327269320559e-02
1.482160804020100386e+03 1.963788840163114724e+00 1.578556263490003483e-02
1.487814070351758801e+03 1.963756471072150234e+00 1.578585786263082824e-02
1.493467336683416988e+03 1.963724525780852437e+00 1.578614903318399654e-02
1.499120603015075403e+03 1.963692996699974547e+00 1.578643622203462424e-02
1.504773869346733591e+03 1.963661876413809182e+00 1.578671950289109449e-02
1.510427135678392006e+03 1.963631157675346239e+00 1.578699894774466400e-02
1.516080402010050193e+03 1.963600833401585533e+00 1.578727462691197070e-02
1.521733668341708608e+03 1.963570896669007748e+00 1.578754660908460519e-02
1.527386934673366795e+03 1.963541340709189731e+00 1.578781496137861978e-02
1.533040201005025210e+03 1.963512158904564986e+00 1.578807974937701530e-02
1.538693467336683398e+03 1.963483344784320295e+00 1.578834103715814896e-02
1.544346733668341585e+03 1.963454892020423337e+00 1.578859888736633410e-02
1.550000000000000000e+03 1.963426794423778876e+00 1.578885336121910524e-02
