4.250000000000000000e+02 1.680906787496173838e+00 3.514590839559097457e-01
4.306532663316583012e+02 1.782853106126879972e+00 3.287497998977441660e-01
4.363065326633166023e+02 1.836509591691003473e+00 3.160441710996511055e-01
4.419597989949749035e+02 1.875347715415244254e+00 3.058666077041063414e-01
4.476130653266331478e+02 1.907401610166390205e+00 2.965211235063162643e-01
4.532663316582914490e+02 1.935802184401371528e+00 2.873473251665333295e-01
4.589195979899497502e+02 1.962082712012326091e+00 2.780054894601887150e-01
4.645728643216080513e+02 1.987103141974690290e+00 2.682817643965504373e-01
4.702261306532663525e+02 2.011390498758966139e+00 2.580158259063811688e-01
4.758793969849245968e+02 2.035287264277175101e+00 2.470667573468427469e-01
4.815326633165828980e+02 2.059023408432280711e+00 2.352921372699186553e-01
4.871859296482411992e+02 2.082753152170939703e+00 2.225303167912006663e-01
4.928391959798995003e+02 2.106572379006745876e+00 2.085795533880150932e-01
4.984924623115578015e+02 2.130521544009385870e+00 1.931664202026312227e-01
5.041457286432161027e+02 2.154569903599386826e+00 1.758887042591917860e-01
5.097989949748744039e+02 2.178557520838601658e+00 1.560947693862330954e-01
5.154522613065327050e+02 2.201992276996275866e+00 1.325750851870547975e-01
5.211055276381910062e+02 2.223061268587800843e+00 1.024877071122265587e-01
5.267587939698491937e+02 2.224323287364290191e+00 5.310947470453970809e-02
5.324120603015074948e+02 2.192451131144076637e+00 1.291701540320648427e-02
5.380653266331657960e+02 2.155417653666971578e+00 1.314371442560531567e-02
5.437185929648240972e+02 2.133724050132764116e+00 1.328191601329135885e-02
5.493718592964823983e+02 2.118350616038617407e+00 1.338267819314907341e-02
5.550251256281406995e+02 2.106548650651279164e+00 1.346183287733936605e-02
5.606783919597990007e+02 2.097064027433581668e+00 1.352670879219671808e-02
5.663316582914573019e+02 2.089207611077177340e+00 1.358138615020067393e-02
5.719849246231156030e+02 2.082556764749317058e+00 1.362839779262129021e-02
5.776381909547739042e+02 2.076832580749262025e+00 1.366943425434928930e-02
5.832914572864322054e+02 2.071841044202916926e+00 1.370568416454828395e-02
5.889447236180903928e+02 2.067441707397185358e+00 1.373801677944501073e-02
5.945979899497488077e+02 2.063529669954513146e+00 1.376708770797000977e-02
6.002512562814069952e+02 2.060024577805259494e+00 1.379340388716352936e-02
6.059045226130652964e+02 2.056863582040940663e+00 1.381736543708541806e-02
6.115577889447235975e+02 2.053996655280194705e+00 1.383929367512279525e-02
6.172110552763818987e+02 2.051383374798046777e+00 1.385945047303752294e-02
6.228643216080401999e+02 2.048990652433085202e+00 1.387805199657657362e-02
6.285175879396985010e+02 2.046791095011806227e+00 1.389527868536462492e-02
6.341708542713568022e+02 2.044761796097187112e+00 1.391128264789250231e-02
6.398241206030151034e+02 2.042883429764025038e+00 1.392619323797326773e-02
6.454773869346734045e+02 2.041139560239302764e+00 1.394012132528693257e-02
6.511306532663315920e+02 2.039516108648267156e+00 1.395316261124126926e-02
6.567839195979900069e+02 2.038000935964543014e+00 1.396540023529097181e-02
6.624371859296481944e+02 2.036583513166978054e+00 1.397690684689579729e-02
6.680904522613064955e+02 2.035254657704430592e+00 1.398774626892430525e-02
6.737437185929647967e+02 2.034006320980660920e+00 1.399797484575725399e-02
6.793969849246230979e+02 2.032831415523851604e+00 1.400764254503260829e-02
6.850502512562813990e+02 2.031723673331514490e+00 1.401679386488307102e-02
6.907035175879397002e+02 2.030677528930497910e+00 1.402546858657643947e-02
6.963567839195980014e+02 2.029688022196113106e+00 1.403370240308147651e-02
7.020100502512563025e+02 2.028750717091746925e+00 1.404152744692489622e-02
7.076633165829146037e+02 2.027861633329188340e+00 1.404897273651797840e-02
7.133165829145727912e+02 2.027017188586006657e+00 1.405606455519153863e-02
7.189698492462312061e+02 2.026214149403136489e+00 1.406282677473991161e-02
7.246231155778893935e+02 2.025449589261644867e+00 1.406928113316581637e-02
7.302763819095478084e+02 2.024720852630092160e+00 1.407544747386559568e-02
7.359296482412059959e+02 2.024025524003215892e+00 1.408134395266393349e-02
7.415829145728642970e+02 2.023361401133743520e+00 1.408698721758542584e-02
7.472361809045225982e+02 2.022726471803073522e+00 1.409239256564371462e-02
7.528894472361808994e+02 2.022118893591727140e+00 1.409757408008110481e-02
7.585427135678392006e+02 2.021536976203113234e+00 1.410254475073210653e-02
7.641959798994975017e+02 2.020979165969146507e+00 1.410731658014098208e-02
7.698492462311558029e+02 2.020444032227243447e+00 1.411190067725322239e-02
7.755025125628139904e+02 2.019930255308106215e+00 1.411630734042004440e-02
7.811557788944724052e+02 2.019436615914672384e+00 1.412054613117257572e-02
7.868090452261305927e+02 2.018961985706428930e+00 1.412462593986421600e-02
7.924623115577890076e+02 2.018505318931310910e+00 1.412855504437988095e-02
7.981155778894471950e+02 2.018065644970749695e+00 1.413234116252085060e-02
8.037688442211054962e+02 2.017642061682911603e+00 1.413599149924882684e-02
8.094221105527637974e+02 2.017233729445533807e+00 1.413951278888267091e-02
8.150753768844220986e+02 2.016839865813524035e+00 1.414291133335815118e-02
8.207286432160803997e+02 2.016459740718115512e+00 1.414619303654153330e-02
8.263819095477387009e+02 2.016092672144224274e+00 1.414936343547992109e-02
8.320351758793970021e+02 2.015738022231040372e+00 1.415242772858901071e-02
8.376884422110551895e+02 2.015395193748017899e+00 1.415539080126341880e-02
8.433417085427136044e+02 2.015063626904555871e+00 1.415825724915725260e-02
8.489949748743717919e+02 2.014742796456887586e+00 1.416103139950629711e-02
8.546482412060302067e+02 2.014432209080220915e+00 1.416371733035994875e-02
8.603015075376883942e+02 2.014131400978050657e+00 1.416631888831123426e-02
8.659547738693468091e+02 2.013839935703927608e+00 1.416883970477884544e-02
8.716080402010049966e+02 2.013557402173885347e+00 1.417128321070625953e-02
8.772613065326632977e+02 2.013283412850256582e+00 1.417365265026332942e-02
8.829145728643215989e+02 2.013017602079804735e+00 1.417595109328854616e-02
8.885678391959799001e+02 2.012759624571043293e+00 1.417818144693050973e-02
8.942211055276382012e+02 2.012509153997263489e+00 1.418034646605364005e-02
8.998743718592965024e+02 2.012265881713294569e+00 1.418244876316324295e-02
9.055276381909548036e+02 2.012029515575302074e+00 1.418449081741413563e-02
9.111809045226129911e+02 2.011799778854058030e+00 1.418647498289335451e-02
9.168341708542714059e+02 2.011576409233145846e+00 1.418840349641404056e-02
9.224874371859295934e+02 2.011359157884418991e+00 1.419027848463456053e-02
9.281407035175880083e+02 2.011147788613841580e+00 1.419210197072382114e-02
9.337939698492461957e+02 2.010942077071511402e+00 1.419387588046479645e-02
9.394472361809044969e+02 2.010741810020302722e+00 1.419560204806367444e-02
9.451005025125627981e+02 2.010546784658098662e+00 1.419728222141552684e-02
9.507537688442210992e+02 2.010356807989072347e+00 1.419891806704671154e-02
9.564070351758794004e+02 2.010171696239929862e+00 1.420051117482878759e-02
9.620603015075377016e+02 2.009991274317377563e+00 1.420206306216771804e-02
9.677135678391960028e+02 2.009815375303474649e+00 1.420357517810708244e-02
9.733668341708543039e+02 2.009643839985791658e+00 1.420504890704888008e-02
9.790201005025126051e+02 2.009476516419617997e+00 1.420648557226459642e-02
9.846733668341707926e+02 2.009313259519679651e+00 1.420788643919712602e-02
9.903266331658290937e+02 2.009153930679079547e+00 1.420925271855406728e-02
9.959798994974873949e+02 2.008998397413351178e+00 1.421058556913038472e-02
1.001633165829145696e+03 2.008846533027722980e+00 1.421188610056404837e-02
1.007286432160803997e+03 2.008698216305838447e+00 1.421315537583748602e-02
1.012939698492462298e+03 2.008553331218335014e+00 1.421439441371274981e-02
1.018592964824120600e+03 2.008411766649814911e+00 1.421560419088197663e-02
1.024246231155778787e+03 2.008273416142874357e+00 1.421678564420838370e-02
1.029899497487437202e+03 2.008138177657943668e+00 1.421793967252693580e-02
1.035552763819095617e+03 2.008005953347831163e+00 1.421906713864539568e-02
1.041206030150753804e+03 2.007876649345906817e+00 1.422016887107733878e-02
1.046859296482411992e+03 2.007750175566992201e+00 1.422124566563235173e-02
1.052512562814070407e+03 2.007626445520061864e+00 1.422229828706657144e-02
1.058165829145728594e+03 2.007505376131954122e+00 1.422332747049706754e-02
1.063819095477386782e+03 2.007386887581336321e+00 1.422433392276758329e-02
1.069472361809045196e+03 2.007270903142246876e+00 1.422531832384385519e-02
1.075125628140703611e+03 2.007157349036558625e+00 1.422628132798881354e-02
1.080778894472361799e+03 2.007046154294791496e+00 1.422722356499882962e-02
1.086432160804019986e+03 2.006937250624716285e+00 1.422814564120450376e-02
1.092085427135678401e+03 2.006830572287258363e+00 1.422904814067314262e-02
1.097738693467336816e+03 2.006726055979212830e+00 1.422993162605114964e-02
1.103391959798995003e+03 2.006623640722363877e+00 1.423079663963945987e-02
1.109045226130653191e+03 2.006523267758581586e+00 1.423164370420271392e-02
1.114698492462311606e+03 2.006424880450536019e+00 1.423247332382434824e-02
1.120351758793969793e+03 2.006328424187679538e+00 1.423328598477646006e-02
1.126005025125627981e+03 2.006233846297171386e+00 1.423408215621723739e-02
1.131658291457286396e+03 2.006141095959445231e+00 1.423486229095010866e-02
1.137311557788944810e+03 2.006050124128138989e+00 1.423562682608859285e-02
1.142964824120602998e+03 2.005960883454130261e+00 1.423637618372053555e-02
1.148618090452261185e+03 2.005873328213428675e+00 1.423711077157174126e-02
1.154271356783919600e+03 2.005787414238703548e+00 1.423783098352869592e-02
1.159924623115578015e+03 2.005703098854231037e+00 1.423853720026995243e-02
1.165577889447236203e+03 2.005620340814064484e+00 1.423922978970989725e-02
1.171231155778894390e+03 2.005539100243247219e+00 1.423990910767598296e-02
1.176884422110552805e+03 2.005459338581886630e+00 1.424057549819570008e-02
1.182537688442210992e+03 2.005381018531938953e+00 1.424122929409503586e-02
1.188190954773869180e+03 2.005304104006542687e+00 1.424187081742503760e-02
1.193844221105527595e+03 2.005228560081764311e+00 1.424250037982566913e-02
1.199497487437186010e+03 2.005154352950628383e+00 1.424311828298291567e-02
1.205150753768844197e+03 2.005081449879295707e+00 1.424372481902320270e-02
1.210804020100502385e+03 2.005009819165282092e+00 1.424432027079842317e-02
1.216457286432160799e+03 2.004939430097608000e+00 1.424490491232659369e-02
1.222110552763819214e+03 2.004870252918768969e+00 1.424547900912313987e-02
1.227763819095477402e+03 2.004802258788438873e+00 1.424604281843842163e-02
1.233417085427135589e+03 2.004735419748809644e+00 1.424659658963534775e-02
1.239070351758794004e+03 2.004669708691482644e+00 1.424714056447323914e-02
1.244723618090452419e+03 2.004605099325834416e+00 1.424767497737593550e-02
1.250376884422110379e+03 2.004541566148775100e+00 1.424820005568413345e-02
1.256030150753768794e+03 2.004479084415837775e+00 1.424871601996989014e-02
1.261683417085427209e+03 2.004417630113519699e+00 1.424922308422629270e-02
1.267336683417085396e+03 2.004357179932822586e+00 1.424972145607257719e-02
1.272989949748743584e+03 2.004297711243927971e+00 1.425021133709934197e-02
1.278643216080401999e+03 2.004239202071947279e+00 1.425069292297989273e-02
1.284296482412060413e+03 2.004181631073702619e+00 1.425116640370611282e-02
1.289949748743718601e+03 2.004124977515480577e+00 1.425163196376191301e-02
1.295603015075376788e+03 2.004069221251713717e+00 1.425208978242119111e-02
1.301256281407035203e+03 2.004014342704548035e+00 1.425254003376525205e-02
1.306909547738693618e+03 2.003960322844249298e+00 1.425298288701172707e-02
1.312562814070351806e+03 2.003907143170408744e+00 1.425341850654739811e-02
1.318216080402009993e+03 2.003854785693919283e+00 1.425384705222575675e-02
1.323869346733668408e+03 2.003803232919669330e+00 1.425426867941524331e-02
1.329522613065326595e+03 2.003752467829937878e+00 1.425468353918760318e-02
1.335175879396984783e+03 2.003702473868446354e+00 1.425509177847501460e-02
1.340829145728643198e+03 2.003653234925045101e+00 1.425549354018040837e-02
1.346482412060301613e+03 2.003604735320997587e+00 1.425588896331888948e-02
1.352135678391959800e+03 2.003556959794842385e+00 1.425627818317465496e-02
1.357788944723617988e+03 2.003509893488804483e+00 1.425666133134883932e-02
1.363442211055276402e+03 2.003463521935727520e+00 1.425703853599419139e-02
1.369095477386934817e+03 2.003417831046509168e+00 1.425740992178493698e-02
1.374748743718593005e+03 2.003372807098016573e+00 1.425777561015134642e-02
1.380402010050251192e+03 2.003328436721454331e+00 1.425813571931181141e-02
1.386055276381909607e+03 2.003284706891174771e+00 1.425849036441386060e-02
1.391708542713567795e+03 2.003241604913905238e+00 1.425883965758172577e-02
1.397361809045225982e+03 2.003199118418376390e+00 1.425918370807285548e-02
1.403015075376884397e+03 2.003157235345329745e+00 1.425952262230981323e-02
1.408668341708542812e+03 2.003115943937897381e+00 1.425985650402115772e-02
1.414321608040200999e+03 2.003075232732333344e+00 1.426018545428884080e-02
1.419974874371859187e+03 2.003035090549072805e+00 1.426050957159557923e-02
1.425628140703517602e+03 2.002995506484125610e+00 1.426082895201234192e-02
1.431281407035176017e+03 2.002956469900770475e+00 1.426114368918336706e-02
1.436934673366834204e+03 2.002917970421546734e+00 1.426145387438902852e-02
1.442587939698492391e+03 2.002879997920532507e+00 1.426175959668651155e-02
1.448241206030150806e+03 2.002842542515894220e+00 1.426206094294147318e-02
1.453894472361808994e+03 2.002805594562694136e+00 1.426235799784411271e-02
1.459547738693467409e+03 2.002769144645953681e+00 1.426265084408091278e-02
1.465201005025125596e+03 2.002733183573953468e+00 1.426293956228839345e-02
1.470854271356784011e+03 2.002697702371766031e+00 1.426322423116252458e-02
1.476507537688442198e+03 2.002662692275008816e+00 1.426350492753698795e-02
1.482160804020100386e+03 2.002628144723810788e+00 1.426378172635245009e-02
1.487814070351758801e+03 2.002594051356986871e+00 1.426405470085930979e-02
1.493467336683416988e+03 2.002560404006401118e+00 1.426432392247797831e-02
1.499120603015075403e+03 2.002527194691526624e+00 1.426458946100159393e-02
1.504773869346733591e+03 2.002494415614181733e+00 1.426485138458079283e-02
1.510427135678392006e+03 2.002462059153445662e+00 1.426510975978630309e-02
1.516080402010050193e+03 2.002430117860736214e+00 1.426536465159368439e-02
1.521733668341708608e+03 2.002398584455052255e+00 1.426561612357042132e-02
1.527386934673366795e+03 2.002367451818374722e+00 1.426586423773610994e-02
1.533040201005025210e+03 2.002336712991208412e+00 1.426610905471840073e-02
1.538693467336683398e+03 2.002306361168276982e+00 1.426635063379993844e-02
1.544346733668341585e+03 2.002276389694350289e+00 1.426658903290305841e-02
1.550000000000000000e+03 2.002246792060206726e+00 1.426682430860559507e-02
