4.250000000000000000e+02 1.680861985237117384e+00 3.575515966292935333e-01
4.306532663316583012e+02 1.785042654332869683e+00 3.339936818448277500e-01
4.363065326633166023e+02 1.839846549095393247e+00 3.208564600758379015e-01
4.419597989949749035e+02 1.879503907938584684e+00 3.103549030577883450e-01
4.476130653266331478e+02 1.912227265389102371e+00 3.007268531742931517e-01
4.532663316582914490e+02 1.941216248343646145e+00 2.912872686243146436e-01
4.589195979899497502e+02 1.968037488723336725e+00 2.816843685897626459e-01
4.645728643216080513e+02 1.993569501615245709e+00 2.716971642792054276e-01
4.702261306532663525e+02 2.018350608770767440e+00 2.611603319364846354e-01
4.758793969849245968e+02 2.042730585428209622e+00 2.499288125227990820e-01
4.815326633165828980e+02 2.066944273464399462e+00 2.378561364020861379e-01
4.871859296482411992e+02 2.091149155354244282e+00 2.247760616398887523e-01
4.928391959798995003e+02 2.115443155946444609e+00 2.104809358008725706e-01
4.984924623115578015e+02 2.139867623029418020e+00 1.946888622731169638e-01
5.041457286432161027e+02 2.164391189034763130e+00 1.769841465555070936e-01
5.097989949748744039e+02 2.188850281375561480e+00 1.566908528254291333e-01
5.154522613065327050e+02 2.212740039730831221e+00 1.325469762131018525e-01
5.211055276381910062e+02 2.234186225295415440e+00 1.015527250195370212e-01
5.267587939698491937e+02 2.233841793954561172e+00 4.959197959970616798e-02
5.324120603015074948e+02 2.200404128268915738e+00 1.144416073512399129e-02
5.380653266331657960e+02 2.163485304871374915e+00 1.164362284694023079e-02
5.437185929648240972e+02 2.141682867653443179e+00 1.176615762578570382e-02
5.493718592964823983e+02 2.126178449280653471e+00 1.185578739206038200e-02
5.550251256281406995e+02 2.114252322216286117e+00 1.192632327762464632e-02
5.606783919597990007e+02 2.104655421934212622e+00 1.198420070957792287e-02
5.663316582914573019e+02 2.096698562023420198e+00 1.203301760273581440e-02
5.719849246231156030e+02 2.089957878669542080e+00 1.207501389696370893e-02
5.776381909547739042e+02 2.084153078531000958e+00 1.211168781496172603e-02
5.832914572864322054e+02 2.079088877564786664e+00 1.214409448173816609e-02
5.889447236180903928e+02 2.074623735265254343e+00 1.217300650693358723e-02
5.945979899497488077e+02 2.070651829974761604e+00 1.219900720633169261e-02
6.002512562814069952e+02 2.067092035466699951e+00 1.222254799783272297e-02
6.059045226130652964e+02 2.063880855213707122e+00 1.224398543018522488e-02
6.115577889447235975e+02 2.060967716679689588e+00 1.226360599918335792e-02
6.172110552763818987e+02 2.058311735947436993e+00 1.228164331344457245e-02
6.228643216080401999e+02 2.055879432541451557e+00 1.229829029059448936e-02
6.285175879396985010e+02 2.053643077684613960e+00 1.231370802308318947e-02
6.341708542713568022e+02 2.051579476257422208e+00 1.232803235277936220e-02
6.398241206030151034e+02 2.049669052685753279e+00 1.234137883162696528e-02
6.454773869346734045e+02 2.047895154202772794e+00 1.235384652312065783e-02
6.511306532663315920e+02 2.046243512412331711e+00 1.236552095521835544e-02
6.567839195979900069e+02 2.044701822005590142e+00 1.237647644264845692e-02
6.624371859296481944e+02 2.043259407440587427e+00 1.238677793358812854e-02
6.680904522613064955e+02 2.041906956534988105e+00 1.239648249313294280e-02
6.737437185929647967e+02 2.040636305565858066e+00 1.240564050568008711e-02
6.793969849246230979e+02 2.039440264447896389e+00 1.241429665795104609e-02
6.850502512562813990e+02 2.038312473407338565e+00 1.242249074882137080e-02
6.907035175879397002e+02 2.037247284632814015e+00 1.243025836122788573e-02
6.963567839195980014e+02 2.036239663900562213e+00 1.243763142338849027e-02
7.020100502512563025e+02 2.035285108297933743e+00 1.244463868033127661e-02
7.076633165829146037e+02 2.034379577015228424e+00 1.245130609260054928e-02
7.133165829145727912e+02 2.033519432817716854e+00 1.245765717479591257e-02
7.189698492462312061e+02 2.032701392301049292e+00 1.246371328498099146e-02
7.246231155778893935e+02 2.031922483412690106e+00 1.246949387263650288e-02
7.302763819095478084e+02 2.031180009017328203e+00 1.247501669262318647e-02
7.359296482412059959e+02 2.030471515515898329e+00 1.248029799018739519e-02
7.415829145728642970e+02 2.029794765710768001e+00 1.248535266180216333e-02
7.472361809045225982e+02 2.029147715255144480e+00 1.249019439526983903e-02
7.528894472361808994e+02 2.028528492141163042e+00 1.249483579245559001e-02
7.585427135678392006e+02 2.027935378774780251e+00 1.249928847701143111e-02
7.641959798994975017e+02 2.027366796261442339e+00 1.250356318917687781e-02
7.698492462311558029e+02 2.026821290588192159e+00 1.250766986973974107e-02
7.755025125628139904e+02 2.026297520438338662e+00 1.251161773408727106e-02
7.811557788944724052e+02 2.025794246416257494e+00 1.251541533840141301e-02
7.868090452261305927e+02 2.025310321494139032e+00 1.251907063822968458e-02
7.924623115577890076e+02 2.024844682520839267e+00 1.252259104112796173e-02
7.981155778894471950e+02 2.024396342656635817e+00 1.252598345343128305e-02
8.037688442211054962e+02 2.023964384617407575e+00 1.252925432258650100e-02
8.094221105527637974e+02 2.023547954628320156e+00 1.253240967489703366e-02
8.150753768844220986e+02 2.023146257001041004e+00 1.253545514974934577e-02
8.207286432160803997e+02 2.022758549260282646e+00 1.253839603032354082e-02
8.263819095477387009e+02 2.022384137755453004e+00 1.254123727151412564e-02
8.320351758793970021e+02 2.022022373701683584e+00 1.254398352527053527e-02
8.376884422110551895e+02 2.021672649601738758e+00 1.254663916335265264e-02
8.433417085427136044e+02 2.021334396006514655e+00 1.254920829832685894e-02
8.489949748743717919e+02 2.021007078577129246e+00 1.255169480249347137e-02
8.546482412060302067e+02 2.020690195416202872e+00 1.255410232519646105e-02
8.603015075376883942e+02 2.020383274639836912e+00 1.255643430869960754e-02
8.659547738693468091e+02 2.020085872165238161e+00 1.255869400268842806e-02
8.716080402010049966e+02 2.019797569691858197e+00 1.256088447743890224e-02
8.772613065326632977e+02 2.019517972856516241e+00 1.256300863613526303e-02
8.829145728643215989e+02 2.019246709545182039e+00 1.256506922600508433e-02
8.885678391959799001e+02 2.018983428346051490e+00 1.256706884854073836e-02
8.942211055276382012e+02 2.018727797130268620e+00 1.256900996916388881e-02
8.998743718592965024e+02 2.018479501748117411e+00 1.257089492580578186e-02
9.055276381909548036e+02 2.018238244829834827e+00 1.257272593707741901e-02
9.111809045226129911e+02 2.018003744681351908e+00 1.257450510971380199e-02
9.168341708542714059e+02 2.017775734266276988e+00 1.257623444547096604e-02
9.224874371859295934e+02 2.017553960266345925e+00 1.257791584758352794e-02
9.281407035175880083e+02 2.017338182213337827e+00 1.257955112666074050e-02
9.337939698492461957e+02 2.017128171686199956e+00 1.258114200619908814e-02
9.394472361809044969e+02 2.016923711567696564e+00 1.258269012771264135e-02
9.451005025125627981e+02 2.016724595355500860e+00 1.258419705551763051e-02
9.507537688442210992e+02 2.016530626523114211e+00 1.258566428113695387e-02
9.564070351758794004e+02 2.016341617926451946e+00 1.258709322744907579e-02
9.620603015075377016e+02 2.016157391252319631e+00 1.258848525254682542e-02
9.677135678391960028e+02 2.015977776505371466e+00 1.258984165332447877e-02
9.733668341708543039e+02 2.015802611530439048e+00 1.259116366886435523e-02
9.790201005025126051e+02 2.015631741567416313e+00 1.259245248353532860e-02
9.846733668341707926e+02 2.015465018836139155e+00 1.259370922996252626e-02
9.903266331658290937e+02 2.015302302148914926e+00 1.259493499178051916e-02
9.959798994974873949e+02 2.015143456548583956e+00 1.259613080618807515e-02
1.001633165829145696e+03 2.014988352970163987e+00 1.259729766642829832e-02
1.007286432160803997e+03 2.014836867924292729e+00 1.259843652398294662e-02
1.012939698492462298e+03 2.014688883200866698e+00 1.259954829072807217e-02
1.018592964824120600e+03 2.014544285591361117e+00 1.260063384094550938e-02
1.024246231155778787e+03 2.014402966628492830e+00 1.260169401322569667e-02
1.029899497487437202e+03 2.014264822341956584e+00 1.260272961222687338e-02
1.035552763819095617e+03 2.014129753029099135e+00 1.260374141027324583e-02
1.041206030150753804e+03 2.013997663039468033e+00 1.260473014903900138e-02
1.046859296482411992e+03 2.013868460572271424e+00 1.260569654096596430e-02
1.052512562814070407e+03 2.013742057485845560e+00 1.260664127066172917e-02
1.058165829145728594e+03 2.013618369118315599e+00 1.260756499620796674e-02
1.063819095477386782e+03 2.013497314118687154e+00 1.260846835046708532e-02
1.069472361809045196e+03 2.013378814287659857e+00 1.260935194215842894e-02
1.075125628140703611e+03 2.013262794427530533e+00 1.261021635705637627e-02
1.080778894472361799e+03 2.013149182200571374e+00 1.261106215901103104e-02
1.086432160804019986e+03 2.013037907995339104e+00 1.261188989091491242e-02
1.092085427135678401e+03 2.012928904800397767e+00 1.261270007568614758e-02
1.097738693467336816e+03 2.012822108084981299e+00 1.261349321710978667e-02
1.103391959798995003e+03 2.012717455686155343e+00 1.261426980076619901e-02
1.109045226130653191e+03 2.012614887702065314e+00 1.261503029471212727e-02
1.114698492462311606e+03 2.012514346390897657e+00 1.261577515037215838e-02
1.120351758793969793e+03 2.012415776075195062e+00 1.261650480313021745e-02
1.126005025125627981e+03 2.012319123051199199e+00 1.261721967314914303e-02
1.131658291457286396e+03 2.012224335502918571e+00 1.261792016585522661e-02
1.137311557788944810e+03 2.012131363420633257e+00 1.261860667272132058e-02
1.142964824120602998e+03 2.012040158523570987e+00 1.261927957176778824e-02
1.148618090452261185e+03 2.011950674186511634e+00 1.261993922808055633e-02
1.154271356783919600e+03 2.011862865370086961e+00 1.262058599445181443e-02
1.159924623115578015e+03 2.011776688554559378e+00 1.262122021179152426e-02
1.165577889447236203e+03 2.011692101676882061e+00 1.262184220964407237e-02
1.171231155778894390e+03 2.011609064070849051e+00 1.262245230666932637e-02
1.176884422110552805e+03 2.011527536410163020e+00 1.262305081101775667e-02
1.182537688442210992e+03 2.011447480654253717e+00 1.262363802079317400e-02
1.188190954773869180e+03 2.011368859996694791e+00 1.262421422447994844e-02
1.193844221105527595e+03 2.011291638816075089e+00 1.262477970119402909e-02
1.199497487437186010e+03 2.011215782629188542e+00 1.262533472117991808e-02
1.205150753768844197e+03 2.011141258046416969e+00 1.262587954611390541e-02
1.210804020100502385e+03 2.011068032729186328e+00 1.262641442937187559e-02
1.216457286432160799e+03 2.010996075349384515e+00 1.262693961647274286e-02
1.222110552763819214e+03 2.010925355550639448e+00 1.262745534520511373e-02
1.227763819095477402e+03 2.010855843911352192e+00 1.262796184608787516e-02
1.233417085427135589e+03 2.010787511909401193e+00 1.262845934249646682e-02
1.239070351758794004e+03 2.010720331888424806e+00 1.262894805101756092e-02
1.244723618090452419e+03 2.010654277025601733e+00 1.262942818169807656e-02
1.250376884422110379e+03 2.010589321300852994e+00 1.262989993824127632e-02
1.256030150753768794e+03 2.010525439467394371e+00 1.263036351825546147e-02
1.261683417085427209e+03 2.010462607023565607e+00 1.263081911346736197e-02
1.267336683417085396e+03 2.010400800185879966e+00 1.263126690995296404e-02
1.272989949748743584e+03 2.010339995863225315e+00 1.263170708833306378e-02
1.278643216080401999e+03 2.010280171632167434e+00 1.263213982391595165e-02
1.284296482412060413e+03 2.010221305713295159e+00 1.263256528696303851e-02
1.289949748743718601e+03 2.010163376948557179e+00 1.263298364284891166e-02
1.295603015075376788e+03 2.010106364779546517e+00 1.263339505216854418e-02
1.301256281407035203e+03 2.010050249226683849e+00 1.263379967096746673e-02
1.306909547738693618e+03 2.009995010869256582e+00 1.263419765088395243e-02
1.312562814070351806e+03 2.009940630826270613e+00 1.263458913923840195e-02
1.318216080402009993e+03 2.009887090738086801e+00 1.263497427931597680e-02
1.323869346733668408e+03 2.009834372748789288e+00 1.263535321036793682e-02
1.329522613065326595e+03 2.009782459489267037e+00 1.263572606777112022e-02
1.335175879396984783e+03 2.009731334060961938e+00 1.263609298325760709e-02
1.340829145728643198e+03 2.009680980020266183e+00 1.263645408491589385e-02
1.346482412060301613e+03 2.009631381363529812e+00 1.263680949735015123e-02
1.352135678391959800e+03 2.009582522512649572e+00 1.263715934180429518e-02
1.357788944723617988e+03 2.009534388301223995e+00 1.263750373628597969e-02
1.363442211055276402e+03 2.009486963961237826e+00 1.263784279565541638e-02
1.369095477386934817e+03 2.009440235110254491e+00 1.263817663167900000e-02
1.374748743718593005e+03 2.009394187739102389e+00 1.263850535324101410e-02
1.380402010050251192e+03 2.009348808200019931e+00 1.263882906629175580e-02
1.386055276381909607e+03 2.009304083195253554e+00 1.263914787409429336e-02
1.391708542713567795e+03 2.009259999766072280e+00 1.263946187713737429e-02
1.397361809045225982e+03 2.009216545282202393e+00 1.263977117343480748e-02
1.403015075376884397e+03 2.009173707431641809e+00 1.264007585836803005e-02
1.408668341708542812e+03 2.009131474210852364e+00 1.264037602495028841e-02
1.414321608040200999e+03 2.009089833915310486e+00 1.264067176380968653e-02
1.419974874371859187e+03 2.009048775130401587e+00 1.264096316329517758e-02
1.425628140703517602e+03 2.009008286722637759e+00 1.264125030951228010e-02
1.431281407035176017e+03 2.008968357831195650e+00 1.264153328642900719e-02
1.436934673366834204e+03 2.008928977859754106e+00 1.264181217592908260e-02
1.442587939698492391e+03 2.008890136468617804e+00 1.264208705788270187e-02
1.448241206030150806e+03 2.008851823567126882e+00 1.264235801016457342e-02
1.453894472361808994e+03 2.008814029306320137e+00 1.264262510875975576e-02
1.459547738693467409e+03 2.008776744071866016e+00 1.264288842778165355e-02
1.465201005025125596e+03 2.008739958477229859e+00 1.264314803957782528e-02
1.470854271356784011e+03 2.008703663357081393e+00 1.264340401474793249e-02
1.476507537688442198e+03 2.008667849760925161e+00 1.264365642214412833e-02
1.482160804020100386e+03 2.008632508946949891e+00 1.264390532908216819e-02
1.487814070351758801e+03 2.008597632376084352e+00 1.264415080116614021e-02
1.493467336683416988e+03 2.008563211706254847e+00 1.264439290253466242e-02
1.499120603015075403e+03 2.008529238786836313e+00 1.264463169573827594e-02
1.504773869346733591e+03 2.008495705653285057e+00 1.264486724195048283e-02
1.510427135678392006e+03 2.008462604521951800e+00 1.264509960086267724e-02
1.516080402010050193e+03 2.008429927785065239e+00 1.264532883077223134e-02
1.521733668341708608e+03 2.008397668005881265e+00 1.264555498870568138e-02
1.527386934673366795e+03 2.008365817913986717e+00 1.264577813031363303e-02
1.533040201005025210e+03 2.008334370400761237e+00 1.264599830999392840e-02
1.538693467336683398e+03 2.008303318514980784e+00 1.264621558090943572e-02
1.544346733668341585e+03 2.008272655458564149e+00 1.264642999500584924e-02
1.550000000000000000e+03 2.008242374582455803e+00 1.264664160309969011e-02
