4.250000000000000000e+02 1.728123606020810277e+00 3.602110910805964017e-01
4.306532663316583012e+02 1.833338130919393238e+00 3.368142558843197354e-01
4.363065326633166023e+02 1.888718724180092901e+00 3.237088322143411023e-01
4.419597989949749035e+02 1.928809494114839040e+00 3.132009250644950393e-01
4.476130653266331478e+02 1.961901015120367964e+00 3.035453676932046152e-01
4.532663316582914490e+02 1.991223960475730026e+00 2.940624346055329408e-01
4.589195979899497502e+02 2.018360415537925778e+00 2.844021717945480754e-01
4.645728643216080513e+02 2.044197695643533041e+00 2.743439413374957891e-01
4.702261306532663525e+02 2.069279604033493758e+00 2.637219336365533850e-01
4.758793969849245968e+02 2.093959546719547316e+00 2.523899635074107195e-01
4.815326633165828980e+02 2.118474864194847207e+00 2.401997862779342574e-01
4.871859296482411992e+02 2.142984774474178344e+00 2.269825700419987047e-01
4.928391959798995003e+02 2.167588349169088602e+00 2.125268858227913338e-01
4.984924623115578015e+02 2.192327515757372947e+00 1.965451256323489659e-01
5.041457286432161027e+02 2.217170724117691893e+00 1.786123576735511587e-01
5.097989949748744039e+02 2.241952700089791861e+00 1.580360311209730584e-01
5.154522613065327050e+02 2.266162290124350775e+00 1.335185649889858717e-01
5.211055276381910062e+02 2.287893782255054909e+00 1.019537595082624787e-01
5.267587939698491937e+02 2.286480728667728890e+00 4.823418087199210502e-02
5.324120603015074948e+02 2.251986241673576750e+00 1.151827536257657783e-02
5.380653266331657960e+02 2.215188240792045349e+00 1.171369292517394564e-02
5.437185929648240972e+02 2.193344314036223430e+00 1.183426288311403493e-02
5.493718592964823983e+02 2.177777643075388347e+00 1.192259471261543358e-02
5.550251256281406995e+02 2.165789972128581820e+00 1.199216070195376072e-02
5.606783919597990007e+02 2.156136660659798476e+00 1.204926433126198536e-02
5.663316582914573019e+02 2.148129119936262654e+00 1.209743850231341164e-02
5.719849246231156030e+02 2.141343093027979538e+00 1.213888624532757921e-02
5.776381909547739042e+02 2.135497668137054106e+00 1.217508274215692125e-02
5.832914572864322054e+02 2.130396944341783172e+00 1.220706772332058598e-02
5.889447236180903928e+02 2.125898830220651181e+00 1.223560297537695102e-02
5.945979899497488077e+02 2.121897030859705158e+00 1.226126389805657670e-02
6.002512562814069952e+02 2.118310019208393680e+00 1.228449593408799043e-02
6.059045226130652964e+02 2.115073960549482379e+00 1.230565100461301735e-02
6.115577889447235975e+02 2.112137996717923460e+00 1.232501194414299499e-02
6.172110552763818987e+02 2.109461001759270093e+00 1.234280941202580209e-02
6.228643216080401999e+02 2.107009289193673141e+00 1.235923391339330442e-02
6.285175879396985010e+02 2.104754954051111682e+00 1.237444454085283828e-02
6.341708542713568022e+02 2.102674649759600278e+00 1.238857545918027082e-02
6.398241206030151034e+02 2.100748669911216115e+00 1.240174079967178329e-02
6.454773869346734045e+02 2.098960248170950393e+00 1.241403841127260328e-02
6.511306532663315920e+02 2.097295017104495951e+00 1.242555277525149438e-02
6.567839195979900069e+02 2.095740584654087524e+00 1.243635729778506428e-02
6.624371859296481944e+02 2.094286198974181001e+00 1.244651613328272635e-02
6.680904522613064955e+02 2.092922480499552762e+00 1.245608564913881604e-02
6.737437185929647967e+02 2.091641205778154156e+00 1.246511561319774836e-02
6.793969849246230979e+02 2.090435131591414919e+00 1.247365016470762186e-02
6.850502512562813990e+02 2.089297850740475138e+00 1.248172861413535638e-02
6.907035175879397002e+02 2.088223672948745335e+00 1.248938610687179776e-02
6.963567839195980014e+02 2.087207525853465473e+00 1.249665417767584566e-02
7.020100502512563025e+02 2.086244872190295307e+00 1.250356121654409153e-02
7.076633165829146037e+02 2.085331640124906460e+00 1.251013286250202139e-02
7.133165829145727912e+02 2.084464164330368074e+00 1.251639233817777863e-02
7.189698492462312061e+02 2.083639135902895401e+00 1.252236073561246131e-02
7.246231155778893935e+02 2.082853559589851411e+00 1.252805726135939463e-02
7.302763819095478084e+02 2.082104717100792257e+00 1.253349944786704036e-02
7.359296482412059959e+02 2.081390135505239769e+00 1.253870333623584299e-02
7.415829145728642970e+02 2.080707559904810378e+00 1.254368363513081418e-02
7.472361809045225982e+02 2.080054929713652800e+00 1.254845385927231757e-02
7.528894472361808994e+02 2.079430357998202972e+00 1.255302645065973013e-02
7.585427135678392006e+02 2.078832113421506200e+00 1.255741288496182301e-02
7.641959798994975017e+02 2.078258604413628419e+00 1.256162376534186373e-02
7.698492462311558029e+02 2.077708365251776268e+00 1.256566890522296462e-02
7.755025125628139904e+02 2.077180043784468300e+00 1.256955740158969929e-02
7.811557788944724052e+02 2.076672390575881266e+00 1.257329770033801392e-02
7.868090452261305927e+02 2.076184249280865757e+00 1.257689765411481447e-02
7.924623115577890076e+02 2.075714548089736766e+00 1.258036457438737460e-02
7.981155778894471950e+02 2.075262292105672479e+00 1.258370527763844234e-02
8.037688442211054962e+02 2.074826556537446631e+00 1.258692612713127081e-02
8.094221105527637974e+02 2.074406480606875380e+00 1.259003307030643823e-02
8.150753768844220986e+02 2.074001262084392394e+00 1.259303167245116352e-02
8.207286432160803997e+02 2.073610152378027927e+00 1.259592714717219265e-02
8.263819095477387009e+02 2.073232452111107182e+00 1.259872438391826735e-02
8.320351758793970021e+02 2.072867507132547082e+00 1.260142797297213700e-02
8.376884422110551895e+02 2.072514704910892736e+00 1.260404222804795832e-02
8.433417085427136044e+02 2.072173471269502798e+00 1.260657120689260419e-02
8.489949748743717919e+02 2.071843267425616641e+00 1.260901873004111398e-02
8.546482412060302067e+02 2.071523587300652558e+00 1.261138839798096010e-02
8.603015075376883942e+02 2.071213955073051949e+00 1.261368360669700046e-02
8.659547738693468091e+02 2.070913922948413699e+00 1.261590756209631306e-02
8.716080402010049966e+02 2.070623069124638782e+00 1.261806329300131646e-02
8.772613065326632977e+02 2.070340995932399064e+00 1.262015366327926165e-02
8.829145728643215989e+02 2.070067328133473161e+00 1.262218138281294942e-02
8.885678391959799001e+02 2.069801711361482166e+00 1.262414901775624557e-02
8.942211055276382012e+02 2.069543810691252261e+00 1.262605899981369267e-02
8.998743718592965024e+02 2.069293309324562458e+00 1.262791363495163396e-02
9.055276381909548036e+02 2.069049907381321329e+00 1.262971511138500855e-02
9.111809045226129911e+02 2.068813320786422327e+00 1.263146550687724474e-02
9.168341708542714059e+02 2.068583280243517564e+00 1.263316679560141237e-02
9.224874371859295934e+02 2.068359530287875447e+00 1.263482085451152204e-02
9.281407035175880083e+02 2.068141828411274030e+00 1.263642946913771416e-02
9.337939698492461957e+02 2.067929944252613783e+00 1.263799433908791188e-02
9.394472361809044969e+02 2.067723658848529045e+00 1.263951708304627934e-02
9.451005025125627981e+02 2.067522763938877794e+00 1.264099924351562432e-02
9.507537688442210992e+02 2.067327061322450366e+00 1.264244229121681135e-02
9.564070351758794004e+02 2.067136362258714666e+00 1.264384762909344199e-02
9.620603015075377016e+02 2.066950486911784068e+00 1.264521659618604577e-02
9.677135678391960028e+02 2.066769263833175163e+00 1.264655047120082781e-02
9.733668341708543039e+02 2.066592529480222318e+00 1.264785047572098038e-02
9.790201005025126051e+02 2.066420127767308657e+00 1.264911777742988748e-02
9.846733668341707926e+02 2.066251909647330631e+00 1.265035349296039606e-02
9.903266331658290937e+02 2.066087732721041181e+00 1.265155869054629921e-02
9.959798994974873949e+02 2.065927460872128751e+00 1.265273439270457774e-02
1.001633165829145696e+03 2.065770963926063075e+00 1.265388157854506999e-02
1.007286432160803997e+03 2.065618117330932257e+00 1.265500118595370461e-02
1.012939698492462298e+03 2.065468801858620029e+00 1.265609411382504455e-02
1.018592964824120600e+03 2.065322903324831927e+00 1.265716122395837105e-02
1.024246231155778787e+03 2.065180312326596379e+00 1.265820334289836056e-02
1.029899497487437202e+03 2.065040923995974609e+00 1.265922126373809908e-02
1.035552763819095617e+03 2.064904637768826490e+00 1.266021574772675622e-02
1.041206030150753804e+03 2.064771357167571431e+00 1.266118752585754757e-02
1.046859296482411992e+03 2.064640989596954412e+00 1.266213730024321783e-02
1.052512562814070407e+03 2.064513446151931220e+00 1.266306574564752922e-02
1.058165829145728594e+03 2.064388641436827765e+00 1.266397351061167818e-02
1.063819095477386782e+03 2.064266493395022994e+00 1.266486121878959703e-02
1.069472361809045196e+03 2.064146923148429735e+00 1.266572947010643005e-02
1.075125628140703611e+03 2.064029854846141099e+00 1.266657884175788687e-02
1.080778894472361799e+03 2.063915215521624269e+00 1.266740988940120993e-02
1.086432160804019986e+03 2.063802934957904345e+00 1.266822314801187462e-02
1.092085427135678401e+03 2.063692945560231529e+00 1.266901913284445430e-02
1.097738693467336816e+03 2.063585182235737392e+00 1.266979834030481505e-02
1.103391959798995003e+03 2.063479582279647229e+00 1.267056124885646874e-02
1.109045226130653191e+03 2.063376085267634608e+00 1.267130831968070123e-02
1.114698492462311606e+03 2.063274632953923771e+00 1.267203999754622223e-02
1.120351758793969793e+03 2.063175169174805035e+00 1.267275671146777909e-02
1.126005025125627981e+03 2.063077639757208370e+00 1.267345887531154056e-02
1.131658291457286396e+03 2.062981992432045608e+00 1.267414688859258044e-02
1.137311557788944810e+03 2.062888176752027736e+00 1.267482113695637611e-02
1.142964824120602998e+03 2.062796144013686828e+00 1.267548199281745558e-02
1.148618090452261185e+03 2.062705847183356589e+00 1.267612981582234843e-02
1.154271356783919600e+03 2.062617240826884579e+00 1.267676495355729571e-02
1.159924623115578015e+03 2.062530281042847413e+00 1.267738774183509512e-02
1.165577889447236203e+03 2.062444925399078866e+00 1.267799850527934723e-02
1.171231155778894390e+03 2.062361132872307934e+00 1.267859755778565425e-02
1.176884422110552805e+03 2.062278863790746986e+00 1.267918520291243419e-02
1.182537688442210992e+03 2.062198079779446136e+00 1.267976173430640854e-02
1.188190954773869180e+03 2.062118743708273527e+00 1.268032743605772283e-02
1.193844221105527595e+03 2.062040819642365186e+00 1.268088258317735459e-02
1.199497487437186010e+03 2.061964272794920117e+00 1.268142744179406867e-02
1.205150753768844197e+03 2.061889069482198078e+00 1.268196226966629252e-02
1.210804020100502385e+03 2.061815177080615680e+00 1.268248731632604445e-02
1.216457286432160799e+03 2.061742563985816901e+00 1.268300282359033707e-02
1.222110552763819214e+03 2.061671199573618107e+00 1.268350902565213920e-02
1.227763819095477402e+03 2.061601054162730318e+00 1.268400614953882344e-02
1.233417085427135589e+03 2.061532098979155680e+00 1.268449441523777574e-02
1.239070351758794004e+03 2.061464306122184009e+00 1.268497403606693059e-02
1.244723618090452419e+03 2.061397648531897442e+00 1.268544521885256113e-02
1.250376884422110379e+03 2.061332099958107289e+00 1.268590816421195054e-02
1.256030150753768794e+03 2.061267634930653792e+00 1.268636306671339434e-02
1.261683417085427209e+03 2.061204228730994625e+00 1.268681011519358012e-02
1.267336683417085396e+03 2.061141857365021313e+00 1.268724949286481607e-02
1.272989949748743584e+03 2.061080497537041367e+00 1.268768137756214227e-02
1.278643216080401999e+03 2.061020126624866666e+00 1.268810594195534346e-02
1.284296482412060413e+03 2.060960722655954758e+00 1.268852335367331996e-02
1.289949748743718601e+03 2.060902264284551588e+00 1.268893377553338177e-02
1.295603015075376788e+03 2.060844730769791688e+00 1.268933736566543562e-02
1.301256281407035203e+03 2.060788101954696305e+00 1.268973427772358310e-02
1.306909547738693618e+03 2.060732358246042839e+00 1.269012466099262576e-02
1.312562814070351806e+03 2.060677480595055844e+00 1.269050866052951615e-02
1.318216080402009993e+03 2.060623450478877405e+00 1.269088641739218523e-02
1.323869346733668408e+03 2.060570249882788030e+00 1.269125806867584666e-02
1.329522613065326595e+03 2.060517861283138963e+00 1.269162374768920826e-02
1.335175879396984783e+03 2.060466267630965298e+00 1.269198358409561606e-02
1.340829145728643198e+03 2.060415452336241238e+00 1.269233770398416755e-02
1.346482412060301613e+03 2.060365399252761076e+00 1.269268623002823074e-02
1.352135678391959800e+03 2.060316092663605048e+00 1.269302928159142876e-02
1.357788944723617988e+03 2.060267517267172277e+00 1.269336697483357777e-02
1.363442211055276402e+03 2.060219658163748413e+00 1.269369942281656574e-02
1.369095477386934817e+03 2.060172500842591514e+00 1.269402673557520726e-02
1.374748743718593005e+03 2.060126031169506877e+00 1.269434902025802156e-02
1.380402010050251192e+03 2.060080235374891711e+00 1.269466638119799706e-02
1.386055276381909607e+03 2.060035100042231893e+00 1.269497892000081944e-02
1.391708542713567795e+03 2.059990612097025942e+00 1.269528673561555118e-02
1.397361809045225982e+03 2.059946758796121102e+00 1.269558992444028145e-02
1.403015075376884397e+03 2.059903527717443339e+00 1.269588858044520818e-02
1.408668341708542812e+03 2.059860906750104359e+00 1.269618279512080977e-02
1.414321608040200999e+03 2.059818884084868795e+00 1.269647265768831211e-02
1.419974874371859187e+03 2.059777448204967776e+00 1.269675825506529250e-02
1.425628140703517602e+03 2.059736587877244229e+00 1.269703967204111571e-02
1.431281407035176017e+03 2.059696292143613938e+00 1.269731699124247888e-02
1.436934673366834204e+03 2.059656550312830792e+00 1.269759029323884111e-02
1.442587939698492391e+03 2.059617351952546915e+00 1.269785965663034616e-02
1.448241206030150806e+03 2.059578686881647691e+00 1.269812515806575774e-02
1.453894472361808994e+03 2.059540545162861225e+00 1.269838687229537036e-02
1.459547738693467409e+03 2.059502917095619168e+00 1.269864487229382249e-02
1.465201005025125596e+03 2.059465793209167561e+00 1.269889922922553573e-02
1.470854271356784011e+03 2.059429164255916600e+00 1.269915001256748978e-02
1.476507537688442198e+03 2.059393021205014662e+00 1.269939729009210774e-02
1.482160804020100386e+03 2.059357355236144382e+00 1.269964112799000858e-02
1.487814070351758801e+03 2.059322157733527003e+00 1.269988159085284896e-02
1.493467336683416988e+03 2.059287420280129233e+00 1.270011874177855854e-02
1.499120603015075403e+03 2.059253134652062833e+00 1.270035264231919765e-02
1.504773869346733591e+03 2.059219292813175617e+00 1.270058335263860375e-02
1.510427135678392006e+03 2.059185886909815189e+00 1.270081093149519162e-02
1.516080402010050193e+03 2.059152909265769438e+00 1.270103543625971006e-02
1.521733668341708608e+03 2.059120352377373120e+00 1.270125692300291820e-02
1.527386934673366795e+03 2.059088208908771200e+00 1.270147544647834588e-02
1.533040201005025210e+03 2.059056471687339851e+00 1.270169106020995614e-02
1.538693467336683398e+03 2.059025133699250443e+00 1.270190381652732715e-02
1.544346733668341585e+03 2.058994188085182753e+00 1.270211376651343878e-02
1.550000000000000000e+03 2.058963628136166513e+00 1.270232096014472199e-02
