4.250000000000000000e+02 1.747354281565571599e+00 3.585783175962464209e-01
4.306532663316583012e+02 1.851828781904074850e+00 3.351964433141461641e-01
4.363065326633166023e+02 1.907111387914379508e+00 3.217953188571700540e-01
4.419597989949749035e+02 1.947291739434410029e+00 3.108856433466669067e-01
4.476130653266331478e+02 1.980559161192306128e+00 3.007585958394547454e-01
4.532663316582914490e+02 2.010106394212747283e+00 2.907423319125921890e-01
4.589195979899497502e+02 2.037496876523841927e+00 2.804849081252829834e-01
4.645728643216080513e+02 2.063606575239241181e+00 2.697578897031104872e-01
4.702261306532663525e+02 2.088970687279131599e+00 2.583823019347629146e-01
4.758793969849245968e+02 2.113934325221265009e+00 2.461921407784121996e-01
4.815326633165828980e+02 2.138724781547055365e+00 2.330096826848374880e-01
4.871859296482411992e+02 2.163486593948652281e+00 2.186211710690055821e-01
4.928391959798995003e+02 2.188293959792135368e+00 2.027434515645079594e-01
4.984924623115578015e+02 2.213140571725694450e+00 1.849662411641260495e-01
5.041457286432161027e+02 2.237885823628578574e+00 1.646327788906957190e-01
5.097989949748744039e+02 2.262059007261791432e+00 1.405400934992569739e-01
5.154522613065327050e+02 2.283915932371552326e+00 1.099234416290240796e-01
5.211055276381910062e+02 2.288348236414305514e+00 6.139175411703320928e-02
5.267587939698491937e+02 2.257853964576532313e+00 1.466084351473437818e-02
5.324120603015074948e+02 2.219041601648105821e+00 1.492275991007920022e-02
5.380653266331657960e+02 2.196689535099796586e+00 1.507986247074846742e-02
5.437185929648240972e+02 2.180987906670701637e+00 1.519345192410370866e-02
5.493718592964823983e+02 2.169004578199431599e+00 1.528218861005987278e-02
5.550251256281406995e+02 2.159416837668258093e+00 1.535461567811136074e-02
5.606783919597990007e+02 2.151503425321146690e+00 1.541545371146899567e-02
5.663316582914573019e+02 2.144824519912470695e+00 1.546761658710914429e-02
5.719849246231156030e+02 2.139091182524909041e+00 1.551304045321703906e-02
5.776381909547739042e+02 2.134103172437260998e+00 1.555308156578745840e-02
5.832914572864322054e+02 2.129716000125297271e+00 1.558872860480268498e-02
5.889447236180903928e+02 2.125822050582173883e+00 1.562072516711294178e-02
5.945979899497488077e+02 2.122339098192872697e+00 1.564964479454408405e-02
6.002512562814069952e+02 2.119202977312771186e+00 1.567593916322435402e-02
6.059045226130652964e+02 2.116362719527089986e+00 1.569997025412305305e-02
6.115577889447235975e+02 2.113777221550019014e+00 1.572203252980207064e-02
6.172110552763818987e+02 2.111412898807399241e+00 1.574236864178406997e-02
6.228643216080401999e+02 2.109241994047273749e+00 1.576118081721305034e-02
6.285175879396985010e+02 2.107241333167422237e+00 1.577863928071177035e-02
6.341708542713568022e+02 2.105391393633202934e+00 1.579488859427147576e-02
6.398241206030151034e+02 2.103675595934570985e+00 1.581005250460690639e-02
6.454773869346734045e+02 2.102079757113868741e+00 1.582423770095251273e-02
6.511306532663315920e+02 2.100591663991406399e+00 1.583753676486446271e-02
6.567839195979900069e+02 2.099200736092727837e+00 1.585003051149744963e-02
6.624371859296481944e+02 2.097897756689024007e+00 1.586178986726822018e-02
6.680904522613064955e+02 2.096674656179223106e+00 1.587287738933252160e-02
6.737437185929647967e+02 2.095524336134451548e+00 1.588334850611443361e-02
6.793969849246230979e+02 2.094440525248129514e+00 1.589325253763102311e-02
6.850502512562813990e+02 2.093417660551236015e+00 1.590263354106918881e-02
6.907035175879397002e+02 2.092450788804240069e+00 1.591153101603268519e-02
6.963567839195980014e+02 2.091535484128673961e+00 1.591998049664443415e-02
7.020100502512563025e+02 2.090667778804890631e+00 1.592801405120270256e-02
7.076633165829146037e+02 2.089844104816735104e+00 1.593566070647672167e-02
7.133165829145727912e+02 2.089061244224003744e+00 1.594294680951325455e-02
7.189698492462312061e+02 2.088316286829313917e+00 1.594989633786701028e-02
7.246231155778893935e+02 2.087606593905884100e+00 1.595653116666085822e-02
7.302763819095478084e+02 2.086929766987670298e+00 1.596287129947696060e-02
7.359296482412059959e+02 2.086283620908645720e+00 1.596893506876578828e-02
7.415829145728642970e+02 2.085666160425240001e+00 1.597473931060763505e-02
7.472361809045225982e+02 2.085075559873611706e+00 1.598029951722369779e-02
7.528894472361808994e+02 2.084510145408043691e+00 1.598562997116687728e-02
7.585427135678392006e+02 2.083968379443245755e+00 1.599074386311828688e-02
7.641959798994975017e+02 2.083448846985538783e+00 1.599565339603989736e-02
7.698492462311558029e+02 2.082950243588690409e+00 1.600036987738579636e-02
7.755025125628139904e+02 2.082471364711897976e+00 1.600490380092023379e-02
7.811557788944724052e+02 2.082011096291787933e+00 1.600926491962216189e-02
7.868090452261305927e+02 2.081568406368822011e+00 1.601346231065958400e-02
7.924623115577890076e+02 2.081142337632160277e+00 1.601750443363051529e-02
7.981155778894471950e+02 2.080732000766859713e+00 1.602139918263571078e-02
8.037688442211054962e+02 2.080336568503836858e+00 1.602515393329720372e-02
8.094221105527637974e+02 2.079955270287001667e+00 1.602877558483346149e-02
8.150753768844220986e+02 2.079587387483736283e+00 1.603227059822653205e-02
8.207286432160803997e+02 2.079232249074872030e+00 1.603564503068144118e-02
8.263819095477387009e+02 2.078889227768798253e+00 1.603890456674157694e-02
8.320351758793970021e+02 2.078557736491557950e+00 1.604205454673978890e-02
8.376884422110551895e+02 2.078237225210961103e+00 1.604509999236275117e-02
8.433417085427136044e+02 2.077927178058048163e+00 1.604804563023960046e-02
8.489949748743717919e+02 2.077627110713778702e+00 1.605089591323235337e-02
8.546482412060302067e+02 2.077336568032750019e+00 1.605365503996246043e-02
8.603015075376883942e+02 2.077055121879137989e+00 1.605632697270532525e-02
8.659547738693468091e+02 2.076782369152982533e+00 1.605891545370072629e-02
8.716080402010049966e+02 2.076517929987506950e+00 1.606142402023058580e-02
8.772613065326632977e+02 2.076261446100349239e+00 1.606385601828918749e-02
8.829145728643215989e+02 2.076012579283553983e+00 1.606621461541712231e-02
8.885678391959799001e+02 2.075771010018836016e+00 1.606850281223267882e-02
8.942211055276382012e+02 2.075536436206115720e+00 1.607072345329998986e-02
8.998743718592965024e+02 2.075308571994641582e+00 1.607287923701890622e-02
9.055276381909548036e+02 2.075087146707131680e+00 1.607497272482952266e-02
9.111809045226129911e+02 2.074871903848393817e+00 1.607700634969218279e-02
9.168341708542714059e+02 2.074662600190768202e+00 1.607898242398323949e-02
9.224874371859295934e+02 2.074459004929509298e+00 1.608090314680830565e-02
9.281407035175880083e+02 2.074260898901943317e+00 1.608277061072095268e-02
9.337939698492461957e+02 2.074068073864828499e+00 1.608458680804160379e-02
9.394472361809044969e+02 2.073880331824919043e+00 1.608635363676407665e-02
9.451005025125627981e+02 2.073697484418200787e+00 1.608807290587152550e-02
9.507537688442210992e+02 2.073519352333717425e+00 1.608974634058740749e-02
9.564070351758794004e+02 2.073345764778284472e+00 1.609137558692739708e-02
9.620603015075377016e+02 2.073176558978740314e+00 1.609296221622948109e-02
9.677135678391960028e+02 2.073011579718698094e+00 1.609450772924889833e-02
9.733668341708543039e+02 2.072850678907027788e+00 1.609601355998423883e-02
9.790201005025126051e+02 2.072693715175569551e+00 1.609748107931808017e-02
9.846733668341707926e+02 2.072540553503778415e+00 1.609891159837615465e-02
9.903266331658290937e+02 2.072391064868228217e+00 1.610030637167454357e-02
9.959798994974873949e+02 2.072245125915066932e+00 1.610166660009667433e-02
1.001633165829145696e+03 2.072102618653689721e+00 1.610299343368681510e-02
1.007286432160803997e+03 2.071963430170039810e+00 1.610428797424658109e-02
1.012939698492462298e+03 2.071827452358085964e+00 1.610555127776240950e-02
1.018592964824120600e+03 2.071694581668146018e+00 1.610678435674704409e-02
1.024246231155778787e+03 2.071564718870832600e+00 1.610798818242633115e-02
1.029899497487437202e+03 2.071437768835503235e+00 1.610916368670268009e-02
1.035552763819095617e+03 2.071313640322181904e+00 1.611031176411601915e-02
1.041206030150753804e+03 2.071192245786013242e+00 1.611143327373345049e-02
1.046859296482411992e+03 2.071073501193364308e+00 1.611252904067840205e-02
1.052512562814070407e+03 2.070957325848787001e+00 1.611359985793345620e-02
1.058165829145728594e+03 2.070843642232087500e+00 1.611464648774166980e-02
1.063819095477386782e+03 2.070732375844829942e+00 1.611566966308889542e-02
1.069472361809045196e+03 2.070623455065635277e+00 1.611667008903296811e-02
1.075125628140703611e+03 2.070516811013700220e+00 1.611764844397634358e-02
1.080778894472361799e+03 2.070412377419991845e+00 1.611860538099249562e-02
1.086432160804019986e+03 2.070310090505620426e+00 1.611954152879288907e-02
1.092085427135678401e+03 2.070209888866926917e+00 1.612045749296833405e-02
1.097738693467336816e+03 2.070111713366862283e+00 1.612135385693997877e-02
1.103391959798995003e+03 2.070015507032250124e+00 1.612223118296445337e-02
1.109045226130653191e+03 2.069921214956577771e+00 1.612309001305541750e-02
1.114698492462311606e+03 2.069828784207957906e+00 1.612393086984919427e-02
1.120351758793969793e+03 2.069738163741956072e+00 1.612475425745584640e-02
1.126005025125627981e+03 2.069649304318974981e+00 1.612556066224064485e-02
1.131658291457286396e+03 2.069562158425930942e+00 1.612635055359109768e-02
1.137311557788944810e+03 2.069476680201955965e+00 1.612712438461449613e-02
1.142964824120602998e+03 2.069392825367893263e+00 1.612788259280732370e-02
1.148618090452261185e+03 2.069310551159355249e+00 1.612862560075166429e-02
1.154271356783919600e+03 2.069229816263145949e+00 1.612935381665963133e-02
1.159924623115578015e+03 2.069150580756840885e+00 1.613006763504124322e-02
1.165577889447236203e+03 2.069072806051350799e+00 1.613076743715157607e-02
1.171231155778894390e+03 2.068996454836297350e+00 1.613145359163023138e-02
1.176884422110552805e+03 2.068921491028043125e+00 1.613212645497521039e-02
1.182537688442210992e+03 2.068847879720219662e+00 1.613278637196138149e-02
1.188190954773869180e+03 2.068775587136627347e+00 1.613343367619626476e-02
1.193844221105527595e+03 2.068704580586360642e+00 1.613406869048275918e-02
1.199497487437186010e+03 2.068634828421051619e+00 1.613469172727795969e-02
1.205150753768844197e+03 2.068566299994107016e+00 1.613530308909663299e-02
1.210804020100502385e+03 2.068498965621833552e+00 1.613590306887311907e-02
1.216457286432160799e+03 2.068432796546352037e+00 1.613649195030926117e-02
1.222110552763819214e+03 2.068367764900203465e+00 1.613707000827714275e-02
1.227763819095477402e+03 2.068303843672557374e+00 1.613763750908397618e-02
1.233417085427135589e+03 2.068241006676942995e+00 1.613819471086067048e-02
1.239070351758794004e+03 2.068179228520416579e+00 1.613874186379882225e-02
1.244723618090452419e+03 2.068118484574098748e+00 1.613927921051137859e-02
1.250376884422110379e+03 2.068058750945005464e+00 1.613980698624176841e-02
1.256030150753768794e+03 2.068000004449108253e+00 1.614032541915545391e-02
1.261683417085427209e+03 2.067942222585567258e+00 1.614083473064506155e-02
1.267336683417085396e+03 2.067885383512069630e+00 1.614133513548406465e-02
1.272989949748743584e+03 2.067829466021224860e+00 1.614182684215915292e-02
1.278643216080401999e+03 2.067774449517959301e+00 1.614231005299617341e-02
1.284296482412060413e+03 2.067720313997868153e+00 1.614278496445096037e-02
1.289949748743718601e+03 2.067667040026470726e+00 1.614325176729008299e-02
1.295603015075376788e+03 2.067614608719329894e+00 1.614371064675768769e-02
1.301256281407035203e+03 2.067563001722994009e+00 1.614416178283853420e-02
1.306909547738693618e+03 2.067512201196718191e+00 1.614460535038341263e-02
1.312562814070351806e+03 2.067462189794932570e+00 1.614504151927571504e-02
1.318216080402009993e+03 2.067412950650420189e+00 1.614547045463920333e-02
1.323869346733668408e+03 2.067364467358172586e+00 1.614589231697691890e-02
1.329522613065326595e+03 2.067316723959888858e+00 1.614630726233753921e-02
1.335175879396984783e+03 2.067269704929089791e+00 1.614671544245415563e-02
1.340829145728643198e+03 2.067223395156823074e+00 1.614711700488296459e-02
1.346482412060301613e+03 2.067177779937924065e+00 1.614751209315569078e-02
1.352135678391959800e+03 2.067132844957816129e+00 1.614790084691816729e-02
1.357788944723617988e+03 2.067088576279817236e+00 1.614828340201386950e-02
1.363442211055276402e+03 2.067044960332939940e+00 1.614865989066363930e-02
1.369095477386934817e+03 2.067001983900153217e+00 1.614903044153537942e-02
1.374748743718593005e+03 2.066959634107093269e+00 1.614939517988243922e-02
1.380402010050251192e+03 2.066917898411198884e+00 1.614975422766819213e-02
1.386055276381909607e+03 2.066876764591255355e+00 1.615010770362184864e-02
1.391708542713567795e+03 2.066836220737328311e+00 1.615045572339045971e-02
1.397361809045225982e+03 2.066796255241070579e+00 1.615079839960838204e-02
1.403015075376884397e+03 2.066756856786385210e+00 1.615113584199423524e-02
1.408668341708542812e+03 2.066718014340434006e+00 1.615146815744777573e-02
1.414321608040200999e+03 2.066679717144967565e+00 1.615179545013304546e-02
1.419974874371859187e+03 2.066641954707977291e+00 1.615211782156144443e-02
1.425628140703517602e+03 2.066604716795640062e+00 1.615243537067480306e-02
1.431281407035176017e+03 2.066567993424554661e+00 1.615274819394216244e-02
1.436934673366834204e+03 2.066531774854256209e+00 1.615305638536028779e-02
1.442587939698492391e+03 2.066496051579992166e+00 1.615336003666040243e-02
1.448241206030150806e+03 2.066460814325752793e+00 1.615365923722614921e-02
1.453894472361808994e+03 2.066426054037548976e+00 1.615395407430027588e-02
1.459547738693467409e+03 2.066391761876918309e+00 1.615424463293007457e-02
1.465201005025125596e+03 2.066357929214660771e+00 1.615453099611901394e-02
1.470854271356784011e+03 2.066324547624785790e+00 1.615481324482712436e-02
1.476507537688442198e+03 2.066291608878670694e+00 1.615509145808136440e-02
1.482160804020100386e+03 2.066259104939413671e+00 1.615536571301720917e-02
1.487814070351758801e+03 2.066227027956378581e+00 1.615563608486526165e-02
1.493467336683416988e+03 2.066195370259928055e+00 1.615590264714401522e-02
1.499120603015075403e+03 2.066164124356324017e+00 1.615616547156395813e-02
1.504773869346733591e+03 2.066133282922807179e+00 1.615642462817908770e-02
1.510427135678392006e+03 2.066102838802833297e+00 1.615668018538717401e-02
1.516080402010050193e+03 2.066072785001468848e+00 1.615693220998504556e-02
1.521733668341708608e+03 2.066043114680935044e+00 1.615718076721008728e-02
1.527386934673366795e+03 2.066013821156303720e+00 1.615742592083668078e-02
1.533040201005025210e+03 2.065984897891321115e+00 1.615766773309403048e-02
1.538693467336683398e+03 2.065956338494379985e+00 1.615790626484503445e-02
1.544346733668341585e+03 2.065928136714609398e+00 1.615814157554528938e-02
1.550000000000000000e+03 2.065900286438096423e+00 1.615837372328455743e-02
