4.250000000000000000e+02 1.699407095416617608e+00 3.687124916699993649e-01
4.306532663316583012e+02 1.807798193776058771e+00 3.445334921505930348e-01
4.363065326633166023e+02 1.864450406703884733e+00 3.314980535100310322e-01
4.419597989949749035e+02 1.905249679087658299e+00 3.213012399603377700e-01
4.476130653266331478e+02 1.938794221443875365e+00 3.120761148370646554e-01
4.532663316582914490e+02 1.968431240187827891e+00 3.031032870595845030e-01
4.589195979899497502e+02 1.995798976515853917e+00 2.940189004088182845e-01
4.645728643216080513e+02 2.021816330660256789e+00 2.846001092237676056e-01
4.702261306532663525e+02 2.047047251340985419e+00 2.746863586035158677e-01
4.758793969849245968e+02 2.071859792478679907e+00 2.641433937554025779e-01
4.815326633165828980e+02 2.096503819505156407e+00 2.528427446809518586e-01
4.871859296482411992e+02 2.121151643900916373e+00 2.406463820586481894e-01
4.928391959798995003e+02 2.145919341223485599e+00 2.273911121532784796e-01
4.984924623115578015e+02 2.170875804653765062e+00 2.128678502693762409e-01
5.041457286432161027e+02 2.196040489661102768e+00 1.967882940735097008e-01
5.097989949748744039e+02 2.221363414545036274e+00 1.787229546875586939e-01
5.154522613065327050e+02 2.246661097027625065e+00 1.579679246077133059e-01
5.211055276381910062e+02 2.271396297514484797e+00 1.331978685707312371e-01
5.267587939698491937e+02 2.293590484802900065e+00 1.012185974544699274e-01
5.324120603015074948e+02 2.290967148296983780e+00 4.606020670147185220e-02
5.380653266331657960e+02 2.254426843893923671e+00 1.054103079363275311e-02
5.437185929648240972e+02 2.216493711561817292e+00 1.091776430392137065e-02
5.493718592964823983e+02 2.193796012442737808e+00 1.122583665646603376e-02
5.550251256281406995e+02 2.177549386674415111e+00 1.150280731472185999e-02
5.606783919597990007e+02 2.165000546280773097e+00 1.176037329149791193e-02
5.663316582914573019e+02 2.154873429551071418e+00 1.200391710266812684e-02
5.719849246231156030e+02 2.146459620993653949e+00 1.223640565861001082e-02
5.776381909547739042e+02 2.139321413200857336e+00 1.245966058679143923e-02
5.832914572864322054e+02 2.133168268346376628e+00 1.267488572400579487e-02
5.889447236180903928e+02 2.127797109857892277e+00 1.288292151239250026e-02
5.945979899497488077e+02 2.123060323402596872e+00 1.308438096316768065e-02
6.002512562814069952e+02 2.118847252491298683e+00 1.327972799376330067e-02
6.059045226130652964e+02 2.115072852204414211e+00 1.346932522253136040e-02
6.115577889447235975e+02 2.111670400091448130e+00 1.365346446787120589e-02
6.172110552763818987e+02 2.108586631977519943e+00 1.383238692117135828e-02
6.228643216080401999e+02 2.105778391571144326e+00 1.400629688273238166e-02
6.285175879396985010e+02 2.103210260114482644e+00 1.417537133871652096e-02
6.341708542713568022e+02 2.100852840427815060e+00 1.433976676862769306e-02
6.398241206030151034e+02 2.098681489676398115e+00 1.449962406138535602e-02
6.454773869346734045e+02 2.096675367026125336e+00 1.465507211052602572e-02
6.511306532663315920e+02 2.094816706803319217e+00 1.480623047054338559e-02
6.567839195979900069e+02 2.093090256076509892e+00 1.495321133435337235e-02
6.624371859296481944e+02 2.091482834061364482e+00 1.509612101407943954e-02
6.680904522613064955e+02 2.089982983095507674e+00 1.523506105340838301e-02
6.737437185929647967e+02 2.088580689343737529e+00 1.537012906493497727e-02
6.793969849246230979e+02 2.087267157233324344e+00 1.550141935975064313e-02
6.850502512562813990e+02 2.086034625738640624e+00 1.562902341992003161e-02
6.907035175879397002e+02 2.084876217584495706e+00 1.575303025096696716e-02
6.963567839195980014e+02 2.083785814579306894e+00 1.587352664294949117e-02
7.020100502512563025e+02 2.082757953863721756e+00 1.599059736134378004e-02
7.076633165829146037e+02 2.081787741031248196e+00 1.610432528444783254e-02
7.133165829145727912e+02 2.080870776957566282e+00 1.621479149972081951e-02
7.189698492462312061e+02 2.080003095843372840e+00 1.632207536910672968e-02
7.246231155778893935e+02 2.079181112487475502e+00 1.642625457067221559e-02
7.302763819095478084e+02 2.078401577202441786e+00 1.652740512258585315e-02
7.359296482412059959e+02 2.077661537093239641e+00 1.662560139387848218e-02
7.415829145728642970e+02 2.076958302661124467e+00 1.672091610573502030e-02
7.472361809045225982e+02 2.076289418886160476e+00 1.681342032576003606e-02
7.528894472361808994e+02 2.075652640093862189e+00 1.690318345735984662e-02
7.585427135678392006e+02 2.075045908033152919e+00 1.699027322603708159e-02
7.641959798994975017e+02 2.074467332690931531e+00 1.707475566345200910e-02
7.698492462311558029e+02 2.073915175447909043e+00 1.715669509017273345e-02
7.755025125628139904e+02 2.073387834245049799e+00 1.723615409792595907e-02
7.811557788944724052e+02 2.072883830482850520e+00 1.731319353139252129e-02
7.868090452261305927e+02 2.072401797419156644e+00 1.738787246990520369e-02
7.924623115577890076e+02 2.071940469867175505e+00 1.746024820913584519e-02
7.981155778894471950e+02 2.071498675025109204e+00 1.753037624270092909e-02
8.037688442211054962e+02 2.071075324293652375e+00 1.759831024338688946e-02
8.094221105527637974e+02 2.070669405958376341e+00 1.766410204405384488e-02
8.150753768844220986e+02 2.070279978631410778e+00 1.772780161754369116e-02
8.207286432160803997e+02 2.069906165361542705e+00 1.778945705556911339e-02
8.263819095477387009e+02 2.069547148334240916e+00 1.784911454583244100e-02
8.320351758793970021e+02 2.069202164093658869e+00 1.790681834715635370e-02
8.376884422110551895e+02 2.068870499227623228e+00 1.796261076166309062e-02
8.433417085427136044e+02 2.068551486464279332e+00 1.801653210393933807e-02
8.489949748743717919e+02 2.068244501135613866e+00 1.806862066579814283e-02
8.546482412060302067e+02 2.067948957968723356e+00 1.811891267645632936e-02
8.603015075376883942e+02 2.067664308170543919e+00 1.816744225672362739e-02
8.659547738693468091e+02 2.067390036775981876e+00 1.821424136659260951e-02
8.716080402010049966e+02 2.067125660233016138e+00 1.825933974486889169e-02
8.772613065326632977e+02 2.066870724201536280e+00 1.830276483961927950e-02
8.829145728643215989e+02 2.066624801545454027e+00 1.834454172792282511e-02
8.885678391959799001e+02 2.066387490500076751e+00 1.838469302346921325e-02
8.942211055276382012e+02 2.066158412998878369e+00 1.842323876973471844e-02
8.998743718592965024e+02 2.065937213145727647e+00 1.846019631685215726e-02
9.055276381909548036e+02 2.065723555820333512e+00 1.849558017933116555e-02
9.111809045226129911e+02 2.065517125406228338e+00 1.852940187179240306e-02
9.168341708542714059e+02 2.065317624631997084e+00 1.856166971924290074e-02
9.224874371859295934e+02 2.065124773517775125e+00 1.859238863741191627e-02
9.281407035175880083e+02 2.064938308420228630e+00 1.862155987878081481e-02
9.337939698492461957e+02 2.064757981170425083e+00 1.864918073803552984e-02
9.394472361809044969e+02 2.064583558300092214e+00 1.867524421017370886e-02
9.451005025125627981e+02 2.064414820352923563e+00 1.869973859310306366e-02
9.507537688442210992e+02 2.064251561278731995e+00 1.872264702450450805e-02
9.564070351758794004e+02 2.064093587909479943e+00 1.874394694105596670e-02
9.620603015075377016e+02 2.063940719517551425e+00 1.876360944528831023e-02
9.677135678391960028e+02 2.063792787458118561e+00 1.878159856211572554e-02
9.733668341708543039e+02 2.063649634899172636e+00 1.879787036313572759e-02
9.790201005025126051e+02 2.063511116644794363e+00 1.881237193160026355e-02
9.846733668341707926e+02 2.063377099059686692e+00 1.882504013430238640e-02
9.903266331658290937e+02 2.063247460105932518e+00 1.883580015847390390e-02
9.959798994974873949e+02 2.063122089506647772e+00 1.884456376101461758e-02
1.001633165829145696e+03 2.063000889055862430e+00 1.885122716344330915e-02
1.007286432160803997e+03 2.062883773099893681e+00 1.885566850755007740e-02
1.012939698492462298e+03 2.062770669223187081e+00 1.885774476367268332e-02
1.018592964824120600e+03 2.062661519181620218e+00 1.885728795082893330e-02
1.024246231155778787e+03 2.062556280139514975e+00 1.885410048643535244e-02
1.029899497487437202e+03 2.062454926284236656e+00 1.884794942613468929e-02
1.035552763819095617e+03 2.062357450915963675e+00 1.883855927631639116e-02
1.041206030150753804e+03 2.062263869142425765e+00 1.882560295532102398e-02
1.046859296482411992e+03 2.062174221352542691e+00 1.880869033079540092e-02
1.052512562814070407e+03 2.062088577704054071e+00 1.878735355173511562e-02
1.058165829145728594e+03 2.062007043945728313e+00 1.876102809711763936e-02
1.063819095477386782e+03 2.061929769015514058e+00 1.872902803599829982e-02
1.069472361809045196e+03 2.061856955028214866e+00 1.869051337196522139e-02
1.075125628140703611e+03 2.061788870513956873e+00 1.864444642682594119e-02
1.080778894472361799e+03 2.061725868127649353e+00 1.858953284885705992e-02
1.086432160804019986e+03 2.061668408571875055e+00 1.852414075955021930e-02
1.092085427135678401e+03 2.061617093234965115e+00 1.844618839492578877e-02
1.097738693467336816e+03 2.061572709137461157e+00 1.835298574917443304e-02
1.103391959798995003e+03 2.061536291298710744e+00 1.824100830242212506e-02
1.109045226130653191e+03 2.061509209577567781e+00 1.810556974429899588e-02
1.114698492462311606e+03 2.061493288963713422e+00 1.794034472480137907e-02
1.120351758793969793e+03 2.061490972221908358e+00 1.773667361562197842e-02
1.126005025125627981e+03 2.061505524841711789e+00 1.748257196893882384e-02
1.131658291457286396e+03 2.061541242649330030e+00 1.716142337144621610e-02
1.137311557788944810e+03 2.061603488287606645e+00 1.675065596812222446e-02
1.142964824120602998e+03 2.061697991917344819e+00 1.622191862929247760e-02
1.148618090452261185e+03 2.061827959875164318e+00 1.554784057159306655e-02
1.154271356783919600e+03 2.061986777136467719e+00 1.472651113400260010e-02
1.159924623115578015e+03 2.062148823341960036e+00 1.382609087881626550e-02
1.165577889447236203e+03 2.062276092618334555e+00 1.298944550336521113e-02
1.171231155778894390e+03 2.062347251955613636e+00 1.233204362135642378e-02
1.176884422110552805e+03 2.062368342949521871e+00 1.186559808028906683e-02
1.182537688442210992e+03 2.062355407463295265e+00 1.154378013832180021e-02
1.188190954773869180e+03 2.062321608338892887e+00 1.131852346480326406e-02
1.193844221105527595e+03 2.062275291120033049e+00 1.115612487431784372e-02
1.199497487437186010e+03 2.062221419546754309e+00 1.103528574876766304e-02
1.205150753768844197e+03 2.062162957839074995e+00 1.094273003851716636e-02
1.210804020100502385e+03 2.062101724001989211e+00 1.087003201199023689e-02
1.216457286432160799e+03 2.062038869260336416e+00 1.081169171751478544e-02
1.222110552763819214e+03 2.061975145323991843e+00 1.076401004570489567e-02
1.227763819095477402e+03 2.061911056496145811e+00 1.072442704735920328e-02
1.233417085427135589e+03 2.061846948878204522e+00 1.069112423171863883e-02
1.239070351758794004e+03 2.061783064379227426e+00 1.066277910076514172e-02
1.244723618090452419e+03 2.061719574440252778e+00 1.063840946444393615e-02
1.250376884422110379e+03 2.061656601705327052e+00 1.061727208197349101e-02
1.256030150753768794e+03 2.061594234317305929e+00 1.059879504176790971e-02
1.261683417085427209e+03 2.061532535575448133e+00 1.058253162402503222e-02
1.267336683417085396e+03 2.061471550601407632e+00 1.056812816680030055e-02
1.272989949748743584e+03 2.061411311030477922e+00 1.055530126110752059e-02
1.278643216080401999e+03 2.061351838371443534e+00 1.054382128641833533e-02
1.284296482412060413e+03 2.061293146451281810e+00 1.053350033647515449e-02
1.289949748743718601e+03 2.061235243219613711e+00 1.052418323618744753e-02
1.295603015075376788e+03 2.061178132097943649e+00 1.051574077016046230e-02
1.301256281407035203e+03 2.061121813000398095e+00 1.050806451574759666e-02
1.306909547738693618e+03 2.061066283114179942e+00 1.050106285641504329e-02
1.312562814070351806e+03 2.061011537502038582e+00 1.049465787377997818e-02
1.318216080402009993e+03 2.060957569571376435e+00 1.048878290130695126e-02
1.323869346733668408e+03 2.060904371442365601e+00 1.048338058174977036e-02
1.329522613065326595e+03 2.060851934238827621e+00 1.047840131172460623e-02
1.335175879396984783e+03 2.060800248319506256e+00 1.047380198659342461e-02
1.340829145728643198e+03 2.060749303462953375e+00 1.046954498048588075e-02
1.346482412060301613e+03 2.060699089016036378e+00 1.046559731161649832e-02
1.352135678391959800e+03 2.060649594013695296e+00 1.046192995508370832e-02
1.357788944723617988e+03 2.060600807275851931e+00 1.045851727357617438e-02
1.363442211055276402e+03 2.060552717486026086e+00 1.045533654306759694e-02
1.369095477386934817e+03 2.060505313255233339e+00 1.045236755584784405e-02
1.374748743718593005e+03 2.060458583173979008e+00 1.044959228625884536e-02
1.380402010050251192e+03 2.060412515854574966e+00 1.044699460812469581e-02
1.386055276381909607e+03 2.060367099965551230e+00 1.044456005471712523e-02
1.391708542713567795e+03 2.060322324259596272e+00 1.044227561405972234e-02
1.397361809045225982e+03 2.060278177596163385e+00 1.044012955356925752e-02
1.403015075376884397e+03 2.060234648959681891e+00 1.043811126941178273e-02
1.408668341708542812e+03 2.060191727474126822e+00 1.043621115636296504e-02
1.414321608040200999e+03 2.060149402414563014e+00 1.043442049533888256e-02
1.419974874371859187e+03 2.060107663216183660e+00 1.043273135555128697e-02
1.425628140703517602e+03 2.060066499481244318e+00 1.043113650918201137e-02
1.431281407035176017e+03 2.060025900984258751e+00 1.042962935709699016e-02
1.436934673366834204e+03 2.059985857675729282e+00 1.042820386340771906e-02
1.442587939698492391e+03 2.059946359684660333e+00 1.042685449816965239e-02
1.448241206030150806e+03 2.059907397320052347e+00 1.042557618669177552e-02
1.453894472361808994e+03 2.059868961071543936e+00 1.042436426501216172e-02
1.459547738693467409e+03 2.059831041609340829e+00 1.042321444021709377e-02
1.465201005025125596e+03 2.059793629783560398e+00 1.042212275530001418e-02
1.470854271356784011e+03 2.059756716623073913e+00 1.042108555797711597e-02
1.476507537688442198e+03 2.059720293333951346e+00 1.042009947270356243e-02
1.482160804020100386e+03 2.059684351297564220e+00 1.041916137596341982e-02
1.487814070351758801e+03 2.059648882068414899e+00 1.041826837371163245e-02
1.493467336683416988e+03 2.059613877371745172e+00 1.041741778159240885e-02
1.499120603015075403e+03 2.059579329100959200e+00 1.041660710683134025e-02
1.504773869346733591e+03 2.059545229314911463e+00 1.041583403212542787e-02
1.510427135678392006e+03 2.059511570235076139e+00 1.041509640102338506e-02
1.516080402010050193e+03 2.059478344242638315e+00 1.041439220473555638e-02
1.521733668341708608e+03 2.059445543875521700e+00 1.041371957024831568e-02
1.527386934673366795e+03 2.059413161825375038e+00 1.041307674944688851e-02
1.533040201005025210e+03 2.059381190934531425e+00 1.041246210929124352e-02
1.538693467336683398e+03 2.059349624192960970e+00 1.041187412302553052e-02
1.544346733668341585e+03 2.059318454735220350e+00 1.041131136195344239e-02
1.550000000000000000e+03 2.059287675837413012e+00 1.041077248803664278e-02
