4.250000000000000000e+02 1.870285164426079616e+00 3.782726379624273272e-01
4.306532663316583012e+02 1.978955397341714884e+00 3.546695172782942107e-01
4.363065326633166023e+02 2.036267890362177369e+00 3.413282776129006879e-01
4.419597989949749035e+02 2.077809150998796373e+00 3.305709403256375523e-01
4.476130653266331478e+02 2.112129876198850287e+00 3.206465965670966534e-01
4.532663316582914490e+02 2.142564344948113320e+00 3.108703253951883849e-01
4.589195979899497502e+02 2.170746253198058362e+00 3.008875837216360982e-01
4.645728643216080513e+02 2.197592329830773128e+00 2.904732195564690977e-01
4.702261306532663525e+02 2.223664718006374663e+00 2.794565391340646521e-01
4.758793969849245968e+02 2.249328993886778871e+00 2.676856678227502728e-01
4.815326633165828980e+02 2.274830909500416443e+00 2.550053265090859722e-01
4.871859296482411992e+02 2.300335596905509927e+00 2.412375060674539495e-01
4.928391959798995003e+02 2.325946192720297567e+00 2.261581273049560192e-01
4.984924623115578015e+02 2.351707074637052752e+00 2.094610025025799571e-01
5.041457286432161027e+02 2.377587311391660574e+00 1.906916126065553441e-01
5.097989949748744039e+02 2.403419255413413946e+00 1.691046270723035316e-01
5.154522613065327050e+02 2.428681612500932285e+00 1.432898626043049850e-01
5.211055276381910062e+02 2.451416425215387385e+00 1.098029871660193557e-01
5.267587939698491937e+02 2.446363605134709296e+00 5.002377084358519688e-02
5.324120603015074948e+02 2.408184939989782336e+00 1.813352497950405581e-02
5.380653266331657960e+02 2.371742207987225459e+00 1.841862818545866171e-02
5.437185929648240972e+02 2.349736440983525299e+00 1.859731235191124793e-02
5.493718592964823983e+02 2.333949355391661040e+00 1.872901177334968664e-02
5.550251256281406995e+02 2.321749584266836752e+00 1.883305213418383361e-02
5.606783919597990007e+02 2.311905026087820225e+00 1.891860728031220448e-02
5.663316582914573019e+02 2.303727865642396289e+00 1.899086359063925991e-02
5.719849246231156030e+02 2.296791791952357276e+00 1.905307368935857740e-02
5.776381909547739042e+02 2.290813345482900498e+00 1.910742437799606633e-02
5.832914572864322054e+02 2.285594234769331656e+00 1.915546156777476333e-02
5.889447236180903928e+02 2.280990293285563464e+00 1.919832053864604579e-02
5.945979899497488077e+02 2.276893473022222114e+00 1.923686039219835858e-02
6.002512562814069952e+02 2.273220778667075503e+00 1.927174721387794193e-02
6.059045226130652964e+02 2.269907146806462439e+00 1.930350792211421238e-02
6.115577889447235975e+02 2.266900688205174763e+00 1.933256646523626859e-02
6.172110552763818987e+02 2.264159407841030980e+00 1.935926892216430564e-02
6.228643216080401999e+02 2.261648882942974392e+00 1.938390137299738844e-02
6.285175879396985010e+02 2.259340581385572921e+00 1.940670291319818858e-02
6.341708542713568022e+02 2.257210619540454655e+00 1.942787531878588381e-02
6.398241206030151034e+02 2.255238828707460286e+00 1.944759034909726916e-02
6.454773869346734045e+02 2.253408042634386099e+00 1.946599534901188519e-02
6.511306532663315920e+02 2.251703546292462388e+00 1.948321760555779200e-02
6.567839195979900069e+02 2.250112644155082720e+00 1.949936777720311792e-02
6.624371859296481944e+02 2.248624318313626524e+00 1.951454262305795523e-02
6.680904522613064955e+02 2.247228955006916884e+00 1.952882719687058094e-02
6.737437185929647967e+02 2.245918123864545368e+00 1.954229662672398588e-02
6.793969849246230979e+02 2.244684398204185527e+00 1.955501757087271461e-02
6.850502512562813990e+02 2.243521207617211299e+00 1.956704941781198942e-02
6.907035175879397002e+02 2.242422716178633646e+00 1.957844528258231159e-02
6.963567839195980014e+02 2.241383721162813369e+00 1.958925283928196134e-02
7.020100502512563025e+02 2.240399568295882382e+00 1.959951502103871729e-02
7.076633165829146037e+02 2.239466080439957540e+00 1.960927061197012544e-02
7.133165829145727912e+02 2.238579497260245965e+00 1.961855475031929266e-02
7.189698492462312061e+02 2.237736423928801788e+00 1.962739935832219160e-02
7.246231155778893935e+02 2.236933787307109789e+00 1.963583351116360634e-02
7.302763819095478084e+02 2.236168798352200504e+00 1.964388375516370328e-02
7.359296482412059959e+02 2.235438919728470086e+00 1.965157438308725094e-02
7.415829145728642970e+02 2.234741837795003239e+00 1.965892767355454165e-02
7.472361809045225982e+02 2.234075438287502990e+00 1.966596409975712029e-02
7.528894472361808994e+02 2.233437785133427500e+00 1.967270251229915126e-02
7.585427135678392006e+02 2.232827101935169534e+00 1.967916029971028199e-02
7.641959798994975017e+02 2.232241755734047484e+00 1.968535352984767187e-02
7.698492462311558029e+02 2.231680242731282959e+00 1.969129707494749956e-02
7.755025125628139904e+02 2.231141175694074441e+00 1.969700472238632150e-02
7.811557788944724052e+02 2.230623272817477964e+00 1.970248927311541928e-02
7.868090452261305927e+02 2.230125347848078921e+00 1.970776262940000800e-02
7.924623115577890076e+02 2.229646301304609946e+00 1.971283587320092276e-02
7.981155778894471950e+02 2.229185112655014844e+00 1.971771933624444709e-02
8.037688442211054962e+02 2.228740833329776017e+00 1.972242266306522759e-02
8.094221105527637974e+02 2.228312580468389648e+00 1.972695486757899963e-02
8.150753768844220986e+02 2.227899531310249426e+00 1.973132438411920667e-02
8.207286432160803997e+02 2.227500918153316078e+00 1.973553911347224535e-02
8.263819095477387009e+02 2.227116023814274204e+00 1.973960646463343918e-02
8.320351758793970021e+02 2.226744177532610447e+00 1.974353339254073664e-02
8.376884422110551895e+02 2.226384751268521089e+00 1.974732643240050683e-02
8.433417085427136044e+02 2.226037156350957336e+00 1.975099173089077051e-02
8.489949748743717919e+02 2.225700840437580652e+00 1.975453507458144534e-02
8.546482412060302067e+02 2.225375284753139393e+00 1.975796191592056952e-02
8.603015075376883942e+02 2.225060001576826263e+00 1.976127739692027513e-02
8.659547738693468091e+02 2.224754531952713332e+00 1.976448637080992221e-02
8.716080402010049966e+02 2.224458443600395352e+00 1.976759342203491046e-02
8.772613065326632977e+02 2.224171329005639297e+00 1.977060288443938801e-02
8.829145728643215989e+02 2.223892803673124252e+00 1.977351885802080753e-02
8.885678391959799001e+02 2.223622504525397670e+00 1.977634522444121981e-02
8.942211055276382012e+02 2.223360088433912640e+00 1.977908566121005032e-02
8.998743718592965024e+02 2.223105230869566462e+00 1.978174365482314803e-02
9.055276381909548036e+02 2.222857624661516596e+00 1.978432251283925719e-02
9.111809045226129911e+02 2.222616978854238923e+00 1.978682537515523768e-02
9.168341708542714059e+02 2.222383017653855042e+00 1.978925522431449618e-02
9.224874371859295934e+02 2.222155479455663496e+00 1.979161489513172126e-02
9.281407035175880083e+02 2.221934115945666477e+00 1.979390708362488774e-02
9.337939698492461957e+02 2.221718691269570112e+00 1.979613435525651860e-02
9.394472361809044969e+02 2.221508981263419447e+00 1.979829915266547585e-02
9.451005025125627981e+02 2.221304772740582134e+00 1.980040380275626538e-02
9.507537688442210992e+02 2.221105862830314859e+00 1.980245052342762338e-02
9.564070351758794004e+02 2.220912058363605723e+00 1.980444142971739957e-02
9.620603015075377016e+02 2.220723175302378394e+00 1.980637853963397241e-02
9.677135678391960028e+02 2.220539038208541260e+00 1.980826377951824813e-02
9.733668341708543039e+02 2.220359479749644649e+00 1.981009898912773279e-02
9.790201005025126051e+02 2.220184340238248843e+00 1.981188592630903078e-02
9.846733668341707926e+02 2.220013467202342383e+00 1.981362627146121200e-02
9.903266331658290937e+02 2.219846714984385017e+00 1.981532163164504562e-02
9.959798994974873949e+02 2.219683944366781070e+00 1.981697354441717268e-02
1.001633165829145696e+03 2.219525022221768840e+00 1.981858348156902150e-02
1.007286432160803997e+03 2.219369821183880376e+00 1.982015285240121966e-02
1.012939698492462298e+03 2.219218219343298770e+00 1.982168300700452856e-02
1.018592964824120600e+03 2.219070099958568854e+00 1.982317523925641520e-02
1.024246231155778787e+03 2.218925351187249984e+00 1.982463078964564335e-02
1.029899497487437202e+03 2.218783865833213742e+00 1.982605084788043037e-02
1.035552763819095617e+03 2.218645541109405706e+00 1.982743655550450387e-02
1.041206030150753804e+03 2.218510278414968617e+00 1.982878900812928835e-02
1.046859296482411992e+03 2.218377983125729536e+00 1.983010925773049868e-02
1.052512562814070407e+03 2.218248564397118372e+00 1.983139831472939194e-02
1.058165829145728594e+03 2.218121934978676713e+00 1.983265714997082055e-02
1.063819095477386782e+03 2.217998011039353123e+00 1.983388669658717532e-02
1.069472361809045196e+03 2.217876712002872175e+00 1.983508785173710570e-02
1.075125628140703611e+03 2.217757960392507943e+00 1.983626147833119496e-02
1.080778894472361799e+03 2.217641681684626054e+00 1.983740840655439167e-02
1.086432160804019986e+03 2.217527804170441375e+00 1.983852943536446728e-02
1.092085427135678401e+03 2.217416258825441577e+00 1.983962533394420871e-02
1.097738693467336816e+03 2.217306979185997839e+00 1.984069684298435041e-02
1.103391959798995003e+03 2.217199901232699055e+00 1.984174467597644292e-02
1.109045226130653191e+03 2.217094963279986342e+00 1.984276952041501285e-02
1.114698492462311606e+03 2.216992105871699259e+00 1.984377203894265029e-02
1.120351758793969793e+03 2.216891271682160269e+00 1.984475287039340688e-02
1.126005025125627981e+03 2.216792405422467027e+00 1.984571263086879617e-02
1.131658291457286396e+03 2.216695453751666989e+00 1.984665191464510259e-02
1.137311557788944810e+03 2.216600365192527899e+00 1.984757129518056537e-02
1.142964824120602998e+03 2.216507090051623052e+00 1.984847132592041513e-02
1.148618090452261185e+03 2.216415580343480407e+00 1.984935254117952894e-02
1.154271356783919600e+03 2.216325789718553985e+00 1.985021545691256425e-02
1.159924623115578015e+03 2.216237673394797270e+00 1.985106057147226905e-02
1.165577889447236203e+03 2.216151188092628121e+00 1.985188836633371492e-02
1.171231155778894390e+03 2.216066291973091129e+00 1.985269930679556954e-02
1.176884422110552805e+03 2.215982944579039771e+00 1.985349384261379801e-02
1.182537688442210992e+03 2.215901106779160745e+00 1.985427240857897888e-02
1.188190954773869180e+03 2.215820740714689485e+00 1.985503542523857357e-02
1.193844221105527595e+03 2.215741809748660085e+00 1.985578329930564115e-02
1.199497487437186010e+03 2.215664278417557753e+00 1.985651642430203215e-02
1.205150753768844197e+03 2.215588112385235231e+00 1.985723518106704763e-02
1.210804020100502385e+03 2.215513278398974606e+00 1.985793993817627431e-02
1.216457286432160799e+03 2.215439744247579945e+00 1.985863105249432992e-02
1.222110552763819214e+03 2.215367478721390171e+00 1.985930886958194030e-02
1.227763819095477402e+03 2.215296451574109149e+00 1.985997372411392459e-02
1.233417085427135589e+03 2.215226633486361507e+00 1.986062594033047302e-02
1.239070351758794004e+03 2.215157996030881371e+00 1.986126583236519014e-02
1.244723618090452419e+03 2.215090511639250970e+00 1.986189370470710022e-02
1.250376884422110379e+03 2.215024153570105625e+00 1.986250985246118539e-02
1.256030150753768794e+03 2.214958895878736733e+00 1.986311456175404722e-02
1.261683417085427209e+03 2.214894713388017244e+00 1.986370811006116580e-02
1.267336683417085396e+03 2.214831581660581694e+00 1.986429076647806130e-02
1.272989949748743584e+03 2.214769476972203499e+00 1.986486279206954239e-02
1.278643216080401999e+03 2.214708376286306901e+00 1.986542444011821576e-02
1.284296482412060413e+03 2.214648257229556716e+00 1.986597595643989356e-02
1.289949748743718601e+03 2.214589098068476147e+00 1.986651757960946826e-02
1.295603015075376788e+03 2.214530877687037158e+00 1.986704954122016364e-02
1.301256281407035203e+03 2.214473575565185204e+00 1.986757206618740626e-02
1.306909547738693618e+03 2.214417171758247260e+00 1.986808537287371515e-02
1.312562814070351806e+03 2.214361646877178291e+00 1.986858967341469107e-02
1.318216080402009993e+03 2.214306982069618623e+00 1.986908517387725448e-02
1.323869346733668408e+03 2.214253159001706717e+00 1.986957207448484392e-02
1.329522613065326595e+03 2.214200159840631343e+00 1.987005056980897105e-02
1.335175879396984783e+03 2.214147967237870329e+00 1.987052084894956952e-02
1.340829145728643198e+03 2.214096564313100313e+00 1.987098309577108729e-02
1.346482412060301613e+03 2.214045934638733559e+00 1.987143748898207579e-02
1.352135678391959800e+03 2.213996062225064509e+00 1.987188420239351799e-02
1.357788944723617988e+03 2.213946931505989202e+00 1.987232340506529804e-02
1.363442211055276402e+03 2.213898527325279808e+00 1.987275526139679893e-02
1.369095477386934817e+03 2.213850834923379640e+00 1.987317993138497732e-02
1.374748743718593005e+03 2.213803839924710637e+00 1.987359757063664190e-02
1.380402010050251192e+03 2.213757528325452917e+00 1.987400833063757838e-02
1.386055276381909607e+03 2.213711886481791069e+00 1.987441235882058538e-02
1.391708542713567795e+03 2.213666901098596540e+00 1.987480979870043588e-02
1.397361809045225982e+03 2.213622559218529684e+00 1.987520078996414530e-02
1.403015075376884397e+03 2.213578848211553929e+00 1.987558546869525045e-02
1.408668341708542812e+03 2.213535755764821644e+00 1.987596396735224688e-02
1.414321608040200999e+03 2.213493269872941482e+00 1.987633641500395620e-02
1.419974874371859187e+03 2.213451378828593885e+00 1.987670293734142626e-02
1.425628140703517602e+03 2.213410071213483654e+00 1.987706365684618198e-02
1.431281407035176017e+03 2.213369335889625145e+00 1.987741869284673571e-02
1.436934673366834204e+03 2.213329161990927663e+00 1.987776816165326421e-02
1.442587939698492391e+03 2.213289538915089505e+00 1.987811217659172722e-02
1.448241206030150806e+03 2.213250456315771775e+00 1.987845084817197600e-02
1.453894472361808994e+03 2.213211904095049309e+00 1.987878428408832582e-02
1.459547738693467409e+03 2.213173872396125397e+00 1.987911258939877024e-02
1.465201005025125596e+03 2.213136351596297846e+00 1.987943586650315481e-02
1.470854271356784011e+03 2.213099332300167976e+00 1.987975421528885567e-02
1.476507537688442198e+03 2.213062805333083638e+00 1.988006773319823950e-02
1.482160804020100386e+03 2.213026761734804282e+00 1.988037651527379060e-02
1.487814070351758801e+03 2.212991192753384961e+00 1.988068065422553959e-02
1.493467336683416988e+03 2.212956089839260621e+00 1.988098024056547328e-02
1.499120603015075403e+03 2.212921444639534219e+00 1.988127536256325059e-02
1.504773869346733591e+03 2.212887248992452260e+00 1.988156610642526773e-02
1.510427135678392006e+03 2.212853494922066400e+00 1.988185255625031511e-02
1.516080402010050193e+03 2.212820174633070014e+00 1.988213479416395257e-02
1.521733668341708608e+03 2.212787280505803977e+00 1.988241290035231562e-02
1.527386934673366795e+03 2.212754805091425858e+00 1.988268695309592174e-02
1.533040201005025210e+03 2.212722741107238544e+00 1.988295702883698807e-02
1.538693467336683398e+03 2.212691081432164975e+00 1.988322320224669704e-02
1.544346733668341585e+03 2.212659819102374748e+00 1.988348554624782064e-02
1.550000000000000000e+03 2.212628947307046179e+00 1.988374413210429459e-02
