4.250000000000000000e+02 1.870480806068343549e+00 3.981195541400406324e-01
4.306532663316583012e+02 1.984337615352346651e+00 3.722960141462384187e-01
4.363065326633166023e+02 2.044313512396174648e+00 3.578428887431555072e-01
4.419597989949749035e+02 2.087752356567628365e+00 3.462668950463043682e-01
4.476130653266331478e+02 2.123619673942158670e+00 3.356410140731370118e-01
4.532663316582914490e+02 2.155409838956198421e+00 3.252147329795997410e-01
4.589195979899497502e+02 2.184834372248912970e+00 3.146017537952983667e-01
4.645728643216080513e+02 2.212853375700962300e+00 3.035586069895245265e-01
4.702261306532663525e+02 2.240055426863820198e+00 2.919023561092909946e-01
4.758793969849245968e+02 2.266823209303115760e+00 2.794716661262619528e-01
4.815326633165828980e+02 2.293413958140303688e+00 2.661027617721096195e-01
4.871859296482411992e+02 2.320000586442141355e+00 2.516087829815900068e-01
4.928391959798995003e+02 2.346691293890755592e+00 2.357550971386266347e-01
4.984924623115578015e+02 2.373533158075979976e+00 2.182213556533661725e-01
5.041457286432161027e+02 2.400495260300840261e+00 1.985318316222553503e-01
5.097989949748744039e+02 2.427405594970795999e+00 1.759053502093579358e-01
5.154522613065327050e+02 2.453727930041063043e+00 1.488601346366113520e-01
5.211055276381910062e+02 2.477446429086650692e+00 1.137581549085390775e-01
5.267587939698491937e+02 2.471203323755570391e+00 5.035975110780757658e-02
5.324120603015074948e+02 2.430765184342430718e+00 1.876353564634190146e-02
5.380653266331657960e+02 2.393209948017124944e+00 1.906505898860121756e-02
5.437185929648240972e+02 2.370415468827701488e+00 1.925517710807572030e-02
5.493718592964823983e+02 2.354027291844342340e+00 1.939571521777818178e-02
5.550251256281406995e+02 2.341347502944399306e+00 1.950695333269350865e-02
5.606783919597990007e+02 2.331107332833513457e+00 1.959856334208709416e-02
5.663316582914573019e+02 2.322596619735315393e+00 1.967602933990699951e-02
5.719849246231156030e+02 2.315374414468396314e+00 1.974279775451951227e-02
5.776381909547739042e+02 2.309147144510885763e+00 1.980118924404680736e-02
5.832914572864322054e+02 2.303709241588333789e+00 1.985284630671491080e-02
5.889447236180903928e+02 2.298911132423142600e+00 1.989897631035497313e-02
5.945979899497488077e+02 2.294640646093003777e+00 1.994049362738041162e-02
6.002512562814069952e+02 2.290811575211979534e+00 1.997810766322186474e-02
6.059045226130652964e+02 2.287356308372888503e+00 2.001237991893081020e-02
6.115577889447235975e+02 2.284220903787085533e+00 2.004376238414866049e-02
6.172110552763818987e+02 2.281361690847510282e+00 2.007262418214107724e-02
6.228643216080401999e+02 2.278742862948216708e+00 2.009927055352284803e-02
6.285175879396985010e+02 2.276334733309499647e+00 2.012395668970397983e-02
6.341708542713568022e+02 2.274112446056696601e+00 2.014689801223408863e-02
6.398241206030151034e+02 2.272055007127947945e+00 2.016827794353091147e-02
6.454773869346734045e+02 2.270144544430437339e+00 2.018825387075533564e-02
6.511306532663315920e+02 2.268365735269411321e+00 2.020696178551673050e-02
6.567839195979900069e+02 2.266705357783314057e+00 2.022451993729392286e-02
6.624371859296481944e+02 2.265151935630890456e+00 2.024103174212949635e-02
6.680904522613064955e+02 2.263695453713178374e+00 2.025658812139056325e-02
6.737437185929647967e+02 2.262327128643683682e+00 2.027126939958504015e-02
6.793969849246230979e+02 2.261039221867375826e+00 2.028514685712135002e-02
6.850502512562813990e+02 2.259824886329867777e+00 2.029828401059964246e-02
6.907035175879397002e+02 2.258678039777962443e+00 2.031073767582945722e-02
6.963567839195980014e+02 2.257593259375995309e+00 2.032255885641410381e-02
7.020100502512563025e+02 2.256565693515249826e+00 2.033379349089557003e-02
7.076633165829146037e+02 2.255590987590646801e+00 2.034448308468396818e-02
7.133165829145727912e+02 2.254665221199999792e+00 2.035466524720861564e-02
7.189698492462312061e+02 2.253784854743079880e+00 2.036437415110515375e-02
7.246231155778893935e+02 2.252946683801142491e+00 2.037364092614928762e-02
7.302763819095478084e+02 2.252147799991857546e+00 2.038249399907032453e-02
7.359296482412059959e+02 2.251385557241292634e+00 2.039095938773395622e-02
7.415829145728642970e+02 2.250657542609586503e+00 2.039906095680064924e-02
7.472361809045225982e+02 2.249961550962099377e+00 2.040682064076734109e-02
7.528894472361808994e+02 2.249295562902084100e+00 2.041425863929151666e-02
7.585427135678392006e+02 2.248657725480931457e+00 2.042139358867962537e-02
7.641959798994975017e+02 2.248046335283083064e+00 2.042824271304552117e-02
7.698492462311558029e+02 2.247459823548668467e+00 2.043482195782994962e-02
7.755025125628139904e+02 2.246896743050883938e+00 2.044114610830314455e-02
7.811557788944724052e+02 2.246355756489499367e+00 2.044722889463003457e-02
7.868090452261305927e+02 2.245835626198527724e+00 2.045308308573452402e-02
7.924623115577890076e+02 2.245335204996462775e+00 2.045872057299002317e-02
7.981155778894471950e+02 2.244853428032811404e+00 2.046415244523006396e-02
8.037688442211054962e+02 2.244389305505797072e+00 2.046938905597689429e-02
8.094221105527637974e+02 2.243941916143862958e+00 2.047444008403852267e-02
8.150753768844220986e+02 2.243510401358564277e+00 2.047931458799939416e-02
8.207286432160803997e+02 2.243093959989065578e+00 2.048402105545013563e-02
8.263819095477387009e+02 2.242691843569190269e+00 2.048856744762325363e-02
8.320351758793970021e+02 2.242303352057058774e+00 2.049296123970749048e-02
8.376884422110551895e+02 2.241927829975153941e+00 2.049720945759822555e-02
8.433417085427136044e+02 2.241564662915283446e+00 2.050131871117707658e-02
8.489949748743717919e+02 2.241213274368633268e+00 2.050529522479680941e-02
8.546482412060302067e+02 2.240873122846012144e+00 2.050914486497377662e-02
8.603015075376883942e+02 2.240543699257619092e+00 2.051287316572171851e-02
8.659547738693468091e+02 2.240224524525342265e+00 2.051648535181848504e-02
8.716080402010049966e+02 2.239915147403766404e+00 2.051998636002508314e-02
8.772613065326632977e+02 2.239615142488823540e+00 2.052338085860037561e-02
8.829145728643215989e+02 2.239324108395440938e+00 2.052667326530205338e-02
8.885678391959799001e+02 2.239041666087620008e+00 2.052986776384728429e-02
8.942211055276382012e+02 2.238767457346225065e+00 2.053296831911959053e-02
8.998743718592965024e+02 2.238501143361375512e+00 2.053597869125630901e-02
9.055276381909548036e+02 2.238242403437731731e+00 2.053890244854497324e-02
9.111809045226129911e+02 2.237990933802228799e+00 2.054174297946747413e-02
9.168341708542714059e+02 2.237746446504889519e+00 2.054450350374375719e-02
9.224874371859295934e+02 2.237508668404325718e+00 2.054718708264824042e-02
9.281407035175880083e+02 2.237277340230395151e+00 2.054979662851490890e-02
9.337939698492461957e+02 2.237052215717234560e+00 2.055233491359553105e-02
9.394472361809044969e+02 2.236833060800568873e+00 2.055480457831616523e-02
9.451005025125627981e+02 2.236619652873788944e+00 2.055720813890135959e-02
9.507537688442210992e+02 2.236411780097826707e+00 2.055954799448652878e-02
9.564070351758794004e+02 2.236209240760342887e+00 2.056182643378469052e-02
9.620603015075377016e+02 2.236011842680145190e+00 2.056404564128729712e-02
9.677135678391960028e+02 2.235819402653158594e+00 2.056620770301111067e-02
9.733668341708543039e+02 2.235631745936592640e+00 2.056831461193256438e-02
9.790201005025126051e+02 2.235448705768266819e+00 2.057036827302413662e-02
9.846733668341707926e+02 2.235270122918326052e+00 2.057237050796918709e-02
9.903266331658290937e+02 2.235095845270821169e+00 2.057432305963159333e-02
9.959798994974873949e+02 2.234925727432861553e+00 2.057622759611894489e-02
1.001633165829145696e+03 2.234759630369231864e+00 2.057808571478532758e-02
1.007286432160803997e+03 2.234597421060568134e+00 2.057989894578569900e-02
1.012939698492462298e+03 2.234438972183327099e+00 2.058166875554936701e-02
1.018592964824120600e+03 2.234284161809949598e+00 2.058339654996790488e-02
1.024246231155778787e+03 2.234132873127744112e+00 2.058508367748143608e-02
1.029899497487437202e+03 2.233984994175139516e+00 2.058673143186944346e-02
1.035552763819095617e+03 2.233840417594066707e+00 2.058834105496221145e-02
1.041206030150753804e+03 2.233699040397333135e+00 2.058991373919770787e-02
1.046859296482411992e+03 2.233560763749933287e+00 2.059145062989478636e-02
1.052512562814070407e+03 2.233425492763341236e+00 2.059295282766358814e-02
1.058165829145728594e+03 2.233293136301883308e+00 2.059442139037100453e-02
1.063819095477386782e+03 2.233163606800381285e+00 2.059585733525456236e-02
1.069472361809045196e+03 2.233036820092300090e+00 2.059726164074281163e-02
1.075125628140703611e+03 2.232912695247708079e+00 2.059863524829509338e-02
1.080778894472361799e+03 2.232791154420393109e+00 2.059997906404520754e-02
1.086432160804019986e+03 2.232672122703546869e+00 2.060129396046481501e-02
1.092085427135678401e+03 2.232555527993454803e+00 2.060258077778790581e-02
1.097738693467336816e+03 2.232441300860683597e+00 2.060384032553070829e-02
1.103391959798995003e+03 2.232329374428284385e+00 2.060507338381607420e-02
1.109045226130653191e+03 2.232219684256575576e+00 2.060628070464262662e-02
1.114698492462311606e+03 2.232112168234091421e+00 2.060746301317413487e-02
1.120351758793969793e+03 2.232006766474313508e+00 2.060862100879065628e-02
1.126005025125627981e+03 2.231903421217836581e+00 2.060975536630019200e-02
1.131658291457286396e+03 2.231802076739632046e+00 2.061086673692302806e-02
1.137311557788944810e+03 2.231702679261103661e+00 2.061195574929667457e-02
1.142964824120602998e+03 2.231605176866654272e+00 2.061302301043681576e-02
1.148618090452261185e+03 2.231509519424487387e+00 2.061406910660047026e-02
1.154271356783919600e+03 2.231415658511402444e+00 2.061509460419145082e-02
1.159924623115578015e+03 2.231323547341349300e+00 2.061610005050353717e-02
1.165577889447236203e+03 2.231233140697522099e+00 2.061708597458145401e-02
1.171231155778894390e+03 2.231144394867790925e+00 2.061805288788733093e-02
1.176884422110552805e+03 2.231057267583286929e+00 2.061900128500966656e-02
1.182537688442210992e+03 2.230971717959953526e+00 2.061993164439328285e-02
1.188190954773869180e+03 2.230887706442905571e+00 2.062084442890719724e-02
1.193844221105527595e+03 2.230805194753437970e+00 2.062174008648743478e-02
1.199497487437186010e+03 2.230724145838537176e+00 2.062261905072551582e-02
1.205150753768844197e+03 2.230644523822761904e+00 2.062348174137038428e-02
1.210804020100502385e+03 2.230566293962358948e+00 2.062432856495916705e-02
1.216457286432160799e+03 2.230489422601501737e+00 2.062515991519988517e-02
1.222110552763819214e+03 2.230413877130530853e+00 2.062597617353689045e-02
1.227763819095477402e+03 2.230339625946096582e+00 2.062677770960828771e-02
1.233417085427135589e+03 2.230266638413098690e+00 2.062756488165998561e-02
1.239070351758794004e+03 2.230194884828331947e+00 2.062833803697022850e-02
1.244723618090452419e+03 2.230124336385751249e+00 2.062909751225236107e-02
1.250376884422110379e+03 2.230054965143267065e+00 2.062984363406804300e-02
1.256030150753768794e+03 2.229986743991000164e+00 2.063057671917568545e-02
1.261683417085427209e+03 2.229919646620916129e+00 2.063129707487865172e-02
1.267336683417085396e+03 2.229853647497773039e+00 2.063200499937323934e-02
1.272989949748743584e+03 2.229788721831315712e+00 2.063270078209647126e-02
1.278643216080401999e+03 2.229724845549657442e+00 2.063338470397682936e-02
1.284296482412060413e+03 2.229661995273782171e+00 2.063405703779244357e-02
1.289949748743718601e+03 2.229600148293128914e+00 2.063471804843225108e-02
1.295603015075376788e+03 2.229539282542182477e+00 2.063536799317851680e-02
1.301256281407035203e+03 2.229479376578046068e+00 2.063600712194617326e-02
1.306909547738693618e+03 2.229420409558931837e+00 2.063663567757582570e-02
1.312562814070351806e+03 2.229362361223532929e+00 2.063725389602975510e-02
1.318216080402009993e+03 2.229305211871233094e+00 2.063786200667392171e-02
1.323869346733668408e+03 2.229248942343116546e+00 2.063846023248449429e-02
1.329522613065326595e+03 2.229193534003736321e+00 2.063904879020048849e-02
1.335175879396984783e+03 2.229138968723615832e+00 2.063962789063769274e-02
1.340829145728643198e+03 2.229085228862434764e+00 2.064019773881957051e-02
1.346482412060301613e+03 2.229032297252883321e+00 2.064075853417265960e-02
1.352135678391959800e+03 2.228980157185143085e+00 2.064131047073259131e-02
1.357788944723617988e+03 2.228928792391971836e+00 2.064185373728553985e-02
1.363442211055276402e+03 2.228878187034365688e+00 2.064238851757406457e-02
1.369095477386934817e+03 2.228828325687771450e+00 2.064291499045991379e-02
1.374748743718593005e+03 2.228779193328818131e+00 2.064343333002218242e-02
1.380402010050251192e+03 2.228730775322560920e+00 2.064394370580599838e-02
1.386055276381909607e+03 2.228683057410197232e+00 2.064444628286677200e-02
1.391708542713567795e+03 2.228636025697248613e+00 2.064494122199725390e-02
1.397361809045225982e+03 2.228589666642175615e+00 2.064542867978242865e-02
1.403015075376884397e+03 2.228543967045420349e+00 2.064590880879417154e-02
1.408668341708542812e+03 2.228498914038847811e+00 2.064638175769982834e-02
1.414321608040200999e+03 2.228454495075572694e+00 2.064684767135998092e-02
1.419974874371859187e+03 2.228410697920159667e+00 2.064730669094766088e-02
1.425628140703517602e+03 2.228367510639170934e+00 2.064775895412132925e-02
1.431281407035176017e+03 2.228324921592060637e+00 2.064820459501494690e-02
1.436934673366834204e+03 2.228282919422387653e+00 2.064864374447539230e-02
1.442587939698492391e+03 2.228241493049343713e+00 2.064907653007396621e-02
1.448241206030150806e+03 2.228200631659581710e+00 2.064950307620392125e-02
1.453894472361808994e+03 2.228160324699326456e+00 2.064992350425322309e-02
1.459547738693467409e+03 2.228120561866762550e+00 2.065033793259447512e-02
1.465201005025125596e+03 2.228081333104689588e+00 2.065074647674684100e-02
1.470854271356784011e+03 2.228042628593426056e+00 2.065114924939818325e-02
1.476507537688442198e+03 2.228004438743957927e+00 2.065154636057769597e-02
1.482160804020100386e+03 2.227966754191321286e+00 2.065193791762419406e-02
1.487814070351758801e+03 2.227929565788212773e+00 2.065232402534795605e-02
1.493467336683416988e+03 2.227892864598808753e+00 2.065270478605273768e-02
1.499120603015075403e+03 2.227856641892798528e+00 2.065308029964378622e-02
1.504773869346733591e+03 2.227820889139612515e+00 2.065345066364981594e-02
1.510427135678392006e+03 2.227785598002844925e+00 2.065381597336323621e-02
1.516080402010050193e+03 2.227750760334855862e+00 2.065417632181908852e-02
1.521733668341708608e+03 2.227716368171560379e+00 2.065453179990295665e-02
1.527386934673366795e+03 2.227682413727374744e+00 2.065488249643740448e-02
1.533040201005025210e+03 2.227648889390339448e+00 2.065522849818232989e-02
1.538693467336683398e+03 2.227615787717390550e+00 2.065556988991060564e-02
1.544346733668341585e+03 2.227583101429788215e+00 2.065590675447293023e-02
1.550000000000000000e+03 2.227550823408691816e+00 2.065623917287342029e-02
