4.250000000000000000e+02 1.868294011589262338e+00 4.047921660286000756e-01
4.306532663316583012e+02 1.985676694155617206e+00 3.777815073374378163e-01
4.363065326633166023e+02 2.047438663810476012e+00 3.627400728604788238e-01
4.419597989949749035e+02 2.092140448412930009e+00 3.507289049793540503e-01
4.476130653266331478e+02 2.129032412081808268e+00 3.397270112605087489e-01
4.532663316582914490e+02 2.161718365019405397e+00 3.289492812904175056e-01
4.589195979899497502e+02 2.191962848513766104e+00 3.179927620776580310e-01
4.645728643216080513e+02 2.220755430964169719e+00 3.066043787297927370e-01
4.702261306532663525e+02 2.248702605902984875e+00 2.945947358847413322e-01
4.758793969849245968e+02 2.276198630077151286e+00 2.817974457479541783e-01
4.815326633165828980e+02 2.303508499143612553e+00 2.680441233035087967e-01
4.871859296482411992e+02 2.330810385353778269e+00 2.531430386287375489e-01
4.928391959798995003e+02 2.358215911882327820e+00 2.368537094189359926e-01
4.984924623115578015e+02 2.385773964212697607e+00 2.188479513970716384e-01
5.041457286432161027e+02 2.413453520111019213e+00 1.986384434099442431e-01
5.097989949748744039e+02 2.441079146020494584e+00 1.754248937310011469e-01
5.154522613065327050e+02 2.468102541249892923e+00 1.476890200503730710e-01
5.211055276381910062e+02 2.492459603227769271e+00 1.117027317905566336e-01
5.267587939698491937e+02 2.486220194010184681e+00 4.674275823298493227e-02
5.324120603015074948e+02 2.444826485783810011e+00 1.408026583733786377e-02
5.380653266331657960e+02 2.406215572538868752e+00 1.431140462838270677e-02
5.437185929648240972e+02 2.382780488949532316e+00 1.445714758643744900e-02
5.493718592964823983e+02 2.365928914200172262e+00 1.456489160032723058e-02
5.550251256281406995e+02 2.352887916059727136e+00 1.465017800982506765e-02
5.606783919597990007e+02 2.342353784819035223e+00 1.472041847389150317e-02
5.663316582914573019e+02 2.333596881122076194e+00 1.477981583692259890e-02
5.719849246231156030e+02 2.326164178913427083e+00 1.483101164542311411e-02
5.776381909547739042e+02 2.319754065124465914e+00 1.487578480605200766e-02
5.832914572864322054e+02 2.314155336606755764e+00 1.491539452320537855e-02
5.889447236180903928e+02 2.309214314687881409e+00 1.495076650449369063e-02
5.945979899497488077e+02 2.304815744614131745e+00 1.498260187061076915e-02
6.002512562814069952e+02 2.300871044594591908e+00 1.501144461275331909e-02
6.059045226130652964e+02 2.297310737302699746e+00 1.503772532502670178e-02
6.115577889447235975e+02 2.294079389165403438e+00 1.506179063167969664e-02
6.172110552763818987e+02 2.291132119222633712e+00 1.508392361216183593e-02
6.228643216080401999e+02 2.288432126252553100e+00 1.510435835465016516e-02
6.285175879396985010e+02 2.285948896966480515e+00 1.512329056240214673e-02
6.341708542713568022e+02 2.283656881863162180e+00 1.514088543589881507e-02
6.398241206030151034e+02 2.281534499630176960e+00 1.515728363180604901e-02
6.454773869346734045e+02 2.279563377045719097e+00 1.517260583676252432e-02
6.511306532663315920e+02 2.277727760717435324e+00 1.518695632593108219e-02
6.567839195979900069e+02 2.276014056213186532e+00 1.520042576518280432e-02
6.624371859296481944e+02 2.274410462991659720e+00 1.521309344239138786e-02
6.680904522613064955e+02 2.272906682310139370e+00 1.522502906131418914e-02
6.737437185929647967e+02 2.271493681378574880e+00 1.523629419759715484e-02
6.793969849246230979e+02 2.270163501330427547e+00 1.524694348993767268e-02
6.850502512562813990e+02 2.268909099663247275e+00 1.525702562226113196e-02
6.907035175879397002e+02 2.267724220041127836e+00 1.526658413929380884e-02
6.963567839195980014e+02 2.266603283998173790e+00 1.527565812822626046e-02
7.020100502512563025e+02 2.265541300307462702e+00 1.528428279196962156e-02
7.076633165829146037e+02 2.264533788701402539e+00 1.529248993390085881e-02
7.133165829145727912e+02 2.263576715329068900e+00 1.530030837005123649e-02
7.189698492462312061e+02 2.262666437872318248e+00 1.530776428124086021e-02
7.246231155778893935e+02 2.261799658656893364e+00 1.531488151536582361e-02
7.302763819095478084e+02 2.260973384417664267e+00 1.532168184807608698e-02
7.359296482412059959e+02 2.260184891630544701e+00 1.532818520843289879e-02
7.415829145728642970e+02 2.259431696524008437e+00 1.533440987497124326e-02
7.472361809045225982e+02 2.258711529042507937e+00 1.534037264686584877e-02
7.528894472361808994e+02 2.258022310161748258e+00 1.534608899364928343e-02
7.585427135678392006e+02 2.257362132058545523e+00 1.535157318679155995e-02
7.641959798994975017e+02 2.256729240721253138e+00 1.535683841558036812e-02
7.698492462311558029e+02 2.256122020654515836e+00 1.536189688961530318e-02
7.755025125628139904e+02 2.255538981387549935e+00 1.536675992951522240e-02
7.811557788944724052e+02 2.254978745540749063e+00 1.537143804760971767e-02
7.868090452261305927e+02 2.254440038243060940e+00 1.537594101986619263e-02
7.924623115577890076e+02 2.253921677723789596e+00 1.538027795004768584e-02
7.981155778894471950e+02 2.253422566928507287e+00 1.538445732717431957e-02
8.037688442211054962e+02 2.252941686030474067e+00 1.538848707718021118e-02
8.094221105527637974e+02 2.252478085727220414e+00 1.539237460918969035e-02
8.150753768844220986e+02 2.252030881227318648e+00 1.539612685742323787e-02
8.207286432160803997e+02 2.251599246845340296e+00 1.539975031888767693e-02
8.263819095477387009e+02 2.251182411134023731e+00 1.540325108753555321e-02
8.320351758793970021e+02 2.250779652492028937e+00 1.540663488520037198e-02
8.376884422110551895e+02 2.250390295193654300e+00 1.540990708974155146e-02
8.433417085427136044e+02 2.250013705793726615e+00 1.541307276055688472e-02
8.489949748743717919e+02 2.249649289866741952e+00 1.541613666190670175e-02
8.546482412060302067e+02 2.249296489044382064e+00 1.541910328417519550e-02
8.603015075376883942e+02 2.248954778319886660e+00 1.542197686322195789e-02
8.659547738693468091e+02 2.248623663591535315e+00 1.542476139820601194e-02
8.716080402010049966e+02 2.248302679420739913e+00 1.542746066788905183e-02
8.772613065326632977e+02 2.247991386983108963e+00 1.543007824555352007e-02
8.829145728643215989e+02 2.247689372193293789e+00 1.543261751277106436e-02
8.885678391959799001e+02 2.247396243986607089e+00 1.543508167198281295e-02
8.942211055276382012e+02 2.247111632742263776e+00 1.543747375824088171e-02
8.998743718592965024e+02 2.246835188834777952e+00 1.543979664987008178e-02
9.055276381909548036e+02 2.246566581301472354e+00 1.544205307844146759e-02
9.111809045226129911e+02 2.246305496615361719e+00 1.544424563793101411e-02
9.168341708542714059e+02 2.246051637553773794e+00 1.544637679319541164e-02
9.224874371859295934e+02 2.245804722154094879e+00 1.544844888785342624e-02
9.281407035175880083e+02 2.245564482748868773e+00 1.545046415161792017e-02
9.337939698492461957e+02 2.245330665073305365e+00 1.545242470699407372e-02
9.394472361809044969e+02 2.245103027438905219e+00 1.545433257563283425e-02
9.451005025125627981e+02 2.244881339967547795e+00 1.545618968416851390e-02
9.507537688442210992e+02 2.244665383880929177e+00 1.545799786967113482e-02
9.564070351758794004e+02 2.244454950840737428e+00 1.545975888474337805e-02
9.620603015075377016e+02 2.244249842335360956e+00 1.546147440223441354e-02
9.677135678391960028e+02 2.244049869109358220e+00 1.546314601968644224e-02
9.733668341708543039e+02 2.243854850632229336e+00 1.546477526342858975e-02
9.790201005025126051e+02 2.243664614603368079e+00 1.546636359250555710e-02
9.846733668341707926e+02 2.243478996490344102e+00 1.546791240222633763e-02
9.903266331658290937e+02 2.243297839097925461e+00 1.546942302759200978e-02
9.959798994974873949e+02 2.243120992165466010e+00 1.547089674647395691e-02
1.001633165829145696e+03 2.242948311990520249e+00 1.547233478251430067e-02
1.007286432160803997e+03 2.242779661076686359e+00 1.547373830803605230e-02
1.012939698492462298e+03 2.242614907803896163e+00 1.547510844657584879e-02
1.018592964824120600e+03 2.242453926119483576e+00 1.547644627535543251e-02
1.024246231155778787e+03 2.242296595248528757e+00 1.547775282766342998e-02
1.029899497487437202e+03 2.242142799422079946e+00 1.547902909493255319e-02
1.035552763819095617e+03 2.241992427621982031e+00 1.548027602889984547e-02
1.041206030150753804e+03 2.241845373341137648e+00 1.548149454344856062e-02
1.046859296482411992e+03 2.241701534358123471e+00 1.548268551647616689e-02
1.052512562814070407e+03 2.241560812525163371e+00 1.548384979164522425e-02
1.058165829145728594e+03 2.241423113568550729e+00 1.548498817988829164e-02
1.063819095477386782e+03 2.241288346900668138e+00 1.548610146109725104e-02
1.069472361809045196e+03 2.241156425442831779e+00 1.548719038545226002e-02
1.075125628140703611e+03 2.241027265458233053e+00 1.548825567480636121e-02
1.080778894472361799e+03 2.240900786394317556e+00 1.548929802403982252e-02
1.086432160804019986e+03 2.240776910733985439e+00 1.549031810221228322e-02
1.092085427135678401e+03 2.240655563855035393e+00 1.549131655377087961e-02
1.097738693467336816e+03 2.240536673897334463e+00 1.549229399961377790e-02
1.103391959798995003e+03 2.240420171637213187e+00 1.549325103816684077e-02
1.109045226130653191e+03 2.240305990368641531e+00 1.549418824631590072e-02
1.114698492462311606e+03 2.240194065790750422e+00 1.549510618039533737e-02
1.120351758793969793e+03 2.240084335901319168e+00 1.549600537703241070e-02
1.126005025125627981e+03 2.239976740895855301e+00 1.549688635403371172e-02
1.131658291457286396e+03 2.239871223071929762e+00 1.549774961114182802e-02
1.137311557788944810e+03 2.239767726738451703e+00 1.549859563081992277e-02
1.142964824120602998e+03 2.239666198129585784e+00 1.549942487897828895e-02
1.148618090452261185e+03 2.239566585323040648e+00 1.550023780561429060e-02
1.154271356783919600e+03 2.239468838162469222e+00 1.550103484553764718e-02
1.159924623115578015e+03 2.239372908183741462e+00 1.550181641896621575e-02
1.165577889447236203e+03 2.239278748544871078e+00 1.550258293206394598e-02
1.171231155778894390e+03 2.239186313959378172e+00 1.550333477759292464e-02
1.176884422110552805e+03 2.239095560632900384e+00 1.550407233536443309e-02
1.182537688442210992e+03 2.239006446202868705e+00 1.550479597284711887e-02
1.188190954773869180e+03 2.238918929681071202e+00 1.550550604554560077e-02
1.193844221105527595e+03 2.238832971398950100e+00 1.550620289757920905e-02
1.199497487437186010e+03 2.238748532955483928e+00 1.550688686201689460e-02
1.205150753768844197e+03 2.238665577167502363e+00 1.550755826136935266e-02
1.210804020100502385e+03 2.238584068022317908e+00 1.550821740800921618e-02
1.216457286432160799e+03 2.238503970632537143e+00 1.550886460449072551e-02
1.222110552763819214e+03 2.238425251192938337e+00 1.550950014396936666e-02
1.227763819095477402e+03 2.238347876939315029e+00 1.551012431052101528e-02
1.233417085427135589e+03 2.238271816109168810e+00 1.551073737953242472e-02
1.239070351758794004e+03 2.238197037904162467e+00 1.551133961797695679e-02
1.244723618090452419e+03 2.238123512454242903e+00 1.551193128474736421e-02
1.250376884422110379e+03 2.238051210783344125e+00 1.551251263090248043e-02
1.256030150753768794e+03 2.237980104776595258e+00 1.551308390002824160e-02
1.261683417085427209e+03 2.237910167148950968e+00 1.551364532846969194e-02
1.267336683417085396e+03 2.237841371415175917e+00 1.551419714557714623e-02
1.272989949748743584e+03 2.237773691861121073e+00 1.551473957395219441e-02
1.278643216080401999e+03 2.237707103516213714e+00 1.551527282975080288e-02
1.284296482412060413e+03 2.237641582127117612e+00 1.551579712280022443e-02
1.289949748743718601e+03 2.237577104132496331e+00 1.551631265693044666e-02
1.295603015075376788e+03 2.237513646638828124e+00 1.551681963011947510e-02
1.301256281407035203e+03 2.237451187397222263e+00 1.551731823469573550e-02
1.306909547738693618e+03 2.237389704781190591e+00 1.551780865755468877e-02
1.312562814070351806e+03 2.237329177765323696e+00 1.551829108031809075e-02
1.318216080402009993e+03 2.237269585904839708e+00 1.551876567957901493e-02
1.323869346733668408e+03 2.237210909315945795e+00 1.551923262697506821e-02
1.329522613065326595e+03 2.237153128656999002e+00 1.551969208941892005e-02
1.335175879396984783e+03 2.237096225110406067e+00 1.552014422921429299e-02
1.340829145728643198e+03 2.237040180365247988e+00 1.552058920427200166e-02
1.346482412060301613e+03 2.236984976600578712e+00 1.552102716818287362e-02
1.352135678391959800e+03 2.236930596469381527e+00 1.552145827040503356e-02
1.357788944723617988e+03 2.236877023083145399e+00 1.552188265637960071e-02
1.363442211055276402e+03 2.236824239997035946e+00 1.552230046764632200e-02
1.369095477386934817e+03 2.236772231195635285e+00 1.552271184204497348e-02
1.374748743718593005e+03 2.236720981079221460e+00 1.552311691370213305e-02
1.380402010050251192e+03 2.236670474450571433e+00 1.552351581327538789e-02
1.386055276381909607e+03 2.236620696502257921e+00 1.552390866798291497e-02
1.391708542713567795e+03 2.236571632804419618e+00 1.552429560176176240e-02
1.397361809045225982e+03 2.236523269292988392e+00 1.552467673532594537e-02
1.403015075376884397e+03 2.236475592258349465e+00 1.552505218631033794e-02
1.408668341708542812e+03 2.236428588334417267e+00 1.552542206932868395e-02
1.414321608040200999e+03 2.236382244488111404e+00 1.552578649610309759e-02
1.419974874371859187e+03 2.236336548009213665e+00 1.552614557550771081e-02
1.425628140703517602e+03 2.236291486500588732e+00 1.552649941368378431e-02
1.431281407035176017e+03 2.236247047868760607e+00 1.552684811412620609e-02
1.436934673366834204e+03 2.236203220314818996e+00 1.552719177776992580e-02
1.442587939698492391e+03 2.236159992325649437e+00 1.552753050301918132e-02
1.448241206030150806e+03 2.236117352665476510e+00 1.552786438589108878e-02
1.453894472361808994e+03 2.236075290367698365e+00 1.552819352001620808e-02
1.459547738693467409e+03 2.236033794727006363e+00 1.552851799676778326e-02
1.465201005025125596e+03 2.235992855291780490e+00 1.552883790530514528e-02
1.470854271356784011e+03 2.235952461856745455e+00 1.552915333261711481e-02
1.476507537688442198e+03 2.235912604455875918e+00 1.552946436362256412e-02
1.482160804020100386e+03 2.235873273355545532e+00 1.552977108119945986e-02
1.487814070351758801e+03 2.235834459047910894e+00 1.553007356629969131e-02
1.493467336683416988e+03 2.235796152244510449e+00 1.553037189789228424e-02
1.499120603015075403e+03 2.235758343870087206e+00 1.553066615313538484e-02
1.504773869346733591e+03 2.235721025056610411e+00 1.553095640737662403e-02
1.510427135678392006e+03 2.235684187137500167e+00 1.553124273419638664e-02
1.516080402010050193e+03 2.235647821642038569e+00 1.553152520547963940e-02
1.521733668341708608e+03 2.235611920289966026e+00 1.553180389147345609e-02
1.527386934673366795e+03 2.235576474986255668e+00 1.553207886074444571e-02
1.533040201005025210e+03 2.235541477816053391e+00 1.553235018036492297e-02
1.538693467336683398e+03 2.235506921039784434e+00 1.553261791587030004e-02
1.544346733668341585e+03 2.235472797088415398e+00 1.553288213127367902e-02
1.550000000000000000e+03 2.235439098558870796e+00 1.553314288916618664e-02
