4.250000000000000000e+02 1.875401043398996492e+00 3.978747192678290800e-01
4.306532663316583012e+02 1.991257341764685274e+00 3.711906690599585668e-01
4.363065326633166023e+02 2.052523235566609650e+00 3.559861400142219634e-01
4.419597989949749035e+02 2.097036183235600593e+00 3.436555704286191615e-01
4.476130653266331478e+02 2.133880528062755300e+00 3.322422352754222930e-01
4.532663316582914490e+02 2.166596755137320418e+00 3.209789489523680039e-01
4.589195979899497502e+02 2.196918112636438547e+00 3.094651376182599445e-01
4.645728643216080513e+02 2.225815435411376164e+00 2.974418182321256210e-01
4.702261306532663525e+02 2.253881671228674222e+00 2.847068845264179582e-01
4.758793969849245968e+02 2.281498964483282599e+00 2.710734421784817272e-01
4.815326633165828980e+02 2.308918741788093865e+00 2.563416727749540658e-01
4.871859296482411992e+02 2.336300496359347001e+00 2.402711352846775006e-01
4.928391959798995003e+02 2.363725329609191128e+00 2.225426556228292385e-01
4.984924623115578015e+02 2.391184086932189867e+00 2.026920337520936866e-01
5.041457286432161027e+02 2.418515809411890594e+00 1.799718868749041467e-01
5.097989949748744039e+02 2.445182574591070690e+00 1.530002980196961127e-01
5.154522613065327050e+02 2.469166490681177883e+00 1.185420695940451602e-01
5.211055276381910062e+02 2.471246994550833076e+00 6.227141135976044933e-02
5.267587939698491937e+02 2.435980668456167120e+00 1.547199107645564134e-02
5.324120603015074948e+02 2.394488448211961718e+00 1.574605834526963608e-02
5.380653266331657960e+02 2.370314322744616398e+00 1.591236443894216215e-02
5.437185929648240972e+02 2.353246640073303197e+00 1.603323949731595352e-02
5.493718592964823983e+02 2.340183111721249709e+00 1.612796055126017314e-02
5.550251256281406995e+02 2.329711367372511166e+00 1.620543472760196252e-02
5.606783919597990007e+02 2.321056718392814133e+00 1.627061338406458196e-02
5.663316582914573019e+02 2.313744831111841815e+00 1.632656582818076477e-02
5.719849246231156030e+02 2.307463158415130611e+00 1.637533793672044796e-02
5.776381909547739042e+02 2.301994601151224451e+00 1.641836634618219423e-02
5.832914572864322054e+02 2.297182220993948754e+00 1.645670038835931812e-02
5.889447236180903928e+02 2.292908959496408716e+00 1.649113054764142147e-02
5.945979899497488077e+02 2.289085267057908712e+00 1.652226735150690018e-02
6.002512562814069952e+02 2.285641191444848008e+00 1.655059215348290980e-02
6.059045226130652964e+02 2.282521119537504806e+00 1.657649109911305332e-02
6.115577889447235975e+02 2.279680168742753033e+00 1.660027857844732432e-02
6.172110552763818987e+02 2.277081642553074659e+00 1.662221386070601714e-02
6.228643216080401999e+02 2.274695194323441694e+00 1.664251316774845516e-02
6.285175879396985010e+02 2.272495475208259563e+00 1.666135861417164521e-02
6.341708542713568022e+02 2.270461120898607632e+00 1.667890494353635802e-02
6.398241206030151034e+02 2.268573980346360486e+00 1.669528468359033138e-02
6.454773869346734045e+02 2.266818520487666966e+00 1.671061214574560971e-02
6.511306532663315920e+02 2.265181361057807319e+00 1.672498656688693741e-02
6.567839195979900069e+02 2.263650906968961873e+00 1.673849460478190471e-02
6.624371859296481944e+02 2.262217054820254258e+00 1.675121234041454521e-02
6.680904522613064955e+02 2.260870956409862131e+00 1.676320689941584660e-02
6.737437185929647967e+02 2.259604826554855173e+00 1.677453777630453710e-02
6.793969849246230979e+02 2.258411785694947493e+00 1.678525792437809624e-02
6.850502512562813990e+02 2.257285730053739670e+00 1.679541465923678478e-02
6.907035175879397002e+02 2.256221223816956556e+00 1.680505041270132990e-02
6.963567839195980014e+02 2.255213409038770767e+00 1.681420336594739023e-02
7.020100502512563025e+02 2.254257929926503756e+00 1.682290798408867319e-02
7.076633165829146037e+02 2.253350868865846568e+00 1.683119547022695131e-02
7.133165829145727912e+02 2.252488692093213452e+00 1.683909415274274790e-02
7.189698492462312061e+02 2.251668203341993024e+00 1.684662981752487257e-02
7.246231155778893935e+02 2.250886504116216713e+00 1.685382599394417980e-02
7.302763819095478084e+02 2.250140959501250038e+00 1.686070420232301664e-02
7.359296482412059959e+02 2.249429168623251041e+00 1.686728416864530580e-02
7.415829145728642970e+02 2.248748939029705962e+00 1.687358401183216075e-02
7.472361809045225982e+02 2.248098264391775292e+00 1.687962040746064998e-02
7.528894472361808994e+02 2.247475305032437198e+00 1.688540873139437321e-02
7.585427135678392006e+02 2.246878370867956498e+00 1.689096318634067048e-02
7.641959798994975017e+02 2.246305906418107678e+00 1.689629691350725063e-02
7.698492462311558029e+02 2.245756477596106748e+00 1.690142209153646519e-02
7.755025125628139904e+02 2.245228760034757798e+00 1.690635002436512851e-02
7.811557788944724052e+02 2.244721528742940286e+00 1.691109121936792969e-02
7.868090452261305927e+02 2.244233648917699053e+00 1.691565545730149348e-02
7.924623115577890076e+02 2.243764067763107217e+00 1.692005185462415115e-02
7.981155778894471950e+02 2.243311807188726803e+00 1.692428891962529866e-02
8.037688442211054962e+02 2.242875957278634758e+00 1.692837460274120714e-02
8.094221105527637974e+02 2.242455670437230708e+00 1.693231634186205189e-02
8.150753768844220986e+02 2.242050156130966254e+00 1.693612110333835713e-02
8.207286432160803997e+02 2.241658676156019325e+00 1.693979541894511526e-02
8.263819095477387009e+02 2.241280540371249685e+00 1.694334541939983979e-02
8.320351758793970021e+02 2.240915102843660023e+00 1.694677686483115481e-02
8.376884422110551895e+02 2.240561758360362088e+00 1.695009517240876271e-02
8.433417085427136044e+02 2.240219939266841376e+00 1.695330544155345190e-02
8.489949748743717919e+02 2.239889112596302745e+00 1.695641247690804834e-02
8.546482412060302067e+02 2.239568777459179483e+00 1.695942080938001376e-02
8.603015075376883942e+02 2.239258462665587590e+00 1.696233471522445857e-02
8.659547738693468091e+02 2.238957724556752460e+00 1.696515823376399876e-02
8.716080402010049966e+02 2.238666145024193366e+00 1.696789518348966810e-02
8.772613065326632977e+02 2.238383329697919422e+00 1.697054917686266831e-02
8.829145728643215989e+02 2.238108906286976119e+00 1.697312363396561927e-02
8.885678391959799001e+02 2.237842523057568922e+00 1.697562179512529870e-02
8.942211055276382012e+02 2.237583847435589579e+00 1.697804673240593462e-02
8.998743718592965024e+02 2.237332564721806527e+00 1.698040136039500464e-02
9.055276381909548036e+02 2.237088376909234455e+00 1.698268844600966596e-02
9.111809045226129911e+02 2.236851001593300303e+00 1.698491061770580207e-02
9.168341708542714059e+02 2.236620170966402643e+00 1.698707037392184482e-02
9.224874371859295934e+02 2.236395630889307817e+00 1.698917009096869921e-02
9.281407035175880083e+02 2.236177140032615362e+00 1.699121203026298169e-02
9.337939698492461957e+02 2.235964469082179829e+00 1.699319834515353178e-02
9.394472361809044969e+02 2.235757400002984507e+00 1.699513108721195306e-02
9.451005025125627981e+02 2.235555725356514589e+00 1.699701221209303989e-02
9.507537688442210992e+02 2.235359247667117355e+00 1.699884358496621742e-02
9.564070351758794004e+02 2.235167778833314411e+00 1.700062698570199704e-02
9.620603015075377016e+02 2.234981139580359599e+00 1.700236411352690907e-02
9.677135678391960028e+02 2.234799158950723008e+00 1.700405659150052567e-02
9.733668341708543039e+02 2.234621673829454647e+00 1.700570597068465709e-02
9.790201005025126051e+02 2.234448528501673081e+00 1.700731373403150531e-02
9.846733668341707926e+02 2.234279574239672161e+00 1.700888129996536852e-02
9.903266331658290937e+02 2.234114668917343227e+00 1.701041002585419390e-02
9.959798994974873949e+02 2.233953676649844233e+00 1.701190121114964232e-02
1.001633165829145696e+03 2.233796467456585333e+00 1.701335610043099716e-02
1.007286432160803997e+03 2.233642916945805190e+00 1.701477588617066050e-02
1.012939698492462298e+03 2.233492906019127311e+00 1.701616171141738867e-02
1.018592964824120600e+03 2.233346320594643775e+00 1.701751467228007977e-02
1.024246231155778787e+03 2.233203051347176782e+00 1.701883582019945301e-02
1.029899497487437202e+03 2.233062993464491441e+00 1.702012616424276870e-02
1.035552763819095617e+03 2.232926046418325150e+00 1.702138667312168285e-02
1.041206030150753804e+03 2.232792113749197060e+00 1.702261827712924294e-02
1.046859296482411992e+03 2.232661102864033076e+00 1.702382187003534386e-02
1.052512562814070407e+03 2.232532924845729738e+00 1.702499831078430059e-02
1.058165829145728594e+03 2.232407494273842996e+00 1.702614842515125931e-02
1.063819095477386782e+03 2.232284729055645567e+00 1.702727300726628729e-02
1.069472361809045196e+03 2.232164550266869885e+00 1.702837282113672107e-02
1.075125628140703611e+03 2.232046882001482047e+00 1.702944860193317256e-02
1.080778894472361799e+03 2.231931651229906777e+00 1.703050105741749781e-02
1.086432160804019986e+03 2.231818787665148740e+00 1.703153086908249306e-02
1.092085427135678401e+03 2.231708223636299948e+00 1.703253869338160892e-02
1.097738693467336816e+03 2.231599893968968740e+00 1.703352516284013449e-02
1.103391959798995003e+03 2.231493735872184914e+00 1.703449088707401429e-02
1.109045226130653191e+03 2.231389688831380891e+00 1.703543645380765914e-02
1.114698492462311606e+03 2.231287694507071873e+00 1.703636242985169871e-02
1.120351758793969793e+03 2.231187696638881945e+00 1.703726936193646069e-02
1.126005025125627981e+03 2.231089640954589282e+00 1.703815777764892611e-02
1.131658291457286396e+03 2.230993475083890232e+00 1.703902818616037304e-02
1.137311557788944810e+03 2.230899148476598093e+00 1.703988107907061095e-02
1.142964824120602998e+03 2.230806612325012317e+00 1.704071693109517061e-02
1.148618090452261185e+03 2.230715819490213025e+00 1.704153620077793543e-02
1.154271356783919600e+03 2.230626724432051677e+00 1.704233933117715177e-02
1.159924623115578015e+03 2.230539283142622509e+00 1.704312675044664799e-02
1.165577889447236203e+03 2.230453453083015791e+00 1.704389887245566157e-02
1.171231155778894390e+03 2.230369193123168170e+00 1.704465609743422913e-02
1.176884422110552805e+03 2.230286463484625781e+00 1.704539881238366361e-02
1.182537688442210992e+03 2.230205225686073156e+00 1.704612739173411856e-02
1.188190954773869180e+03 2.230125442491454280e+00 1.704684219771520834e-02
1.193844221105527595e+03 2.230047077860560112e+00 1.704754358096071190e-02
1.199497487437186010e+03 2.229970096901934706e+00 1.704823188085246438e-02
1.205150753768844197e+03 2.229894465827983563e+00 1.704890742599415171e-02
1.210804020100502385e+03 2.229820151912157655e+00 1.704957053463273739e-02
1.216457286432160799e+03 2.229747123448107438e+00 1.705022151502751104e-02
1.222110552763819214e+03 2.229675349710698917e+00 1.705086066587096702e-02
1.227763819095477402e+03 2.229604800918796315e+00 1.705148827657921792e-02
1.233417085427135589e+03 2.229535448199716718e+00 1.705210462768636318e-02
1.239070351758794004e+03 2.229467263555268808e+00 1.705270999118653832e-02
1.244723618090452419e+03 2.229400219829299701e+00 1.705330463078464157e-02
1.250376884422110379e+03 2.229334290676665109e+00 1.705388880226403267e-02
1.256030150753768794e+03 2.229269450533557961e+00 1.705446275372387438e-02
1.261683417085427209e+03 2.229205674589116892e+00 1.705502672590741842e-02
1.267336683417085396e+03 2.229142938758265302e+00 1.705558095239997213e-02
1.272989949748743584e+03 2.229081219655703272e+00 1.705612565994385835e-02
1.278643216080401999e+03 2.229020494571008815e+00 1.705666106867514617e-02
1.284296482412060413e+03 2.228960741444786287e+00 1.705718739228212835e-02
1.289949748743718601e+03 2.228901938845812225e+00 1.705770483833291343e-02
1.295603015075376788e+03 2.228844065949135533e+00 1.705821360843366372e-02
1.301256281407035203e+03 2.228787102515076057e+00 1.705871389841278479e-02
1.306909547738693618e+03 2.228731028869090469e+00 1.705920589857005260e-02
1.312562814070351806e+03 2.228675825882455275e+00 1.705968979386060513e-02
1.318216080402009993e+03 2.228621474953731418e+00 1.706016576400070164e-02
1.323869346733668408e+03 2.228567957990976289e+00 1.706063398376867629e-02
1.329522613065326595e+03 2.228515257394664939e+00 1.706109462305847521e-02
1.335175879396984783e+03 2.228463356041290755e+00 1.706154784710234643e-02
1.340829145728643198e+03 2.228412237267609175e+00 1.706199381658930758e-02
1.346482412060301613e+03 2.228361884855503572e+00 1.706243268787466585e-02
1.352135678391959800e+03 2.228312283017437334e+00 1.706286461304630520e-02
1.357788944723617988e+03 2.228263416382469053e+00 1.706328974012106398e-02
1.363442211055276402e+03 2.228215269982808167e+00 1.706370821313692859e-02
1.369095477386934817e+03 2.228167829240879971e+00 1.706412017231024800e-02
1.374748743718593005e+03 2.228121079956884465e+00 1.706452575414083711e-02
1.380402010050251192e+03 2.228075008296824588e+00 1.706492509155607337e-02
1.386055276381909607e+03 2.228029600780983888e+00 1.706531831395084395e-02
1.391708542713567795e+03 2.227984844272833165e+00 1.706570554742263546e-02
1.397361809045225982e+03 2.227940725968346580e+00 1.706608691474633191e-02
1.403015075376884397e+03 2.227897233385714770e+00 1.706646253555716905e-02
1.408668341708542812e+03 2.227854354355431887e+00 1.706683252642955673e-02
1.414321608040200999e+03 2.227812077010746350e+00 1.706719700096887005e-02
1.419974874371859187e+03 2.227770389778453541e+00 1.706755606989020235e-02
1.425628140703517602e+03 2.227729281370021130e+00 1.706790984112310436e-02
1.431281407035176017e+03 2.227688740773034581e+00 1.706825841987726772e-02
1.436934673366834204e+03 2.227648757242943756e+00 1.706860190877320174e-02
1.442587939698492391e+03 2.227609320295100837e+00 1.706894040782982319e-02
1.448241206030150806e+03 2.227570419697082471e+00 1.706927401466011920e-02
1.453894472361808994e+03 2.227532045461274812e+00 1.706960282443265031e-02
1.459547738693467409e+03 2.227494187837721018e+00 1.706992692997613692e-02
1.465201005025125596e+03 2.227456837307213000e+00 1.707024642192299727e-02
1.470854271356784011e+03 2.227419984574622536e+00 1.707056138867081574e-02
1.476507537688442198e+03 2.227383620562458866e+00 1.707087191648681834e-02
1.482160804020100386e+03 2.227347736404646117e+00 1.707117808958635505e-02
1.487814070351758801e+03 2.227312323440512554e+00 1.707147999017231618e-02
1.493467336683416988e+03 2.227277373208978339e+00 1.707177769850055232e-02
1.499120603015075403e+03 2.227242877442942248e+00 1.707207129293228029e-02
1.504773869346733591e+03 2.227208828063851342e+00 1.707236084997344056e-02
1.510427135678392006e+03 2.227175217176451394e+00 1.707264644436609982e-02
1.516080402010050193e+03 2.227142037063713609e+00 1.707292814910175982e-02
1.521733668341708608e+03 2.227109280181920337e+00 1.707320603548672516e-02
1.527386934673366795e+03 2.227076939155918200e+00 1.707348017316839134e-02
1.533040201005025210e+03 2.227045006774520886e+00 1.707375063021356748e-02
1.538693467336683398e+03 2.227013475986060254e+00 1.707401747313477824e-02
1.544346733668341585e+03 2.226982339894082230e+00 1.707428076694252408e-02
1.550000000000000000e+03 2.226951591753179471e+00 1.707454057515855883e-02
