4.250000000000000000e+02 1.875319410005223508e+00 4.005256528281637141e-01
4.306532663316583012e+02 1.992222447035164823e+00 3.734126408855867885e-01
4.363065326633166023e+02 2.054047847596756959e+00 3.579656828647444500e-01
4.419597989949749035e+02 2.098973209444167320e+00 3.454386230959813342e-01
4.476130653266331478e+02 2.136163186947888537e+00 3.338441571233635163e-01
4.532663316582914490e+02 2.169189322083187488e+00 3.224032311183644417e-01
4.589195979899497502e+02 2.199799997324320078e+00 3.107089422177350402e-01
4.645728643216080513e+02 2.228974504529156686e+00 2.984979471883316693e-01
4.702261306532663525e+02 2.257310959393120875e+00 2.855643466889283832e-01
4.758793969849245968e+02 2.285194856317148915e+00 2.717172158713460628e-01
4.815326633165828980e+02 2.312879861575398710e+00 2.567517365479395353e-01
4.871859296482411992e+02 2.340526940455375460e+00 2.404204960225970467e-01
4.928391959798995003e+02 2.368217999847918698e+00 2.223935923114316870e-01
4.984924623115578015e+02 2.395943800574509286e+00 2.021885560344647559e-01
5.041457286432161027e+02 2.423541232654088606e+00 1.790226528234109549e-01
5.097989949748744039e+02 2.450462229361373812e+00 1.514311019797875968e-01
5.154522613065327050e+02 2.474620526448667146e+00 1.159018864529134940e-01
5.211055276381910062e+02 2.472842145671371394e+00 5.514248314770742870e-02
5.267587939698491937e+02 2.434975209154794484e+00 1.481790942231499264e-02
5.324120603015074948e+02 2.395112007276319233e+00 1.507016879611082841e-02
5.380653266331657960e+02 2.371486892003742408e+00 1.522570029304843621e-02
5.437185929648240972e+02 2.354686951667655848e+00 1.533949268553180985e-02
5.493718592964823983e+02 2.341777048477790224e+00 1.542898589126265319e-02
5.550251256281406995e+02 2.331401979290618431e+00 1.550235035308516855e-02
5.606783919597990007e+02 2.322811881387124799e+00 1.556416737176553010e-02
5.663316582914573019e+02 2.315544886029309080e+00 1.561729363754782614e-02
5.719849246231156030e+02 2.309295352317961569e+00 1.566364142121111705e-02
5.776381909547739042e+02 2.303850291171058551e+00 1.570455785055599809e-02
5.832914572864322054e+02 2.299055347072198163e+00 1.574102933718547065e-02
5.889447236180903928e+02 2.294795155699406397e+00 1.577380044785188853e-02
5.945979899497488077e+02 2.290981317828107766e+00 1.580344717952315847e-02
6.002512562814069952e+02 2.287544685018064072e+00 1.583042427196128255e-02
6.059045226130652964e+02 2.284430219402779461e+00 1.585509693283822935e-02
6.115577889447235975e+02 2.281593458559006304e+00 1.587776279028656201e-02
6.172110552763818987e+02 2.278998018299938089e+00 1.589866749231075294e-02
6.228643216080401999e+02 2.276613787691658786e+00 1.591801604687484092e-02
6.285175879396985010e+02 2.274415598162551344e+00 1.593598123046161344e-02
6.341708542713568022e+02 2.272382224900987069e+00 1.595270993183069835e-02
6.398241206030151034e+02 2.270495625925027738e+00 1.596832801165905605e-02
6.454773869346734045e+02 2.268740354230833312e+00 1.598294407679623150e-02
6.511306532663315920e+02 2.267103098017537288e+00 1.599665244726029140e-02
6.567839195979900069e+02 2.265572317061020691e+00 1.600953551492385191e-02
6.624371859296481944e+02 2.264137952212204485e+00 1.602166563727184731e-02
6.680904522613064955e+02 2.262791191169037042e+00 1.603310667200789560e-02
6.737437185929647967e+02 2.261524278023017143e+00 1.604391523098843558e-02
6.793969849246230979e+02 2.260330357194701989e+00 1.605414171286750902e-02
6.850502512562813990e+02 2.259203344631041777e+00 1.606383115952884563e-02
6.907035175879397002e+02 2.258137820796139561e+00 1.607302397105453418e-02
6.963567839195980014e+02 2.257128941219492813e+00 1.608175650635860349e-02
7.020100502512563025e+02 2.256172361291318040e+00 1.609006159055214810e-02
7.076633165829146037e+02 2.255264172696537450e+00 1.609796894596650027e-02
7.133165829145727912e+02 2.254400849416308805e+00 1.610550556005080347e-02
7.189698492462312061e+02 2.253579201640816709e+00 1.611269600082146022e-02
7.246231155778893935e+02 2.252796336259888843e+00 1.611956268874402062e-02
7.302763819095478084e+02 2.252049622851111099e+00 1.612612613184341917e-02
7.359296482412059959e+02 2.251336664285045863e+00 1.613240512989315423e-02
7.415829145728642970e+02 2.250655271226020382e+00 1.613841695242591509e-02
7.472361809045225982e+02 2.250003439934071814e+00 1.614417749447486297e-02
7.528894472361808994e+02 2.249379332875892423e+00 1.614970141322821101e-02
7.585427135678392006e+02 2.248781261735366410e+00 1.615500224837738627e-02
7.641959798994975017e+02 2.248207672481607577e+00 1.616009252843264576e-02
7.698492462311558029e+02 2.247657132207412367e+00 1.616498386483386160e-02
7.755025125628139904e+02 2.247128317496264405e+00 1.616968703558517920e-02
7.811557788944724052e+02 2.246620004113305313e+00 1.617421205970296511e-02
7.868090452261305927e+02 2.246131057846602719e+00 1.617856826370053097e-02
7.924623115577890076e+02 2.245660426350761796e+00 1.618276434104935421e-02
7.981155778894471950e+02 2.245207131866423289e+00 1.618680840557654155e-02
8.037688442211054962e+02 2.244770264707198315e+00 1.619070803932649849e-02
8.094221105527637974e+02 2.244348977420764335e+00 1.619447033588990517e-02
8.150753768844220986e+02 2.243942479543649338e+00 1.619810193925207836e-02
8.207286432160803997e+02 2.243550032880092804e+00 1.620160907915562526e-02
8.263819095477387009e+02 2.243170947244574442e+00 1.620499760299550993e-02
8.320351758793970021e+02 2.242804576615499368e+00 1.620827300483796904e-02
8.376884422110551895e+02 2.242450315654223481e+00 1.621144045178233434e-02
8.433417085427136044e+02 2.242107596549389292e+00 1.621450480793789478e-02
8.489949748743717919e+02 2.241775886151493147e+00 1.621747065634100010e-02
8.546482412060302067e+02 2.241454683366889800e+00 1.622034231898558318e-02
8.603015075376883942e+02 2.241143516784118273e+00 1.622312387509812839e-02
8.659547738693468091e+02 2.240841942508660534e+00 1.622581917791022024e-02
8.716080402010049966e+02 2.240549542184997911e+00 1.622843187007153021e-02
8.772613065326632977e+02 2.240265921187277964e+00 1.623096539776306899e-02
8.829145728643215989e+02 2.239990706961990430e+00 1.623342302370695683e-02
8.885678391959799001e+02 2.239723547507916468e+00 1.623580783913137343e-02
8.942211055276382012e+02 2.239464109980228379e+00 1.623812277487206995e-02
8.998743718592965024e+02 2.239212079407026490e+00 1.624037061149051497e-02
9.055276381909548036e+02 2.238967157507863792e+00 1.624255398878063708e-02
9.111809045226129911e+02 2.238729061604897375e+00 1.624467541440685961e-02
9.168341708542714059e+02 2.238497523618285356e+00 1.624673727208575391e-02
9.224874371859295934e+02 2.238272289138299342e+00 1.624874182895781616e-02
9.281407035175880083e+02 2.238053116567391143e+00 1.625069124267051676e-02
9.337939698492461957e+02 2.237839776326120855e+00 1.625258756773680785e-02
9.394472361809044969e+02 2.237632050117458249e+00 1.625443276159408562e-02
9.451005025125627981e+02 2.237429730244500536e+00 1.625622869017361721e-02
9.507537688442210992e+02 2.237232618977130549e+00 1.625797713313168608e-02
9.564070351758794004e+02 2.237040527963554126e+00 1.625967978871626154e-02
9.620603015075377016e+02 2.236853277683051644e+00 1.626133827826996975e-02
9.677135678391960028e+02 2.236670696936604141e+00 1.626295415046589282e-02
9.733668341708543039e+02 2.236492622372366235e+00 1.626452888533138838e-02
9.790201005025126051e+02 2.236318898043238246e+00 1.626606389784225615e-02
9.846733668341707926e+02 2.236149374994019556e+00 1.626756054149732303e-02
9.903266331658290937e+02 2.235983910875865455e+00 1.626902011149177971e-02
9.959798994974873949e+02 2.235822369585963365e+00 1.627044384781736394e-02
1.001633165829145696e+03 2.235664620930509550e+00 1.627183293807137748e-02
1.007286432160803997e+03 2.235510540309267213e+00 1.627318852019339276e-02
1.012939698492462298e+03 2.235360008420085531e+00 1.627451168491156341e-02
1.018592964824120600e+03 2.235212910981939860e+00 1.627580347819915577e-02
1.024246231155778787e+03 2.235069138475137773e+00 1.627706490344131562e-02
1.029899497487437202e+03 2.234928585897473230e+00 1.627829692355801244e-02
1.035552763819095617e+03 2.234791152535187120e+00 1.627950046297422029e-02
1.041206030150753804e+03 2.234656741747702569e+00 1.628067640949213898e-02
1.046859296482411992e+03 2.234525260765176657e+00 1.628182561602470671e-02
1.052512562814070407e+03 2.234396620497981267e+00 1.628294890229975422e-02
1.058165829145728594e+03 2.234270735357310578e+00 1.628404705634400526e-02
1.063819095477386782e+03 2.234147523086154941e+00 1.628512083606071734e-02
1.069472361809045196e+03 2.234026904599955898e+00 1.628617097056024587e-02
1.075125628140703611e+03 2.233908803836293533e+00 1.628719816146178070e-02
1.080778894472361799e+03 2.233793147613027941e+00 1.628820308422095769e-02
1.086432160804019986e+03 2.233679865494327732e+00 1.628918638926524567e-02
1.092085427135678401e+03 2.233568889664093948e+00 1.629014870307363486e-02
1.097738693467336816e+03 2.233460154806301112e+00 1.629109062932333762e-02
1.103391959798995003e+03 2.233353597991816208e+00 1.629201274984457340e-02
1.109045226130653191e+03 2.233249158571295911e+00 1.629291562557445491e-02
1.114698492462311606e+03 2.233146778073781036e+00 1.629379979746900867e-02
1.120351758793969793e+03 2.233046400110641816e+00 1.629466578737352039e-02
1.126005025125627981e+03 2.232947970284536954e+00 1.629551409879669358e-02
1.131658291457286396e+03 2.232851436103104437e+00 1.629634521773858091e-02
1.137311557788944810e+03 2.232756746897076816e+00 1.629715961342246069e-02
1.142964824120602998e+03 2.232663853742573146e+00 1.629795773891707517e-02
1.148618090452261185e+03 2.232572709387320664e+00 1.629874003192180107e-02
1.154271356783919600e+03 2.232483268180567748e+00 1.629950691529238535e-02
1.159924623115578015e+03 2.232395486006486518e+00 1.630025879771603708e-02
1.165577889447236203e+03 2.232309320220853710e+00 1.630099607424983013e-02
1.171231155778894390e+03 2.232224729590831291e+00 1.630171912688588298e-02
1.176884422110552805e+03 2.232141674237663409e+00 1.630242832504803091e-02
1.182537688442210992e+03 2.232060115582138682e+00 1.630312402611534470e-02
1.188190954773869180e+03 2.231980016292648195e+00 1.630380657587716942e-02
1.193844221105527595e+03 2.231901340235707742e+00 1.630447630901510694e-02
1.199497487437186010e+03 2.231824052428807992e+00 1.630513354947565885e-02
1.205150753768844197e+03 2.231748118995457553e+00 1.630577861093797376e-02
1.210804020100502385e+03 2.231673507122316380e+00 1.630641179721315642e-02
1.216457286432160799e+03 2.231600185018285387e+00 1.630703340253443490e-02
1.222110552763819214e+03 2.231528121875475446e+00 1.630764371203767549e-02
1.227763819095477402e+03 2.231457287831931868e+00 1.630824300199658697e-02
1.233417085427135589e+03 2.231387653936038440e+00 1.630883154020749265e-02
1.239070351758794004e+03 2.231319192112508176e+00 1.630940958633303808e-02
1.244723618090452419e+03 2.231251875129879547e+00 1.630997739209593539e-02
1.250376884422110379e+03 2.231185676569438670e+00 1.631053520167678045e-02
1.256030150753768794e+03 2.231120570795500857e+00 1.631108325192107480e-02
1.261683417085427209e+03 2.231056532926978253e+00 1.631162177265499738e-02
1.267336683417085396e+03 2.230993538810170485e+00 1.631215098689212453e-02
1.272989949748743584e+03 2.230931564992718830e+00 1.631267111108087101e-02
1.278643216080401999e+03 2.230870588698660839e+00 1.631318235536537847e-02
1.284296482412060413e+03 2.230810587804543665e+00 1.631368492375100815e-02
1.289949748743718601e+03 2.230751540816530376e+00 1.631417901443306395e-02
1.295603015075376788e+03 2.230693426848457506e+00 1.631466481983954650e-02
1.301256281407035203e+03 2.230636225600804323e+00 1.631514252695966810e-02
1.306909547738693618e+03 2.230579917340516971e+00 1.631561231748166960e-02
1.312562814070351806e+03 2.230524482881660386e+00 1.631607436794420968e-02
1.318216080402009993e+03 2.230469903566847378e+00 1.631652884996928274e-02
1.323869346733668408e+03 2.230416161249420437e+00 1.631697593039981714e-02
1.329522613065326595e+03 2.230363238276337423e+00 1.631741577146438721e-02
1.335175879396984783e+03 2.230311117471744708e+00 1.631784853090104126e-02
1.340829145728643198e+03 2.230259782121189360e+00 1.631827436213550975e-02
1.346482412060301613e+03 2.230209215956457047e+00 1.631869341445929544e-02
1.352135678391959800e+03 2.230159403140993923e+00 1.631910583305807433e-02
1.357788944723617988e+03 2.230110328255898278e+00 1.631951175928493536e-02
1.363442211055276402e+03 2.230061976286443315e+00 1.631991133064782801e-02
1.369095477386934817e+03 2.230014332609121741e+00 1.632030468102826232e-02
1.374748743718593005e+03 2.229967382979177071e+00 1.632069194076390256e-02
1.380402010050251192e+03 2.229921113518609221e+00 1.632107323675833707e-02
1.386055276381909607e+03 2.229875510704624197e+00 1.632144869260436851e-02
1.391708542713567795e+03 2.229830561358522090e+00 1.632181842865289625e-02
1.397361809045225982e+03 2.229786252634988752e+00 1.632218256216334124e-02
1.403015075376884397e+03 2.229742572011788049e+00 1.632254120737241729e-02
1.408668341708542812e+03 2.229699507279826243e+00 1.632289447557649237e-02
1.414321608040200999e+03 2.229657046533581877e+00 1.632324247524109470e-02
1.419974874371859187e+03 2.229615178161880262e+00 1.632358531212399488e-02
1.425628140703517602e+03 2.229573890838999706e+00 1.632392308923503663e-02
1.431281407035176017e+03 2.229533173516095257e+00 1.632425590709517607e-02
1.436934673366834204e+03 2.229493015412928436e+00 1.632458386364184222e-02
1.442587939698492391e+03 2.229453406009887839e+00 1.632490705441991263e-02
1.448241206030150806e+03 2.229414335040293071e+00 1.632522557260944127e-02
1.453894472361808994e+03 2.229375792482962026e+00 1.632553950912137009e-02
1.459547738693467409e+03 2.229337768555044619e+00 1.632584895258440763e-02
1.465201005025125596e+03 2.229300253705094992e+00 1.632615398954949740e-02
1.470854271356784011e+03 2.229263238606390196e+00 1.632645470440865360e-02
1.476507537688442198e+03 2.229226714150470023e+00 1.632675117955859068e-02
1.482160804020100386e+03 2.229190671440902438e+00 1.632704349544191608e-02
1.487814070351758801e+03 2.229155101787254178e+00 1.632733173052032527e-02
1.493467336683416988e+03 2.229119996699270523e+00 1.632761596146535196e-02
1.499120603015075403e+03 2.229085347881242463e+00 1.632789626307714487e-02
1.504773869346733591e+03 2.229051147226566165e+00 1.632817270844797580e-02
1.510427135678392006e+03 2.229017386812481405e+00 1.632844536894897600e-02
1.516080402010050193e+03 2.228984058894982745e+00 1.632871431427123168e-02
1.521733668341708608e+03 2.228951155903896808e+00 1.632897961252129104e-02
1.527386934673366795e+03 2.228918670438119420e+00 1.632924133022143134e-02
1.533040201005025210e+03 2.228886595261009518e+00 1.632949953236432702e-02
1.538693467336683398e+03 2.228854923295929602e+00 1.632975428246771429e-02
1.544346733668341585e+03 2.228823647621926973e+00 1.633000564262902105e-02
1.550000000000000000e+03 2.228792761469559291e+00 1.633025367349843007e-02
