4.250000000000000000e+02 1.761255035962837834e+00 4.021964598191298257e-01
4.306532663316583012e+02 1.876977273489330633e+00 3.738885455080036002e-01
4.363065326633166023e+02 1.938054995230190647e+00 3.580116890685465791e-01
4.419597989949749035e+02 1.982372801762341874e+00 3.452723254593972890e-01
4.476130653266331478e+02 2.019017272647126937e+00 3.335728333428785719e-01
4.532663316582914490e+02 2.051527608138465020e+00 3.220965296223927687e-01
4.589195979899497502e+02 2.081635617621282464e+00 3.104211518227790734e-01
4.645728643216080513e+02 2.110310949010791859e+00 2.982774135489625333e-01
4.702261306532663525e+02 2.138145636995369525e+00 2.854586579880654673e-01
4.758793969849245968e+02 2.165521178215072506e+00 2.717770056346849872e-01
4.815326633165828980e+02 2.192688652114188397e+00 2.570344750651555876e-01
4.871859296482411992e+02 2.219807636021268848e+00 2.409954291525604475e-01
4.928391959798995003e+02 2.246960088955321844e+00 2.233495841653884983e-01
4.984924623115578015e+02 2.274139392855989428e+00 2.036486570716799782e-01
5.041457286432161027e+02 2.301191562075715957e+00 1.811759010593710362e-01
5.097989949748744039e+02 2.327600993746540503e+00 1.546189346601117565e-01
5.154522613065327050e+02 2.351458514042721770e+00 1.209622624230753257e-01
5.211055276381910062e+02 2.356274420970704941e+00 6.780419717533021917e-02
5.267587939698491937e+02 2.322799338040733019e+00 1.640986835151709081e-02
5.324120603015074948e+02 2.280119186471261994e+00 1.672282766339825560e-02
5.380653266331657960e+02 2.255525318007678415e+00 1.691071187840697057e-02
5.437185929648240972e+02 2.238241169448587531e+00 1.704658606653782632e-02
5.493718592964823983e+02 2.225045357545864633e+00 1.715271849150406050e-02
5.550251256281406995e+02 2.214484417738165956e+00 1.723931495226446384e-02
5.606783919597990007e+02 2.205765610267258037e+00 1.731202028890764522e-02
5.663316582914573019e+02 2.198405409003398869e+00 1.737432199660141410e-02
5.719849246231156030e+02 2.192086087536503136e+00 1.742853920306948121e-02
5.776381909547739042e+02 2.186587404398802725e+00 1.747629756616423530e-02
5.832914572864322054e+02 2.181750403503585733e+00 1.751878286629439396e-02
5.889447236180903928e+02 2.177456671122205201e+00 1.755688740013298249e-02
5.945979899497488077e+02 2.173615713398397098e+00 1.759129970071094534e-02
6.002512562814069952e+02 2.170156899906841463e+00 1.762256219629155726e-02
6.059045226130652964e+02 2.167024117769726477e+00 1.765110972383533011e-02
6.115577889447235975e+02 2.164172107948662660e+00 1.767729609224544252e-02
6.172110552763818987e+02 2.161563884938630054e+00 1.770141290625491109e-02
6.228643216080401999e+02 2.159168876517877145e+00 1.772370321860383333e-02
6.285175879396985010e+02 2.156961555173831702e+00 1.774437163228255454e-02
6.341708542713568022e+02 2.154920413237322752e+00 1.776359190846068734e-02
6.398241206030151034e+02 2.153027183289197399e+00 1.778151278567343882e-02
6.454773869346734045e+02 2.151266236814742161e+00 1.779826249275750713e-02
6.511306532663315920e+02 2.149624114518907447e+00 1.781395229243074030e-02
6.567839195979900069e+02 2.148089155319555577e+00 1.782867929492156986e-02
6.624371859296481944e+02 2.146651200278193894e+00 1.784252871490151979e-02
6.680904522613064955e+02 2.145301354122755022e+00 1.785557569862281438e-02
6.737437185929647967e+02 2.144031791516264107e+00 1.786788681558120970e-02
6.793969849246230979e+02 2.142835598438816991e+00 1.787952128599823443e-02
6.850502512562813990e+02 2.141706641377527642e+00 1.789053199815981293e-02
6.907035175879397002e+02 2.140639458725929423e+00 1.790096635696683536e-02
6.963567839195980014e+02 2.139629170060782570e+00 1.791086699648254330e-02
7.020100502512563025e+02 2.138671399914177762e+00 1.792027238144181661e-02
7.076633165829146037e+02 2.137762213378449072e+00 1.792921731784451536e-02
7.133165829145727912e+02 2.136898061431673934e+00 1.793773338863129466e-02
7.189698492462312061e+02 2.136075734295939110e+00 1.794584932705170499e-02
7.246231155778893935e+02 2.135292321470547705e+00 1.795359133823289446e-02
7.302763819095478084e+02 2.134545177340855027e+00 1.796098337716867110e-02
7.359296482412059959e+02 2.133831891467421471e+00 1.796804739004131610e-02
7.415829145728642970e+02 2.133150262822181897e+00 1.797480352440250159e-02
7.472361809045225982e+02 2.132498277367869566e+00 1.798127031317350161e-02
7.528894472361808994e+02 2.131874088481046314e+00 1.798746483579590980e-02
7.585427135678392006e+02 2.131275999803324606e+00 1.799340286024673358e-02
7.641959798994975017e+02 2.130702450173822982e+00 1.799909896839065049e-02
7.698492462311558029e+02 2.130152000351829944e+00 1.800456666689575352e-02
7.755025125628139904e+02 2.129623321284570991e+00 1.800981848577110078e-02
7.811557788944724052e+02 2.129115183712866788e+00 1.801486606598816376e-02
7.868090452261305927e+02 2.128626448938821358e+00 1.801972023779522397e-02
7.924623115577890076e+02 2.128156060605791211e+00 1.802439109069395307e-02
7.981155778894471950e+02 2.127703037362681293e+00 1.802888803613703420e-02
8.037688442211054962e+02 2.127266466302864867e+00 1.803321986393644633e-02
8.094221105527637974e+02 2.126845497083417857e+00 1.803739479305765253e-02
8.150753768844220986e+02 2.126439336643305200e+00 1.804142051738360022e-02
8.207286432160803997e+02 2.126047244450174567e+00 1.804530424715111367e-02
8.263819095477387009e+02 2.125668528214733399e+00 1.804905274638922072e-02
8.320351758793970021e+02 2.125302540019648578e+00 1.805267236703041872e-02
8.376884422110551895e+02 2.124948672816719064e+00 1.805616907976028557e-02
8.433417085427136044e+02 2.124606357251901834e+00 1.805954850218535399e-02
8.489949748743717919e+02 2.124275058782781667e+00 1.806281592451582790e-02
8.546482412060302067e+02 2.123954275057408303e+00 1.806597633298277425e-02
8.603015075376883942e+02 2.123643533527153515e+00 1.806903443130633211e-02
8.659547738693468091e+02 2.123342389269471386e+00 1.807199466028442877e-02
8.716080402010049966e+02 2.123050422999269049e+00 1.807486121586543079e-02
8.772613065326632977e+02 2.122767239250022087e+00 1.807763806558800729e-02
8.829145728643215989e+02 2.122492464707916859e+00 1.808032896389735744e-02
8.885678391959799001e+02 2.122225746684155201e+00 1.808293746608450464e-02
8.942211055276382012e+02 2.121966751712195620e+00 1.808546694120913290e-02
8.998743718592965024e+02 2.121715164258136443e+00 1.808792058399732658e-02
9.055276381909548036e+02 2.121470685533702660e+00 1.809030142590168852e-02
9.111809045226129911e+02 2.121233032402414675e+00 1.809261234519164013e-02
9.168341708542714059e+02 2.121001936370492835e+00 1.809485607646937541e-02
9.224874371859295934e+02 2.120777142654915792e+00 1.809703521938042098e-02
9.281407035175880083e+02 2.120558409321824822e+00 1.809915224668051659e-02
9.337939698492461957e+02 2.120345506489140774e+00 1.810120951182004820e-02
9.394472361809044969e+02 2.120138215587866526e+00 1.810320925594951710e-02
9.451005025125627981e+02 2.119936328677088255e+00 1.810515361435977369e-02
9.507537688442210992e+02 2.119739647808165817e+00 1.810704462264046272e-02
9.564070351758794004e+02 2.119547984434037691e+00 1.810888422230018391e-02
9.620603015075377016e+02 2.119361158859935923e+00 1.811067426598440833e-02
9.677135678391960028e+02 2.119178999732160840e+00 1.811241652251277534e-02
9.733668341708543039e+02 2.119001343561878414e+00 1.811411268139324210e-02
9.790201005025126051e+02 2.118828034281148298e+00 1.811576435716946709e-02
9.846733668341707926e+02 2.118658922828688951e+00 1.811737309343044999e-02
9.903266331658290937e+02 2.118493866763054179e+00 1.811894036659334600e-02
9.959798994974873949e+02 2.118332729901146294e+00 1.812046758942326488e-02
1.001633165829145696e+03 2.118175381980131888e+00 1.812195611440085494e-02
1.007286432160803997e+03 2.118021698341023384e+00 1.812340723676655191e-02
1.012939698492462298e+03 2.117871559632314327e+00 1.812482219748698734e-02
1.018592964824120600e+03 2.117724851532201580e+00 1.812620218599692370e-02
1.024246231155778787e+03 2.117581464488050624e+00 1.812754834275373539e-02
1.029899497487437202e+03 2.117441293471863606e+00 1.812886176175184869e-02
1.035552763819095617e+03 2.117304237750618157e+00 1.813014349267887126e-02
1.041206030150753804e+03 2.117170200670426716e+00 1.813139454319137589e-02
1.046859296482411992e+03 2.117039089453562450e+00 1.813261588091864829e-02
1.052512562814070407e+03 2.116910815007459590e+00 1.813380843530484898e-02
1.058165829145728594e+03 2.116785291744876840e+00 1.813497309955918249e-02
1.063819095477386782e+03 2.116662437414461806e+00 1.813611073221215592e-02
1.069472361809045196e+03 2.116542172941035194e+00 1.813722215884146227e-02
1.075125628140703611e+03 2.116424422274935768e+00 1.813830817357565267e-02
1.080778894472361799e+03 2.116309112249840307e+00 1.813936954046162231e-02
1.086432160804019986e+03 2.116196172448509660e+00 1.814040699495297546e-02
1.092085427135678401e+03 2.116085535075939550e+00 1.814142124509102172e-02
1.097738693467336816e+03 2.115977134839458706e+00 1.814241297280690807e-02
1.103391959798995003e+03 2.115870908835323139e+00 1.814338283503894728e-02
1.109045226130653191e+03 2.115766796441403308e+00 1.814433146483666534e-02
1.114698492462311606e+03 2.115664739215589840e+00 1.814525947245155049e-02
1.120351758793969793e+03 2.115564680799560282e+00 1.814616744623108457e-02
1.126005025125627981e+03 2.115466566827580941e+00 1.814705595364651466e-02
1.131658291457286396e+03 2.115370344840043604e+00 1.814792554214848461e-02
1.137311557788944810e+03 2.115275964201448033e+00 1.814877674004639410e-02
1.142964824120602998e+03 2.115183376022567785e+00 1.814961005720352669e-02
1.148618090452261185e+03 2.115092533086551985e+00 1.815042598598845536e-02
1.154271356783919600e+03 2.115003389778738363e+00 1.815122500183433477e-02
1.159924623115578015e+03 2.114915902019953720e+00 1.815200756400561083e-02
1.165577889447236203e+03 2.114830027203105978e+00 1.815277411629080337e-02
1.171231155778894390e+03 2.114745724132879978e+00 1.815352508754798991e-02
1.176884422110552805e+03 2.114662952968366927e+00 1.815426089237216420e-02
1.182537688442210992e+03 2.114581675168444974e+00 1.815498193161538959e-02
1.188190954773869180e+03 2.114501853439783918e+00 1.815568859297991486e-02
1.193844221105527595e+03 2.114423451687303501e+00 1.815638125152532062e-02
1.199497487437186010e+03 2.114346434966970723e+00 1.815706027010193652e-02
1.205150753768844197e+03 2.114270769440796727e+00 1.815772599990620947e-02
1.210804020100502385e+03 2.114196422333920022e+00 1.815837878091347904e-02
1.216457286432160799e+03 2.114123361893661901e+00 1.815901894227378924e-02
1.222110552763819214e+03 2.114051557350451471e+00 1.815964680271964574e-02
1.227763819095477402e+03 2.113980978880521278e+00 1.816026267102243894e-02
1.233417085427135589e+03 2.113911597570278467e+00 1.816086684630190129e-02
1.239070351758794004e+03 2.113843385382266682e+00 1.816145961842092343e-02
1.244723618090452419e+03 2.113776315122636085e+00 1.816204126831903742e-02
1.250376884422110379e+03 2.113710360410046007e+00 1.816261206833347241e-02
1.256030150753768794e+03 2.113645495645922079e+00 1.816317228253226668e-02
1.261683417085427209e+03 2.113581695986006093e+00 1.816372216699826958e-02
1.267336683417085396e+03 2.113518937313132007e+00 1.816426197013747482e-02
1.272989949748743584e+03 2.113457196211159683e+00 1.816479193291381522e-02
1.278643216080401999e+03 2.113396449940023292e+00 1.816531228916942742e-02
1.284296482412060413e+03 2.113336676411825543e+00 1.816582326584692889e-02
1.289949748743718601e+03 2.113277854167937786e+00 1.816632508322385542e-02
1.295603015075376788e+03 2.113219962357048232e+00 1.816681795514692860e-02
1.301256281407035203e+03 2.113162980714119676e+00 1.816730208931514184e-02
1.306909547738693618e+03 2.113106889540211419e+00 1.816777768741602295e-02
1.312562814070351806e+03 2.113051669683120526e+00 1.816824494533518519e-02
1.318216080402009993e+03 2.112997302518810017e+00 1.816870405343906647e-02
1.323869346733668408e+03 2.112943769933582239e+00 1.816915519667428383e-02
1.329522613065326595e+03 2.112891054306966332e+00 1.816959855477687583e-02
1.335175879396984783e+03 2.112839138495283375e+00 1.817003430245705056e-02
1.340829145728643198e+03 2.112788005815859460e+00 1.817046260957161374e-02
1.346482412060301613e+03 2.112737640031862263e+00 1.817088364129632733e-02
1.352135678391959800e+03 2.112688025337722042e+00 1.817129755820044712e-02
1.357788944723617988e+03 2.112639146345120178e+00 1.817170451652894841e-02
1.363442211055276402e+03 2.112590988069517284e+00 1.817210466822804377e-02
1.369095477386934817e+03 2.112543535917194237e+00 1.817249816115397085e-02
1.374748743718593005e+03 2.112496775672785709e+00 1.817288513917172943e-02
1.380402010050251192e+03 2.112450693487287090e+00 1.817326574229044533e-02
1.386055276381909607e+03 2.112405275866507282e+00 1.817364010681088438e-02
1.391708542713567795e+03 2.112360509659955810e+00 1.817400836539962219e-02
1.397361809045225982e+03 2.112316382050140717e+00 1.817437064724869780e-02
1.403015075376884397e+03 2.112272880542258147e+00 1.817472707813748076e-02
1.408668341708542812e+03 2.112229992954265168e+00 1.817507778060446083e-02
1.414321608040200999e+03 2.112187707407309656e+00 1.817542287394794884e-02
1.419974874371859187e+03 2.112146012316507004e+00 1.817576247447109938e-02
1.425628140703517602e+03 2.112104896382051678e+00 1.817609669542146270e-02
1.431281407035176017e+03 2.112064348580643180e+00 1.817642564718707429e-02
1.436934673366834204e+03 2.112024358157220671e+00 1.817674943733368562e-02
1.442587939698492391e+03 2.111984914616986675e+00 1.817706817072747491e-02
1.448241206030150806e+03 2.111946007717713236e+00 1.817738194957224315e-02
1.453894472361808994e+03 2.111907627462318082e+00 1.817769087355650473e-02
1.459547738693467409e+03 2.111869764091694357e+00 1.817799503982954132e-02
1.465201005025125596e+03 2.111832408077795264e+00 1.817829454317288970e-02
1.470854271356784011e+03 2.111795550116949638e+00 1.817858947602521077e-02
1.476507537688442198e+03 2.111759181123413320e+00 1.817887992854377854e-02
1.482160804020100386e+03 2.111723292223131043e+00 1.817916598867819894e-02
1.487814070351758801e+03 2.111687874747718130e+00 1.817944774229291946e-02
1.493467336683416988e+03 2.111652920228639374e+00 1.817972527310654160e-02
1.499120603015075403e+03 2.111618420391583761e+00 1.817999866285095398e-02
1.504773869346733591e+03 2.111584367151027042e+00 1.818026799133274501e-02
1.510427135678392006e+03 2.111550752604974601e+00 1.818053333639688476e-02
1.516080402010050193e+03 2.111517569029876196e+00 1.818079477409802885e-02
1.521733668341708608e+03 2.111484808875708108e+00 1.818105237865196011e-02
1.527386934673366795e+03 2.111452464761216063e+00 1.818130622254579554e-02
1.533040201005025210e+03 2.111420529469310026e+00 1.818155637657489776e-02
1.538693467336683398e+03 2.111388995942612201e+00 1.818180290989198505e-02
1.544346733668341585e+03 2.111357857279141825e+00 1.818204589004402544e-02
1.550000000000000000e+03 2.111327106728142056e+00 1.818228538298468852e-02
