4.250000000000000000e+02 1.717045891283970116e+00 3.745488229465452346e-01
4.306532663316583012e+02 1.825200054182771092e+00 3.491246786521212675e-01
4.363065326633166023e+02 1.882326271334103573e+00 3.347544288531232315e-01
4.419597989949749035e+02 1.923795382858416003e+00 3.231647133709220632e-01
4.476130653266331478e+02 1.958096612393000591e+00 3.124797364872287098e-01
4.532663316582914490e+02 1.988537837503836725e+00 3.019665884405421385e-01
4.589195979899497502e+02 2.016738267299645226e+00 2.912447377942202764e-01
4.645728643216080513e+02 2.043604899120919249e+00 2.800702830289781842e-01
4.702261306532663525e+02 2.069691876685523901e+00 2.682550640149419796e-01
4.758793969849245968e+02 2.095356696277088648e+00 2.556273047872146265e-01
4.815326633165828980e+02 2.120835214175118555e+00 2.420056279086570949e-01
4.871859296482411992e+02 2.146278264434982486e+00 2.271742496769330877e-01
4.928391959798995003e+02 2.171765171291325736e+00 2.108497943962825139e-01
4.984924623115578015e+02 2.197294840179662589e+00 1.926248608390072059e-01
5.041457286432161027e+02 2.222734767633016695e+00 1.718530536976804468e-01
5.097989949748744039e+02 2.247636060010438364e+00 1.473654544981371495e-01
5.154522613065327050e+02 2.270362968269136861e+00 1.165399165548838545e-01
5.211055276381910062e+02 2.278185515283091434e+00 6.946604206518701419e-02
5.267587939698491937e+02 2.248496206486026328e+00 1.565910267110033269e-02
5.324120603015074948e+02 2.206805741510207142e+00 1.596036533185067954e-02
5.380653266331657960e+02 2.183102250524247001e+00 1.613885348163741212e-02
5.437185929648240972e+02 2.166543517359026616e+00 1.626715427746968506e-02
5.493718592964823983e+02 2.153945301355138398e+00 1.636701455003439221e-02
5.550251256281406995e+02 2.143885652474052605e+00 1.644829864017859772e-02
5.606783919597990007e+02 2.135594243291562222e+00 1.651642500661730517e-02
5.663316582914573019e+02 2.128603452129829599e+00 1.657472477775246908e-02
5.719849246231156030e+02 2.122607089789631640e+00 1.662540487633996922e-02
5.776381909547739042e+02 2.117393491913893477e+00 1.667000782259897909e-02
5.832914572864322054e+02 2.112810224909365431e+00 1.670965613707811950e-02
5.889447236180903928e+02 2.108743935080023668e+00 1.674519290150496692e-02
5.945979899497488077e+02 2.105108122962715100e+00 1.677726763660920134e-02
6.002512562814069952e+02 2.101835359553324345e+00 1.680639134702822945e-02
6.059045226130652964e+02 2.098872132229799625e+00 1.683297320632018423e-02
6.115577889447235975e+02 2.096175318876281946e+00 1.685734580998404439e-02
6.172110552763818987e+02 2.093709708539535086e+00 1.687978304048601622e-02
6.228643216080401999e+02 2.091446216415909998e+00 1.690051300471748924e-02
6.285175879396985010e+02 2.089360572215517742e+00 1.691972759454070385e-02
6.341708542713568022e+02 2.087432338989232417e+00 1.693758967830545983e-02
6.398241206030151034e+02 2.085644167487519685e+00 1.695423859567633459e-02
6.454773869346734045e+02 2.083981221500219583e+00 1.696979441486576312e-02
6.511306532663315920e+02 2.082430729364338706e+00 1.698436127259863107e-02
6.567839195979900069e+02 2.080981629948094547e+00 1.699803002381997108e-02
6.624371859296481944e+02 2.079624290322809266e+00 1.701088036588385699e-02
6.680904522613064955e+02 2.078350278488161784e+00 1.702298255665525908e-02
6.737437185929647967e+02 2.077152178841533470e+00 1.703439881680725645e-02
6.793969849246230979e+02 2.076023441168580952e+00 1.704518448273142570e-02
6.850502512562813990e+02 2.074958256165444492e+00 1.705538896163736121e-02
6.907035175879397002e+02 2.073951452139566776e+00 1.706505652809744283e-02
6.963567839195980014e+02 2.072998408749590737e+00 1.707422699220357415e-02
7.020100502512563025e+02 2.072094984554368136e+00 1.708293626374468577e-02
7.076633165829146037e+02 2.071237455829704643e+00 1.709121683065948152e-02
7.133165829145727912e+02 2.070422464637723170e+00 1.709909816730314711e-02
7.189698492462312061e+02 2.069646974539348872e+00 1.710660708417431966e-02
7.246231155778893935e+02 2.068908232655683133e+00 1.711376802900700309e-02
7.302763819095478084e+02 2.068203737030855027e+00 1.712060334696861169e-02
7.359296482412059959e+02 2.067531208443651014e+00 1.712713350651477728e-02
7.415829145728642970e+02 2.066888565969772440e+00 1.713337729612459184e-02
7.472361809045225982e+02 2.066273905720096504e+00 1.713935199624280759e-02
7.528894472361808994e+02 2.065685482279563612e+00 1.714507353015494104e-02
7.585427135678392006e+02 2.065121692451579616e+00 1.715055659668326613e-02
7.641959798994975017e+02 2.064581060978020410e+00 1.715581478739551524e-02
7.698492462311558029e+02 2.064062227958200602e+00 1.716086069028334785e-02
7.755025125628139904e+02 2.063563937733871700e+00 1.716570598178487894e-02
7.811557788944724052e+02 2.063085029043369989e+00 1.717036150879044931e-02
7.868090452261305927e+02 2.062624426277885004e+00 1.717483736163762792e-02
7.924623115577890076e+02 2.062181131697625069e+00 1.717914293957014185e-02
7.981155778894471950e+02 2.061754218486399282e+00 1.718328700933800454e-02
8.037688442211054962e+02 2.061342824540485008e+00 1.718727775777763658e-02
8.094221105527637974e+02 2.060946146902264520e+00 1.719112283930825102e-02
8.150753768844220986e+02 2.060563436761448930e+00 1.719482941861687902e-02
8.207286432160803997e+02 2.060193994957127295e+00 1.719840420936910239e-02
8.263819095477387009e+02 2.059837167922776935e+00 1.720185350914599232e-02
8.320351758793970021e+02 2.059492344023910348e+00 1.720518323127000551e-02
8.376884422110551895e+02 2.059158950244496022e+00 1.720839893363771897e-02
8.433417085427136044e+02 2.058836449183837125e+00 1.721150584495942035e-02
8.489949748743717919e+02 2.058524336330354032e+00 1.721450888875208918e-02
8.546482412060302067e+02 2.058222137582791156e+00 1.721741270519850861e-02
8.603015075376883942e+02 2.057929406992956789e+00 1.722022167111308608e-02
8.659547738693468091e+02 2.057645724707134249e+00 1.722293991830544518e-02
8.716080402010049966e+02 2.057370695085987133e+00 1.722557135037385695e-02
8.772613065326632977e+02 2.057103944985097854e+00 1.722811965808886125e-02
8.829145728643215989e+02 2.056845122180297469e+00 1.723058833362984058e-02
8.885678391959799001e+02 2.056593893923709615e+00 1.723298068364008742e-02
8.942211055276382012e+02 2.056349945617989672e+00 1.723529984119445344e-02
8.998743718592965024e+02 2.056112979597583656e+00 1.723754877700508364e-02
9.055276381909548036e+02 2.055882714007037482e+00 1.723973030967480488e-02
9.111809045226129911e+02 2.055658881767431279e+00 1.724184711510402118e-02
9.168341708542714059e+02 2.055441229622947841e+00 1.724390173534963086e-02
9.224874371859295934e+02 2.055229517260396932e+00 1.724589658678341714e-02
9.281407035175880083e+02 2.055023516495257052e+00 1.724783396761624121e-02
9.337939698492461957e+02 2.054823010518422421e+00 1.724971606495698945e-02
9.394472361809044969e+02 2.054627793198432695e+00 1.725154496127904308e-02
9.451005025125627981e+02 2.054437668434466513e+00 1.725332264054013631e-02
9.507537688442210992e+02 2.054252449555831639e+00 1.725505099386667393e-02
9.564070351758794004e+02 2.054071958764089434e+00 1.725673182471346850e-02
9.620603015075377016e+02 2.053896026614326242e+00 1.725836685392451858e-02
9.677135678391960028e+02 2.053724491532391117e+00 1.725995772421954483e-02
9.733668341708543039e+02 2.053557199365221297e+00 1.726150600451881179e-02
9.790201005025126051e+02 2.053394002961641540e+00 1.726301319396534792e-02
9.846733668341707926e+02 2.053234761781241424e+00 1.726448072564523359e-02
9.903266331658290937e+02 2.053079341529167934e+00 1.726590997016081222e-02
9.959798994974873949e+02 2.052927613814843788e+00 1.726730223886446119e-02
1.001633165829145696e+03 2.052779455832804967e+00 1.726865878701052195e-02
1.007286432160803997e+03 2.052634750063997870e+00 1.726998081655582717e-02
1.012939698492462298e+03 2.052493383996020881e+00 1.727126947903346102e-02
1.018592964824120600e+03 2.052355249860928321e+00 1.727252587797294819e-02
1.024246231155778787e+03 2.052220244389310277e+00 1.727375107138149485e-02
1.029899497487437202e+03 2.052088268579499442e+00 1.727494607397794119e-02
1.035552763819095617e+03 2.051959227480811165e+00 1.727611185938540683e-02
1.041206030150753804e+03 2.051833029989841961e+00 1.727724936202577541e-02
1.046859296482411992e+03 2.051709588658916505e+00 1.727835947912753981e-02
1.052512562814070407e+03 2.051588819515843820e+00 1.727944307243587524e-02
1.058165829145728594e+03 2.051470641894208136e+00 1.728050096997217622e-02
1.063819095477386782e+03 2.051354978273492335e+00 1.728153396754756807e-02
1.069472361809045196e+03 2.051241754128364736e+00 1.728254283027480520e-02
1.075125628140703611e+03 2.051130897786531015e+00 1.728352829407856298e-02
1.080778894472361799e+03 2.051022340294583302e+00 1.728449106693449866e-02
1.086432160804019986e+03 2.050916015291330385e+00 1.728543183017123772e-02
1.092085427135678401e+03 2.050811858888122341e+00 1.728635123971974594e-02
1.097738693467336816e+03 2.050709809555730789e+00 1.728724992716885664e-02
1.103391959798995003e+03 2.050609808017358926e+00 1.728812850096107107e-02
1.109045226130653191e+03 2.050511797147410054e+00 1.728898754727908188e-02
1.114698492462311606e+03 2.050415721875645136e+00 1.728982763112409810e-02
1.120351758793969793e+03 2.050321529096406081e+00 1.729064929718778648e-02
1.126005025125627981e+03 2.050229167582588996e+00 1.729145307074916524e-02
1.131658291457286396e+03 2.050138587904087650e+00 1.729223945849368491e-02
1.137311557788944810e+03 2.050049742350429582e+00 1.729300894926744103e-02
1.142964824120602998e+03 2.049962584857364156e+00 1.729376201493351348e-02
1.148618090452261185e+03 2.049877070937164092e+00 1.729449911091951453e-02
1.154271356783919600e+03 2.049793157612422867e+00 1.729522067707277636e-02
1.159924623115578015e+03 2.049710803353154365e+00 1.729592713816837171e-02
1.165577889447236203e+03 2.049629968016988268e+00 1.729661890460922405e-02
1.171231155778894390e+03 2.049550612792300885e+00 1.729729637293323657e-02
1.176884422110552805e+03 2.049472700144107318e+00 1.729795992647404496e-02
1.182537688442210992e+03 2.049396193762558216e+00 1.729860993580314629e-02
1.188190954773869180e+03 2.049321058513903004e+00 1.729924675924872368e-02
1.193844221105527595e+03 2.049247260393775694e+00 1.729987074342693304e-02
1.199497487437186010e+03 2.049174766482682486e+00 1.730048222365740060e-02
1.205150753768844197e+03 2.049103544903566387e+00 1.730108152440404737e-02
1.210804020100502385e+03 2.049033564781339578e+00 1.730166895971569849e-02
1.216457286432160799e+03 2.048964796204277405e+00 1.730224483361503945e-02
1.222110552763819214e+03 2.048897210187174966e+00 1.730280944048738848e-02
1.227763819095477402e+03 2.048830778636173022e+00 1.730336306545636818e-02
1.233417085427135589e+03 2.048765474315167090e+00 1.730390598466956947e-02
1.239070351758794004e+03 2.048701270813713560e+00 1.730443846575080782e-02
1.244723618090452419e+03 2.048638142516363114e+00 1.730496076796991800e-02
1.250376884422110379e+03 2.048576064573340183e+00 1.730547314269465647e-02
1.256030150753768794e+03 2.048515012872502261e+00 1.730597583357299310e-02
1.261683417085427209e+03 2.048454964012520474e+00 1.730646907690768996e-02
1.267336683417085396e+03 2.048395895277213441e+00 1.730695310182548893e-02
1.272989949748743584e+03 2.048337784610974044e+00 1.730742813058724558e-02
1.278643216080401999e+03 2.048280610595247797e+00 1.730789437885949314e-02
1.284296482412060413e+03 2.048224352425999317e+00 1.730835205589606116e-02
1.289949748743718601e+03 2.048168989892122038e+00 1.730880136478369843e-02
1.295603015075376788e+03 2.048114503354748983e+00 1.730924250267482090e-02
1.301256281407035203e+03 2.048060873727415743e+00 1.730967566098163060e-02
1.306909547738693618e+03 2.048008082457041024e+00 1.731010102558296071e-02
1.312562814070351806e+03 2.047956111505678578e+00 1.731051877699260264e-02
1.318216080402009993e+03 2.047904943333013872e+00 1.731092909056597060e-02
1.323869346733668408e+03 2.047854560879558861e+00 1.731133213666823795e-02
1.329522613065326595e+03 2.047804947550523558e+00 1.731172808085523068e-02
1.335175879396984783e+03 2.047756087200327091e+00 1.731211708401574415e-02
1.340829145728643198e+03 2.047707964117717605e+00 1.731249930256512776e-02
1.346482412060301613e+03 2.047660563011478363e+00 1.731287488851052797e-02
1.352135678391959800e+03 2.047613868996691178e+00 1.731324398970847042e-02
1.357788944723617988e+03 2.047567867581528311e+00 1.731360674994281840e-02
1.363442211055276402e+03 2.047522544654555965e+00 1.731396330901550581e-02
1.369095477386934817e+03 2.047477886472523156e+00 1.731431380297831016e-02
1.374748743718593005e+03 2.047433879648612010e+00 1.731465836418500520e-02
1.380402010050251192e+03 2.047390511141133018e+00 1.731499712140762218e-02
1.386055276381909607e+03 2.047347768242647970e+00 1.731533019999111078e-02
1.391708542713567795e+03 2.047305638569491659e+00 1.731565772191821784e-02
1.397361809045225982e+03 2.047264110051691066e+00 1.731597980598972505e-02
1.403015075376884397e+03 2.047223170923246904e+00 1.731629656781230250e-02
1.408668341708542812e+03 2.047182809712779772e+00 1.731660811999151395e-02
1.414321608040200999e+03 2.047143015234510255e+00 1.731691457220935898e-02
1.419974874371859187e+03 2.047103776579570322e+00 1.731721603126332859e-02
1.425628140703517602e+03 2.047065083107626027e+00 1.731751260122084066e-02
1.431281407035176017e+03 2.047026924438797302e+00 1.731780438347106307e-02
1.436934673366834204e+03 2.046989290445873522e+00 1.731809147681516795e-02
1.442587939698492391e+03 2.046952171246792407e+00 1.731837397754375923e-02
1.448241206030150806e+03 2.046915557197393820e+00 1.731865197947578955e-02
1.453894472361808994e+03 2.046879438884423141e+00 1.731892557412569728e-02
1.459547738693467409e+03 2.046843807118778447e+00 1.731919485066535022e-02
1.465201005025125596e+03 2.046808652928989947e+00 1.731945989606548109e-02
1.470854271356784011e+03 2.046773967554925910e+00 1.731972079516018448e-02
1.476507537688442198e+03 2.046739742441711751e+00 1.731997763063446161e-02
1.482160804020100386e+03 2.046705969233860056e+00 1.732023048319123598e-02
1.487814070351758801e+03 2.046672639769593349e+00 1.732047943153885994e-02
1.493467336683416988e+03 2.046639746075362698e+00 1.732072455245556308e-02
1.499120603015075403e+03 2.046607280360547509e+00 1.732096592090510284e-02
1.504773869346733591e+03 2.046575235012333849e+00 1.732120361002426751e-02
1.510427135678392006e+03 2.046543602590757960e+00 1.732143769113596299e-02
1.516080402010050193e+03 2.046512375823919427e+00 1.732166823396740635e-02
1.521733668341708608e+03 2.046481547603346218e+00 1.732189530650938766e-02
1.527386934673366795e+03 2.046451110979512045e+00 1.732211897515751123e-02
1.533040201005025210e+03 2.046421059157499833e+00 1.732233930478935258e-02
1.538693467336683398e+03 2.046391385492805526e+00 1.732255635868776636e-02
1.544346733668341585e+03 2.046362083487274219e+00 1.732277019872056206e-02
1.550000000000000000e+03 2.046333146785169976e+00 1.732298088528944416e-02
