4.250000000000000000e+02 1.718634089370243645e+00 3.732406343222164913e-01
4.306532663316583012e+02 1.826958987922372657e+00 3.478482033306058430e-01
4.363065326633166023e+02 1.884184068199301620e+00 3.334744274720154444e-01
4.419597989949749035e+02 1.925731083111874797e+00 3.218688245784292468e-01
4.476130653266331478e+02 1.960101028669667622e+00 3.111604977922260429e-01
4.532663316582914490e+02 1.990606267215907943e+00 3.006180553444613990e-01
4.589195979899497502e+02 2.018868122123566700e+00 2.898613144999115931e-01
4.645728643216080513e+02 2.045794677254085148e+00 2.786461071838983172e-01
4.702261306532663525e+02 2.071940606397174367e+00 2.667835233762196334e-01
4.758793969849245968e+02 2.097663550048062486e+00 2.541005053346067633e-01
4.815326633165828980e+02 2.123199142232998327e+00 2.404136632689483910e-01
4.871859296482411992e+02 2.148697509421821472e+00 2.255040499257310038e-01
4.928391959798995003e+02 2.174236427384546921e+00 2.090831125781229816e-01
4.984924623115578015e+02 2.199811467627430517e+00 1.907343543694270949e-01
5.041457286432161027e+02 2.225282190375602376e+00 1.697935479165537109e-01
5.097989949748744039e+02 2.250176465854377028e+00 1.450501382727455713e-01
5.154522613065327050e+02 2.272756103260053173e+00 1.137481794317406342e-01
5.211055276381910062e+02 2.278623992546441546e+00 6.492595845024037859e-02
5.267587939698491937e+02 2.247893274052366053e+00 1.442666294260337191e-02
5.324120603015074948e+02 2.207162526051546614e+00 1.469787926976145152e-02
5.380653266331657960e+02 2.183822575465042881e+00 1.485973261115157429e-02
5.437185929648240972e+02 2.167460760128266273e+00 1.497645066356932848e-02
5.493718592964823983e+02 2.154987295330039299e+00 1.506746306507217477e-02
5.550251256281406995e+02 2.145014059428566711e+00 1.514163433308183052e-02
5.606783919597990007e+02 2.136786081943575777e+00 1.520385233449479158e-02
5.663316582914573019e+02 2.129843793409637254e+00 1.525713008829344269e-02
5.719849246231156030e+02 2.123885660686533061e+00 1.530346773969068486e-02
5.776381909547739042e+02 2.118702910150087160e+00 1.534426542192726152e-02
5.832914572864322054e+02 2.114145002836713250e+00 1.538054327229182970e-02
5.889447236180903928e+02 2.110099881002619693e+00 1.541306822895451185e-02
5.945979899497488077e+02 2.106481962816257880e+00 1.544243163048335428e-02
6.002512562814069952e+02 2.103224487862929148e+00 1.546909902475071541e-02
6.059045226130652964e+02 2.100274442505219774e+00 1.549344340386807177e-02
6.115577889447235975e+02 2.097589084742775167e+00 1.551576810556005992e-02
6.172110552763818987e+02 2.095133498353512813e+00 1.553632302871497603e-02
6.228643216080401999e+02 2.092878830612191710e+00 1.555531638528284341e-02
6.285175879396985010e+02 2.090800996469251771e+00 1.557292339068066384e-02
6.341708542713568022e+02 2.088879708619623354e+00 1.558929280452989001e-02
6.398241206030151034e+02 2.087097740006393920e+00 1.560455193094181098e-02
6.454773869346734045e+02 2.085440355162667458e+00 1.561881049446749679e-02
6.511306532663315920e+02 2.083894866210294960e+00 1.563216368213272284e-02
6.567839195979900069e+02 2.082450282250670082e+00 1.564469455793142741e-02
6.624371859296481944e+02 2.081097029653350194e+00 1.565647599877072194e-02
6.680904522613064955e+02 2.079826726814190341e+00 1.566757226129029956e-02
6.737437185929647967e+02 2.078632001220478198e+00 1.567804026055130001e-02
6.793969849246230979e+02 2.077506339706222782e+00 1.568793062210810732e-02
6.850502512562813990e+02 2.076443964985531743e+00 1.569728855335769321e-02
6.907035175879397002e+02 2.075439733168502165e+00 1.570615457071551646e-02
6.963567839195980014e+02 2.074489048163101312e+00 1.571456510956385777e-02
7.020100502512563025e+02 2.073587789765594103e+00 1.572255303933987533e-02
7.076633165829146037e+02 2.072732252923027652e+00 1.573014810066020869e-02
7.133165829145727912e+02 2.071919096171801478e+00 1.573737727813319040e-02
7.189698492462312061e+02 2.071145297657726925e+00 1.574426511989618013e-02
7.246231155778893935e+02 2.070408117455009300e+00 1.575083401280805151e-02
7.302763819095478084e+02 2.069705065145957423e+00 1.575710442012231288e-02
7.359296482412059959e+02 2.069033871816030157e+00 1.576309508804847256e-02
7.415829145728642970e+02 2.068392465771932809e+00 1.576882322551671073e-02
7.472361809045225982e+02 2.067778951412839739e+00 1.577430466138403722e-02
7.528894472361808994e+02 2.067191590783183930e+00 1.577955398239303669e-02
7.585427135678392006e+02 2.066628787415012880e+00 1.578458465455753745e-02
7.641959798994975017e+02 2.066089072132524684e+00 1.578940913031473547e-02
7.698492462311558029e+02 2.065571090544239929e+00 1.579403894332664926e-02
7.755025125628139904e+02 2.065073591991605451e+00 1.579848479274094733e-02
7.811557788944724052e+02 2.064595419758573858e+00 1.580275661815898000e-02
7.868090452261305927e+02 2.064135502376323483e+00 1.580686366642161667e-02
7.924623115577890076e+02 2.063692845881897941e+00 1.581081455151082601e-02
7.981155778894471950e+02 2.063266526910124021e+00 1.581461730816887540e-02
8.037688442211054962e+02 2.062855686515370657e+00 1.581827944004165348e-02
8.094221105527637974e+02 2.062459524634256969e+00 1.582180796307709400e-02
8.150753768844220986e+02 2.062077295112601405e+00 1.582520944472261271e-02
8.207286432160803997e+02 2.061708301230317453e+00 1.582849003918139486e-02
8.263819095477387009e+02 2.061351891666737490e+00 1.583165551960151116e-02
8.320351758793970021e+02 2.061007456856362552e+00 1.583471130701698260e-02
8.376884422110551895e+02 2.060674425691457756e+00 1.583766249688186786e-02
8.433417085427136044e+02 2.060352262533400758e+00 1.584051388301258717e-02
8.489949748743717919e+02 2.060040464499430790e+00 1.584326997960758265e-02
8.546482412060302067e+02 2.059738558995514168e+00 1.584593504121283719e-02
8.603015075376883942e+02 2.059446101469556201e+00 1.584851308111742685e-02
8.659547738693468091e+02 2.059162673362261664e+00 1.585100788798959187e-02
8.716080402010049966e+02 2.058887880235563017e+00 1.585342304141765940e-02
8.772613065326632977e+02 2.058621350060863886e+00 1.585576192594058756e-02
8.829145728643215989e+02 2.058362731651344646e+00 1.585802774406292609e-02
8.885678391959799001e+02 2.058111693224332850e+00 1.586022352824407664e-02
8.942211055276382012e+02 2.057867921081280915e+00 1.586235215186531169e-02
8.998743718592965024e+02 2.057631118394249281e+00 1.586441633949967414e-02
9.055276381909548036e+02 2.057401004088963870e+00 1.586641867623542201e-02
9.111809045226129911e+02 2.057177311815584275e+00 1.586836161639139028e-02
9.168341708542714059e+02 2.056959788999221939e+00 1.587024749158444034e-02
9.224874371859295934e+02 2.056748195963078896e+00 1.587207851820673921e-02
9.281407035175880083e+02 2.056542305117789571e+00 1.587385680432867527e-02
9.337939698492461957e+02 2.056341900211193341e+00 1.587558435614075392e-02
9.394472361809044969e+02 2.056146775633338475e+00 1.587726308393583308e-02
9.451005025125627981e+02 2.055956735772018540e+00 1.587889480764688097e-02
9.507537688442210992e+02 2.055771594414599335e+00 1.588048126210914873e-02
9.564070351758794004e+02 2.055591174192294979e+00 1.588202410178198368e-02
9.620603015075377016e+02 2.055415306063416381e+00 1.588352490535071757e-02
9.677135678391960028e+02 2.055243828832429731e+00 1.588498517987372780e-02
9.733668341708543039e+02 2.055076588701965523e+00 1.588640636472709797e-02
9.790201005025126051e+02 2.054913438855166863e+00 1.588778983531951780e-02
9.846733668341707926e+02 2.054754239065998522e+00 1.588913690648010787e-02
9.903266331658290937e+02 2.054598855335366014e+00 1.589044883570142272e-02
9.959798994974873949e+02 2.054447159551059610e+00 1.589172682618217314e-02
1.001633165829145696e+03 2.054299029169723845e+00 1.589297202965607794e-02
1.007286432160803997e+03 2.054154346919208507e+00 1.589418554897931504e-02
1.012939698492462298e+03 2.054013000519784971e+00 1.589536844074238009e-02
1.018592964824120600e+03 2.053874882422853432e+00 1.589652171752939033e-02
1.024246231155778787e+03 2.053739889565867394e+00 1.589764635017444291e-02
1.029899497487437202e+03 2.053607923142315883e+00 1.589874326979170971e-02
1.035552763819095617e+03 2.053478888385694923e+00 1.589981336978906964e-02
1.041206030150753804e+03 2.053352694366480158e+00 1.590085750765594247e-02
1.046859296482411992e+03 2.053229253801204468e+00 1.590187650673504857e-02
1.052512562814070407e+03 2.053108482872798124e+00 1.590287115785254252e-02
1.058165829145728594e+03 2.052990301061430767e+00 1.590384222083465054e-02
1.063819095477386782e+03 2.052874630985141113e+00 1.590479042600866089e-02
1.069472361809045196e+03 2.052761398249603797e+00 1.590571647556278043e-02
1.075125628140703611e+03 2.052650531306424497e+00 1.590662104484870040e-02
1.080778894472361799e+03 2.052541961319404695e+00 1.590750478359911901e-02
1.086432160804019986e+03 2.052435622038262242e+00 1.590836831715797609e-02
1.092085427135678401e+03 2.052331449679317910e+00 1.590921224745834098e-02
1.097738693467336816e+03 2.052229382812718050e+00 1.591003715422258102e-02
1.103391959798995003e+03 2.052129362255763478e+00 1.591084359581262236e-02
1.109045226130653191e+03 2.052031330971975986e+00 1.591163211027472532e-02
1.114698492462311606e+03 2.051935233975536121e+00 1.591240321618805215e-02
1.120351758793969793e+03 2.051841018240770698e+00 1.591315741345663420e-02
1.126005025125627981e+03 2.051748632616373413e+00 1.591389518422623231e-02
1.131658291457286396e+03 2.051658027744075685e+00 1.591461699353540968e-02
1.137311557788944810e+03 2.051569155981504800e+00 1.591532329011944441e-02
1.142964824120602998e+03 2.051481971328975362e+00 1.591601450704630341e-02
1.148618090452261185e+03 2.051396429359980900e+00 1.591669106237991044e-02
1.154271356783919600e+03 2.051312487155175113e+00 1.591735335984299088e-02
1.159924623115578015e+03 2.051230103239638503e+00 1.591800178935382989e-02
1.165577889447236203e+03 2.051149237523236746e+00 1.591863672759056408e-02
1.171231155778894390e+03 2.051069851243900732e+00 1.591925853861081777e-02
1.176884422110552805e+03 2.050991906913659957e+00 1.591986757424781324e-02
1.182537688442210992e+03 2.050915368267275607e+00 1.592046417465954947e-02
1.188190954773869180e+03 2.050840200213326803e+00 1.592104866880791544e-02
1.193844221105527595e+03 2.050766368787617644e+00 1.592162137485381851e-02
1.199497487437186010e+03 2.050693841108777171e+00 1.592218260062176066e-02
1.205150753768844197e+03 2.050622585335927450e+00 1.592273264395257029e-02
1.210804020100502385e+03 2.050552570628318527e+00 1.592327179316746499e-02
1.216457286432160799e+03 2.050483767106817012e+00 1.592380032733662493e-02
1.222110552763819214e+03 2.050416145817149260e+00 1.592431851672885396e-02
1.227763819095477402e+03 2.050349678694813882e+00 1.592482662306578603e-02
1.233417085427135589e+03 2.050284338531569439e+00 1.592532489988748162e-02
1.239070351758794004e+03 2.050220098943417835e+00 1.592581359284811135e-02
1.244723618090452419e+03 2.050156934340004788e+00 1.592629293999751200e-02
1.250376884422110379e+03 2.050094819895371678e+00 1.592676317210443837e-02
1.256030150753768794e+03 2.050033731519977032e+00 1.592722451285417257e-02
1.261683417085427209e+03 2.049973645833935265e+00 1.592767717917147052e-02
1.267336683417085396e+03 2.049914540141409613e+00 1.592812138140395697e-02
1.272989949748743584e+03 2.049856392406094852e+00 1.592855732364482566e-02
1.278643216080401999e+03 2.049799181227744960e+00 1.592898520386023392e-02
1.284296482412060413e+03 2.049742885819686222e+00 1.592940521416993591e-02
1.289949748743718601e+03 2.049687485987278901e+00 1.592981754104418404e-02
1.295603015075376788e+03 2.049632962107266199e+00 1.593022236548657239e-02
1.301256281407035203e+03 2.049579295107982091e+00 1.593061986321682791e-02
1.306909547738693618e+03 2.049526466450369622e+00 1.593101020490921005e-02
1.312562814070351806e+03 2.049474458109771469e+00 1.593139355629151141e-02
1.318216080402009993e+03 2.049423252558460806e+00 1.593177007836937831e-02
1.323869346733668408e+03 2.049372832748870721e+00 1.593213992756694480e-02
1.329522613065326595e+03 2.049323182097497753e+00 1.593250325588135147e-02
1.335175879396984783e+03 2.049274284469442708e+00 1.593286021103717739e-02
1.340829145728643198e+03 2.049226124163559870e+00 1.593321093662687996e-02
1.346482412060301613e+03 2.049178685898191521e+00 1.593355557226514355e-02
1.352135678391959800e+03 2.049131954797454025e+00 1.593389425365950018e-02
1.357788944723617988e+03 2.049085916378060368e+00 1.593422711284818438e-02
1.363442211055276402e+03 2.049040556536641855e+00 1.593455427821494075e-02
1.369095477386934817e+03 2.048995861537561414e+00 1.593487587465708052e-02
1.374748743718593005e+03 2.048951818001184755e+00 1.593519202368382306e-02
1.380402010050251192e+03 2.048908412892598729e+00 1.593550284357032887e-02
1.386055276381909607e+03 2.048865633510748463e+00 1.593580844938628782e-02
1.391708542713567795e+03 2.048823467477983051e+00 1.593610895314988632e-02
1.397361809045225982e+03 2.048781902729986726e+00 1.593640446392599261e-02
1.403015075376884397e+03 2.048740927506081277e+00 1.593669508788250408e-02
1.408668341708542812e+03 2.048700530339886416e+00 1.593698092841634717e-02
1.414321608040200999e+03 2.048660700050315420e+00 1.593726208620977261e-02
1.419974874371859187e+03 2.048621425732900736e+00 1.593753865937021577e-02
1.425628140703517602e+03 2.048582696751428678e+00 1.593781074343081361e-02
1.431281407035176017e+03 2.048544502729877870e+00 1.593807843150415321e-02
1.436934673366834204e+03 2.048506833544637917e+00 1.593834181429665264e-02
1.442587939698492391e+03 2.048469679317010517e+00 1.593860098023440822e-02
1.448241206030150806e+03 2.048433030405966804e+00 1.593885601547754063e-02
1.453894472361808994e+03 2.048396877401166716e+00 1.593910700403206732e-02
1.459547738693467409e+03 2.048361211116211944e+00 1.593935402780598254e-02
1.465201005025125596e+03 2.048326022582138251e+00 1.593959716666538615e-02
1.470854271356784011e+03 2.048291303041130273e+00 1.593983649846266934e-02
1.476507537688442198e+03 2.048257043940449940e+00 1.594007209917616685e-02
1.482160804020100386e+03 2.048223236926571822e+00 1.594030404288263036e-02
1.487814070351758801e+03 2.048189873839519226e+00 1.594053240186895162e-02
1.493467336683416988e+03 2.048156946707385462e+00 1.594075724666033436e-02
1.499120603015075403e+03 2.048124447741046072e+00 1.594097864606236134e-02
1.504773869346733591e+03 2.048092369329038931e+00 1.594119666721697734e-02
1.510427135678392006e+03 2.048060704032618862e+00 1.594141137567240199e-02
1.516080402010050193e+03 2.048029444580974801e+00 1.594162283542514477e-02
1.521733668341708608e+03 2.047998583866601496e+00 1.594183110890633540e-02
1.527386934673366795e+03 2.047968114940824425e+00 1.594203625712121292e-02
1.533040201005025210e+03 2.047938031009465032e+00 1.594223833957971598e-02
1.538693467336683398e+03 2.047908325428654752e+00 1.594243741447775448e-02
1.544346733668341585e+03 2.047878991700772922e+00 1.594263353855812290e-02
1.550000000000000000e+03 2.047850023470520142e+00 1.594282676733353374e-02
