4.250000000000000000e+02 1.734139176558903372e+00 3.902181240080969671e-01
4.306532663316583012e+02 1.848791658453016629e+00 3.625864803044412388e-01
4.363065326633166023e+02 1.909245722780047227e+00 3.471012793019665477e-01
4.419597989949749035e+02 1.953084935795891486e+00 3.346760296998599338e-01
4.476130653266331478e+02 1.989319238859826422e+00 3.232621118729114285e-01
4.532663316582914490e+02 2.021457146496942414e+00 3.120624846979003775e-01
4.589195979899497502e+02 2.051215266912021384e+00 3.006653779966599327e-01
4.645728643216080513e+02 2.079554791997038077e+00 2.888085205297000191e-01
4.702261306532663525e+02 2.107062813043489857e+00 2.762910189606679334e-01
4.758793969849245968e+02 2.134118047646839766e+00 2.629307110579635065e-01
4.815326633165828980e+02 2.160970444128264667e+00 2.485362671367037091e-01
4.871859296482411992e+02 2.187780117534346314e+00 2.328808497020444235e-01
4.928391959798995003e+02 2.214631892066599050e+00 2.156671525332880812e-01
4.984924623115578015e+02 2.241526331542821993e+00 1.964681890112523754e-01
5.041457286432161027e+02 2.268326896509355706e+00 1.746069007386617800e-01
5.097989949748744039e+02 2.294567745855585539e+00 1.488596684499288725e-01
5.154522613065327050e+02 2.318549921604994069e+00 1.164849412135216394e-01
5.211055276381910062e+02 2.327132183419020173e+00 6.716990590984200926e-02
5.267587939698491937e+02 2.296129979899282247e+00 9.959788979696801783e-03
5.324120603015074948e+02 2.252053811021400787e+00 1.015822021455082755e-02
5.380653266331657960e+02 2.227002192368694011e+00 1.027583612172204390e-02
5.437185929648240972e+02 2.209500735386586090e+00 1.036041760281187010e-02
5.493718592964823983e+02 2.196183022803586571e+00 1.042627403937089643e-02
5.550251256281406995e+02 2.185546585954765586e+00 1.047989569396470463e-02
5.606783919597990007e+02 2.176777731255419734e+00 1.052484805020688537e-02
5.663316582914573019e+02 2.169382600022780050e+00 1.056332352318401988e-02
5.719849246231156030e+02 2.163037855550205446e+00 1.059677498418942071e-02
5.776381909547739042e+02 2.157519990501542750e+00 1.062621818741366943e-02
5.832914572864322054e+02 2.152668044830415184e+00 1.065239252143657805e-02
5.889447236180903928e+02 2.148362323434104493e+00 1.067585346641836998e-02
5.945979899497488077e+02 2.144511485579603693e+00 1.069702908765872949e-02
6.002512562814069952e+02 2.141044325785508740e+00 1.071625625073285328e-02
6.059045226130652964e+02 2.137904331818406778e+00 1.073380476074056733e-02
6.115577889447235975e+02 2.135045962008392806e+00 1.074989398175028865e-02
6.172110552763818987e+02 2.132432027586428802e+00 1.076470459609898088e-02
6.228643216080401999e+02 2.130031808119184245e+00 1.077838712147329708e-02
6.285175879396985010e+02 2.127819666732056803e+00 1.079106820615742188e-02
6.341708542713568022e+02 2.125774014222775232e+00 1.080285536511269191e-02
6.398241206030151034e+02 2.123876521836220110e+00 1.081384059916182076e-02
6.454773869346734045e+02 2.122111514549243960e+00 1.082410319977736464e-02
6.511306532663315920e+02 2.120465497554308687e+00 1.083371194971896080e-02
6.567839195979900069e+02 2.118926782484085170e+00 1.084272686928505758e-02
6.624371859296481944e+02 2.117485189318997207e+00 1.085120061626826393e-02
6.680904522613064955e+02 2.116131806416603922e+00 1.085917961875739780e-02
6.737437185929647967e+02 2.114858795667919455e+00 1.086670499961422259e-02
6.793969849246230979e+02 2.113659233044101970e+00 1.087381333674119349e-02
6.850502512562813990e+02 2.112526977154581154e+00 1.088053729312336328e-02
6.907035175879397002e+02 2.111456560165396734e+00 1.088690614209525398e-02
6.963567839195980014e+02 2.110443096707582011e+00 1.089294620831174863e-02
7.020100502512563025e+02 2.109482207365631634e+00 1.089868123985073857e-02
7.076633165829146037e+02 2.108569954063044705e+00 1.090413272408439875e-02
7.133165829145727912e+02 2.107702785217461905e+00 1.090932015711752745e-02
7.189698492462312061e+02 2.106877488966181211e+00 1.091426127458956091e-02
7.246231155778893935e+02 2.106091153095593249e+00 1.091897225052020082e-02
7.302763819095478084e+02 2.105341130568718189e+00 1.092346786909236846e-02
7.359296482412059959e+02 2.104625009750529241e+00 1.092776167375959610e-02
7.415829145728642970e+02 2.103940588593954608e+00 1.093186609724497438e-02
7.472361809045225982e+02 2.103285852179820559e+00 1.093579257510816048e-02
7.528894472361808994e+02 2.102658953108822004e+00 1.093955164532463796e-02
7.585427135678392006e+02 2.102058194328311203e+00 1.094315303613493072e-02
7.641959798994975017e+02 2.101482014045555236e+00 1.094660574330627231e-02
7.698492462311558029e+02 2.100928972435349706e+00 1.094991809870552411e-02
7.755025125628139904e+02 2.100397739896020077e+00 1.095309783125738776e-02
7.811557788944724052e+02 2.099887086645913392e+00 1.095615212088585713e-02
7.868090452261305927e+02 2.099395873483993480e+00 1.095908764706258511e-02
7.924623115577890076e+02 2.098923043564358881e+00 1.096191063181495631e-02
7.981155778894471950e+02 2.098467615056383018e+00 1.096462687866288713e-02
8.037688442211054962e+02 2.098028674580514341e+00 1.096724180728661166e-02
8.094221105527637974e+02 2.097605371325200085e+00 1.096976048500055215e-02
8.150753768844220986e+02 2.097196911763411720e+00 1.097218765490974753e-02
8.207286432160803997e+02 2.096802554898279602e+00 1.097452776157459460e-02
8.263819095477387009e+02 2.096421607976699963e+00 1.097678497415674297e-02
8.320351758793970021e+02 2.096053422617782047e+00 1.097896320732103664e-02
8.376884422110551895e+02 2.095697391309792490e+00 1.098106614053064728e-02
8.433417085427136044e+02 2.095352944235139070e+00 1.098309723515743762e-02
8.489949748743717919e+02 2.095019546387931531e+00 1.098505975062863578e-02
8.546482412060302067e+02 2.094696694953009697e+00 1.098695675864560899e-02
8.603015075376883942e+02 2.094383916919055455e+00 1.098879115655212665e-02
8.659547738693468091e+02 2.094080766901667889e+00 1.099056567947280343e-02
8.716080402010049966e+02 2.093786825155063980e+00 1.099228291134747224e-02
8.772613065326632977e+02 2.093501695753555047e+00 1.099394529520876865e-02
8.829145728643215989e+02 2.093225004926044797e+00 1.099555514252440261e-02
8.885678391959799001e+02 2.092956399528696387e+00 1.099711464193027337e-02
8.942211055276382012e+02 2.092695545642517363e+00 1.099862586705405328e-02
8.998743718592965024e+02 2.092442127284082964e+00 1.100009078403738419e-02
9.055276381909548036e+02 2.092195845218840500e+00 1.100151125819326219e-02
9.111809045226129911e+02 2.091956415867580077e+00 1.100288906040616105e-02
9.168341708542714059e+02 2.091723570297618906e+00 1.100422587285247375e-02
9.224874371859295934e+02 2.091497053291118569e+00 1.100552329446662959e-02
9.281407035175880083e+02 2.091276622483730030e+00 1.100678284591188362e-02
9.337939698492461957e+02 2.091062047567422422e+00 1.100800597427888626e-02
9.394472361809044969e+02 2.090853109551985778e+00 1.100919405733147283e-02
9.451005025125627981e+02 2.090649600080203729e+00 1.101034840758296877e-02
9.507537688442210992e+02 2.090451320792203305e+00 1.101147027604242219e-02
9.564070351758794004e+02 2.090258082734890888e+00 1.101256085567184698e-02
9.620603015075377016e+02 2.090069705812789724e+00 1.101362128471641486e-02
9.677135678391960028e+02 2.089886018276916335e+00 1.101465264960574571e-02
9.733668341708543039e+02 2.089706856248656486e+00 1.101565598797117629e-02
9.790201005025126051e+02 2.089532063275873597e+00 1.101663229119478372e-02
9.846733668341707926e+02 2.089361489918721837e+00 1.101758250689382351e-02
9.903266331658290937e+02 2.089194993362869290e+00 1.101850754130062095e-02
9.959798994974873949e+02 2.089032437058040426e+00 1.101940826141728676e-02
1.001633165829145696e+03 2.088873690379953629e+00 1.102028549706654016e-02
1.007286432160803997e+03 2.088718628313909420e+00 1.102114004281875073e-02
1.012939698492462298e+03 2.088567131158425738e+00 1.102197265977528269e-02
1.018592964824120600e+03 2.088419084247454816e+00 1.102278407732928782e-02
1.024246231155778787e+03 2.088274377689825378e+00 1.102357499464222922e-02
1.029899497487437202e+03 2.088132906124692489e+00 1.102434608229968700e-02
1.035552763819095617e+03 2.087994568491839509e+00 1.102509798356241834e-02
1.041206030150753804e+03 2.087859267815805886e+00 1.102583131583727630e-02
1.046859296482411992e+03 2.087726911002865560e+00 1.102654667184442723e-02
1.052512562814070407e+03 2.087597408649984665e+00 1.102724462082341206e-02
1.058165829145728594e+03 2.087470674864929432e+00 1.102792570967744967e-02
1.063819095477386782e+03 2.087346627096778651e+00 1.102859046393527692e-02
1.069472361809045196e+03 2.087225185976145259e+00 1.102923938893334357e-02
1.075125628140703611e+03 2.087106275164461344e+00 1.102987297057412414e-02
1.080778894472361799e+03 2.086989821211734153e+00 1.103049167622442359e-02
1.086432160804019986e+03 2.086875753422222424e+00 1.103109595573355771e-02
1.092085427135678401e+03 2.086764003727521022e+00 1.103168624204808358e-02
1.097738693467336816e+03 2.086654506566585798e+00 1.103226295204720077e-02
1.103391959798995003e+03 2.086547198772257694e+00 1.103282648723654530e-02
1.109045226130653191e+03 2.086442019463874420e+00 1.103337723444131752e-02
1.114698492462311606e+03 2.086338909945605113e+00 1.103391556643842746e-02
1.120351758793969793e+03 2.086237813610137604e+00 1.103444184256794150e-02
1.126005025125627981e+03 2.086138675847410084e+00 1.103495640932388409e-02
1.131658291457286396e+03 2.086041443958066122e+00 1.103545960090430468e-02
1.137311557788944810e+03 2.085946067071364318e+00 1.103595173972063762e-02
1.142964824120602998e+03 2.085852496067267747e+00 1.103643313686641404e-02
1.148618090452261185e+03 2.085760683502470680e+00 1.103690409266605381e-02
1.154271356783919600e+03 2.085670583540129464e+00 1.103736489706232983e-02
1.159924623115578015e+03 2.085582151883096813e+00 1.103781583006385562e-02
1.165577889447236203e+03 2.085495345710429493e+00 1.103825716215202021e-02
1.171231155778894390e+03 2.085410123617017497e+00 1.103868915466751054e-02
1.176884422110552805e+03 2.085326445556130448e+00 1.103911206015631419e-02
1.182537688442210992e+03 2.085244272784735120e+00 1.103952612277583900e-02
1.188190954773869180e+03 2.085163567811415763e+00 1.103993157858006689e-02
1.193844221105527595e+03 2.085084294346769340e+00 1.104032865586485404e-02
1.199497487437186010e+03 2.085006417256127786e+00 1.104071757547278425e-02
1.205150753768844197e+03 2.084929902514483402e+00 1.104109855103748913e-02
1.210804020100502385e+03 2.084854717163504567e+00 1.104147178932834983e-02
1.216457286432160799e+03 2.084780829270521885e+00 1.104183749051456699e-02
1.222110552763819214e+03 2.084708207889386600e+00 1.104219584832854227e-02
1.227763819095477402e+03 2.084636823023096941e+00 1.104254705041007346e-02
1.233417085427135589e+03 2.084566645588104006e+00 1.104289127852976955e-02
1.239070351758794004e+03 2.084497647380211482e+00 1.104322870869167347e-02
1.244723618090452419e+03 2.084429801041980390e+00 1.104355951149717761e-02
1.250376884422110379e+03 2.084363080031567339e+00 1.104388385228761982e-02
1.256030150753768794e+03 2.084297458592923924e+00 1.104420189128679439e-02
1.261683417085427209e+03 2.084232911727283089e+00 1.104451378386398126e-02
1.267336683417085396e+03 2.084169415165873840e+00 1.104481968067624886e-02
1.272989949748743584e+03 2.084106945343803030e+00 1.104511972783078604e-02
1.278643216080401999e+03 2.084045479375039811e+00 1.104541406708732867e-02
1.284296482412060413e+03 2.083984995028456577e+00 1.104570283593991377e-02
1.289949748743718601e+03 2.083925470704873106e+00 1.104598616783926054e-02
1.295603015075376788e+03 2.083866885415049275e+00 1.104626419231458621e-02
1.301256281407035203e+03 2.083809218758594817e+00 1.104653703507522435e-02
1.306909547738693618e+03 2.083752450903729958e+00 1.104680481823282212e-02
1.312562814070351806e+03 2.083696562567883159e+00 1.104706766030234301e-02
1.318216080402009993e+03 2.083641534999065570e+00 1.104732567644423416e-02
1.323869346733668408e+03 2.083587349957997326e+00 1.104757897844523516e-02
1.329522613065326595e+03 2.083533989700942612e+00 1.104782767502073687e-02
1.335175879396984783e+03 2.083481436963233069e+00 1.104807187173518709e-02
1.340829145728643198e+03 2.083429674943429344e+00 1.104831167120387536e-02
1.346482412060301613e+03 2.083378687288116815e+00 1.104854717317403992e-02
1.352135678391959800e+03 2.083328458077278178e+00 1.104877847464617174e-02
1.357788944723617988e+03 2.083278971810241131e+00 1.104900566985457001e-02
1.363442211055276402e+03 2.083230213392162522e+00 1.104922885052924027e-02
1.369095477386934817e+03 2.083182168121027189e+00 1.104944810583620082e-02
1.374748743718593005e+03 2.083134821675141968e+00 1.104966352255891404e-02
1.380402010050251192e+03 2.083088160101103536e+00 1.104987518509883623e-02
1.386055276381909607e+03 2.083042169802206800e+00 1.105008317555630955e-02
1.391708542713567795e+03 2.082996837527300471e+00 1.105028757389181840e-02
1.397361809045225982e+03 2.082952150360041443e+00 1.105048845788625736e-02
1.403015075376884397e+03 2.082908095708553287e+00 1.105068590330213381e-02
1.408668341708542812e+03 2.082864661295456443e+00 1.105087998384380807e-02
1.414321608040200999e+03 2.082821835148268352e+00 1.105107077133872691e-02
1.419974874371859187e+03 2.082779605590144190e+00 1.105125833571772402e-02
1.425628140703517602e+03 2.082737961230953339e+00 1.105144274503547415e-02
1.431281407035176017e+03 2.082696890958672942e+00 1.105162406571195098e-02
1.436934673366834204e+03 2.082656383931091870e+00 1.105180236233183760e-02
1.442587939698492391e+03 2.082616429567799798e+00 1.105197769792612937e-02
1.448241206030150806e+03 2.082577017542464937e+00 1.105215013383179304e-02
1.453894472361808994e+03 2.082538137775378217e+00 1.105231972991306544e-02
1.459547738693467409e+03 2.082499780426255498e+00 1.105248654446126105e-02
1.465201005025125596e+03 2.082461935887290672e+00 1.105265063433568014e-02
1.470854271356784011e+03 2.082424594776444593e+00 1.105281205494376175e-02
1.476507537688442198e+03 2.082387747930967592e+00 1.105297086038195715e-02
1.482160804020100386e+03 2.082351386401136484e+00 1.105312710333550621e-02
1.487814070351758801e+03 2.082315501444205630e+00 1.105328083521927782e-02
1.493467336683416988e+03 2.082280084518564500e+00 1.105343210619808003e-02
1.499120603015075403e+03 2.082245127278082197e+00 1.105358096520693383e-02
1.504773869346733591e+03 2.082210621566650488e+00 1.105372745999144354e-02
1.510427135678392006e+03 2.082176559412897365e+00 1.105387163712807756e-02
1.516080402010050193e+03 2.082142933025080023e+00 1.105401354208459218e-02
1.521733668341708608e+03 2.082109734786145250e+00 1.105415321926038301e-02
1.527386934673366795e+03 2.082076957248946147e+00 1.105429071196654782e-02
1.533040201005025210e+03 2.082044593131618271e+00 1.105442606248631214e-02
1.538693467336683398e+03 2.082012635313103210e+00 1.105455931213542714e-02
1.544346733668341585e+03 2.081981076828811617e+00 1.105469050122213394e-02
1.550000000000000000e+03 2.081949910866433218e+00 1.105481966912765131e-02
