4.250000000000000000e+02 1.656589848084954797e+00 3.760658619446266560e-01
4.306532663316583012e+02 1.766197960378627307e+00 3.503782064303969102e-01
4.363065326633166023e+02 1.823637799433716511e+00 3.364691127250430958e-01
4.419597989949749035e+02 1.865096318049292545e+00 3.255506803994314691e-01
4.476130653266331478e+02 1.899242841125069692e+00 3.156505026489497823e-01
4.532663316582914490e+02 1.929451818554901443e+00 3.060074544007962971e-01
4.589195979899497502e+02 1.957374209531406395e+00 2.962345663536248841e-01
4.645728643216080513e+02 1.983935184237666016e+00 2.860922277861370766e-01
4.702261306532663525e+02 2.009701344495050446e+00 2.754045836663931435e-01
4.758793969849245968e+02 2.035040780024025331e+00 2.640206890934088113e-01
4.815326633165828980e+02 2.060200849692946257e+00 2.517914159539915153e-01
4.871859296482411992e+02 2.085348083490181192e+00 2.385507707588736259e-01
4.928391959798995003e+02 2.110587533200168675e+00 2.240949086693402315e-01
4.984924623115578015e+02 2.135967220098970110e+00 2.081514743274368306e-01
5.041457286432161027e+02 2.161464419185723074e+00 1.903256999243766179e-01
5.097989949748744039e+02 2.186932825320388574e+00 1.699897245706720461e-01
5.154522613065327050e+02 2.211920703891568696e+00 1.460104655642189553e-01
5.211055276381910062e+02 2.234831388089798310e+00 1.158663762399742697e-01
5.267587939698491937e+02 2.243769642506460382e+00 7.031595804383788950e-02
5.324120603015074948e+02 2.213905166687937687e+00 1.484271079428954240e-02
5.380653266331657960e+02 2.170485100126787970e+00 1.543699038536328408e-02
5.437185929648240972e+02 2.145814306689703077e+00 1.591088951576447377e-02
5.493718592964823983e+02 2.128565877738328282e+00 1.633409249838867205e-02
5.550251256281406995e+02 2.115430275934993443e+00 1.672690104965523367e-02
5.606783919597990007e+02 2.104933266165579298e+00 1.709828727694787803e-02
5.663316582914573019e+02 2.096277056281397488e+00 1.745305723555271027e-02
5.719849246231156030e+02 2.088977465107288989e+00 1.779409469978011568e-02
5.776381909547739042e+02 2.082717358075937497e+00 1.812326695370674104e-02
5.832914572864322054e+02 2.077277347414347553e+00 1.844185251479767487e-02
5.889447236180903928e+02 2.072499277909259252e+00 1.875076603418014687e-02
5.945979899497488077e+02 2.068265395522340899e+00 1.905068620311269056e-02
6.002512562814069952e+02 2.064485715070654592e+00 1.934213296682028849e-02
6.059045226130652964e+02 2.061089979739555211e+00 1.962551635909973863e-02
6.115577889447235975e+02 2.058022337546834724e+00 1.990116855341298244e-02
6.172110552763818987e+02 2.055237699389976580e+00 2.016936553381655506e-02
6.228643216080401999e+02 2.052699177679998765e+00 2.043034210247542462e-02
6.285175879396985010e+02 2.050376241814110934e+00 2.068430247384157178e-02
6.341708542713568022e+02 2.048243362361310549e+00 2.093142786660529692e-02
6.398241206030151034e+02 2.046278996437985054e+00 2.117188200621539576e-02
6.454773869346734045e+02 2.044464816293092291e+00 2.140581514415087691e-02
6.511306532663315920e+02 2.042785114481698638e+00 2.163336700615089980e-02
6.567839195979900069e+02 2.041226339375977528e+00 2.185466895484955777e-02
6.624371859296481944e+02 2.039776728302908904e+00 2.206984556874591955e-02
6.680904522613064955e+02 2.038426014785080120e+00 2.227901578175807418e-02
6.737437185929647967e+02 2.037165192711186901e+00 2.248229368816845666e-02
6.793969849246230979e+02 2.035986324726196450e+00 2.267978908948169170e-02
6.850502512562813990e+02 2.034882385316556519e+00 2.287160783972496877e-02
6.907035175879397002e+02 2.033847131371039119e+00 2.305785203074560072e-02
6.963567839195980014e+02 2.032874994687488002e+00 2.323862004801562423e-02
7.020100502512563025e+02 2.031960992148952094e+00 2.341400651899896296e-02
7.076633165829146037e+02 2.031100650232324334e+00 2.358410216960984962e-02
7.133165829145727912e+02 2.030289941224337369e+00 2.374899359881954206e-02
7.189698492462312061e+02 2.029525229064009118e+00 2.390876297707262080e-02
7.246231155778893935e+02 2.028803223150524637e+00 2.406348767015097090e-02
7.302763819095478084e+02 2.028120938782240312e+00 2.421323978671404212e-02
7.359296482412059959e+02 2.027475663148846863e+00 2.435808564386659700e-02
7.415829145728642970e+02 2.026864926001404665e+00 2.449808514154945896e-02
7.472361809045225982e+02 2.026286474286616901e+00 2.463329103261892999e-02
7.528894472361808994e+02 2.025738250161669640e+00 2.476374807048006485e-02
7.585427135678392006e+02 2.025218371911521764e+00 2.488949201083263604e-02
7.641959798994975017e+02 2.024725117377141892e+00 2.501054843722607876e-02
7.698492462311558029e+02 2.024256909575325558e+00 2.512693137153318435e-02
7.755025125628139904e+02 2.023812304251811689e+00 2.523864161971566336e-02
7.811557788944724052e+02 2.023389979162467878e+00 2.534566478910366821e-02
7.868090452261305927e+02 2.022988724924802639e+00 2.544796889517177835e-02
7.924623115577890076e+02 2.022607437326489510e+00 2.554550145164473027e-02
7.981155778894471950e+02 2.022245111021237385e+00 2.563818590503082889e-02
8.037688442211054962e+02 2.021900834588081786e+00 2.572591723135806904e-02
8.094221105527637974e+02 2.021573786981086140e+00 2.580855645237529680e-02
8.150753768844220986e+02 2.021263235456912000e+00 2.588592374641918506e-02
8.207286432160803997e+02 2.020968535143522704e+00 2.595778971264247822e-02
8.263819095477387009e+02 2.020689130512822285e+00 2.602386418371831905e-02
8.320351758793970021e+02 2.020424559155756139e+00 2.608378174563659793e-02
8.376884422110551895e+02 2.020174458449286448e+00 2.613708277972684110e-02
8.433417085427136044e+02 2.019938575980001705e+00 2.618318833157090228e-02
8.489949748743717919e+02 2.019716784995842396e+00 2.622136634283311202e-02
8.546482412060302067e+02 2.019509106771116613e+00 2.625068560052919164e-02
8.603015075376883942e+02 2.019315742716008888e+00 2.626995190578945358e-02
8.659547738693468091e+02 2.019137120552127573e+00 2.627761799435975043e-02
8.716080402010049966e+02 2.018973961276449458e+00 2.627165386378993439e-02
8.772613065326632977e+02 2.018827377594887285e+00 2.624935594071311704e-02
8.829145728643215989e+02 2.018699021192743359e+00 2.620705926595742752e-02
8.885678391959799001e+02 2.018591307773082821e+00 2.613969140442426106e-02
8.942211055276382012e+02 2.018507769229907378e+00 2.604005984633799009e-02
8.998743718592965024e+02 2.018453618963443663e+00 2.589767554160575525e-02
9.055276381909548036e+02 2.018436681696721635e+00 2.569674203344153585e-02
9.111809045226129911e+02 2.018468948515272476e+00 2.541260277395706452e-02
9.168341708542714059e+02 2.018569152060005756e+00 2.500532945631283449e-02
9.224874371859295934e+02 2.018766611159957147e+00 2.440842723425111840e-02
9.281407035175880083e+02 2.019104164838664506e+00 2.351287250308317991e-02
9.337939698492461957e+02 2.019623690224885859e+00 2.217291614013384288e-02
9.394472361809044969e+02 2.020278331608940103e+00 2.037392504628770390e-02
9.451005025125627981e+02 2.020824622813885529e+00 1.860184851958108718e-02
9.507537688442210992e+02 2.021089348479088166e+00 1.740196471646688128e-02
9.564070351758794004e+02 2.021150978369911311e+00 1.671432783110610165e-02
9.620603015075377016e+02 2.021112110064174683e+00 1.631265123875809409e-02
9.677135678391960028e+02 2.021025432123319199e+00 1.606116406294713986e-02
9.733668341708543039e+02 2.020915002543214989e+00 1.589304877290446949e-02
9.790201005025126051e+02 2.020792380798833499e+00 1.577462428608221445e-02
9.846733668341707926e+02 2.020663561526053531e+00 1.568774720002966833e-02
9.903266331658290937e+02 2.020531873897610797e+00 1.562197007982803719e-02
9.959798994974873949e+02 2.020399271143621167e+00 1.557091677650619503e-02
1.001633165829145696e+03 2.020266948022393816e+00 1.553050036468905590e-02
1.007286432160803997e+03 2.020135657438659305e+00 1.549799131188085537e-02
1.012939698492462298e+03 2.020005882781069850e+00 1.547150241159971421e-02
1.018592964824120600e+03 2.019877936653411865e+00 1.544968991492882797e-02
1.024246231155778787e+03 2.019752019969305756e+00 1.543157264278025367e-02
1.029899497487437202e+03 2.019628258676868793e+00 1.541641841784087766e-02
1.035552763819095617e+03 2.019506727331988216e+00 1.540367044348464089e-02
1.041206030150753804e+03 2.019387464659233355e+00 1.539289821861784119e-02
1.046859296482411992e+03 2.019270484076178374e+00 1.538376398891947577e-02
1.052512562814070407e+03 2.019155780963122648e+00 1.537599930567722095e-02
1.058165829145728594e+03 2.019043337777689739e+00 1.536938832133026220e-02
1.063819095477386782e+03 2.018933127710948572e+00 1.536375567304900519e-02
1.069472361809045196e+03 2.018825117337168074e+00 1.535895755288385796e-02
1.075125628140703611e+03 2.018719268556980140e+00 1.535487503058328984e-02
1.080778894472361799e+03 2.018615540036630129e+00 1.535140899440544555e-02
1.086432160804019986e+03 2.018513888282784219e+00 1.534847627170967711e-02
1.092085427135678401e+03 2.018414268450420046e+00 1.534600662095705892e-02
1.097738693467336816e+03 2.018316634953008837e+00 1.534394037579704835e-02
1.103391959798995003e+03 2.018220941924760758e+00 1.534222658232702909e-02
1.109045226130653191e+03 2.018127143571161408e+00 1.534082151366778987e-02
1.114698492462311606e+03 2.018035194434490531e+00 1.533968747561771824e-02
1.120351758793969793e+03 2.017945049594161322e+00 1.533879183942455683e-02
1.126005025125627981e+03 2.017856664816795043e+00 1.533810625276920726e-02
1.131658291457286396e+03 2.017769996667318821e+00 1.533760599207728732e-02
1.137311557788944810e+03 2.017685002589713061e+00 1.533726942750711884e-02
1.142964824120602998e+03 2.017601640964048038e+00 1.533707757854936224e-02
1.148618090452261185e+03 2.017519871144938914e+00 1.533701374289170132e-02
1.154271356783919600e+03 2.017439653485432416e+00 1.533706318483486070e-02
1.159924623115578015e+03 2.017360949349455090e+00 1.533721287263507121e-02
1.165577889447236203e+03 2.017283721115298967e+00 1.533745125586173652e-02
1.171231155778894390e+03 2.017207932172092377e+00 1.533776807606072011e-02
1.176884422110552805e+03 2.017133546910810704e+00 1.533815420503561143e-02
1.182537688442210992e+03 2.017060530711062061e+00 1.533860150623145985e-02
1.188190954773869180e+03 2.016988849924634675e+00 1.533910271536023662e-02
1.193844221105527595e+03 2.016918471856591566e+00 1.533965133741237163e-02
1.199497487437186010e+03 2.016849364744555118e+00 1.534024155746756962e-02
1.205150753768844197e+03 2.016781497736683804e+00 1.534086816319119376e-02
1.210804020100502385e+03 2.016714840868747860e+00 1.534152647721748544e-02
1.216457286432160799e+03 2.016649365040639186e+00 1.534221229826961998e-02
1.222110552763819214e+03 2.016585041992571714e+00 1.534292184934358573e-02
1.227763819095477402e+03 2.016521844281185860e+00 1.534365173239583477e-02
1.233417085427135589e+03 2.016459745255720915e+00 1.534439888832225471e-02
1.239070351758794004e+03 2.016398719034393494e+00 1.534516056170985229e-02
1.244723618090452419e+03 2.016338740481082414e+00 1.534593426966821689e-02
1.250376884422110379e+03 2.016279785182402584e+00 1.534671777417761888e-02
1.256030150753768794e+03 2.016221829425230094e+00 1.534750905753493565e-02
1.261683417085427209e+03 2.016164850174729128e+00 1.534830630057961755e-02
1.267336683417085396e+03 2.016108825052911335e+00 1.534910786319361627e-02
1.272989949748743584e+03 2.016053732317750313e+00 1.534991226700309699e-02
1.278643216080401999e+03 2.015999550842878296e+00 1.535071817973225443e-02
1.284296482412060413e+03 2.015946260097861931e+00 1.535152440145509493e-02
1.289949748743718601e+03 2.015893840129066028e+00 1.535232985199290641e-02
1.295603015075376788e+03 2.015842271541109731e+00 1.535313355976103238e-02
1.301256281407035203e+03 2.015791535478903107e+00 1.535393465171764477e-02
1.306909547738693618e+03 2.015741613610261496e+00 1.535473234425524004e-02
1.312562814070351806e+03 2.015692488109088742e+00 1.535552593496238016e-02
1.318216080402009993e+03 2.015644141639116427e+00 1.535631479537116761e-02
1.323869346733668408e+03 2.015596557338191541e+00 1.535709836412625477e-02
1.329522613065326595e+03 2.015549718803089974e+00 1.535787614100909623e-02
1.335175879396984783e+03 2.015503610074856233e+00 1.535864768147014725e-02
1.340829145728643198e+03 2.015458215624636562e+00 1.535941259165443315e-02
1.346482412060301613e+03 2.015413520340010756e+00 1.536017052381911420e-02
1.352135678391959800e+03 2.015369509511792057e+00 1.536092117237421520e-02
1.357788944723617988e+03 2.015326168821284458e+00 1.536166426999701663e-02
1.363442211055276402e+03 2.015283484327989871e+00 1.536239958438376761e-02
1.369095477386934817e+03 2.015241442457739396e+00 1.536312691506038809e-02
1.374748743718593005e+03 2.015200029991240704e+00 1.536384609062786330e-02
1.380402010050251192e+03 2.015159234053024218e+00 1.536455696613869826e-02
1.386055276381909607e+03 2.015119042100778746e+00 1.536525942082113405e-02
1.391708542713567795e+03 2.015079441915055281e+00 1.536595335584753363e-02
1.397361809045225982e+03 2.015040421589333608e+00 1.536663869249369971e-02
1.403015075376884397e+03 2.015001969520430425e+00 1.536731537021215899e-02
1.408668341708542812e+03 2.014964074399248517e+00 1.536798334511067787e-02
1.414321608040200999e+03 2.014926725201835467e+00 1.536864258841686738e-02
1.419974874371859187e+03 2.014889911180765658e+00 1.536929308505890525e-02
1.425628140703517602e+03 2.014853621856807830e+00 1.536993483244898651e-02
1.431281407035176017e+03 2.014817847010886620e+00 1.537056783935387451e-02
1.436934673366834204e+03 2.014782576676320769e+00 1.537119212480916354e-02
1.442587939698492391e+03 2.014747801131321125e+00 1.537180771710613437e-02
1.448241206030150806e+03 2.014713510891752435e+00 1.537241465299559080e-02
1.453894472361808994e+03 2.014679696704134493e+00 1.537301297677641336e-02
1.459547738693467409e+03 2.014646349538887549e+00 1.537360273962993205e-02
1.465201005025125596e+03 2.014613460583801086e+00 1.537418399889674096e-02
1.470854271356784011e+03 2.014581021237722869e+00 1.537475681738260241e-02
1.476507537688442198e+03 2.014549023104464709e+00 1.537532126292452325e-02
1.482160804020100386e+03 2.014517457986903182e+00 1.537587740769700076e-02
1.487814070351758801e+03 2.014486317881287292e+00 1.537642532782173936e-02
1.493467336683416988e+03 2.014455594971728658e+00 1.537696510291968778e-02
1.499120603015075403e+03 2.014425281624871555e+00 1.537749681561990413e-02
1.504773869346733591e+03 2.014395370384747253e+00 1.537802055127067240e-02
1.510427135678392006e+03 2.014365853967787778e+00 1.537853639756408403e-02
1.516080402010050193e+03 2.014336725258007998e+00 1.537904444417513040e-02
1.521733668341708608e+03 2.014307977302343566e+00 1.537954478250195232e-02
1.527386934673366795e+03 2.014279603306136757e+00 1.538003750542058304e-02
1.533040201005025210e+03 2.014251596628774621e+00 1.538052270698199789e-02
1.538693467336683398e+03 2.014223950779457706e+00 1.538100048226803337e-02
1.544346733668341585e+03 2.014196659413114432e+00 1.538147092708851832e-02
1.550000000000000000e+03 2.014169716326435378e+00 1.538193413783728487e-02
