4.250000000000000000e+02 1.708689476841080079e+00 3.792121459331523892e-01
4.306532663316583012e+02 1.819353768701766239e+00 3.528507201225764556e-01
4.363065326633166023e+02 1.877740043358497868e+00 3.380303388700506839e-01
4.419597989949749035e+02 1.920094344929274222e+00 3.261161874390210991e-01
4.476130653266331478e+02 1.955110024429365767e+00 3.151569993541404324e-01
4.532663316582914490e+02 1.986173226163736150e+00 3.043923885854430411e-01
4.589195979899497502e+02 2.014941048148378933e+00 2.934288484881650283e-01
4.645728643216080513e+02 2.042341566223742078e+00 2.820152504796633597e-01
4.702261306532663525e+02 2.068941800213716320e+00 2.699588570996818704e-01
4.758793969849245968e+02 2.095107670545602208e+00 2.570846311902457715e-01
4.815326633165828980e+02 2.121080862327542338e+00 2.432085839161220175e-01
4.871859296482411992e+02 2.147016475515206579e+00 2.281125953804639117e-01
4.928391959798995003e+02 2.172997217943719583e+00 2.115110176257950503e-01
4.984924623115578015e+02 2.199025147719418705e+00 1.929942214147776780e-01
5.041457286432161027e+02 2.224971876555144057e+00 1.719141695628041422e-01
5.097989949748744039e+02 2.250397735367810181e+00 1.471039794042209858e-01
5.154522613065327050e+02 2.273707508163142599e+00 1.159671872050812430e-01
5.211055276381910062e+02 2.282885306708887008e+00 6.895307768817766914e-02
5.267587939698491937e+02 2.253284204970402271e+00 1.209383533337042051e-02
5.324120603015074948e+02 2.210179737126416022e+00 1.233384023052342543e-02
5.380653266331657960e+02 2.185767893167803955e+00 1.247554593056368795e-02
5.437185929648240972e+02 2.168742180911223283e+00 1.257724970932586582e-02
5.493718592964823983e+02 2.155799797371410698e+00 1.265633575306104701e-02
5.550251256281406995e+02 2.145470505526556160e+00 1.272066780173665597e-02
5.606783919597990007e+02 2.136959455528528729e+00 1.277455786327904783e-02
5.663316582914573019e+02 2.129784829422070924e+00 1.282065375742365461e-02
5.719849246231156030e+02 2.123631471770998314e+00 1.286070827827835543e-02
5.776381909547739042e+02 2.118281691842905712e+00 1.289594581861982191e-02
5.832914572864322054e+02 2.113578812090947778e+00 1.292725700857636460e-02
5.889447236180903928e+02 2.109406379502087869e+00 1.295531055054603697e-02
5.945979899497488077e+02 2.105675564347571083e+00 1.298062149492217390e-02
6.002512562814069952e+02 2.102317143258110477e+00 1.300359497664550085e-02
6.059045226130652964e+02 2.099276194075831103e+00 1.302455534905907868e-02
6.115577889447235975e+02 2.096508468549400650e+00 1.304376623132148978e-02
6.172110552763818987e+02 2.093977842820219593e+00 1.306144468579935498e-02
6.228643216080401999e+02 2.091654482606010390e+00 1.307777148243970816e-02
6.285175879396985010e+02 2.089513495426329026e+00 1.309289868209650466e-02
6.341708542713568022e+02 2.087533922695004485e+00 1.310695533986151566e-02
6.398241206030151034e+02 2.085697973961989415e+00 1.312005186193821067e-02
6.454773869346734045e+02 2.083990436885381214e+00 1.313228338100880244e-02
6.511306532663315920e+02 2.082398216839925542e+00 1.314373240380884572e-02
6.567839195979900069e+02 2.080909973574877725e+00 1.315447091161173372e-02
6.624371859296481944e+02 2.079515831495692524e+00 1.316456204371860110e-02
6.680904522613064955e+02 2.078207146474440048e+00 1.317406145933780123e-02
6.737437185929647967e+02 2.076976316541770728e+00 1.318301844873427144e-02
6.793969849246230979e+02 2.075816626986445534e+00 1.319147684701575153e-02
6.850502512562813990e+02 2.074722122683904324e+00 1.319947579108633404e-02
6.907035175879397002e+02 2.073687502157147478e+00 1.320705035062771232e-02
6.963567839195980014e+02 2.072708029119974871e+00 1.321423205780703110e-02
7.020100502512563025e+02 2.071779458186937983e+00 1.322104935420538932e-02
7.076633165829146037e+02 2.070897972141601429e+00 1.322752797000542428e-02
7.133165829145727912e+02 2.070060128695101032e+00 1.323369124748815552e-02
7.189698492462312061e+02 2.069262815083458218e+00 1.323956041810123163e-02
7.246231155778893935e+02 2.068503209175740931e+00 1.324515484117009222e-02
7.302763819095478084e+02 2.067778746018544389e+00 1.325049220998494870e-02
7.359296482412059959e+02 2.067087088942060280e+00 1.325558873077572510e-02
7.415829145728642970e+02 2.066426104511655648e+00 1.326045927865646817e-02
7.472361809045225982e+02 2.065793840735578257e+00 1.326511753382333784e-02
7.528894472361808994e+02 2.065188508041291282e+00 1.326957610113838754e-02
7.585427135678392006e+02 2.064608462615237894e+00 1.327384661533242624e-02
7.641959798994975017e+02 2.064052191767744571e+00 1.327793983373703503e-02
7.698492462311558029e+02 2.063518301039419800e+00 1.328186571863828463e-02
7.755025125628139904e+02 2.063005502810209002e+00 1.328563351000843634e-02
7.811557788944724052e+02 2.062512606209274235e+00 1.328925179064797263e-02
7.868090452261305927e+02 2.062038508154450334e+00 1.329272854397104027e-02
7.924623115577890076e+02 2.061582185375488319e+00 1.329607120586341271e-02
7.981155778894471950e+02 2.061142687296549258e+00 1.329928671109909671e-02
8.037688442211054962e+02 2.060719129671225502e+00 1.330238153511384587e-02
8.094221105527637974e+02 2.060310688878315588e+00 1.330536173151164805e-02
8.150753768844220986e+02 2.059916596799257427e+00 1.330823296599368752e-02
8.207286432160803997e+02 2.059536136208791390e+00 1.331100054699529966e-02
8.263819095477387009e+02 2.059168636619544301e+00 1.331366945338064052e-02
8.320351758793970021e+02 2.058813470528959133e+00 1.331624435962584091e-02
8.376884422110551895e+02 2.058470050023625042e+00 1.331872965876923672e-02
8.433417085427136044e+02 2.058137823701733815e+00 1.332112948305558958e-02
8.489949748743717919e+02 2.057816273879273350e+00 1.332344772310015135e-02
8.546482412060302067e+02 2.057504914049765876e+00 1.332568804509667859e-02
8.603015075376883942e+02 2.057203286570995715e+00 1.332785390672628495e-02
8.659547738693468091e+02 2.056910960555319523e+00 1.332994857165617324e-02
8.716080402010049966e+02 2.056627529942870236e+00 1.333197512286669016e-02
8.772613065326632977e+02 2.056352611739360015e+00 1.333393647481115676e-02
8.829145728643215989e+02 2.056085844402244067e+00 1.333583538476216385e-02
8.885678391959799001e+02 2.055826886360830663e+00 1.333767446306465335e-02
8.942211055276382012e+02 2.055575414657492050e+00 1.333945618274844092e-02
8.998743718592965024e+02 2.055331123698545870e+00 1.334118288826975467e-02
9.055276381909548036e+02 2.055093724104577024e+00 1.334285680370044837e-02
9.111809045226129911e+02 2.054862941651065089e+00 1.334448004020054139e-02
9.168341708542714059e+02 2.054638516291116268e+00 1.334605460300895829e-02
9.224874371859295934e+02 2.054420201252964873e+00 1.334758239790414733e-02
9.281407035175880083e+02 2.054207762205626508e+00 1.334906523718602800e-02
9.337939698492461957e+02 2.054000976486761498e+00 1.335050484523041606e-02
9.394472361809044969e+02 2.053799632387394603e+00 1.335190286366707071e-02
9.451005025125627981e+02 2.053603528488650909e+00 1.335326085619897851e-02
9.507537688442210992e+02 2.053412473046141162e+00 1.335458031306382097e-02
9.564070351758794004e+02 2.053226283418041032e+00 1.335586265523827122e-02
9.620603015075377016e+02 2.053044785533280958e+00 1.335710923825280186e-02
9.677135678391960028e+02 2.052867813396599850e+00 1.335832135598347993e-02
9.733668341708543039e+02 2.052695208627506318e+00 1.335950024390595257e-02
9.790201005025126051e+02 2.052526820030466936e+00 1.336064708232754042e-02
9.846733668341707926e+02 2.052362503193876364e+00 1.336176299933196018e-02
9.903266331658290937e+02 2.052202120115583117e+00 1.336284907361990661e-02
9.959798994974873949e+02 2.052045538852940165e+00 1.336390633711297300e-02
1.001633165829145696e+03 2.051892633195519178e+00 1.336493577730465260e-02
1.007286432160803997e+03 2.051743282358802212e+00 1.336593833967447513e-02
1.012939698492462298e+03 2.051597370697286316e+00 1.336691492979997543e-02
1.018592964824120600e+03 2.051454787435588401e+00 1.336786641534959408e-02
1.024246231155778787e+03 2.051315426416237209e+00 1.336879362807299500e-02
1.029899497487437202e+03 2.051179185862964438e+00 1.336969736547341005e-02
1.035552763819095617e+03 2.051045968158387467e+00 1.337057839261070885e-02
1.041206030150753804e+03 2.050915679635072486e+00 1.337143744363672275e-02
1.046859296482411992e+03 2.050788230379054333e+00 1.337227522326232473e-02
1.052512562814070407e+03 2.050663534044945724e+00 1.337309240830583147e-02
1.058165829145728594e+03 2.050541507681852949e+00 1.337388964880814081e-02
1.063819095477386782e+03 2.050422071569362181e+00 1.337466756949512621e-02
1.069472361809045196e+03 2.050305149062929821e+00 1.337542677087341994e-02
1.075125628140703611e+03 2.050190666448047150e+00 1.337616783035819670e-02
1.080778894472361799e+03 2.050078552802606424e+00 1.337689130335003793e-02
1.086432160804019986e+03 2.049968739866937284e+00 1.337759772422774003e-02
1.092085427135678401e+03 2.049861161921016528e+00 1.337828760734017207e-02
1.097738693467336816e+03 2.049755755668393853e+00 1.337896144783124776e-02
1.103391959798995003e+03 2.049652460126411224e+00 1.337961972258027918e-02
1.109045226130653191e+03 2.049551216522318864e+00 1.338026289095897887e-02
1.114698492462311606e+03 2.049451968194922813e+00 1.338089139558776806e-02
1.120351758793969793e+03 2.049354660501425673e+00 1.338150566314121916e-02
1.126005025125627981e+03 2.049259240729138121e+00 1.338210610493714876e-02
1.131658291457286396e+03 2.049165658011773417e+00 1.338269311764131615e-02
1.137311557788944810e+03 2.049073863250043814e+00 1.338326708393840388e-02
1.142964824120602998e+03 2.048983809036310610e+00 1.338382837303658118e-02
1.148618090452261185e+03 2.048895449583038708e+00 1.338437734130436436e-02
1.154271356783919600e+03 2.048808740654844307e+00 1.338491433274112581e-02
1.159924623115578015e+03 2.048723639503917671e+00 1.338543967953018284e-02
1.165577889447236203e+03 2.048640104808636675e+00 1.338595370250855905e-02
1.171231155778894390e+03 2.048558096615177959e+00 1.338645671166958234e-02
1.176884422110552805e+03 2.048477576281967139e+00 1.338694900653245555e-02
1.182537688442210992e+03 2.048398506426800214e+00 1.338743087657789932e-02
1.188190954773869180e+03 2.048320850876493182e+00 1.338790260174984974e-02
1.193844221105527595e+03 2.048244574618919511e+00 1.338836445265833772e-02
1.199497487437186010e+03 2.048169643757297820e+00 1.338881669109727446e-02
1.205150753768844197e+03 2.048096025466619619e+00 1.338925957031322604e-02
1.210804020100502385e+03 2.048023687952089666e+00 1.338969333534030005e-02
1.216457286432160799e+03 2.047952600409479462e+00 1.339011822336803360e-02
1.222110552763819214e+03 2.047882732987288179e+00 1.339053446397639631e-02
1.227763819095477402e+03 2.047814056750617340e+00 1.339094227945355695e-02
1.233417085427135589e+03 2.047746543646667750e+00 1.339134188511347488e-02
1.239070351758794004e+03 2.047680166471776975e+00 1.339173348944753053e-02
1.244723618090452419e+03 2.047614898839916542e+00 1.339211729452472778e-02
1.250376884422110379e+03 2.047550715152573808e+00 1.339249349609330716e-02
1.256030150753768794e+03 2.047487590569947447e+00 1.339286228391435921e-02
1.261683417085427209e+03 2.047425500983395263e+00 1.339322384192952707e-02
1.267336683417085396e+03 2.047364422989061516e+00 1.339357834846174357e-02
1.272989949748743584e+03 2.047304333862636216e+00 1.339392597649877691e-02
1.278643216080401999e+03 2.047245211535184684e+00 1.339426689376114164e-02
1.284296482412060413e+03 2.047187034569995401e+00 1.339460126300202024e-02
1.289949748743718601e+03 2.047129782140394205e+00 1.339492924212474720e-02
1.295603015075376788e+03 2.047073434008484849e+00 1.339525098436650588e-02
1.301256281407035203e+03 2.047017970504765305e+00 1.339556663846539104e-02
1.306909547738693618e+03 2.046963372508580292e+00 1.339587634882738638e-02
1.312562814070351806e+03 2.046909621429369608e+00 1.339618025564354858e-02
1.318216080402009993e+03 2.046856699188676743e+00 1.339647849505686168e-02
1.323869346733668408e+03 2.046804588202878694e+00 1.339677119936216569e-02
1.329522613065326595e+03 2.046753271366607674e+00 1.339705849699057705e-02
1.335175879396984783e+03 2.046702732036830064e+00 1.339734051275902511e-02
1.340829145728643198e+03 2.046652954017551096e+00 1.339761736800374262e-02
1.346482412060301613e+03 2.046603921545121718e+00 1.339788918058108964e-02
1.352135678391959800e+03 2.046555619274116999e+00 1.339815606510039517e-02
1.357788944723617988e+03 2.046508032263758103e+00 1.339841813297441842e-02
1.363442211055276402e+03 2.046461145964857398e+00 1.339867549255265543e-02
1.369095477386934817e+03 2.046414946207265828e+00 1.339892824918830980e-02
1.374748743718593005e+03 2.046369419187791028e+00 1.339917650533837754e-02
1.380402010050251192e+03 2.046324551458575947e+00 1.339942036072997410e-02
1.386055276381909607e+03 2.046280329915908247e+00 1.339965991234436105e-02
1.391708542713567795e+03 2.046236741789455138e+00 1.339989525453348651e-02
1.397361809045225982e+03 2.046193774631887230e+00 1.340012647921938298e-02
1.403015075376884397e+03 2.046151416308890525e+00 1.340035367574552404e-02
1.408668341708542812e+03 2.046109654989544335e+00 1.340057693117557326e-02
1.414321608040200999e+03 2.046068479137044260e+00 1.340079633027727903e-02
1.419974874371859187e+03 2.046027877499769332e+00 1.340101195553946786e-02
1.425628140703517602e+03 2.045987839102659134e+00 1.340122388733816679e-02
1.431281407035176017e+03 2.045948353238910666e+00 1.340143220397012336e-02
1.436934673366834204e+03 2.045909409461962536e+00 1.340163698166976433e-02
1.442587939698492391e+03 2.045870997577766470e+00 1.340183829474209630e-02
1.448241206030150806e+03 2.045833107637327508e+00 1.340203621559618759e-02
1.453894472361808994e+03 2.045795729929508422e+00 1.340223081476206099e-02
1.459547738693467409e+03 2.045758854974081498e+00 1.340242216100698443e-02
1.465201005025125596e+03 2.045722473515021012e+00 1.340261032138546915e-02
1.470854271356784011e+03 2.045686576514027077e+00 1.340279536118984573e-02
1.476507537688442198e+03 2.045651155144270206e+00 1.340297734418248975e-02
1.482160804020100386e+03 2.045616200784347694e+00 1.340315633246352833e-02
1.487814070351758801e+03 2.045581705012446072e+00 1.340333238663676298e-02
1.493467336683416988e+03 2.045547659600698953e+00 1.340350556580990372e-02
1.499120603015075403e+03 2.045514056509732725e+00 1.340367592762792964e-02
1.504773869346733591e+03 2.045480887883394772e+00 1.340384352833956169e-02
1.510427135678392006e+03 2.045448146043656212e+00 1.340400842281404097e-02
1.516080402010050193e+03 2.045415823485678963e+00 1.340417066459101587e-02
1.521733668341708608e+03 2.045383912873052434e+00 1.340433030594700460e-02
1.527386934673366795e+03 2.045352407033175446e+00 1.340448739791211957e-02
1.533040201005025210e+03 2.045321298952794908e+00 1.340464199025369167e-02
1.538693467336683398e+03 2.045290581773683947e+00 1.340479413159238568e-02
1.544346733668341585e+03 2.045260248788461688e+00 1.340494386938578288e-02
1.550000000000000000e+03 2.045230293436543167e+00 1.340509124999480356e-02
