4.250000000000000000e+02 1.673528809344232871e+00 3.726520071915649379e-01
4.306532663316583012e+02 1.781767678110573128e+00 3.472192370126858108e-01
4.363065326633166023e+02 1.838634245902249775e+00 3.331707750269854995e-01
4.419597989949749035e+02 1.879749969257886955e+00 3.220128585878158090e-01
4.476130653266331478e+02 1.913654599716391402e+00 3.118322463379915588e-01
4.532663316582914490e+02 1.943673726884777686e+00 3.018882387242109999e-01
4.589195979899497502e+02 1.971435075099553735e+00 2.918025144397013992e-01
4.645728643216080513e+02 1.997851121648622552e+00 2.813391484887188820e-01
4.702261306532663525e+02 2.023480818152787464e+00 2.703232274512843980e-01
4.758793969849245968e+02 2.048687221623761712e+00 2.586027140300358740e-01
4.815326633165828980e+02 2.073714006775229546e+00 2.460253468615641037e-01
4.871859296482411992e+02 2.098724528139361833e+00 2.324193676749934656e-01
4.928391959798995003e+02 2.123820353258768723e+00 2.175711194878144350e-01
4.984924623115578015e+02 2.149044439570556353e+00 2.011913449503082429e-01
5.041457286432161027e+02 2.174364565809354666e+00 1.828543557492858240e-01
5.097989949748744039e+02 2.199612114527339291e+00 1.618693418874435352e-01
5.154522613065327050e+02 2.224267189792143551e+00 1.369501451510918011e-01
5.211055276381910062e+02 2.246406746769920915e+00 1.050566794688330835e-01
5.267587939698491937e+02 2.246909285318494653e+00 5.224599170375755774e-02
5.324120603015074948e+02 2.212863831629028333e+00 1.124992042253343018e-02
5.380653266331657960e+02 2.174211816008883691e+00 1.145336902284222261e-02
5.437185929648240972e+02 2.151471718748449558e+00 1.157771732443333562e-02
5.493718592964823983e+02 2.135324258598233271e+00 1.166839739134355354e-02
5.550251256281406995e+02 2.122912869549267612e+00 1.173958537040095326e-02
5.606783919597990007e+02 2.112929919433809367e+00 1.179786833854871986e-02
5.663316582914573019e+02 2.104655333029072040e+00 1.184692308762516806e-02
5.719849246231156030e+02 2.097646826880035675e+00 1.188903637651478849e-02
5.776381909547739042e+02 2.091612193577819134e+00 1.192573672712567666e-02
5.832914572864322054e+02 2.086347983515021376e+00 1.195810009584520779e-02
5.889447236180903928e+02 2.081706811428161163e+00 1.198691406537391070e-02
5.945979899497488077e+02 2.077578528258936075e+00 1.201277308398705952e-02
6.002512562814069952e+02 2.073878715804860828e+00 1.203613706877358289e-02
6.059045226130652964e+02 2.070541316929599862e+00 1.205736919648863446e-02
6.115577889447235975e+02 2.067513729985219761e+00 1.207676122165165199e-02
6.172110552763818987e+02 2.064753437513018763e+00 1.209455098550869107e-02
6.228643216080401999e+02 2.062225625939392515e+00 1.211093485335973732e-02
6.285175879396985010e+02 2.059901465609763171e+00 1.212607675460194295e-02
6.341708542713568022e+02 2.057756842774272510e+00 1.214011488555435253e-02
6.398241206030151034e+02 2.055771408187305749e+00 1.215316676689940679e-02
6.454773869346734045e+02 2.053927852089986406e+00 1.216533311856858764e-02
6.511306532663315920e+02 2.052211344014348349e+00 1.217670086988415987e-02
6.567839195979900069e+02 2.050609094539911137e+00 1.218734552671220210e-02
6.624371859296481944e+02 2.049110008599313915e+00 1.219733305379025468e-02
6.680904522613064955e+02 2.047704408413493216e+00 1.220672138657014592e-02
6.737437185929647967e+02 2.046383810016906057e+00 1.221556165685595136e-02
6.793969849246230979e+02 2.045140741476582313e+00 1.222389919470327595e-02
6.850502512562813990e+02 2.043968593872425021e+00 1.223177435373972756e-02
6.907035175879397002e+02 2.042861498255389652e+00 1.223922319584228036e-02
6.963567839195980014e+02 2.041814223378506821e+00 1.224627806326559695e-02
7.020100502512563025e+02 2.040822090168305181e+00 1.225296805901235353e-02
7.076633165829146037e+02 2.039880899784786816e+00 1.225931945316515760e-02
7.133165829145727912e+02 2.038986872785965687e+00 1.226535602789351372e-02
7.189698492462312061e+02 2.038136597424226260e+00 1.227109937218538553e-02
7.246231155778893935e+02 2.037326985496517473e+00 1.227656913466148442e-02
7.302763819095478084e+02 2.036555234477598120e+00 1.228178324142198408e-02
7.359296482412059959e+02 2.035818794906541829e+00 1.228675808452677973e-02
7.415829145728642970e+02 2.035115342186965659e+00 1.229150868585047671e-02
7.472361809045225982e+02 2.034442752112778585e+00 1.229604883971953735e-02
7.528894472361808994e+02 2.033799079552268019e+00 1.230039123793423214e-02
7.585427135678392006e+02 2.033182539820780121e+00 1.230454757949922887e-02
7.641959798994975017e+02 2.032591492351100815e+00 1.230852866705496595e-02
7.698492462311558029e+02 2.032024426334770428e+00 1.231234449234226702e-02
7.755025125628139904e+02 2.031479948060054941e+00 1.231600431168035012e-02
7.811557788944724052e+02 2.030956769715379640e+00 1.231951671318315747e-02
7.868090452261305927e+02 2.030453699462617667e+00 1.232288967647165653e-02
7.924623115577890076e+02 2.029969632614112118e+00 1.232613062613584394e-02
7.981155778894471950e+02 2.029503543771868035e+00 1.232924647939948222e-02
8.037688442211054962e+02 2.029054479807859579e+00 1.233224368906530276e-02
8.094221105527637974e+02 2.028621553581612336e+00 1.233512828194837339e-02
8.150753768844220986e+02 2.028203938305706000e+00 1.233790589364966786e-02
8.207286432160803997e+02 2.027800862482092459e+00 1.234058179979790650e-02
8.263819095477387009e+02 2.027411605342478218e+00 1.234316094435295927e-02
8.320351758793970021e+02 2.027035492734872602e+00 1.234564796536342934e-02
8.376884422110551895e+02 2.026671893405894487e+00 1.234804721813711516e-02
8.433417085427136044e+02 2.026320215634894062e+00 1.235036279648303939e-02
8.489949748743717919e+02 2.025979904181447910e+00 1.235259855192651600e-02
8.546482412060302067e+02 2.025650437512545032e+00 1.235475811135505579e-02
8.603015075376883942e+02 2.025331325279879024e+00 1.235684489299438901e-02
8.659547738693468091e+02 2.025022106021186374e+00 1.235886212118817405e-02
8.716080402010049966e+02 2.024722345062667905e+00 1.236081283978912766e-02
8.772613065326632977e+02 2.024431632602170072e+00 1.236269992454368076e-02
8.829145728643215989e+02 2.024149581955136501e+00 1.236452609445634794e-02
8.885678391959799001e+02 2.023875827947373640e+00 1.236629392211951485e-02
8.942211055276382012e+02 2.023610025440428561e+00 1.236800584342497532e-02
8.998743718592965024e+02 2.023351847976946338e+00 1.236966416635469634e-02
9.055276381909548036e+02 2.023100986534728474e+00 1.237127107923041702e-02
9.111809045226129911e+02 2.022857148379416881e+00 1.237282865819088785e-02
9.168341708542714059e+02 2.022620056006783518e+00 1.237433887422184978e-02
9.224874371859295934e+02 2.022389446166541926e+00 1.237580359957893630e-02
9.281407035175880083e+02 2.022165068960424250e+00 1.237722461391009207e-02
9.337939698492461957e+02 2.021946687007984966e+00 1.237860360964825220e-02
9.394472361809044969e+02 2.021734074674272463e+00 1.237994219735732634e-02
9.451005025125627981e+02 2.021527017354052269e+00 1.238124191042254234e-02
9.507537688442210992e+02 2.021325310807800424e+00 1.238250420958846715e-02
9.564070351758794004e+02 2.021128760545147340e+00 1.238373048704063603e-02
9.620603015075377016e+02 2.020937181251843295e+00 1.238492207044402174e-02
9.677135678391960028e+02 2.020750396256702608e+00 1.238608022641903006e-02
9.733668341708543039e+02 2.020568237035301085e+00 1.238720616402945798e-02
9.790201005025126051e+02 2.020390542747495299e+00 1.238830103785265244e-02
9.846733668341707926e+02 2.020217159806106277e+00 1.238936595100884920e-02
9.903266331658290937e+02 2.020047941474331310e+00 1.239040195793505821e-02
9.959798994974873949e+02 2.019882747489683439e+00 1.239141006692181558e-02
1.001633165829145696e+03 2.019721443712428677e+00 1.239239124257450128e-02
1.007286432160803997e+03 2.019563901796678440e+00 1.239334640812786263e-02
1.012939698492462298e+03 2.019409998882456758e+00 1.239427644752442992e-02
1.018592964824120600e+03 2.019259617307184396e+00 1.239518220745425454e-02
1.024246231155778787e+03 2.019112644335176121e+00 1.239606449923075573e-02
1.029899497487437202e+03 2.018968971903841503e+00 1.239692410061040903e-02
1.035552763819095617e+03 2.018828496385403959e+00 1.239776175743107292e-02
1.041206030150753804e+03 2.018691118363038939e+00 1.239857818512293645e-02
1.046859296482411992e+03 2.018556742420416938e+00 1.239937407032503172e-02
1.052512562814070407e+03 2.018425276943737412e+00 1.240015007219556591e-02
1.058165829145728594e+03 2.018296633935376949e+00 1.240090682372069208e-02
1.063819095477386782e+03 2.018170728838384775e+00 1.240164493303970265e-02
1.069472361809045196e+03 2.018047480371077729e+00 1.240236498448241825e-02
1.075125628140703611e+03 2.017926810371075685e+00 1.240306753982016973e-02
1.080778894472361799e+03 2.017808643648146383e+00 1.240375313926499537e-02
1.086432160804019986e+03 2.017692907845288541e+00 1.240442230237826307e-02
1.092085427135678401e+03 2.017579533307517714e+00 1.240507552921104976e-02
1.097738693467336816e+03 2.017468452957865921e+00 1.240571330094237743e-02
1.103391959798995003e+03 2.017359602180126998e+00 1.240633608087464944e-02
1.109045226130653191e+03 2.017252918707934661e+00 1.240694431526718003e-02
1.114698492462311606e+03 2.017148342519768267e+00 1.240753843390056572e-02
1.120351758793969793e+03 2.017045815739526571e+00 1.240811885105202322e-02
1.126005025125627981e+03 2.016945282542325746e+00 1.240868596595110646e-02
1.131658291457286396e+03 2.016846689065202369e+00 1.240924016352120719e-02
1.137311557788944810e+03 2.016749983322429163e+00 1.240978181503102351e-02
1.142964824120602998e+03 2.016655115125167264e+00 1.241031127860239662e-02
1.148618090452261185e+03 2.016562036005195679e+00 1.241082889977138289e-02
1.154271356783919600e+03 2.016470699142482559e+00 1.241133501208466390e-02
1.159924623115578015e+03 2.016381059296373124e+00 1.241182993749875840e-02
1.165577889447236203e+03 2.016293072740182879e+00 1.241231398695779274e-02
1.171231155778894390e+03 2.016206697199004694e+00 1.241278746073832227e-02
1.176884422110552805e+03 2.016121891790546794e+00 1.241325064902643049e-02
1.182537688442210992e+03 2.016038616968828467e+00 1.241370383215461420e-02
1.188190954773869180e+03 2.015956834470576275e+00 1.241414728114250896e-02
1.193844221105527595e+03 2.015876507264168893e+00 1.241458125795114574e-02
1.199497487437186010e+03 2.015797599500994686e+00 1.241500601598738256e-02
1.205150753768844197e+03 2.015720076469083022e+00 1.241542180023249772e-02
1.210804020100502385e+03 2.015643904548894305e+00 1.241582884779983235e-02
1.216457286432160799e+03 2.015569051171147041e+00 1.241622738808086622e-02
1.222110552763819214e+03 2.015495484776574919e+00 1.241661764306996492e-02
1.227763819095477402e+03 2.015423174777514426e+00 1.241699982772472184e-02
1.233417085427135589e+03 2.015352091521219968e+00 1.241737415011153096e-02
1.239070351758794004e+03 2.015282206254827901e+00 1.241774081180136748e-02
1.244723618090452419e+03 2.015213491091869091e+00 1.241810000797931302e-02
1.250376884422110379e+03 2.015145918980264295e+00 1.241845192782217722e-02
1.256030150753768794e+03 2.015079463671719751e+00 1.241879675455411988e-02
1.261683417085427209e+03 2.015014099692453264e+00 1.241913466585978405e-02
1.267336683417085396e+03 2.014949802315180616e+00 1.241946583390394522e-02
1.272989949748743584e+03 2.014886547532309891e+00 1.241979042565501644e-02
1.278643216080401999e+03 2.014824312030270015e+00 1.242010860299390569e-02
1.284296482412060413e+03 2.014763073164928198e+00 1.242042052300156192e-02
1.289949748743718601e+03 2.014702808938037659e+00 1.242072633801402995e-02
1.295603015075376788e+03 2.014643497974668573e+00 1.242102619587406517e-02
1.301256281407035203e+03 2.014585119501570709e+00 1.242132023996816818e-02
1.306909547738693618e+03 2.014527653326432244e+00 1.242160860960318282e-02
1.312562814070351806e+03 2.014471079817976573e+00 1.242189143991805078e-02
1.318216080402009993e+03 2.014415379886876245e+00 1.242216886217090491e-02
1.323869346733668408e+03 2.014360534967430283e+00 1.242244100379370775e-02
1.329522613065326595e+03 2.014306526999976921e+00 1.242270798860771984e-02
1.335175879396984783e+03 2.014253338414007555e+00 1.242296993686016482e-02
1.340829145728643198e+03 2.014200952111946386e+00 1.242322696540383749e-02
1.346482412060301613e+03 2.014149351453567771e+00 1.242347918775154984e-02
1.352135678391959800e+03 2.014098520241021539e+00 1.242372671427351659e-02
1.357788944723617988e+03 2.014048442704441388e+00 1.242396965223385025e-02
1.363442211055276402e+03 2.013999103488103071e+00 1.242420810591636331e-02
1.369095477386934817e+03 2.013950487637117703e+00 1.242444217671460557e-02
1.374748743718593005e+03 2.013902580584626900e+00 1.242467196322185989e-02
1.380402010050251192e+03 2.013855368139488622e+00 1.242489756139258418e-02
1.386055276381909607e+03 2.013808836474416886e+00 1.242511906448937574e-02
1.391708542713567795e+03 2.013762972114574890e+00 1.242533656331583532e-02
1.397361809045225982e+03 2.013717761926581584e+00 1.242555014618135049e-02
1.403015075376884397e+03 2.013673193107933024e+00 1.242575989906240935e-02
1.408668341708542812e+03 2.013629253176806078e+00 1.242596590560308446e-02
1.414321608040200999e+03 2.013585929962236509e+00 1.242616824727629625e-02
1.419974874371859187e+03 2.013543211594652327e+00 1.242636700336637035e-02
1.425628140703517602e+03 2.013501086496748194e+00 1.242656225111239514e-02
1.431281407035176017e+03 2.013459543374689797e+00 1.242675406570861035e-02
1.436934673366834204e+03 2.013418571209625973e+00 1.242694252035837256e-02
1.442587939698492391e+03 2.013378159249507249e+00 1.242712768645319599e-02
1.448241206030150806e+03 2.013338297001189936e+00 1.242730963350160110e-02
1.453894472361808994e+03 2.013298974222814675e+00 1.242748842918304890e-02
1.459547738693467409e+03 2.013260180916457198e+00 1.242766413956264589e-02
1.465201005025125596e+03 2.013221907321024684e+00 1.242783682891275727e-02
1.470854271356784011e+03 2.013184143905403456e+00 1.242800655996342991e-02
1.476507537688442198e+03 2.013146881361839835e+00 1.242817339384904088e-02
1.482160804020100386e+03 2.013110110599543479e+00 1.242833739012642533e-02
1.487814070351758801e+03 2.013073822738512764e+00 1.242849860693591088e-02
1.493467336683416988e+03 2.013038009103560899e+00 1.242865710094793845e-02
1.499120603015075403e+03 2.013002661218551648e+00 1.242881292741688896e-02
1.504773869346733591e+03 2.012967770800817124e+00 1.242896614027060899e-02
1.510427135678392006e+03 2.012933329755768330e+00 1.242911679209275644e-02
1.516080402010050193e+03 2.012899330171679324e+00 1.242926493421230016e-02
1.521733668341708608e+03 2.012865764314643258e+00 1.242941061668585007e-02
1.527386934673366795e+03 2.012832624623695388e+00 1.242955388840501045e-02
1.533040201005025210e+03 2.012799903706089300e+00 1.242969479702509331e-02
1.538693467336683398e+03 2.012767594332730337e+00 1.242983338912605207e-02
1.544346733668341585e+03 2.012735689433753805e+00 1.242996971014117234e-02
1.550000000000000000e+03 2.012704182094246175e+00 1.243010380444654721e-02
