4.250000000000000000e+02 1.650638917491757507e+00 3.786839691493326665e-01
4.306532663316583012e+02 1.760349157611808879e+00 3.522490956233774173e-01
4.363065326633166023e+02 1.817944182431424860e+00 3.377356139374882993e-01
4.419597989949749035e+02 1.859565229165667688e+00 3.262557446093528046e-01
4.476130653266331478e+02 1.893872709716478031e+00 3.158137425850368607e-01
4.532663316582914490e+02 1.924238264152902778e+00 3.056389799173294675e-01
4.589195979899497502e+02 1.952311794927504396e+00 2.953391623698155555e-01
4.645728643216080513e+02 1.979018027847417205e+00 2.846707613418866800e-01
4.702261306532663525e+02 2.004923305413282897e+00 2.734542378860022604e-01
4.758793969849245968e+02 2.030395410037534987e+00 2.615344523405454535e-01
4.815326633165828980e+02 2.055681137370160005e+00 2.487568380901436227e-01
4.871859296482411992e+02 2.080945906184986871e+00 2.349477065960895450e-01
4.928391959798995003e+02 2.106292569448155128e+00 2.198915471245284636e-01
4.984924623115578015e+02 2.131764688107824046e+00 2.032970523931280915e-01
5.041457286432161027e+02 2.157329866592839540e+00 1.847359631139930125e-01
5.097989949748744039e+02 2.182818073889549293e+00 1.635139171614895803e-01
5.154522613065327050e+02 2.207705239204136749e+00 1.383396515780004887e-01
5.211055276381910062e+02 2.230055984313074280e+00 1.061680637242505831e-01
5.267587939698491937e+02 2.230912914229752353e+00 5.317839735884873076e-02
5.324120603015074948e+02 2.196722069328739035e+00 1.110197472552534523e-02
5.380653266331657960e+02 2.157454950379420477e+00 1.130758342567208564e-02
5.437185929648240972e+02 2.134386023631182461e+00 1.143318241118160966e-02
5.493718592964823983e+02 2.118013803522258431e+00 1.152478228156833540e-02
5.550251256281406995e+02 2.105432900294032184e+00 1.159671057633063565e-02
5.606783919597990007e+02 2.095315025783036855e+00 1.165561805527365498e-02
5.663316582914573019e+02 2.086929287731161597e+00 1.170521509543869312e-02
5.719849246231156030e+02 2.079826980450572016e+00 1.174780868477138911e-02
5.776381909547739042e+02 2.073711753638037170e+00 1.178494063519478288e-02
5.832914572864322054e+02 2.068377322706118626e+00 1.181769618196647741e-02
5.889447236180903928e+02 2.063674274846489798e+00 1.184686968279725222e-02
5.945979899497488077e+02 2.059490960320271569e+00 1.187306070526964429e-02
6.002512562814069952e+02 2.055741819298331219e+00 1.189673314066777045e-02
6.059045226130652964e+02 2.052359906424971570e+00 1.191825331917597403e-02
6.115577889447235975e+02 2.049291915903955541e+00 1.193791554332280201e-02
6.172110552763818987e+02 2.046494763098943181e+00 1.195595974463706766e-02
6.228643216080401999e+02 2.043933171292596551e+00 1.197258402581151057e-02
6.285175879396985010e+02 2.041577928111184992e+00 1.198795377661602581e-02
6.341708542713568022e+02 2.039404600221421671e+00 1.200220843323068255e-02
6.398241206030151034e+02 2.037392569031299061e+00 1.201546657810982632e-02
6.454773869346734045e+02 2.035524295890079216e+00 1.202782984771177954e-02
6.511306532663315920e+02 2.033784754364487579e+00 1.203938596803844942e-02
6.567839195979900069e+02 2.032160986126423818e+00 1.205021114193806017e-02
6.624371859296481944e+02 2.030641749629368498e+00 1.206037194744728931e-02
6.680904522613064955e+02 2.029217239353320323e+00 1.206992686253964726e-02
6.737437185929647967e+02 2.027878859359918184e+00 1.207892750143655172e-02
6.793969849246230979e+02 2.026619039099919917e+00 1.208741962488109507e-02
6.850502512562813990e+02 2.025431082419633544e+00 1.209544397285346358e-02
6.907035175879397002e+02 2.024309042891477173e+00 1.210303695509101600e-02
6.963567839195980014e+02 2.023247620193687979e+00 1.211023122812140800e-02
7.020100502512563025e+02 2.022242073452701128e+00 1.211705618004735308e-02
7.076633165829146037e+02 2.021288148354222436e+00 1.212353834020013163e-02
7.133165829145727912e+02 2.020382015505864715e+00 1.212970172741704121e-02
7.189698492462312061e+02 2.019520218052361482e+00 1.213556814715947146e-02
7.246231155778893935e+02 2.018699626944381986e+00 1.214115744674133975e-02
7.302763819095478084e+02 2.017917402573326857e+00 1.214648773500876140e-02
7.359296482412059959e+02 2.017170961728647516e+00 1.215157557259998258e-02
7.415829145728642970e+02 2.016457949027054219e+00 1.215643613709210119e-02
7.472361809045225982e+02 2.015776212116313637e+00 1.216108336712481974e-02
7.528894472361808994e+02 2.015123780078955207e+00 1.216553008847184002e-02
7.585427135678392006e+02 2.014498844559951873e+00 1.216978812459620918e-02
7.641959798994975017e+02 2.013899743222321348e+00 1.217386839429059585e-02
7.698492462311558029e+02 2.013324945199580274e+00 1.217778099755864943e-02
7.755025125628139904e+02 2.012773038267159365e+00 1.218153529206269202e-02
7.811557788944724052e+02 2.012242717498549105e+00 1.218513996075219936e-02
7.868090452261305927e+02 2.011732775207979440e+00 1.218860307224317943e-02
7.924623115577890076e+02 2.011242092011346294e+00 1.219193213472477208e-02
7.981155778894471950e+02 2.010769628861949876e+00 1.219513414408924211e-02
8.037688442211054962e+02 2.010314419938394437e+00 1.219821562719361832e-02
8.094221105527637974e+02 2.009875566279460735e+00 1.220118268075513768e-02
8.150753768844220986e+02 2.009452230075405410e+00 1.220404100637831682e-02
8.207286432160803997e+02 2.009043629537578646e+00 1.220679594206227660e-02
8.263819095477387009e+02 2.008649034278736867e+00 1.220945249093404600e-02
8.320351758793970021e+02 2.008267761145372976e+00 1.221201534698664916e-02
8.376884422110551895e+02 2.007899170451021398e+00 1.221448891867204199e-02
8.433417085427136044e+02 2.007542662565992231e+00 1.221687735023285759e-02
8.489949748743717919e+02 2.007197674824606093e+00 1.221918454118291718e-02
8.546482412060302067e+02 2.006863678715797850e+00 1.222141416403591148e-02
8.603015075376883942e+02 2.006540177327107433e+00 1.222356968050784982e-02
8.659547738693468091e+02 2.006226703015678403e+00 1.222565435638140255e-02
8.716080402010049966e+02 2.005922815282974003e+00 1.222767127501968136e-02
8.772613065326632977e+02 2.005628098832636486e+00 1.222962334997032205e-02
8.829145728643215989e+02 2.005342161793261191e+00 1.223151333626462320e-02
8.885678391959799001e+02 2.005064634089912978e+00 1.223334384099677465e-02
8.942211055276382012e+02 2.004795165950005842e+00 1.223511733309557217e-02
8.998743718592965024e+02 2.004533426530740847e+00 1.223683615218271008e-02
9.055276381909548036e+02 2.004279102656676859e+00 1.223850251682889918e-02
9.111809045226129911e+02 2.004031897657226224e+00 1.224011853228259943e-02
9.168341708542714059e+02 2.003791530294938283e+00 1.224168619734684361e-02
9.224874371859295934e+02 2.003557733776384797e+00 1.224320741114984235e-02
9.281407035175880083e+02 2.003330254838275426e+00 1.224468397899458258e-02
9.337939698492461957e+02 2.003108852902214299e+00 1.224611761806891630e-02
9.394472361809044969e+02 2.002893299292122453e+00 1.224750996272712736e-02
9.451005025125627981e+02 2.002683376508969104e+00 1.224886256921722816e-02
9.507537688442210992e+02 2.002478877557953396e+00 1.225017692034457463e-02
9.564070351758794004e+02 2.002279605323763700e+00 1.225145442956505036e-02
9.620603015075377016e+02 2.002085371989932749e+00 1.225269644497997863e-02
9.677135678391960028e+02 2.001895998498701257e+00 1.225390425292536591e-02
9.733668341708543039e+02 2.001711314048119306e+00 1.225507908151858040e-02
9.790201005025126051e+02 2.001531155623418545e+00 1.225622210372812396e-02
9.846733668341707926e+02 2.001355367559958687e+00 1.225733444043822749e-02
9.903266331658290937e+02 2.001183801135285378e+00 1.225841716318254102e-02
9.959798994974873949e+02 2.001016314188061695e+00 1.225947129685537457e-02
1.001633165829145696e+03 2.000852770761827326e+00 1.226049782207478712e-02
1.007286432160803997e+03 2.000693040771713616e+00 1.226149767757830043e-02
1.012939698492462298e+03 2.000536999692400730e+00 1.226247176227115987e-02
1.018592964824120600e+03 2.000384528265763517e+00 1.226342093736213987e-02
1.024246231155778787e+03 2.000235512226760104e+00 1.226434602824301445e-02
1.029899497487437202e+03 2.000089842046246957e+00 1.226524782625685456e-02
1.035552763819095617e+03 1.999947412689519810e+00 1.226612709040062615e-02
1.041206030150753804e+03 1.999808123389463343e+00 1.226698454893509690e-02
1.046859296482411992e+03 1.999671877433286449e+00 1.226782090087510588e-02
1.052512562814070407e+03 1.999538581961908257e+00 1.226863681738750260e-02
1.058165829145728594e+03 1.999408147781121858e+00 1.226943294312407388e-02
1.063819095477386782e+03 1.999280489183738352e+00 1.227020989751671266e-02
1.069472361809045196e+03 1.999155523781975807e+00 1.227096827592638953e-02
1.075125628140703611e+03 1.999033172349404586e+00 1.227170865078175757e-02
1.080778894472361799e+03 1.998913358671824625e+00 1.227243157263512713e-02
1.086432160804019986e+03 1.998796009406490715e+00 1.227313757115397995e-02
1.092085427135678401e+03 1.998681053949141306e+00 1.227382715611145467e-02
1.097738693467336816e+03 1.998568424308333924e+00 1.227450081824921560e-02
1.103391959798995003e+03 1.998458054986624655e+00 1.227515903012136103e-02
1.109045226130653191e+03 1.998349882868155181e+00 1.227580224692845917e-02
1.114698492462311606e+03 1.998243847112254556e+00 1.227643090727845686e-02
1.120351758793969793e+03 1.998139889052677143e+00 1.227704543389263221e-02
1.126005025125627981e+03 1.998037952102137416e+00 1.227764623432896218e-02
1.131658291457286396e+03 1.997937981661814355e+00 1.227823370158734329e-02
1.137311557788944810e+03 1.997839925035531650e+00 1.227880821476847774e-02
1.142964824120602998e+03 1.997743731348327723e+00 1.227937013963279443e-02
1.148618090452261185e+03 1.997649351469165113e+00 1.227991982921311336e-02
1.154271356783919600e+03 1.997556737937524529e+00 1.228045762429124006e-02
1.159924623115578015e+03 1.997465844893669518e+00 1.228098385391030584e-02
1.165577889447236203e+03 1.997376628012359268e+00 1.228149883591382781e-02
1.171231155778894390e+03 1.997289044439821026e+00 1.228200287733072389e-02
1.176884422110552805e+03 1.997203052733789397e+00 1.228249627485941860e-02
1.182537688442210992e+03 1.997118612806445315e+00 1.228297931527931597e-02
1.188190954773869180e+03 1.997035685870090838e+00 1.228345227580773975e-02
1.193844221105527595e+03 1.996954234385406091e+00 1.228391542453794762e-02
1.199497487437186010e+03 1.996874222012151590e+00 1.228436902078648869e-02
1.205150753768844197e+03 1.996795613562173832e+00 1.228481331537705987e-02
1.210804020100502385e+03 1.996718374954600472e+00 1.228524855104163628e-02
1.216457286432160799e+03 1.996642473173096732e+00 1.228567496272194894e-02
1.222110552763819214e+03 1.996567876225083138e+00 1.228609277782560620e-02
1.227763819095477402e+03 1.996494553102799996e+00 1.228650221656334661e-02
1.233417085427135589e+03 1.996422473746132464e+00 1.228690349218671332e-02
1.239070351758794004e+03 1.996351609007095629e+00 1.228729681126171716e-02
1.244723618090452419e+03 1.996281930615900757e+00 1.228768237394234353e-02
1.250376884422110379e+03 1.996213411148514361e+00 1.228806037415355011e-02
1.256030150753768794e+03 1.996146023995641228e+00 1.228843099988257900e-02
1.261683417085427209e+03 1.996079743333054601e+00 1.228879443337071824e-02
1.267336683417085396e+03 1.996014544093204668e+00 1.228915085127787847e-02
1.272989949748743584e+03 1.995950401938048513e+00 1.228950042498254923e-02
1.278643216080401999e+03 1.995887293233033599e+00 1.228984332068290553e-02
1.284296482412060413e+03 1.995825195022179477e+00 1.229017969963333047e-02
1.289949748743718601e+03 1.995764085004209987e+00 1.229050971829049807e-02
1.295603015075376788e+03 1.995703941509675339e+00 1.229083352849550878e-02
1.301256281407035203e+03 1.995644743479024985e+00 1.229115127764690736e-02
1.306909547738693618e+03 1.995586470441581106e+00 1.229146310883749184e-02
1.312562814070351806e+03 1.995529102495370743e+00 1.229176916102718044e-02
1.318216080402009993e+03 1.995472620287776166e+00 1.229206956913451478e-02
1.323869346733668408e+03 1.995417004996966837e+00 1.229236446424552924e-02
1.329522613065326595e+03 1.995362238314072334e+00 1.229265397369608617e-02
1.335175879396984783e+03 1.995308302426067160e+00 1.229293822121740355e-02
1.340829145728643198e+03 1.995255179999330108e+00 1.229321732704538768e-02
1.346482412060301613e+03 1.995202854163850237e+00 1.229349140804797402e-02
1.352135678391959800e+03 1.995151308498050557e+00 1.229376057784339893e-02
1.357788944723617988e+03 1.995100527014196379e+00 1.229402494689132638e-02
1.363442211055276402e+03 1.995050494144370301e+00 1.229428462261102258e-02
1.369095477386934817e+03 1.995001194726981675e+00 1.229453970947240286e-02
1.374748743718593005e+03 1.994952613993789869e+00 1.229479030909606634e-02
1.380402010050251192e+03 1.994904737557418262e+00 1.229503652033523547e-02
1.386055276381909607e+03 1.994857551399339846e+00 1.229527843939377980e-02
1.391708542713567795e+03 1.994811041858306488e+00 1.229551615987197095e-02
1.397361809045225982e+03 1.994765195619214060e+00 1.229574977289347310e-02
1.403015075376884397e+03 1.994719999702374125e+00 1.229597936713297014e-02
1.408668341708542812e+03 1.994675441453181541e+00 1.229620502894310761e-02
1.414321608040200999e+03 1.994631508532157094e+00 1.229642684240915551e-02
1.419974874371859187e+03 1.994588188905352943e+00 1.229664488938559883e-02
1.425628140703517602e+03 1.994545470835103362e+00 1.229685924962298747e-02
1.431281407035176017e+03 1.994503342871106533e+00 1.229707000081351614e-02
1.436934673366834204e+03 1.994461793841824315e+00 1.229727721860045253e-02
1.442587939698492391e+03 1.994420812846186886e+00 1.229748097674104000e-02
1.448241206030150806e+03 1.994380389245588914e+00 1.229768134707978806e-02
1.453894472361808994e+03 1.994340512656167519e+00 1.229787839964812876e-02
1.459547738693467409e+03 1.994301172941347344e+00 1.229807220270087015e-02
1.465201005025125596e+03 1.994262360204643869e+00 1.229826282278873896e-02
1.470854271356784011e+03 1.994224064782717409e+00 1.229845032477674613e-02
1.476507537688442198e+03 1.994186277238661154e+00 1.229863477193474976e-02
1.482160804020100386e+03 1.994148988355519458e+00 1.229881622594677232e-02
1.487814070351758801e+03 1.994112189130027080e+00 1.229899474700153240e-02
1.493467336683416988e+03 1.994075870766556235e+00 1.229917039377464820e-02
1.499120603015075403e+03 1.994040024671269729e+00 1.229934322353720862e-02
1.504773869346733591e+03 1.994004642446465692e+00 1.229951329215600575e-02
1.510427135678392006e+03 1.993969715885113292e+00 1.229968065414791326e-02
1.516080402010050193e+03 1.993935236965564961e+00 1.229984536270718742e-02
1.521733668341708608e+03 1.993901197846444262e+00 1.230000746976885398e-02
1.527386934673366795e+03 1.993867590861700734e+00 1.230016702601792813e-02
1.533040201005025210e+03 1.993834408515824386e+00 1.230032408093473077e-02
1.538693467336683398e+03 1.993801643479213848e+00 1.230047868283118059e-02
1.544346733668341585e+03 1.993769288583694399e+00 1.230063087887802928e-02
1.550000000000000000e+03 1.993737336818180328e+00 1.230078071514114496e-02
