4.250000000000000000e+02 1.649818062576424937e+00 3.601816334200795833e-01
4.306532663316583012e+02 1.753905070472082217e+00 3.361255780764577095e-01
4.363065326633166023e+02 1.808633040118552859e+00 3.227771709545133594e-01
4.419597989949749035e+02 1.848221399513436891e+00 3.121446411176910796e-01
4.476130653266331478e+02 1.880878139167257768e+00 3.024227752103659239e-01
4.532663316582914490e+02 1.909800623840253841e+00 2.929112070264552892e-01
4.589195979899497502e+02 1.936554177915807307e+00 2.832513157779327218e-01
4.645728643216080513e+02 1.962016472865111938e+00 2.732187400325469806e-01
4.702261306532663525e+02 1.986725237074778105e+00 2.626465077210064503e-01
4.758793969849245968e+02 2.011029797731251456e+00 2.513889335717957030e-01
4.815326633165828980e+02 2.035164638247057400e+00 2.392996611959061215e-01
4.871859296482411992e+02 2.059286942572501555e+00 2.262132427087116537e-01
4.928391959798995003e+02 2.083494386169802315e+00 2.119236286839325245e-01
4.984924623115578015e+02 2.107828131106103786e+00 1.961517287422864242e-01
5.041457286432161027e+02 2.132256766625236555e+00 1.784868109650305512e-01
5.097989949748744039e+02 2.156617139105871939e+00 1.582625318280803939e-01
5.154522613065327050e+02 2.180406856059157850e+00 1.342389906376887099e-01
5.211055276381910062e+02 2.201769609980638975e+00 1.034885325044108129e-01
5.267587939698491937e+02 2.202341160556644084e+00 5.263670678148674176e-02
5.324120603015074948e+02 2.169531279215446862e+00 1.293338322875565646e-02
5.380653266331657960e+02 2.132202455808049457e+00 1.316433849493723121e-02
5.437185929648240972e+02 2.110258137134579659e+00 1.330557212949004531e-02
5.493718592964823983e+02 2.094682304190083499e+00 1.340865884247786043e-02
5.550251256281406995e+02 2.082713762958988024e+00 1.348967338717317957e-02
5.606783919597990007e+02 2.073089191313293167e+00 1.355607952382916793e-02
5.663316582914573019e+02 2.065113160266731640e+00 1.361204109937017362e-02
5.719849246231156030e+02 2.058358637460780738e+00 1.366014666998821049e-02
5.776381909547739042e+02 2.052543550605433698e+00 1.370212587854413057e-02
5.832914572864322054e+02 2.047471540531056178e+00 1.373919590537914064e-02
5.889447236180903928e+02 2.043000379311329606e+00 1.377224749866544709e-02
5.945979899497488077e+02 2.039023785736187033e+00 1.380195284708357790e-02
6.002512562814069952e+02 2.035460315052979308e+00 1.382883193775840368e-02
6.059045226130652964e+02 2.032246243252857187e+00 1.385329533655910508e-02
6.115577889447235975e+02 2.029330831200840013e+00 1.387567284215554704e-02
6.172110552763818987e+02 2.026673070325761827e+00 1.389623329749821445e-02
6.228643216080401999e+02 2.024239385144948944e+00 1.391519865973743324e-02
6.285175879396985010e+02 2.022001973298958699e+00 1.393275422504973958e-02
6.341708542713568022e+02 2.019937581873127108e+00 1.394905620848819854e-02
6.398241206030151034e+02 2.018026589332616361e+00 1.396423746220866111e-02
6.454773869346734045e+02 2.016252305957743296e+00 1.397841185590175360e-02
6.511306532663315920e+02 2.014600433350186570e+00 1.399167767922672272e-02
6.567839195979900069e+02 2.013058641628501011e+00 1.400412031706939515e-02
6.624371859296481944e+02 2.011616234966773220e+00 1.401581437642647129e-02
6.680904522613064955e+02 2.010263884320457439e+00 1.402682539484944452e-02
6.737437185929647967e+02 2.008993411859601785e+00 1.403721122491409685e-02
6.793969849246230979e+02 2.007797615629021148e+00 1.404702316598278357e-02
6.850502512562813990e+02 2.006670125815523509e+00 1.405630689653579457e-02
6.907035175879397002e+02 2.005605286076606042e+00 1.406510324741917957e-02
6.963567839195980014e+02 2.004598054908283800e+00 1.407344884791390457e-02
7.020100502512563025e+02 2.003643923161352536e+00 1.408137666831190196e-02
7.076633165829146037e+02 2.002738844665139517e+00 1.408891647855707585e-02
7.133165829145727912e+02 2.001879177562277512e+00 1.409609523805943100e-02
7.189698492462312061e+02 2.001061634451335003e+00 1.410293742824572649e-02
7.246231155778893935e+02 2.000283239815034086e+00 1.410946533807330011e-02
7.302763819095478084e+02 1.999541293508191320e+00 1.411569931005341935e-02
7.359296482412059959e+02 1.998833339312017454e+00 1.412165795296324924e-02
7.415829145728642970e+02 1.998157137744977385e+00 1.412735832677056505e-02
7.472361809045225982e+02 1.997510642466390429e+00 1.413281610387694641e-02
7.528894472361808994e+02 1.996891979725718524e+00 1.413804571006428180e-02
7.585427135678392006e+02 1.996299430404477215e+00 1.414306044842248908e-02
7.641959798994975017e+02 1.995731414273752113e+00 1.414787260832093066e-02
7.698492462311558029e+02 1.995186476152194022e+00 1.415249356176149359e-02
7.755025125628139904e+02 1.994663273699964989e+00 1.415693384874906757e-02
7.811557788944724052e+02 1.994160566625676090e+00 1.416120325302538951e-02
7.868090452261305927e+02 1.993677207117684036e+00 1.416531086964863649e-02
7.924623115577890076e+02 1.993212131339547666e+00 1.416926516523192396e-02
7.981155778894471950e+02 1.992764351853136384e+00 1.417307403189650358e-02
8.037688442211054962e+02 1.992332950852654161e+00 1.417674483569813203e-02
8.094221105527637974e+02 1.991917074109452734e+00 1.418028446005219559e-02
8.150753768844220986e+02 1.991515925541477383e+00 1.418369934501505572e-02
8.207286432160803997e+02 1.991128762332988300e+00 1.418699552258574290e-02
8.263819095477387009e+02 1.990754890540215705e+00 1.419017864875258932e-02
8.320351758793970021e+02 1.990393661127098701e+00 1.419325403241144569e-02
8.376884422110551895e+02 1.990044466382533406e+00 1.419622666177279731e-02
8.433417085427136044e+02 1.989706736676742471e+00 1.419910122822349262e-02
8.489949748743717919e+02 1.989379937519713870e+00 1.420188214810790689e-02
8.546482412060302067e+02 1.989063566889236689e+00 1.420457358264918570e-02
8.603015075376883942e+02 1.988757152800004979e+00 1.420717945607361497e-02
8.659547738693468091e+02 1.988460251088672415e+00 1.420970347225809435e-02
8.716080402010049966e+02 1.988172443392718591e+00 1.421214912990706632e-02
8.772613065326632977e+02 1.987893335303531961e+00 1.421451973655359254e-02
8.829145728643215989e+02 1.987622554676375497e+00 1.421681842140501591e-02
8.885678391959799001e+02 1.987359750081842513e+00 1.421904814710006799e-02
8.942211055276382012e+02 1.987104589385122466e+00 1.422121172063108181e-02
8.998743718592965024e+02 1.986856758440892712e+00 1.422331180336434964e-02
9.055276381909548036e+02 1.986615959892968242e+00 1.422535092024749571e-02
9.111809045226129911e+02 1.986381912068995614e+00 1.422733146844063629e-02
9.168341708542714059e+02 1.986154347961499145e+00 1.422925572518630132e-02
9.224874371859295934e+02 1.985933014287485143e+00 1.423112585515433695e-02
9.281407035175880083e+02 1.985717670619607134e+00 1.423294391727137134e-02
9.337939698492461957e+02 1.985508088582604191e+00 1.423471187096628926e-02
9.394472361809044969e+02 1.985304051109340717e+00 1.423643158211401055e-02
9.451005025125627981e+02 1.985105351751348612e+00 1.423810482845260135e-02
9.507537688442210992e+02 1.984911794039248667e+00 1.423973330465435130e-02
9.564070351758794004e+02 1.984723190888891819e+00 1.424131862705180392e-02
9.620603015075377016e+02 1.984539364049434651e+00 1.424286233808205043e-02
9.677135678391960028e+02 1.984360143589935399e+00 1.424436591037217363e-02
9.733668341708543039e+02 1.984185367421358093e+00 1.424583075060690748e-02
9.790201005025126051e+02 1.984014880851165064e+00 1.424725820308567550e-02
9.846733668341707926e+02 1.983848536167931664e+00 1.424864955312546769e-02
9.903266331658290937e+02 1.983686192253642178e+00 1.425000603018543310e-02
9.959798994974873949e+02 1.983527714221535732e+00 1.425132881083836581e-02
1.001633165829145696e+03 1.983372973077558221e+00 1.425261902148044352e-02
1.007286432160803997e+03 1.983221845403639216e+00 1.425387774100559009e-02
1.012939698492462298e+03 1.983074213061168267e+00 1.425510600317211711e-02
1.018592964824120600e+03 1.982929962913184685e+00 1.425630479893469360e-02
1.024246231155778787e+03 1.982788986563910782e+00 1.425747507856272613e-02
1.029899497487437202e+03 1.982651180114382017e+00 1.425861775368567758e-02
1.035552763819095617e+03 1.982516443933018957e+00 1.425973369919544646e-02
1.041206030150753804e+03 1.982384682440092138e+00 1.426082375502941459e-02
1.046859296482411992e+03 1.982255803905099922e+00 1.426188872786552167e-02
1.052512562814070407e+03 1.982129720256169847e+00 1.426292939272954044e-02
1.058165829145728594e+03 1.982006346900657245e+00 1.426394649447582964e-02
1.063819095477386782e+03 1.981885602556180848e+00 1.426494074923510304e-02
1.069472361809045196e+03 1.981767409091393484e+00 1.426591284572041596e-02
1.075125628140703611e+03 1.981651691375840629e+00 1.426686344653158717e-02
1.080778894472361799e+03 1.981538377138302609e+00 1.426779318933366243e-02
1.086432160804019986e+03 1.981427396833074894e+00 1.426870268797955817e-02
1.092085427135678401e+03 1.981318683513663359e+00 1.426959253362369492e-02
1.097738693467336816e+03 1.981212172713423980e+00 1.427046329568664590e-02
1.103391959798995003e+03 1.981107802332706003e+00 1.427131552285762842e-02
1.109045226130653191e+03 1.981005512532085566e+00 1.427214974399486011e-02
1.114698492462311606e+03 1.980905245631312983e+00 1.427296646897055488e-02
1.120351758793969793e+03 1.980806946013618397e+00 1.427376618953840430e-02
1.126005025125627981e+03 1.980710560035049639e+00 1.427454938006802315e-02
1.131658291457286396e+03 1.980616035938531638e+00 1.427531649829423370e-02
1.137311557788944810e+03 1.980523323772369171e+00 1.427606798605787243e-02
1.142964824120602998e+03 1.980432375312921822e+00 1.427680426990598356e-02
1.148618090452261185e+03 1.980343143991210253e+00 1.427752576179251200e-02
1.154271356783919600e+03 1.980255584823214621e+00 1.427823285963846639e-02
1.159924623115578015e+03 1.980169654343658658e+00 1.427892594793822752e-02
1.165577889447236203e+03 1.980085310543073351e+00 1.427960539828761720e-02
1.171231155778894390e+03 1.980002512807951698e+00 1.428027156989597306e-02
1.176884422110552805e+03 1.979921221863823577e+00 1.428092481011334659e-02
1.182537688442210992e+03 1.979841399721080641e+00 1.428156545487179081e-02
1.188190954773869180e+03 1.979763009623401127e+00 1.428219382917293723e-02
1.193844221105527595e+03 1.979686015998629367e+00 1.428281024745860911e-02
1.199497487437186010e+03 1.979610384411974122e+00 1.428341501409773236e-02
1.205150753768844197e+03 1.979536081521402258e+00 1.428400842370968968e-02
1.210804020100502385e+03 1.979463075035102326e+00 1.428459076158068719e-02
1.216457286432160799e+03 1.979391333670915021e+00 1.428516230400989767e-02
1.222110552763819214e+03 1.979320827117620585e+00 1.428572331863980915e-02
1.227763819095477402e+03 1.979251525997983041e+00 1.428627406479412477e-02
1.233417085427135589e+03 1.979183401833465528e+00 1.428681479376879733e-02
1.239070351758794004e+03 1.979116427010523704e+00 1.428734574917728782e-02
1.244723618090452419e+03 1.979050574748397073e+00 1.428786716717903547e-02
1.250376884422110379e+03 1.978985819068324492e+00 1.428837927678547684e-02
1.256030150753768794e+03 1.978922134764104390e+00 1.428888230011926899e-02
1.261683417085427209e+03 1.978859497373939291e+00 1.428937645263449706e-02
1.267336683417085396e+03 1.978797883153494919e+00 1.428986194341444124e-02
1.272989949748743584e+03 1.978737269050114156e+00 1.429033897533710587e-02
1.278643216080401999e+03 1.978677632678130793e+00 1.429080774531832354e-02
1.284296482412060413e+03 1.978618952295225553e+00 1.429126844456250073e-02
1.289949748743718601e+03 1.978561206779776871e+00 1.429172125868892820e-02
1.295603015075376788e+03 1.978504375609155597e+00 1.429216636798231153e-02
1.301256281407035203e+03 1.978448438838918300e+00 1.429260394756547842e-02
1.306909547738693618e+03 1.978393377082859228e+00 1.429303416755647177e-02
1.312562814070351806e+03 1.978339171493874060e+00 1.429345719327992405e-02
1.318216080402009993e+03 1.978285803745605032e+00 1.429387318536958634e-02
1.323869346733668408e+03 1.978233256014822139e+00 1.429428230000283871e-02
1.329522613065326595e+03 1.978181510964514001e+00 1.429468468899528812e-02
1.335175879396984783e+03 1.978130551727649067e+00 1.429508049994968749e-02
1.340829145728643198e+03 1.978080361891580985e+00 1.429546987642029907e-02
1.346482412060301613e+03 1.978030925483067248e+00 1.429585295803837558e-02
1.352135678391959800e+03 1.977982226953870271e+00 1.429622988064532287e-02
1.357788944723617988e+03 1.977934251166920454e+00 1.429660077640252692e-02
1.363442211055276402e+03 1.977886983383009722e+00 1.429696577389335220e-02
1.369095477386934817e+03 1.977840409247998199e+00 1.429732499830274270e-02
1.374748743718593005e+03 1.977794514780505608e+00 1.429767857146475342e-02
1.380402010050251192e+03 1.977749286360068526e+00 1.429802661200323122e-02
1.386055276381909607e+03 1.977704710715745495e+00 1.429836923541031972e-02
1.391708542713567795e+03 1.977660774915144470e+00 1.429870655414821820e-02
1.397361809045225982e+03 1.977617466353863040e+00 1.429903867778973409e-02
1.403015075376884397e+03 1.977574772745311904e+00 1.429936571304230540e-02
1.408668341708542812e+03 1.977532682110920037e+00 1.429968776388071752e-02
1.414321608040200999e+03 1.977491182770689804e+00 1.430000493160988109e-02
1.419974874371859187e+03 1.977450263334099123e+00 1.430031731495865453e-02
1.425628140703517602e+03 1.977409912691332039e+00 1.430062501015032933e-02
1.431281407035176017e+03 1.977370120004821263e+00 1.430092811100414606e-02
1.436934673366834204e+03 1.977330874701093144e+00 1.430122670896691144e-02
1.442587939698492391e+03 1.977292166462904177e+00 1.430152089319893655e-02
1.448241206030150806e+03 1.977253985221650634e+00 1.430181075066769801e-02
1.453894472361808994e+03 1.977216321150047307e+00 1.430209636619491319e-02
1.459547738693467409e+03 1.977179164655059829e+00 1.430237782250358587e-02
1.465201005025125596e+03 1.977142506371083241e+00 1.430265520031160330e-02
1.470854271356784011e+03 1.977106337153352600e+00 1.430292857836321964e-02
1.476507537688442198e+03 1.977070648071585168e+00 1.430319803349932618e-02
1.482160804020100386e+03 1.977035430403832672e+00 1.430346364071993608e-02
1.487814070351758801e+03 1.977000675630546045e+00 1.430372547322338213e-02
1.493467336683416988e+03 1.976966375428839351e+00 1.430398360246876166e-02
1.499120603015075403e+03 1.976932521666945775e+00 1.430423809820733153e-02
1.504773869346733591e+03 1.976899106398858574e+00 1.430448902856046138e-02
1.510427135678392006e+03 1.976866121859149672e+00 1.430473646005098187e-02
1.516080402010050193e+03 1.976833560457958994e+00 1.430498045763454670e-02
1.521733668341708608e+03 1.976801414776148791e+00 1.430522108475424346e-02
1.527386934673366795e+03 1.976769677560616945e+00 1.430545840341072676e-02
1.533040201005025210e+03 1.976738341719759484e+00 1.430569247413919325e-02
1.538693467336683398e+03 1.976707400319082097e+00 1.430592335612606604e-02
1.544346733668341585e+03 1.976676846576954194e+00 1.430615110717818259e-02
1.550000000000000000e+03 1.976646673860494419e+00 1.430637578380063862e-02
