4.250000000000000000e+02 1.672342500044882385e+00 3.389261041844207067e-01
4.306532663316583012e+02 1.770487287792112951e+00 3.176202880588361310e-01
4.363065326633166023e+02 1.822197775087154081e+00 3.056163198670318049e-01
4.419597989949749035e+02 1.859652647220906507e+00 2.959561999090614681e-01
4.476130653266331478e+02 1.890580946887282066e+00 2.870555207200500836e-01
4.532663316582914490e+02 1.917995857612069033e+00 2.782953910303344602e-01
4.589195979899497502e+02 1.943373440031296084e+00 2.693561411400718919e-01
4.645728643216080513e+02 1.967541772059121064e+00 2.600354388062307009e-01
4.702261306532663525e+02 1.991008471885656217e+00 2.501805902844794205e-01
4.758793969849245968e+02 2.014103487316845076e+00 2.396564745548093733e-01
4.815326633165828980e+02 2.037048412691044419e+00 2.283257308190943524e-01
4.871859296482411992e+02 2.059991855254391435e+00 2.160317777912137971e-01
4.928391959798995003e+02 2.083026154761409288e+00 2.025786195286644609e-01
4.984924623115578015e+02 2.106190094709004867e+00 1.877000777619115546e-01
5.041457286432161027e+02 2.129453504269666730e+00 1.710039653382456337e-01
5.097989949748744039e+02 2.152660800534224261e+00 1.518537797315099858e-01
5.154522613065327050e+02 2.175333160094954366e+00 1.290650348666860514e-01
5.211055276381910062e+02 2.195700904049323388e+00 9.984018228939633977e-02
5.267587939698491937e+02 2.196177145198213942e+00 5.136573000376844916e-02
5.324120603015074948e+02 2.164921608371676687e+00 1.382388255797497439e-02
5.380653266331657960e+02 2.129525597079438892e+00 1.405846608818694075e-02
5.437185929648240972e+02 2.108720608246209771e+00 1.420177806291480702e-02
5.493718592964823983e+02 2.093957143260251286e+00 1.430631449057703612e-02
5.550251256281406995e+02 2.082615629348191000e+00 1.438843258817401258e-02
5.606783919597990007e+02 2.073497364903742923e+00 1.445572358471768071e-02
5.663316582914573019e+02 2.065942491343913279e+00 1.451242007401146172e-02
5.719849246231156030e+02 2.059545844554615091e+00 1.456115186468215361e-02
5.776381909547739042e+02 2.054039822912145485e+00 1.460367521287931313e-02
5.832914572864322054e+02 2.049238161491285126e+00 1.464122540269426932e-02
5.889447236180903928e+02 2.045005959752956404e+00 1.467470601085968385e-02
5.945979899497488077e+02 2.041242423933477212e+00 1.470479861845116858e-02
6.002512562814069952e+02 2.037870323458573552e+00 1.473203027662240566e-02
6.059045226130652964e+02 2.034829238500781567e+00 1.475681698560583552e-02
6.115577889447235975e+02 2.032071066159581996e+00 1.477949280650808425e-02
6.172110552763818987e+02 2.029556932690124160e+00 1.480032998215554535e-02
6.228643216080401999e+02 2.027255013759865943e+00 1.481955322198690028e-02
6.285175879396985010e+02 2.025138959665788274e+00 1.483735007961451205e-02
6.341708542713568022e+02 2.023186734539335951e+00 1.485387864351633488e-02
6.398241206030151034e+02 2.021379745527045468e+00 1.486927333692002196e-02
6.454773869346734045e+02 2.019702179278024978e+00 1.488364935988667308e-02
6.511306532663315920e+02 2.018140489343575705e+00 1.489710613826788002e-02
6.567839195979900069e+02 2.016682995222529584e+00 1.490973003507418439e-02
6.624371859296481944e+02 2.015319565207600583e+00 1.492159650553726534e-02
6.680904522613064955e+02 2.014041362960331760e+00 1.493277182761121834e-02
6.737437185929647967e+02 2.012840643128501750e+00 1.494331450416704586e-02
6.793969849246230979e+02 2.011710585114776073e+00 1.495327640906698660e-02
6.850502512562813990e+02 2.010645156819588664e+00 1.496270373077050221e-02
6.907035175879397002e+02 2.009639002149334885e+00 1.497163775525362818e-02
6.963567839195980014e+02 2.008687347526123546e+00 1.498011551962553922e-02
7.020100502512563025e+02 2.007785923708919285e+00 1.498817036123747948e-02
7.076633165829146037e+02 2.006930900042026344e+00 1.499583238170824027e-02
7.133165829145727912e+02 2.006118828858213021e+00 1.500312884116384443e-02
7.189698492462312061e+02 2.005346598231706690e+00 1.501008449462398406e-02
7.246231155778893935e+02 2.004611391637555862e+00 1.501672188076357169e-02
7.302763819095478084e+02 2.003910653355005067e+00 1.502306157064605026e-02
7.359296482412059959e+02 2.003242058673007531e+00 1.502912238287129089e-02
7.415829145728642970e+02 2.002603488130116016e+00 1.503492157050529722e-02
7.472361809045225982e+02 2.001993005159399264e+00 1.504047498402473135e-02
7.528894472361808994e+02 2.001408836619782861e+00 1.504579721390435915e-02
7.585427135678392006e+02 2.000849355784317662e+00 1.505090171583508066e-02
7.641959798994975017e+02 2.000313067427992753e+00 1.505580092082389743e-02
7.698492462311558029e+02 1.999798594716395872e+00 1.506050633267029190e-02
7.755025125628139904e+02 1.999304667644487221e+00 1.506502861415904074e-02
7.811557788944724052e+02 1.998830112814169002e+00 1.506937766366381326e-02
7.868090452261305927e+02 1.998373844371874375e+00 1.507356268340117635e-02
7.924623115577890076e+02 1.997934855954351940e+00 1.507759224032155336e-02
7.981155778894471950e+02 1.997512213513279455e+00 1.508147432064503753e-02
8.037688442211054962e+02 1.997105048908084157e+00 1.508521637874844258e-02
8.094221105527637974e+02 1.996712554172092258e+00 1.508882538113384859e-02
8.150753768844220986e+02 1.996333976370366026e+00 1.509230784602748864e-02
8.207286432160803997e+02 1.995968612978772816e+00 1.509566987911709589e-02
8.263819095477387009e+02 1.995615807723324808e+00 1.509891720591043096e-02
8.320351758793970021e+02 1.995274946826875784e+00 1.510205520099628003e-02
8.376884422110551895e+02 1.994945455617147756e+00 1.510508891464874999e-02
8.433417085427136044e+02 1.994626795455936463e+00 1.510802309700765532e-02
8.489949748743717919e+02 1.994318460954392913e+00 1.511086222008827321e-02
8.546482412060302067e+02 1.994019977443616032e+00 1.511361049787959127e-02
8.603015075376883942e+02 1.993730898673531593e+00 1.511627190469336246e-02
8.659547738693468091e+02 1.993450804716273339e+00 1.511885019195469484e-02
8.716080402010049966e+02 1.993179300053080416e+00 1.512134890358720306e-02
8.772613065326632977e+02 1.992916011826165290e+00 1.512377139011559374e-02
8.829145728643215989e+02 1.992660588239124619e+00 1.512612082166661827e-02
8.885678391959799001e+02 1.992412697091318519e+00 1.512840019989455595e-02
8.942211055276382012e+02 1.992172024433259470e+00 1.513061236893767196e-02
8.998743718592965024e+02 1.991938273331474996e+00 1.513276002562167696e-02
9.055276381909548036e+02 1.991711162732545892e+00 1.513484572872961058e-02
9.111809045226129911e+02 1.991490426417126702e+00 1.513687190775152985e-02
9.168341708542714059e+02 1.991275812035713466e+00 1.513884087079344666e-02
9.224874371859295934e+02 1.991067080218778651e+00 1.514075481207296028e-02
9.281407035175880083e+02 1.990864003754650335e+00 1.514261581874662768e-02
9.337939698492461957e+02 1.990666366829174638e+00 1.514442587731266825e-02
9.394472361809044969e+02 1.990473964321798350e+00 1.514618687953905342e-02
9.451005025125627981e+02 1.990286601153241186e+00 1.514790062796960053e-02
9.507537688442210992e+02 1.990104091680378051e+00 1.514956884108244715e-02
9.564070351758794004e+02 1.989926259134394249e+00 1.515119315804331138e-02
9.620603015075377016e+02 1.989752935098633158e+00 1.515277514317902446e-02
9.677135678391960028e+02 1.989583959022897863e+00 1.515431629015016012e-02
9.733668341708543039e+02 1.989419177771264646e+00 1.515581802583081290e-02
9.790201005025126051e+02 1.989258445200740244e+00 1.515728171394014820e-02
9.846733668341707926e+02 1.989101621768326611e+00 1.515870865845562673e-02
9.903266331658290937e+02 1.988948574164284278e+00 1.516010010677179554e-02
9.959798994974873949e+02 1.988799174969574368e+00 1.516145725271501356e-02
1.001633165829145696e+03 1.988653302335636530e+00 1.516278123933397122e-02
1.007286432160803997e+03 1.988510839684819675e+00 1.516407316148838530e-02
1.012939698492462298e+03 1.988371675429929208e+00 1.516533406836801517e-02
1.018592964824120600e+03 1.988235702711474984e+00 1.516656496576662509e-02
1.024246231155778787e+03 1.988102819151336131e+00 1.516776681827954575e-02
1.029899497487437202e+03 1.987972926621649705e+00 1.516894055134460073e-02
1.035552763819095617e+03 1.987845931027844237e+00 1.517008705314860928e-02
1.041206030150753804e+03 1.987721742104808120e+00 1.517120717650212967e-02
1.046859296482411992e+03 1.987600273225283543e+00 1.517230174048505957e-02
1.052512562814070407e+03 1.987481441219628442e+00 1.517337153208282718e-02
1.058165829145728594e+03 1.987365166206177980e+00 1.517441730774016576e-02
1.063819095477386782e+03 1.987251371431473901e+00 1.517543979475211892e-02
1.069472361809045196e+03 1.987139983119706521e+00 1.517643969263877957e-02
1.075125628140703611e+03 1.987030930330751399e+00 1.517741767444534713e-02
1.080778894472361799e+03 1.986924144826236471e+00 1.517837438793104114e-02
1.086432160804019986e+03 1.986819560943108520e+00 1.517931045674208654e-02
1.092085427135678401e+03 1.986717115474222695e+00 1.518022648145914665e-02
1.097738693467336816e+03 1.986616747555495444e+00 1.518112304067289510e-02
1.103391959798995003e+03 1.986518398559210308e+00 1.518200069192691092e-02
1.109045226130653191e+03 1.986422011993084213e+00 1.518285997265960210e-02
1.114698492462311606e+03 1.986327533404737222e+00 1.518370140107211733e-02
1.120351758793969793e+03 1.986234910291232225e+00 1.518452547695155370e-02
1.126005025125627981e+03 1.986144092013369944e+00 1.518533268247877419e-02
1.131658291457286396e+03 1.986055029714453468e+00 1.518612348296969304e-02
1.137311557788944810e+03 1.985967676243252100e+00 1.518689832758665648e-02
1.142964824120602998e+03 1.985881986080913597e+00 1.518765765000534493e-02
1.148618090452261185e+03 1.985797915271589664e+00 1.518840186908839221e-02
1.154271356783919600e+03 1.985715421356557764e+00 1.518913138946344395e-02
1.159924623115578015e+03 1.985634463311636955e+00 1.518984660211533839e-02
1.165577889447236203e+03 1.985555001487703919e+00 1.519054788495587636e-02
1.171231155778894390e+03 1.985476997554134426e+00 1.519123560334199353e-02
1.176884422110552805e+03 1.985400414445002149e+00 1.519191011057161034e-02
1.182537688442210992e+03 1.985325216307882501e+00 1.519257174837177100e-02
1.188190954773869180e+03 1.985251368455111409e+00 1.519322084734990586e-02
1.193844221105527595e+03 1.985178837317364886e+00 1.519385772743743132e-02
1.199497487437186010e+03 1.985107590399434407e+00 1.519448269829651484e-02
1.205150753768844197e+03 1.985037596238072188e+00 1.519509605973384629e-02
1.210804020100502385e+03 1.984968824361799777e+00 1.519569810204837723e-02
1.216457286432160799e+03 1.984901245252572055e+00 1.519628910642994643e-02
1.222110552763819214e+03 1.984834830309195608e+00 1.519686934527729634e-02
1.227763819095477402e+03 1.984769551812414434e+00 1.519743908253777878e-02
1.233417085427135589e+03 1.984705382891567282e+00 1.519799857402493772e-02
1.239070351758794004e+03 1.984642297492743124e+00 1.519854806772127399e-02
1.244723618090452419e+03 1.984580270348349273e+00 1.519908780407352306e-02
1.250376884422110379e+03 1.984519276948025102e+00 1.519961801624392095e-02
1.256030150753768794e+03 1.984459293510831834e+00 1.520013893039784229e-02
1.261683417085427209e+03 1.984400296958649612e+00 1.520065076595474018e-02
1.267336683417085396e+03 1.984342264890727625e+00 1.520115373582435134e-02
1.272989949748743584e+03 1.984285175559323600e+00 1.520164804664275206e-02
1.278643216080401999e+03 1.984229007846383119e+00 1.520213389898636934e-02
1.284296482412060413e+03 1.984173741241204603e+00 1.520261148760779744e-02
1.289949748743718601e+03 1.984119355819043973e+00 1.520308100161305888e-02
1.295603015075376788e+03 1.984065832220610393e+00 1.520354262465336767e-02
1.301256281407035203e+03 1.984013151632415095e+00 1.520399653518251376e-02
1.306909547738693618e+03 1.983961295767926014e+00 1.520444290652428650e-02
1.312562814070351806e+03 1.983910246849494463e+00 1.520488190714427285e-02
1.318216080402009993e+03 1.983859987591017893e+00 1.520531370076822798e-02
1.323869346733668408e+03 1.983810501181298980e+00 1.520573844655146237e-02
1.329522613065326595e+03 1.983761771268074181e+00 1.520615629923357907e-02
1.335175879396984783e+03 1.983713781942678445e+00 1.520656740928579866e-02
1.340829145728643198e+03 1.983666517725316325e+00 1.520697192305095133e-02
1.346482412060301613e+03 1.983619963550910636e+00 1.520736998287607750e-02
1.352135678391959800e+03 1.983574104755508438e+00 1.520776172725958261e-02
1.357788944723617988e+03 1.983528927063210157e+00 1.520814729096182233e-02
1.363442211055276402e+03 1.983484416573604969e+00 1.520852680512293706e-02
1.369095477386934817e+03 1.983440559749688692e+00 1.520890039738793942e-02
1.374748743718593005e+03 1.983397343406240854e+00 1.520926819203904240e-02
1.380402010050251192e+03 1.983354754698641642e+00 1.520963031004764904e-02
1.386055276381909607e+03 1.983312781112111400e+00 1.520998686924309590e-02
1.391708542713567795e+03 1.983271410451350025e+00 1.521033798434994963e-02
1.397361809045225982e+03 1.983230630830564944e+00 1.521068376716397386e-02
1.403015075376884397e+03 1.983190430663863690e+00 1.521102432653825484e-02
1.408668341708542812e+03 1.983150798656003744e+00 1.521135976859557849e-02
1.414321608040200999e+03 1.983111723793475889e+00 1.521169019669990456e-02
1.419974874371859187e+03 1.983073195335914418e+00 1.521201571161757450e-02
1.425628140703517602e+03 1.983035202807816422e+00 1.521233641156171518e-02
1.431281407035176017e+03 1.982997735990557509e+00 1.521265239228040099e-02
1.436934673366834204e+03 1.982960784914692631e+00 1.521296374713748678e-02
1.442587939698492391e+03 1.982924339852531137e+00 1.521327056715693696e-02
1.448241206030150806e+03 1.982888391310972498e+00 1.521357294113279655e-02
1.453894472361808994e+03 1.982852930024592286e+00 1.521387095565886714e-02
1.459547738693467409e+03 1.982817946948972621e+00 1.521416469522404551e-02
1.465201005025125596e+03 1.982783433254260430e+00 1.521445424224925069e-02
1.470854271356784011e+03 1.982749380318948873e+00 1.521473967716082884e-02
1.476507537688442198e+03 1.982715779723872807e+00 1.521502107844933428e-02
1.482160804020100386e+03 1.982682623246408093e+00 1.521529852271369908e-02
1.487814070351758801e+03 1.982649902854868751e+00 1.521557208474917308e-02
1.493467336683416988e+03 1.982617610703091060e+00 1.521584183754038332e-02
1.499120603015075403e+03 1.982585739125201085e+00 1.521610785237112635e-02
1.504773869346733591e+03 1.982554280630556720e+00 1.521637019884658493e-02
1.510427135678392006e+03 1.982523227898856266e+00 1.521662894493741938e-02
1.516080402010050193e+03 1.982492573775409106e+00 1.521688415703844298e-02
1.521733668341708608e+03 1.982462311266564248e+00 1.521713589999808963e-02
1.527386934673366795e+03 1.982432433535281868e+00 1.521738423716976520e-02
1.533040201005025210e+03 1.982402933896856956e+00 1.521762923047048285e-02
1.538693467336683398e+03 1.982373805814772627e+00 1.521787094036651869e-02
1.544346733668341585e+03 1.982345042896694887e+00 1.521810942599039797e-02
1.550000000000000000e+03 1.982316638890589511e+00 1.521834474511193566e-02
