4.250000000000000000e+02 1.687007264509098770e+00 3.420898220349413710e-01
4.306532663316583012e+02 1.786177457595996332e+00 3.205383360752858679e-01
4.363065326633166023e+02 1.838433742640908308e+00 3.083905708357577158e-01
4.419597989949749035e+02 1.876287674250256332e+00 2.986115419127327586e-01
4.476130653266331478e+02 1.907548067792620872e+00 2.895993988811788600e-01
4.532663316582914490e+02 1.935259188442598699e+00 2.807283613881283446e-01
4.589195979899497502e+02 1.960912323864869800e+00 2.716750888120922358e-01
4.645728643216080513e+02 1.985344100196975825e+00 2.622347871134463881e-01
4.702261306532663525e+02 2.009067384363649289e+00 2.522527411876578918e-01
4.758793969849245968e+02 2.032415547755242802e+00 2.415918517987428460e-01
4.815326633165828980e+02 2.055612500656250230e+00 2.301125277751344955e-01
4.871859296482411992e+02 2.078808426915029983e+00 2.176553814737527404e-01
4.928391959798995003e+02 2.102096679424340309e+00 2.040205561668941570e-01
4.984924623115578015e+02 2.125516517097032487e+00 1.889361012923258532e-01
5.041457286432161027e+02 2.149037513120504173e+00 1.720003634498376288e-01
5.097989949748744039e+02 2.172502302951599074e+00 1.525593171180831820e-01
5.154522613065327050e+02 2.195425321682745068e+00 1.293894538740051336e-01
5.211055276381910062e+02 2.216000325519585257e+00 9.957057099857237470e-02
5.267587939698491937e+02 2.215002063525456144e+00 4.908208940836696760e-02
5.324120603015074948e+02 2.182536026754639646e+00 1.372269980190420936e-02
5.380653266331657960e+02 2.147529919270759535e+00 1.395118422080488842e-02
5.437185929648240972e+02 2.126797579874531774e+00 1.409177792430633784e-02
5.493718592964823983e+02 2.112039061685567987e+00 1.419464236142916995e-02
5.550251256281406995e+02 2.100681464527988762e+00 1.427558397887375430e-02
5.606783919597990007e+02 2.091540034651047097e+00 1.434198369027778544e-02
5.663316582914573019e+02 2.083960046051258175e+00 1.439797268139816552e-02
5.719849246231156030e+02 2.077538422272800833e+00 1.444612448344932687e-02
5.776381909547739042e+02 2.072008432944326906e+00 1.448816102543984581e-02
5.832914572864322054e+02 2.067184153004708147e+00 1.452529518068109565e-02
5.889447236180903928e+02 2.062930777484472067e+00 1.455841512583289088e-02
5.945979899497488077e+02 2.059147493957742103e+00 1.458819142762320456e-02
6.002512562814069952e+02 2.055757001117191951e+00 1.461514300293114375e-02
6.059045226130652964e+02 2.052698787058116370e+00 1.463967968465209463e-02
6.115577889447235975e+02 2.049924650869469733e+00 1.466213075413794198e-02
6.172110552763818987e+02 2.047395622526125614e+00 1.468276468042735948e-02
6.228643216080401999e+02 2.045079786789174126e+00 1.470180314545460436e-02
6.285175879396985010e+02 2.042950709952937149e+00 1.471943124019554038e-02
6.341708542713568022e+02 2.040986279468901099e+00 1.473580502557657844e-02
6.398241206030151034e+02 2.039167832973459493e+00 1.475105723752391171e-02
6.454773869346734045e+02 2.037479494343811925e+00 1.476530165847139697e-02
6.511306532663315920e+02 2.035907660547341624e+00 1.477863651304691522e-02
6.567839195979900069e+02 2.034440600104624686e+00 1.479114713854896151e-02
6.624371859296481944e+02 2.033068135366935980e+00 1.480290810822422823e-02
6.680904522613064955e+02 2.031781388558423718e+00 1.481398493680993224e-02
6.737437185929647967e+02 2.030572576906502391e+00 1.482443546294837100e-02
6.793969849246230979e+02 2.029434845971858525e+00 1.483431097924018012e-02
6.850502512562813990e+02 2.028362132999848910e+00 1.484365716308407544e-02
6.907035175879397002e+02 2.027349054081269308e+00 1.485251484904228161e-02
6.963567839195980014e+02 2.026390810354812722e+00 1.486092067381433388e-02
7.020100502512563025e+02 2.025483109556903916e+00 1.486890761816638158e-02
7.076633165829146037e+02 2.024622100030819993e+00 1.487650546513091983e-02
7.133165829145727912e+02 2.023804314918629110e+00 1.488374118902618774e-02
7.189698492462312061e+02 2.023026624727764400e+00 1.489063928781601820e-02
7.246231155778893935e+02 2.022286196825662241e+00 1.489722206824234223e-02
7.302763819095478084e+02 2.021580460697425252e+00 1.490350989151321276e-02
7.359296482412059959e+02 2.020907078022246672e+00 1.490952138579465167e-02
7.415829145728642970e+02 2.020263916798777259e+00 1.491527363099995514e-02
7.472361809045225982e+02 2.019649028888265363e+00 1.492078231973625359e-02
7.528894472361808994e+02 2.019060630455314254e+00 1.492606189827028890e-02
7.585427135678392006e+02 2.018497084875371606e+00 1.493112569016457301e-02
7.641959798994975017e+02 2.017956887750401940e+00 1.493598600532683278e-02
7.698492462311558029e+02 2.017438653732998244e+00 1.494065423615204349e-02
7.755025125628139904e+02 2.016941104907304716e+00 1.494514094284984766e-02
7.811557788944724052e+02 2.016463060514655847e+00 1.494945592920267873e-02
7.868090452261305927e+02 2.016003427844458074e+00 1.495360830998825573e-02
7.924623115577890076e+02 2.015561194137911460e+00 1.495760657127535864e-02
7.981155778894471950e+02 2.015135419374670889e+00 1.496145862427371992e-02
8.037688442211054962e+02 2.014725229831374254e+00 1.496517185375390198e-02
8.094221105527637974e+02 2.014329812316753010e+00 1.496875316152758081e-02
8.150753768844220986e+02 2.013948409001341311e+00 1.497220900560788590e-02
8.207286432160803997e+02 2.013580312771010128e+00 1.497554543554669056e-02
8.263819095477387009e+02 2.013224863043091339e+00 1.497876812453143372e-02
8.320351758793970021e+02 2.012881441991946740e+00 1.498188239819853336e-02
8.376884422110551895e+02 2.012549471137730972e+00 1.498489326109672844e-02
8.433417085427136044e+02 2.012228408258013079e+00 1.498780542053073164e-02
8.489949748743717919e+02 2.011917744586988022e+00 1.499062330837384535e-02
8.546482412060302067e+02 2.011617002271361976e+00 1.499335110097712448e-02
8.603015075376883942e+02 2.011325732055752269e+00 1.499599273727198097e-02
8.659547738693468091e+02 2.011043511173707277e+00 1.499855193544344725e-02
8.716080402010049966e+02 2.010769941423244944e+00 1.500103220813571968e-02
8.772613065326632977e+02 2.010504647408278167e+00 1.500343687643219785e-02
8.829145728643215989e+02 2.010247274929410910e+00 1.500576908270352498e-02
8.885678391959799001e+02 2.009997489509457669e+00 1.500803180241649937e-02
8.942211055276382012e+02 2.009754975040656699e+00 1.501022785499630391e-02
8.998743718592965024e+02 2.009519432541981843e+00 1.501235991389318972e-02
9.055276381909548036e+02 2.009290579016202560e+00 1.501443051585638414e-02
9.111809045226129911e+02 2.009068146397441357e+00 1.501644206944739365e-02
9.168341708542714059e+02 2.008851880580957872e+00 1.501839686301670307e-02
9.224874371859295934e+02 2.008641540527738467e+00 1.502029707204232019e-02
9.281407035175880083e+02 2.008436897437219759e+00 1.502214476589110170e-02
9.337939698492461957e+02 2.008237733982173090e+00 1.502394191422613996e-02
9.394472361809044969e+02 2.008043843600337830e+00 1.502569039282508796e-02
9.451005025125627981e+02 2.007855029837952276e+00 1.502739198901762753e-02
9.507537688442210992e+02 2.007671105740783446e+00 1.502904840681707974e-02
9.564070351758794004e+02 2.007491893288692264e+00 1.503066127165844992e-02
9.620603015075377016e+02 2.007317222870123707e+00 1.503223213480292877e-02
9.677135678391960028e+02 2.007146932793284932e+00 1.503376247746877024e-02
9.733668341708543039e+02 2.006980868831031106e+00 1.503525371464493367e-02
9.790201005025126051e+02 2.006818883796792186e+00 1.503670719876538941e-02
9.846733668341707926e+02 2.006660837149078169e+00 1.503812422302312421e-02
9.903266331658290937e+02 2.006506594622349038e+00 1.503950602453115772e-02
9.959798994974873949e+02 2.006356027882210125e+00 1.504085378730148602e-02
1.001633165829145696e+03 2.006209014203087726e+00 1.504216864498334610e-02
1.007286432160803997e+03 2.006065436166684979e+00 1.504345168352357390e-02
1.012939698492462298e+03 2.005925181379673017e+00 1.504470394351322370e-02
1.018592964824120600e+03 2.005788142209198988e+00 1.504592642257506982e-02
1.024246231155778787e+03 2.005654215534912410e+00 1.504712007745272889e-02
1.029899497487437202e+03 2.005523302516313500e+00 1.504828582609693717e-02
1.035552763819095617e+03 2.005395308374335439e+00 1.504942454952777099e-02
1.041206030150753804e+03 2.005270142186146298e+00 1.505053709365019449e-02
1.046859296482411992e+03 2.005147716692257109e+00 1.505162427096405457e-02
1.052512562814070407e+03 2.005027948115069236e+00 1.505268686213920813e-02
1.058165829145728594e+03 2.004910755988090099e+00 1.505372561755925417e-02
1.063819095477386782e+03 2.004796062995079620e+00 1.505474125870120972e-02
1.069472361809045196e+03 2.004683794818474141e+00 1.505573447949882203e-02
1.075125628140703611e+03 2.004573879996455865e+00 1.505670594764537372e-02
1.080778894472361799e+03 2.004466249788106058e+00 1.505765630576233818e-02
1.086432160804019986e+03 2.004360838046109983e+00 1.505858617250778637e-02
1.092085427135678401e+03 2.004257581096527741e+00 1.505949614377204149e-02
1.097738693467336816e+03 2.004156417625175823e+00 1.506038679353310927e-02
1.103391959798995003e+03 2.004057288570195716e+00 1.506125867497646459e-02
1.109045226130653191e+03 2.003960137020426746e+00 1.506211232126004017e-02
1.114698492462311606e+03 2.003864908119219024e+00 1.506294824655845903e-02
1.120351758793969793e+03 2.003771548973343197e+00 1.506376694672312277e-02
1.126005025125627981e+03 2.003680008566695481e+00 1.506456890017741565e-02
1.131658291457286396e+03 2.003590237678496422e+00 1.506535456859009296e-02
1.137311557788944810e+03 2.003502188805720063e+00 1.506612439762169270e-02
1.142964824120602998e+03 2.003415816089496815e+00 1.506687881758190552e-02
1.148618090452261185e+03 2.003331075245254222e+00 1.506761824407163754e-02
1.154271356783919600e+03 2.003247923496379812e+00 1.506834307858031380e-02
1.159924623115578015e+03 2.003166319511197280e+00 1.506905370909742727e-02
1.165577889447236203e+03 2.003086223343065519e+00 1.506975051057625990e-02
1.171231155778894390e+03 2.003007596373424182e+00 1.507043384557400431e-02
1.176884422110552805e+03 2.002930401257611237e+00 1.507110406465569930e-02
1.182537688442210992e+03 2.002854601873309104e+00 1.507176150693041727e-02
1.188190954773869180e+03 2.002780163271456804e+00 1.507240650045448861e-02
1.193844221105527595e+03 2.002707051629503354e+00 1.507303936275223959e-02
1.199497487437186010e+03 2.002635234206867398e+00 1.507366040105654302e-02
1.205150753768844197e+03 2.002564679302487161e+00 1.507426991291733673e-02
1.210804020100502385e+03 2.002495356214339939e+00 1.507486818641214261e-02
1.216457286432160799e+03 2.002427235200836098e+00 1.507545550060675893e-02
1.222110552763819214e+03 2.002360287443976095e+00 1.507603212579474231e-02
1.227763819095477402e+03 2.002294485014186165e+00 1.507659832395763337e-02
1.233417085427135589e+03 2.002229800836739404e+00 1.507715434894509737e-02
1.239070351758794004e+03 2.002166208659680979e+00 1.507770044686108576e-02
1.244723618090452419e+03 2.002103683023181535e+00 1.507823685636142629e-02
1.250376884422110379e+03 2.002042199230239738e+00 1.507876380881870843e-02
1.256030150753768794e+03 2.001981733318673129e+00 1.507928152870789858e-02
1.261683417085427209e+03 2.001922262034325328e+00 1.507979023381508278e-02
1.267336683417085396e+03 2.001863762805429658e+00 1.508029013541663070e-02
1.272989949748743584e+03 2.001806213718075877e+00 1.508078143862017460e-02
1.278643216080401999e+03 2.001749593492721857e+00 1.508126434248460712e-02
1.284296482412060413e+03 2.001693881461693802e+00 1.508173904033136871e-02
1.289949748743718601e+03 2.001639057547639045e+00 1.508220571982003648e-02
1.295603015075376788e+03 2.001585102242871894e+00 1.508266456327411048e-02
1.301256281407035203e+03 2.001531996589581031e+00 1.508311574777112390e-02
1.306909547738693618e+03 2.001479722160845576e+00 1.508355944537988387e-02
1.312562814070351806e+03 2.001428261042433210e+00 1.508399582330929856e-02
1.318216080402009993e+03 2.001377595815333699e+00 1.508442504407182284e-02
1.323869346733668408e+03 2.001327709538998967e+00 1.508484726563212065e-02
1.329522613065326595e+03 2.001278585735253746e+00 1.508526264157037007e-02
1.335175879396984783e+03 2.001230208372849262e+00 1.508567132128963741e-02
1.340829145728643198e+03 2.001182561852627106e+00 1.508607345000241053e-02
1.346482412060301613e+03 2.001135630993263526e+00 1.508646916905560277e-02
1.352135678391959800e+03 2.001089401017575486e+00 1.508685861591695272e-02
1.357788944723617988e+03 2.001043857539354764e+00 1.508724192432329449e-02
1.363442211055276402e+03 2.000998986550711845e+00 1.508761922448761429e-02
1.369095477386934817e+03 2.000954774409902548e+00 1.508799064311475320e-02
1.374748743718593005e+03 2.000911207829623173e+00 1.508835630356421265e-02
1.380402010050251192e+03 2.000868273865741287e+00 1.508871632592462611e-02
1.386055276381909607e+03 2.000825959906459506e+00 1.508907082716176920e-02
1.391708542713567795e+03 2.000784253661876289e+00 1.508941992119293418e-02
1.397361809045225982e+03 2.000743143153941084e+00 1.508976371896127849e-02
1.403015075376884397e+03 2.000702616706775405e+00 1.509010232856899253e-02
1.408668341708542812e+03 2.000662662937354508e+00 1.509043585530743178e-02
1.414321608040200999e+03 2.000623270746525684e+00 1.509076440184906574e-02
1.419974874371859187e+03 2.000584429310354295e+00 1.509108806820396928e-02
1.425628140703517602e+03 2.000546128071779339e+00 1.509140695186757947e-02
1.431281407035176017e+03 2.000508356732574988e+00 1.509172114792425856e-02
1.436934673366834204e+03 2.000471105245589243e+00 1.509203074903314214e-02
1.442587939698492391e+03 2.000434363807265470e+00 1.509233584559051267e-02
1.448241206030150806e+03 2.000398122850426841e+00 1.509263652571558346e-02
1.453894472361808994e+03 2.000362373037308572e+00 1.509293287541283064e-02
1.459547738693467409e+03 2.000327105252838411e+00 1.509322497855773541e-02
1.465201005025125596e+03 2.000292310598148493e+00 1.509351291695607521e-02
1.470854271356784011e+03 2.000257980384308798e+00 1.509379677047675665e-02
1.476507537688442198e+03 2.000224106126279988e+00 1.509407661703750236e-02
1.482160804020100386e+03 2.000190679537066085e+00 1.509435253272293012e-02
1.487814070351758801e+03 2.000157692522072317e+00 1.509462459175549970e-02
1.493467336683416988e+03 2.000125137173648593e+00 1.509489286661355734e-02
1.499120603015075403e+03 2.000093005765815946e+00 1.509515742809051236e-02
1.504773869346733591e+03 2.000061290749171050e+00 1.509541834525103370e-02
1.510427135678392006e+03 2.000029984745960832e+00 1.509567568563730151e-02
1.516080402010050193e+03 1.999999080545314722e+00 1.509592951511485627e-02
1.521733668341708608e+03 1.999968571098639014e+00 1.509617989813029360e-02
1.527386934673366795e+03 1.999938449515157313e+00 1.509642689754974419e-02
1.533040201005025210e+03 1.999908709057597767e+00 1.509667057485770611e-02
1.538693467336683398e+03 1.999879343138021515e+00 1.509691099011316665e-02
1.544346733668341585e+03 1.999850345313780142e+00 1.509714820200868703e-02
1.550000000000000000e+03 1.999821709283609250e+00 1.509738226792210584e-02
