4.250000000000000000e+02 1.597498808842249263e+00 3.866175094729779049e-01
4.306532663316583012e+02 1.708622031249418471e+00 3.591544325270624727e-01
4.363065326633166023e+02 1.766783446947201242e+00 3.444802920306433425e-01
4.419597989949749035e+02 1.808726847911387381e+00 3.330658836733572103e-01
4.476130653266331478e+02 1.843249541981718975e+00 3.227843551238182007e-01
4.532663316582914490e+02 1.873774323630448713e+00 3.128186696502101016e-01
4.589195979899497502e+02 1.901975140548725518e+00 3.027557304757009793e-01
4.645728643216080513e+02 1.928789618258673677e+00 2.923416251931004739e-01
4.702261306532663525e+02 1.954791631654063000e+00 2.813916616299924622e-01
4.758793969849245968e+02 1.980353639411556177e+00 2.697487613791124672e-01
4.815326633165828980e+02 2.005725521557760960e+00 2.572589282196305893e-01
4.871859296482411992e+02 2.031074948141991854e+00 2.437516205019412130e-01
4.928391959798995003e+02 2.056506810753351733e+00 2.290178966688652118e-01
4.984924623115578015e+02 2.082067322982919855e+00 2.127785887125160091e-01
5.041457286432161027e+02 2.107729122719389725e+00 1.946282590945732360e-01
5.097989949748744039e+02 2.133334866839128985e+00 1.739195433401789226e-01
5.154522613065327050e+02 2.158402394348251985e+00 1.494762593891308111e-01
5.211055276381910062e+02 2.181213231807853425e+00 1.186467553030768618e-01
5.267587939698491937e+02 2.188291433545853870e+00 7.128870688207174233e-02
5.324120603015074948e+02 2.157101398287067706e+00 1.841233157322279962e-02
5.380653266331657960e+02 2.114143369232181602e+00 1.917115451822624245e-02
5.437185929648240972e+02 2.089558353782393851e+00 1.978092879521408873e-02
5.493718592964823983e+02 2.072313308983307678e+00 2.032766791574339149e-02
5.550251256281406995e+02 2.059155771371886878e+00 2.083660203195357441e-02
5.606783919597990007e+02 2.048629138165101171e+00 2.131891397656784232e-02
5.663316582914573019e+02 2.039942305059355032e+00 2.178059600486919462e-02
5.719849246231156030e+02 2.032613887829870070e+00 2.222523714084720728e-02
5.776381909547739042e+02 2.026327948067042861e+00 2.265515243274939666e-02
5.832914572864322054e+02 2.020865572266290933e+00 2.307191769240045723e-02
5.889447236180903928e+02 2.016068735226904884e+00 2.347665129909827508e-02
5.945979899497488077e+02 2.011819644389845063e+00 2.387017476253714549e-02
6.002512562814069952e+02 2.008028194086918461e+00 2.425310979154459909e-02
6.059045226130652964e+02 2.004623969436710951e+00 2.462593974993505797e-02
6.115577889447235975e+02 2.001550946148349386e+00 2.498905001198931455e-02
6.172110552763818987e+02 1.998763860982351037e+00 2.534275524162280316e-02
6.228643216080401999e+02 1.996225656956435612e+00 2.568731825802065410e-02
6.285175879396985010e+02 1.993905642206353468e+00 2.602296331211399055e-02
6.341708542713568022e+02 1.991778135810052364e+00 2.634988554587409590e-02
6.398241206030151034e+02 1.989821453846120969e+00 2.666825777999725852e-02
6.454773869346734045e+02 1.988017138154600350e+00 2.697823538920118835e-02
6.511306532663315920e+02 1.986349361436689609e+00 2.727995977926919377e-02
6.567839195979900069e+02 1.984804462592965724e+00 2.757356081949647805e-02
6.624371859296481944e+02 1.983370579679074375e+00 2.785915847643202076e-02
6.680904522613064955e+02 1.982037357010681955e+00 2.813686382051184751e-02
6.737437185929647967e+02 1.980795709280856132e+00 2.840677952414021046e-02
6.793969849246230979e+02 1.979637630006996663e+00 2.866899993061114774e-02
6.850502512562813990e+02 1.978556034806471464e+00 2.892361074303341842e-02
6.907035175879397002e+02 1.977544632306083683e+00 2.917068835748186373e-02
6.963567839195980014e+02 1.976597817184281958e+00 2.941029884241584680e-02
7.020100502512563025e+02 1.975710581105359687e+00 2.964249654522685407e-02
7.076633165829146037e+02 1.974878438254995983e+00 2.986732228407353723e-02
7.133165829145727912e+02 1.974097362912716092e+00 3.008480105753430847e-02
7.189698492462312061e+02 1.973363737060833234e+00 3.029493917326386496e-02
7.246231155778893935e+02 1.972674306476264405e+00 3.049772065670872459e-02
7.302763819095478084e+02 1.972026144115327062e+00 3.069310274803014119e-02
7.359296482412059959e+02 1.971416619909248436e+00 3.088101022305016208e-02
7.415829145728642970e+02 1.970843376362898303e+00 3.106132817365863871e-02
7.472361809045225982e+02 1.970304309613435612e+00 3.123389274067273416e-02
7.528894472361808994e+02 1.969797555883621376e+00 3.139847908663716269e-02
7.585427135678392006e+02 1.969321483587202604e+00 3.155478559412313450e-02
7.641959798994975017e+02 1.968874691754184170e+00 3.170241282312036279e-02
7.698492462311558029e+02 1.968456016007615883e+00 3.184083507220841075e-02
7.755025125628139904e+02 1.968064544146251871e+00 3.196936131375778534e-02
7.811557788944724052e+02 1.967699644646330626e+00 3.208708056146208909e-02
7.868090452261305927e+02 1.967361013398757796e+00 3.219278392790576176e-02
7.924623115577890076e+02 1.967048747299090516e+00 3.228485091962553233e-02
7.981155778894471950e+02 1.966763458937928144e+00 3.236107934106199208e-02
8.037688442211054962e+02 1.966506456589144580e+00 3.241842347700144011e-02
8.094221105527637974e+02 1.966280031963075992e+00 3.245257771336942237e-02
8.150753768844220986e+02 1.966087933178101599e+00 3.245728889925072330e-02
8.207286432160803997e+02 1.965936170585225629e+00 3.242316975641141436e-02
8.263819095477387009e+02 1.965834451171526220e+00 3.233554314814934827e-02
8.320351758793970021e+02 1.965798866655791732e+00 3.217028159644502033e-02
8.376884422110551895e+02 1.965857227553011954e+00 3.188519424627452720e-02
8.433417085427136044e+02 1.966060233021293957e+00 3.140077909731792127e-02
8.489949748743717919e+02 1.966505056777701599e+00 3.055455684830259838e-02
8.546482412060302067e+02 1.967371821248657504e+00 2.900277451670435491e-02
8.603015075376883942e+02 1.968814656425008858e+00 2.625592570997750327e-02
8.659547738693468091e+02 1.970174562710095056e+00 2.313750581871681228e-02
8.716080402010049966e+02 1.970695983339814994e+00 2.140499594330100980e-02
8.772613065326632977e+02 1.970765753995276759e+00 2.062903494878904134e-02
8.829145728643215989e+02 1.970676249350880260e+00 2.023650149080685745e-02
8.885678391959799001e+02 1.970525081321866878e+00 2.001046821414861898e-02
8.942211055276382012e+02 1.970347414368397887e+00 1.986792667892906331e-02
8.998743718592965024e+02 1.970158105216295308e+00 1.977230712223059308e-02
9.055276381909548036e+02 1.969964273843182623e+00 1.970537839890712517e-02
9.111809045226129911e+02 1.969769653769140927e+00 1.965713521244756914e-02
9.168341708542714059e+02 1.969576327285855744e+00 1.962166272419864702e-02
9.224874371859295934e+02 1.969385501723046605e+00 1.959525352844400728e-02
9.281407035175880083e+02 1.969197889834644943e+00 1.957547216800846479e-02
9.337939698492461957e+02 1.969013910315810634e+00 1.956065626631048673e-02
9.394472361809044969e+02 1.968833799965663989e+00 1.954963451777949265e-02
9.451005025125627981e+02 1.968657679567233032e+00 1.954155931587963496e-02
9.507537688442210992e+02 1.968485594185712451e+00 1.953580324436198987e-02
9.564070351758794004e+02 1.968317538670606215e+00 1.953189276917628378e-02
9.620603015075377016e+02 1.968153474261822522e+00 1.952946444820125374e-02
9.677135678391960028e+02 1.967993339665534913e+00 1.952823523307413087e-02
9.733668341708543039e+02 1.967837058591190402e+00 1.952798185196224362e-02
9.790201005025126051e+02 1.967684544966080473e+00 1.952852619689525102e-02
9.846733668341707926e+02 1.967535706591732714e+00 1.952972477387339770e-02
9.903266331658290937e+02 1.967390447734436387e+00 1.953146095878294936e-02
9.959798994974873949e+02 1.967248670974183655e+00 1.953363922745334630e-02
1.001633165829145696e+03 1.967110278529916600e+00 1.953618079790559944e-02
1.007286432160803997e+03 1.966975173210134598e+00 1.953902029847393376e-02
1.012939698492462298e+03 1.966843259092479368e+00 1.954210319146370417e-02
1.018592964824120600e+03 1.966714442005378372e+00 1.954538376039979125e-02
1.024246231155778787e+03 1.966588629863971205e+00 1.954882352266728435e-02
1.029899497487437202e+03 1.966465732898081686e+00 1.955238996663684337e-02
1.035552763819095617e+03 1.966345663799828447e+00 1.955605553885496686e-02
1.041206030150753804e+03 1.966228337811228633e+00 1.955979682567734676e-02
1.046859296482411992e+03 1.966113672766942821e+00 1.956359388748054803e-02
1.052512562814070407e+03 1.966001589103508307e+00 1.956742971342296383e-02
1.058165829145728594e+03 1.965892009843625443e+00 1.957128977234659853e-02
1.063819095477386782e+03 1.965784860561996084e+00 1.957516164078015528e-02
1.069472361809045196e+03 1.965680069337660152e+00 1.957903469309865349e-02
1.075125628140703611e+03 1.965577566696623091e+00 1.958289984235241435e-02
1.080778894472361799e+03 1.965477285547678310e+00 1.958674932239421601e-02
1.086432160804019986e+03 1.965379161113651740e+00 1.959057650392040384e-02
1.092085427135678401e+03 1.965283130859794003e+00 1.959437573864893783e-02
1.097738693467336816e+03 1.965189134420627370e+00 1.959814222668261260e-02
1.103391959798995003e+03 1.965097113526262040e+00 1.960187190333889662e-02
1.109045226130653191e+03 1.965007011928949332e+00 1.960556134216144206e-02
1.114698492462311606e+03 1.964918775330456002e+00 1.960920767169815893e-02
1.120351758793969793e+03 1.964832351310692671e+00 1.961280850366730472e-02
1.126005025125627981e+03 1.964747689257922980e+00 1.961636187099633638e-02
1.131658291457286396e+03 1.964664740300779977e+00 1.961986617412394412e-02
1.137311557788944810e+03 1.964583457242259801e+00 1.962332013437665876e-02
1.142964824120602998e+03 1.964503794495792155e+00 1.962672275339143527e-02
1.148618090452261185e+03 1.964425708023456840e+00 1.963007327777777436e-02
1.154271356783919600e+03 1.964349155276374104e+00 1.963337116818584388e-02
1.159924623115578015e+03 1.964274095137275244e+00 1.963661607229338565e-02
1.165577889447236203e+03 1.964200487865237044e+00 1.963980780110608990e-02
1.171231155778894390e+03 1.964128295042549155e+00 1.964294630811426468e-02
1.176884422110552805e+03 1.964057479523671379e+00 1.964603167104699358e-02
1.182537688442210992e+03 1.963988005386231084e+00 1.964906407573394076e-02
1.188190954773869180e+03 1.963919837884003039e+00 1.965204380190764891e-02
1.193844221105527595e+03 1.963852943401809048e+00 1.965497121072306078e-02
1.199497487437186010e+03 1.963787289412274095e+00 1.965784673363589474e-02
1.205150753768844197e+03 1.963722844434375503e+00 1.966067086269421282e-02
1.210804020100502385e+03 1.963659577993709826e+00 1.966344414185149450e-02
1.216457286432160799e+03 1.963597460584425081e+00 1.966616715934488627e-02
1.222110552763819214e+03 1.963536463632737261e+00 1.966884054089994283e-02
1.227763819095477402e+03 1.963476559461977189e+00 1.967146494374940463e-02
1.233417085427135589e+03 1.963417721259101523e+00 1.967404105134068493e-02
1.239070351758794004e+03 1.963359923042600208e+00 1.967656956860133061e-02
1.244723618090452419e+03 1.963303139631752403e+00 1.967905121778424499e-02
1.250376884422110379e+03 1.963247346617158939e+00 1.968148673477342070e-02
1.256030150753768794e+03 1.963192520332508018e+00 1.968387686583829288e-02
1.261683417085427209e+03 1.963138637827510413e+00 1.968622236472898288e-02
1.267336683417085396e+03 1.963085676841959559e+00 1.968852399011765744e-02
1.272989949748743584e+03 1.963033615780862107e+00 1.969078250335729377e-02
1.278643216080401999e+03 1.962982433690593220e+00 1.969299866650123937e-02
1.284296482412060413e+03 1.962932110236031535e+00 1.969517324052673032e-02
1.289949748743718601e+03 1.962882625678627813e+00 1.969730698381863196e-02
1.295603015075376788e+03 1.962833960855369320e+00 1.969940065081158057e-02
1.301256281407035203e+03 1.962786097158595089e+00 1.970145499080168047e-02
1.306909547738693618e+03 1.962739016516630075e+00 1.970347074693882400e-02
1.312562814070351806e+03 1.962692701375194915e+00 1.970544865532059681e-02
1.318216080402009993e+03 1.962647134679563088e+00 1.970738944421582609e-02
1.323869346733668408e+03 1.962602299857427290e+00 1.970929383337824067e-02
1.329522613065326595e+03 1.962558180802449259e+00 1.971116253354028222e-02
1.335175879396984783e+03 1.962514761858455081e+00 1.971299624586160190e-02
1.340829145728643198e+03 1.962472027804254449e+00 1.971479566155200439e-02
1.346482412060301613e+03 1.962429963839054770e+00 1.971656146154470574e-02
1.352135678391959800e+03 1.962388555568440385e+00 1.971829431619746831e-02
1.357788944723617988e+03 1.962347788990896458e+00 1.971999488508343820e-02
1.363442211055276402e+03 1.962307650484854449e+00 1.972166381682665878e-02
1.369095477386934817e+03 1.962268126796229417e+00 1.972330174895969152e-02
1.374748743718593005e+03 1.962229205026439605e+00 1.972490930784273622e-02
1.380402010050251192e+03 1.962190872620874105e+00 1.972648710859924159e-02
1.386055276381909607e+03 1.962153117357802179e+00 1.972803575511295968e-02
1.391708542713567795e+03 1.962115927337696020e+00 1.972955583999644324e-02
1.397361809045225982e+03 1.962079290972954082e+00 1.973104794465479345e-02
1.403015075376884397e+03 1.962043196978005000e+00 1.973251263931516397e-02
1.408668341708542812e+03 1.962007634359782093e+00 1.973395048308964131e-02
1.414321608040200999e+03 1.961972592408544047e+00 1.973536202407706608e-02
1.419974874371859187e+03 1.961938060689034646e+00 1.973674779944191437e-02
1.425628140703517602e+03 1.961904029031963148e+00 1.973810833553780314e-02
1.431281407035176017e+03 1.961870487525795514e+00 1.973944414801370381e-02
1.436934673366834204e+03 1.961837426508840965e+00 1.974075574198161376e-02
1.442587939698492391e+03 1.961804836561621190e+00 1.974204361209950728e-02
1.448241206030150806e+03 1.961772708499515350e+00 1.974330824277761853e-02
1.453894472361808994e+03 1.961741033365662190e+00 1.974455010827190146e-02
1.459547738693467409e+03 1.961709802424117299e+00 1.974576967290083210e-02
1.465201005025125596e+03 1.961679007153247944e+00 1.974696739114379512e-02
1.470854271356784011e+03 1.961648639239361280e+00 1.974814370785721654e-02
1.476507537688442198e+03 1.961618690570552381e+00 1.974929905841725508e-02
1.482160804020100386e+03 1.961589153230767213e+00 1.975043386887909841e-02
1.487814070351758801e+03 1.961560019494068552e+00 1.975154855616962843e-02
1.493467336683416988e+03 1.961531281819099970e+00 1.975264352824049330e-02
1.499120603015075403e+03 1.961502932843738334e+00 1.975371918423773215e-02
1.504773869346733591e+03 1.961474965379927493e+00 1.975477591468238758e-02
1.510427135678392006e+03 1.961447372408686940e+00 1.975581410163397555e-02
1.516080402010050193e+03 1.961420147075286780e+00 1.975683411885935728e-02
1.521733668341708608e+03 1.961393282684588124e+00 1.975783633200693667e-02
1.527386934673366795e+03 1.961366772696532701e+00 1.975882109875820233e-02
1.533040201005025210e+03 1.961340610721787225e+00 1.975978876900148437e-02
1.538693467336683398e+03 1.961314790517527884e+00 1.976073968501111319e-02
1.544346733668341585e+03 1.961289305983365372e+00 1.976167418157584454e-02
1.550000000000000000e+03 1.961264151157400493e+00 1.976259258617758460e-02
