4.250000000000000000e+02 1.687445072014321923e+00 3.615537061391498885e-01
4.306532663316583012e+02 1.792897647582162968e+00 3.375713848625132574e-01
4.363065326633166023e+02 1.848350733753868491e+00 3.242236112351103983e-01
4.419597989949749035e+02 1.888468256127311395e+00 3.135674322514182544e-01
4.476130653266331478e+02 1.921565263728069795e+00 3.038067258756622091e-01
4.532663316582914490e+02 1.950880969764656969e+00 2.942438498035894745e-01
4.589195979899497502e+02 1.978001253390998082e+00 2.845209663118504206e-01
4.645728643216080513e+02 2.003815354742360277e+00 2.744136464735617009e-01
4.702261306532663525e+02 2.028868127095769580e+00 2.637543398197040867e-01
4.758793969849245968e+02 2.053513563884911353e+00 2.523963654611845464e-01
4.815326633165828980e+02 2.077989323933564059e+00 2.401919302197383921e-01
4.871859296482411992e+02 2.102454774523778713e+00 2.269735909714460098e-01
4.928391959798995003e+02 2.127009025728146874e+00 2.125325063385475610e-01
4.984924623115578015e+02 2.151693980429528974e+00 1.965855469060483474e-01
5.041457286432161027e+02 2.176478088767318297e+00 1.787157994638107206e-01
5.097989949748744039e+02 2.201196435643399507e+00 1.582466053230779379e-01
5.154522613065327050e+02 2.225340511031078439e+00 1.339182768241797550e-01
5.211055276381910062e+02 2.247029222007432825e+00 1.027539005005874972e-01
5.267587939698491937e+02 2.247559457999655841e+00 5.110385518199547089e-02
5.324120603015074948e+02 2.214280298135165470e+00 1.100719018158016760e-02
5.380653266331657960e+02 2.176498978493382808e+00 1.120206085740989461e-02
5.437185929648240972e+02 2.154278155276589946e+00 1.132125015491696612e-02
5.493718592964823983e+02 2.138502633166270428e+00 1.140825028588756881e-02
5.550251256281406995e+02 2.126378941758083396e+00 1.147662403671726068e-02
5.606783919597990007e+02 2.116628537236554752e+00 1.153267027960180706e-02
5.663316582914573019e+02 2.108547463337675065e+00 1.157990332481040330e-02
5.719849246231156030e+02 2.101703392977671392e+00 1.162050797247441217e-02
5.776381909547739042e+02 2.095810730088624396e+00 1.165594404952788495e-02
5.832914572864322054e+02 2.090670649317445395e+00 1.168723881457463774e-02
5.889447236180903928e+02 2.086139129280475402e+00 1.171514398201193782e-02
5.945979899497488077e+02 2.082108544435720354e+00 1.174022677997104552e-02
6.002512562814069952e+02 2.078496417273016483e+00 1.176292596633990092e-02
6.059045226130652964e+02 2.075238214035677764e+00 1.178358794217577478e-02
6.115577889447235975e+02 2.072282549659639983e+00 1.180249094025135476e-02
6.172110552763818987e+02 2.069587892654073613e+00 1.181986174878169732e-02
6.228643216080401999e+02 2.067120238738181293e+00 1.183588758831938086e-02
6.285175879396985010e+02 2.064851429958376894e+00 1.185072474246054615e-02
6.341708542713568022e+02 2.062757915562383193e+00 1.186450495602068764e-02
6.398241206030151034e+02 2.060819822327613071e+00 1.187734026114200224e-02
6.454773869346734045e+02 2.059020246141261445e+00 1.188932667479385662e-02
6.511306532663315920e+02 2.057344704657641188e+00 1.190054707006619680e-02
6.567839195979900069e+02 2.055780709131326045e+00 1.191107343390140731e-02
6.624371859296481944e+02 2.054317425710586065e+00 1.192096866215485579e-02
6.680904522613064955e+02 2.052945404768473203e+00 1.193028800098105795e-02
6.737437185929647967e+02 2.051656362596382621e+00 1.193908021521695138e-02
6.793969849246230979e+02 2.050443003834579780e+00 1.194738854327919569e-02
6.850502512562813990e+02 2.049298875910756657e+00 1.195525148369039337e-02
6.907035175879397002e+02 2.048218248858180157e+00 1.196270344753999973e-02
6.963567839195980014e+02 2.047196015427461546e+00 1.196977530337473179e-02
7.020100502512563025e+02 2.046227607551930117e+00 1.197649483498525701e-02
7.076633165829146037e+02 2.045308926087089585e+00 1.198288712828581362e-02
7.133165829145727912e+02 2.044436281397284727e+00 1.198897489995749514e-02
7.189698492462312061e+02 2.043606342862249736e+00 1.199477877805728634e-02
7.246231155778893935e+02 2.042816095761929240e+00 1.200031754277480940e-02
7.302763819095478084e+02 2.042062804298149015e+00 1.200560833377047748e-02
7.359296482412059959e+02 2.041343979747132664e+00 1.201066682969201098e-02
7.415829145728642970e+02 2.040657352922778944e+00 1.201550740405438363e-02
7.472361809045225982e+02 2.040000850278442357e+00 1.202014326113995391e-02
7.528894472361808994e+02 2.039372573093201968e+00 1.202458655487181199e-02
7.585427135678392006e+02 2.038770779283796575e+00 1.202884849325052199e-02
7.641959798994975017e+02 2.038193867460402764e+00 1.203293943019966873e-02
7.698492462311558029e+02 2.037640362907135572e+00 1.203686894686782638e-02
7.755025125628139904e+02 2.037108905219358501e+00 1.204064592344015333e-02
7.811557788944724052e+02 2.036598237372019060e+00 1.204427860309080500e-02
7.868090452261305927e+02 2.036107196027969746e+00 1.204777464892154218e-02
7.924623115577890076e+02 2.035634702924042472e+00 1.205114119461307698e-02
7.981155778894471950e+02 2.035179757196612815e+00 1.205438489000621415e-02
8.037688442211054962e+02 2.034741428528455742e+00 1.205751194184675155e-02
8.094221105527637974e+02 2.034318851015469942e+00 1.206052815042121806e-02
8.150753768844220986e+02 2.033911217666025451e+00 1.206343894256667500e-02
8.207286432160803997e+02 2.033517775457629018e+00 1.206624940151595875e-02
8.263819095477387009e+02 2.033137820885745572e+00 1.206896429377920035e-02
8.320351758793970021e+02 2.032770695948210360e+00 1.207158809362813418e-02
8.376884422110551895e+02 2.032415784516040436e+00 1.207412500523231264e-02
8.433417085427136044e+02 2.032072509047718523e+00 1.207657898280751693e-02
8.489949748743717919e+02 2.031740327609419250e+00 1.207895374895114234e-02
8.546482412060302067e+02 2.031418731168296965e+00 1.208125281143000371e-02
8.603015075376883942e+02 2.031107241129933794e+00 1.208347947842757300e-02
8.659547738693468091e+02 2.030805407094522064e+00 1.208563687258762745e-02
8.716080402010049966e+02 2.030512804809344374e+00 1.208772794371261450e-02
8.772613065326632977e+02 2.030229034297720059e+00 1.208975548072776726e-02
8.829145728643215989e+02 2.029953718146851216e+00 1.209172212230871617e-02
8.885678391959799001e+02 2.029686499938983424e+00 1.209363036685603791e-02
8.942211055276382012e+02 2.029427042812030013e+00 1.209548258174623567e-02
8.998743718592965024e+02 2.029175028137309766e+00 1.209728101167841137e-02
9.055276381909548036e+02 2.028930154303402844e+00 1.209902778650468434e-02
9.111809045226129911e+02 2.028692135596275037e+00 1.210072492841801628e-02
9.168341708542714059e+02 2.028460701166878266e+00 1.210237435862786953e-02
9.224874371859295934e+02 2.028235594078320325e+00 1.210397790356211069e-02
9.281407035175880083e+02 2.028016570425531739e+00 1.210553730056000699e-02
9.337939698492461957e+02 2.027803398521047296e+00 1.210705420316780107e-02
9.394472361809044969e+02 2.027595858141168161e+00 1.210853018614808235e-02
9.451005025125627981e+02 2.027393739827332286e+00 1.210996674996565881e-02
9.507537688442210992e+02 2.027196844238016826e+00 1.211136532520935491e-02
9.564070351758794004e+02 2.027004981546953299e+00 1.211272727640049993e-02
9.620603015075377016e+02 2.026817970883828757e+00 1.211405390584901001e-02
9.677135678391960028e+02 2.026635639814007739e+00 1.211534645706266108e-02
9.733668341708543039e+02 2.026457823854125095e+00 1.211660611794860773e-02
9.790201005025126051e+02 2.026284366020697725e+00 1.211783402389932096e-02
9.846733668341707926e+02 2.026115116409147987e+00 1.211903126059847915e-02
9.903266331658290937e+02 2.025949931800875348e+00 1.212019886663895547e-02
9.959798994974873949e+02 2.025788675296213981e+00 1.212133783609988143e-02
1.001633165829145696e+03 2.025631215971300136e+00 1.212244912073506126e-02
1.007286432160803997e+03 2.025477428557064030e+00 1.212353363226774221e-02
1.012939698492462298e+03 2.025327193138678261e+00 1.212459224442563425e-02
1.018592964824120600e+03 2.025180394873970169e+00 1.212562579480807971e-02
1.024246231155778787e+03 2.025036923729406357e+00 1.212663508675050107e-02
1.029899497487437202e+03 2.024896674232390392e+00 1.212762089103976496e-02
1.035552763819095617e+03 2.024759545238695946e+00 1.212858394740751015e-02
1.041206030150753804e+03 2.024625439713982011e+00 1.212952496620443334e-02
1.046859296482411992e+03 2.024494264528386989e+00 1.213044462974301012e-02
1.052512562814070407e+03 2.024365930263313906e+00 1.213134359356520843e-02
1.058165829145728594e+03 2.024240351029555463e+00 1.213222248787326762e-02
1.063819095477386782e+03 2.024117444296000823e+00 1.213308191855621936e-02
1.069472361809045196e+03 2.023997130728203420e+00 1.213392246845293454e-02
1.075125628140703611e+03 2.023879334036160937e+00 1.213474469832100805e-02
1.080778894472361799e+03 2.023763980830692866e+00 1.213554914793253149e-02
1.086432160804019986e+03 2.023651000487860951e+00 1.213633633696743937e-02
1.092085427135678401e+03 2.023540325020905417e+00 1.213710676590581093e-02
1.097738693467336816e+03 2.023431888959222213e+00 1.213786091697409419e-02
1.103391959798995003e+03 2.023325629233923451e+00 1.213859925485256952e-02
1.109045226130653191e+03 2.023221485069579550e+00 1.213932222747348029e-02
1.114698492462311606e+03 2.023119397881749659e+00 1.214003026680006425e-02
1.120351758793969793e+03 2.023019311179937940e+00 1.214072378949512289e-02
1.126005025125627981e+03 2.022921170475656893e+00 1.214140319747918258e-02
1.131658291457286396e+03 2.022824923195275293e+00 1.214206887874407816e-02
1.137311557788944810e+03 2.022730518597365634e+00 1.214272120776360361e-02
1.142964824120602998e+03 2.022637907694287307e+00 1.214336054615965631e-02
1.148618090452261185e+03 2.022547043177749249e+00 1.214398724323987114e-02
1.154271356783919600e+03 2.022457879348115828e+00 1.214460163637020272e-02
1.159924623115578015e+03 2.022370372047253007e+00 1.214520405171278482e-02
1.165577889447236203e+03 2.022284478594687851e+00 1.214579480445139581e-02
1.171231155778894390e+03 2.022200157726912195e+00 1.214637419930911753e-02
1.176884422110552805e+03 2.022117369539638165e+00 1.214694253101075878e-02
1.182537688442210992e+03 2.022036075432850133e+00 1.214750008465354837e-02
1.188190954773869180e+03 2.021956238058482125e+00 1.214804713605922848e-02
1.193844221105527595e+03 2.021877821270595899e+00 1.214858395216243322e-02
1.199497487437186010e+03 2.021800790077899368e+00 1.214911079136221997e-02
1.205150753768844197e+03 2.021725110598497022e+00 1.214962790383679672e-02
1.210804020100502385e+03 2.021650750016736886e+00 1.215013553185800843e-02
1.216457286432160799e+03 2.021577676542053226e+00 1.215063391008732591e-02
1.222110552763819214e+03 2.021505859369688629e+00 1.215112326594471569e-02
1.227763819095477402e+03 2.021435268643203109e+00 1.215160381970320329e-02
1.233417085427135589e+03 2.021365875418671187e+00 1.215207578493045226e-02
1.239070351758794004e+03 2.021297651630485692e+00 1.215253936867434492e-02
1.244723618090452419e+03 2.021230570058675458e+00 1.215299477168492980e-02
1.250376884422110379e+03 2.021164604297667200e+00 1.215344218863624419e-02
1.256030150753768794e+03 2.021099728726417855e+00 1.215388180842105238e-02
1.261683417085427209e+03 2.021035918479841431e+00 1.215431381426275437e-02
1.267336683417085396e+03 2.020973149421468662e+00 1.215473838399158853e-02
1.272989949748743584e+03 2.020911398117283930e+00 1.215515569019283773e-02
1.278643216080401999e+03 2.020850641810670645e+00 1.215556590040971913e-02
1.284296482412060413e+03 2.020790858398417544e+00 1.215596917734617852e-02
1.289949748743718601e+03 2.020732026407733528e+00 1.215636567899649155e-02
1.295603015075376788e+03 2.020674124974216834e+00 1.215675555879307430e-02
1.301256281407035203e+03 2.020617133820740818e+00 1.215713896586376012e-02
1.306909547738693618e+03 2.020561033237207038e+00 1.215751604505156853e-02
1.312562814070351806e+03 2.020505804061120347e+00 1.215788693713530134e-02
1.318216080402009993e+03 2.020451427658963350e+00 1.215825177895873271e-02
1.323869346733668408e+03 2.020397885908307156e+00 1.215861070354148053e-02
1.329522613065326595e+03 2.020345161180653992e+00 1.215896384026285068e-02
1.335175879396984783e+03 2.020293236324949948e+00 1.215931131489951175e-02
1.340829145728643198e+03 2.020242094651754527e+00 1.215965324980923003e-02
1.346482412060301613e+03 2.020191719918034590e+00 1.215998976402321574e-02
1.352135678391959800e+03 2.020142096312546709e+00 1.216032097332017149e-02
1.357788944723617988e+03 2.020093208441790633e+00 1.216064699044635579e-02
1.363442211055276402e+03 2.020045041316498757e+00 1.216096792502519876e-02
1.369095477386934817e+03 2.019997580338650511e+00 1.216128388386856878e-02
1.374748743718593005e+03 2.019950811288974357e+00 1.216159497090455593e-02
1.380402010050251192e+03 2.019904720314924074e+00 1.216190128734258649e-02
1.386055276381909607e+03 2.019859293919111565e+00 1.216220293176544821e-02
1.391708542713567795e+03 2.019814518948162885e+00 1.216250000016652968e-02
1.397361809045225982e+03 2.019770382581999257e+00 1.216279258606003250e-02
1.403015075376884397e+03 2.019726872323502231e+00 1.216308078059115914e-02
1.408668341708542812e+03 2.019683975988567859e+00 1.216336467251847610e-02
1.414321608040200999e+03 2.019641681696517921e+00 1.216364434836055171e-02
1.419974874371859187e+03 2.019599977860860651e+00 1.216391989250604870e-02
1.425628140703517602e+03 2.019558853180384528e+00 1.216419138712298252e-02
1.431281407035176017e+03 2.019518296630569587e+00 1.216445891239655366e-02
1.436934673366834204e+03 2.019478297455309601e+00 1.216472254647486817e-02
1.442587939698492391e+03 2.019438845158919804e+00 1.216498236559718574e-02
1.448241206030150806e+03 2.019399929498434609e+00 1.216523844409436728e-02
1.453894472361808994e+03 2.019361540476167338e+00 1.216549085448057066e-02
1.459547738693467409e+03 2.019323668332535959e+00 1.216573966754491871e-02
1.465201005025125596e+03 2.019286303539130412e+00 1.216598495229713993e-02
1.470854271356784011e+03 2.019249436792027286e+00 1.216622677611395482e-02
1.476507537688442198e+03 2.019213059005322108e+00 1.216646520473943678e-02
1.482160804020100386e+03 2.019177161304894330e+00 1.216670030237661237e-02
1.487814070351758801e+03 2.019141735022372153e+00 1.216693213165128545e-02
1.493467336683416988e+03 2.019106771689310964e+00 1.216716075375835759e-02
1.499120603015075403e+03 2.019072263031557846e+00 1.216738622842563483e-02
1.504773869346733591e+03 2.019038200963807927e+00 1.216760861395060553e-02
1.510427135678392006e+03 2.019004577584345483e+00 1.216782796734672614e-02
1.516080402010050193e+03 2.018971385169948007e+00 1.216804434423417874e-02
1.521733668341708608e+03 2.018938616170967038e+00 1.216825779900437658e-02
1.527386934673366795e+03 2.018906263206566187e+00 1.216846838474720631e-02
1.533040201005025210e+03 2.018874319060110167e+00 1.216867615336075618e-02
1.538693467336683398e+03 2.018842776674709238e+00 1.216888115558803322e-02
1.544346733668341585e+03 2.018811629148900888e+00 1.216908344098068494e-02
1.550000000000000000e+03 2.018780869732474503e+00 1.216928305799044527e-02
