4.250000000000000000e+02 1.711485980114160865e+00 3.731661547946506508e-01
4.306532663316583012e+02 1.818957528643672328e+00 3.483473315960068928e-01
4.363065326633166023e+02 1.875477990338242584e+00 3.345650936016262289e-01
4.419597989949749035e+02 1.916368694003859563e+00 3.235823911176572421e-01
4.476130653266331478e+02 1.950103127824296845e+00 3.135375685530810697e-01
4.532663316582914490e+02 1.979982337710760154e+00 3.037080763917095472e-01
4.589195979899497502e+02 2.007622500546635269e+00 2.937237704861316301e-01
4.645728643216080513e+02 2.033929843584656449e+00 2.833529491282096302e-01
4.702261306532663525e+02 2.059459611673679635e+00 2.724230595218168904e-01
4.758793969849245968e+02 2.084572519099865406e+00 2.607834372623701324e-01
4.815326633165828980e+02 2.109510689128418992e+00 2.482826208498273846e-01
4.871859296482411992e+02 2.134436409196765361e+00 2.347492914858518853e-01
4.928391959798995003e+02 2.159450484327311237e+00 2.199699806983933803e-01
4.984924623115578015e+02 2.184595297011439730e+00 2.036554088233279158e-01
5.041457286432161027e+02 2.209838147560516664e+00 1.853796118647213220e-01
5.097989949748744039e+02 2.235009931468365352e+00 1.644510113685600239e-01
5.154522613065327050e+02 2.259589983931908019e+00 1.395811839901489881e-01
5.211055276381910062e+02 2.281651929986911131e+00 1.077204038713133055e-01
5.267587939698491937e+02 2.281837223460541075e+00 5.478393780545153663e-02
5.324120603015074948e+02 2.247687232212218333e+00 1.444050386673087147e-02
5.380653266331657960e+02 2.209313783118750152e+00 1.469633210849667117e-02
5.437185929648240972e+02 2.186716427267012985e+00 1.485300685191247826e-02
5.493718592964823983e+02 2.170665903403063091e+00 1.496742781373101676e-02
5.550251256281406995e+02 2.158328074318357270e+00 1.505737456624174977e-02
5.606783919597990007e+02 2.148404348817967602e+00 1.513111383630441273e-02
5.663316582914573019e+02 2.140179235007396930e+00 1.519326130573263670e-02
5.719849246231156030e+02 2.133213111621962810e+00 1.524668800972893250e-02
5.776381909547739042e+02 2.127215463446120225e+00 1.529331306979090158e-02
5.832914572864322054e+02 2.121983987602351629e+00 1.533448737026773222e-02
5.889447236180903928e+02 2.117372113904028463e+00 1.537119969839683027e-02
5.945979899497488077e+02 2.113270294421083939e+00 1.540419633231485466e-02
6.002512562814069952e+02 2.109594567512756313e+00 1.543405463216894306e-02
6.059045226130652964e+02 2.106279231212222491e+00 1.546123049737545101e-02
6.115577889447235975e+02 2.103271965721912107e+00 1.548609016078010374e-02
6.172110552763818987e+02 2.100530481043923814e+00 1.550893217534447636e-02
6.228643216080401999e+02 2.098020149835995607e+00 1.553000303168149306e-02
6.285175879396985010e+02 2.095712296835698041e+00 1.554950850884240232e-02
6.341708542713568022e+02 2.093582937698382107e+00 1.556762208990867744e-02
6.398241206030151034e+02 2.091611832695445372e+00 1.558449131129296603e-02
6.454773869346734045e+02 2.089781765556377291e+00 1.560024262701533576e-02
6.511306532663315920e+02 2.088077986239115891e+00 1.561498518716197131e-02
6.567839195979900069e+02 2.086487774997256128e+00 1.562881380889195176e-02
6.624371859296481944e+02 2.085000097507636596e+00 1.564181133885012356e-02
6.680904522613064955e+02 2.083605329257944394e+00 1.565405055047348198e-02
6.737437185929647967e+02 2.082295033241353011e+00 1.566559568180682024e-02
6.793969849246230979e+02 2.081061779125685796e+00 1.567650369262400117e-02
6.850502512562813990e+02 2.079898995012079421e+00 1.568682529992459357e-02
6.907035175879397002e+02 2.078800845035701617e+00 1.569660583694913389e-02
6.963567839195980014e+02 2.077762127630934597e+00 1.570588597061969849e-02
7.020100502512563025e+02 2.076778190449765749e+00 1.571470230442316429e-02
7.076633165829146037e+02 2.075844858798037151e+00 1.572308788780207509e-02
7.133165829145727912e+02 2.074958375118534981e+00 1.573107264894901131e-02
7.189698492462312061e+02 2.074115347558468159e+00 1.573868376446835651e-02
7.246231155778893935e+02 2.073312706051533727e+00 1.574594597635948362e-02
7.302763819095478084e+02 2.072547664650410848e+00 1.575288186523215311e-02
7.359296482412059959e+02 2.071817689085209580e+00 1.575951208667137823e-02
7.415829145728642970e+02 2.071120468712708718e+00 1.576585557658763403e-02
7.472361809045225982e+02 2.070453892171722821e+00 1.577192973026793690e-02
7.528894472361808994e+02 2.069816026180375079e+00 1.577775055899004880e-02
7.585427135678392006e+02 2.069205097007944083e+00 1.578333282757162295e-02
7.641959798994975017e+02 2.068619474232418654e+00 1.578869017541961392e-02
7.698492462311558029e+02 2.068057656458698101e+00 1.579383522359138065e-02
7.755025125628139904e+02 2.067518258724558411e+00 1.579877966949977050e-02
7.811557788944724052e+02 2.067000001364410977e+00 1.580353437108875450e-02
7.868090452261305927e+02 2.066501700136241126e+00 1.580810942182784423e-02
7.924623115577890076e+02 2.066022257446480381e+00 1.581251421765167420e-02
7.981155778894471950e+02 2.065560654531972684e+00 1.581675751683503037e-02
8.037688442211054962e+02 2.065115944478620236e+00 1.582084749371581375e-02
8.094221105527637974e+02 2.064687245973396479e+00 1.582479178701722347e-02
8.150753768844220986e+02 2.064273737700850653e+00 1.582859754340285724e-02
8.207286432160803997e+02 2.063874653307385731e+00 1.583227145662724489e-02
8.263819095477387009e+02 2.063489276866921074e+00 1.583581980315983823e-02
8.320351758793970021e+02 2.063116938790332977e+00 1.583924847435719957e-02
8.376884422110551895e+02 2.062757012128538125e+00 1.584256300559264835e-02
8.433417085427136044e+02 2.062408909225502462e+00 1.584576860291813521e-02
8.489949748743717919e+02 2.062072078682932741e+00 1.584887016720044894e-02
8.546482412060302067e+02 2.061746002603154881e+00 1.585187231614889128e-02
8.603015075376883942e+02 2.061430194080739131e+00 1.585477940453778808e-02
8.659547738693468091e+02 2.061124194916960306e+00 1.585759554264586785e-02
8.716080402010049966e+02 2.060827573534241175e+00 1.586032461308767641e-02
8.772613065326632977e+02 2.060539923070369372e+00 1.586297028636528619e-02
8.829145728643215989e+02 2.060260859634598152e+00 1.586553603510361052e-02
8.885678391959799001e+02 2.059990020709746350e+00 1.586802514715609028e-02
8.942211055276382012e+02 2.059727063686185744e+00 1.587044073765493321e-02
8.998743718592965024e+02 2.059471664515140077e+00 1.587278576014954090e-02
9.055276381909548036e+02 2.059223516470086057e+00 1.587506301687831647e-02
9.111809045226129911e+02 2.058982329006225243e+00 1.587727516830268401e-02
9.168341708542714059e+02 2.058747826709067308e+00 1.587942474180796190e-02
9.224874371859295934e+02 2.058519748324072918e+00 1.588151413989505323e-02
9.281407035175880083e+02 2.058297845860145525e+00 1.588354564778102218e-02
9.337939698492461957e+02 2.058081883760471964e+00 1.588552144027057314e-02
9.394472361809044969e+02 2.057871638134872061e+00 1.588744358838938692e-02
9.451005025125627981e+02 2.057666896048385485e+00 1.588931406538925811e-02
9.507537688442210992e+02 2.057467454861329426e+00 1.589113475232209124e-02
9.564070351758794004e+02 2.057273121616537193e+00 1.589290744342142930e-02
9.620603015075377016e+02 2.057083712469864878e+00 1.589463385085935695e-02
9.677135678391960028e+02 2.056899052160450658e+00 1.589631560941071747e-02
9.733668341708543039e+02 2.056718973517507987e+00 1.589795428064819452e-02
9.790201005025126051e+02 2.056543317000751880e+00 1.589955135699031019e-02
9.846733668341707926e+02 2.056371930271799542e+00 1.590110826536563632e-02
9.903266331658290937e+02 2.056204667794137020e+00 1.590262637078702565e-02
9.959798994974873949e+02 2.056041390459453666e+00 1.590410697954320468e-02
1.001633165829145696e+03 2.055881965238329112e+00 1.590555134230148271e-02
1.007286432160803997e+03 2.055726264853445340e+00 1.590696065699631276e-02
1.012939698492462298e+03 2.055574167473642966e+00 1.590833607150414844e-02
1.018592964824120600e+03 2.055425556427284750e+00 1.590967868621664949e-02
1.024246231155778787e+03 2.055280319933515898e+00 1.591098955637297932e-02
1.029899497487437202e+03 2.055138350850134188e+00 1.591226969436086366e-02
1.035552763819095617e+03 2.054999546436881541e+00 1.591352007177734146e-02
1.041206030150753804e+03 2.054863808133065461e+00 1.591474162147274787e-02
1.046859296482411992e+03 2.054731041348509368e+00 1.591593523939678276e-02
1.052512562814070407e+03 2.054601155266906787e+00 1.591710178635842229e-02
1.058165829145728594e+03 2.054474062660729849e+00 1.591824208970000695e-02
1.063819095477386782e+03 2.054349679716910515e+00 1.591935694487157937e-02
1.069472361809045196e+03 2.054227925872560867e+00 1.592044711696151416e-02
1.075125628140703611e+03 2.054108723660073910e+00 1.592151334203016633e-02
1.080778894472361799e+03 2.053991998560980470e+00 1.592255632846978006e-02
1.086432160804019986e+03 2.053877678867991108e+00 1.592357675827925714e-02
1.092085427135678401e+03 2.053765695554695014e+00 1.592457528825387547e-02
1.097738693467336816e+03 2.053655982152418513e+00 1.592555255109005460e-02
1.103391959798995003e+03 2.053548474633798193e+00 1.592650915644712104e-02
1.109045226130653191e+03 2.053443111302635682e+00 1.592744569199405075e-02
1.114698492462311606e+03 2.053339832689649924e+00 1.592836272435758579e-02
1.120351758793969793e+03 2.053238581453755707e+00 1.592926079999968172e-02
1.126005025125627981e+03 2.053139302288536250e+00 1.593014044612201668e-02
1.131658291457286396e+03 2.053041941833587014e+00 1.593100217148598827e-02
1.137311557788944810e+03 2.052946448590442952e+00 1.593184646717621042e-02
1.142964824120602998e+03 2.052852772842810758e+00 1.593267380732153043e-02
1.148618090452261185e+03 2.052760866580859211e+00 1.593348464984320478e-02
1.154271356783919600e+03 2.052670683429317133e+00 1.593427943713280823e-02
1.159924623115578015e+03 2.052582178579166250e+00 1.593505859659022014e-02
1.165577889447236203e+03 2.052495308722721568e+00 1.593582254135614620e-02
1.171231155778894390e+03 2.052410031991898087e+00 1.593657167084907081e-02
1.176884422110552805e+03 2.052326307899490665e+00 1.593730637124601140e-02
1.182537688442210992e+03 2.052244097283290714e+00 1.593802701613003178e-02
1.188190954773869180e+03 2.052163362252888756e+00 1.593873396688655700e-02
1.193844221105527595e+03 2.052084066139001628e+00 1.593942757321077652e-02
1.199497487437186010e+03 2.052006173445203085e+00 1.594010817361468310e-02
1.205150753768844197e+03 2.051929649801909061e+00 1.594077609576660670e-02
1.210804020100502385e+03 2.051854461922502981e+00 1.594143165699760806e-02
1.216457286432160799e+03 2.051780577561493679e+00 1.594207516464041241e-02
1.222110552763819214e+03 2.051707965474579343e+00 1.594270691642379889e-02
1.227763819095477402e+03 2.051636595380533556e+00 1.594332720083885269e-02
1.233417085427135589e+03 2.051566437924812636e+00 1.594393629747715979e-02
1.239070351758794004e+03 2.051497464644786106e+00 1.594453447735480478e-02
1.244723618090452419e+03 2.051429647936520606e+00 1.594512200327795337e-02
1.250376884422110379e+03 2.051362961023023068e+00 1.594569913005505768e-02
1.256030150753768794e+03 2.051297377923884557e+00 1.594626610487596963e-02
1.261683417085427209e+03 2.051232873426233283e+00 1.594682316750984860e-02
1.267336683417085396e+03 2.051169423056954155e+00 1.594737055065607173e-02
1.272989949748743584e+03 2.051107003056090505e+00 1.594790848011399392e-02
1.278643216080401999e+03 2.051045590351387116e+00 1.594843717511961259e-02
1.284296482412060413e+03 2.050985162533902173e+00 1.594895684843150932e-02
1.289949748743718601e+03 2.050925697834649064e+00 1.594946770673685843e-02
1.295603015075376788e+03 2.050867175102212947e+00 1.594996995073710150e-02
1.301256281407035203e+03 2.050809573781290585e+00 1.595046377541451191e-02
1.306909547738693618e+03 2.050752873892118799e+00 1.595094937017332501e-02
1.312562814070351806e+03 2.050697056010739594e+00 1.595142691909216121e-02
1.318216080402009993e+03 2.050642101250069516e+00 1.595189660109281454e-02
1.323869346733668408e+03 2.050587991241732411e+00 1.595235859006718243e-02
1.329522613065326595e+03 2.050534708118618266e+00 1.595281305510155151e-02
1.335175879396984783e+03 2.050482234498141043e+00 1.595326016060338165e-02
1.340829145728643198e+03 2.050430553466153327e+00 1.595370006648366354e-02
1.346482412060301613e+03 2.050379648561497792e+00 1.595413292826962370e-02
1.352135678391959800e+03 2.050329503761159966e+00 1.595455889728694329e-02
1.357788944723617988e+03 2.050280103465998316e+00 1.595497812077233471e-02
1.363442211055276402e+03 2.050231432487023220e+00 1.595539074201386687e-02
1.369095477386934817e+03 2.050183476032203522e+00 1.595579690047735019e-02
1.374748743718593005e+03 2.050136219693774464e+00 1.595619673194654045e-02
1.380402010050251192e+03 2.050089649436025674e+00 1.595659036857983298e-02
1.386055276381909607e+03 2.050043751583552343e+00 1.595697793910603318e-02
1.391708542713567795e+03 2.049998512809940276e+00 1.595735956888093623e-02
1.397361809045225982e+03 2.049953920126874163e+00 1.595773538002736441e-02
1.403015075376884397e+03 2.049909960873649961e+00 1.595810549149164967e-02
1.408668341708542812e+03 2.049866622707068764e+00 1.595847001916966129e-02
1.414321608040200999e+03 2.049823893591702806e+00 1.595882907600498085e-02
1.419974874371859187e+03 2.049781761790514523e+00 1.595918277210090983e-02
1.425628140703517602e+03 2.049740215855809566e+00 1.595953121472119124e-02
1.431281407035176017e+03 2.049699244620521554e+00 1.595987450847152767e-02
1.436934673366834204e+03 2.049658837189801464e+00 1.596021275534195011e-02
1.442587939698492391e+03 2.049618982932910782e+00 1.596054605477699451e-02
1.448241206030150806e+03 2.049579671475392217e+00 1.596087450377366157e-02
1.453894472361808994e+03 2.049540892691525507e+00 1.596119819690979338e-02
1.459547738693467409e+03 2.049502636697038582e+00 1.596151722648371518e-02
1.465201005025125596e+03 2.049464893842071422e+00 1.596183168254257032e-02
1.470854271356784011e+03 2.049427654704388591e+00 1.596214165292452261e-02
1.476507537688442198e+03 2.049390910082817818e+00 1.596244722335661212e-02
1.482160804020100386e+03 2.049354650990915516e+00 1.596274847753865328e-02
1.487814070351758801e+03 2.049318868650846337e+00 1.596304549714365820e-02
1.493467336683416988e+03 2.049283554487469239e+00 1.596333836191561259e-02
1.499120603015075403e+03 2.049248700122622058e+00 1.596362714968377339e-02
1.504773869346733591e+03 2.049214297369596149e+00 1.596391193650214049e-02
1.510427135678392006e+03 2.049180338227794440e+00 1.596419279659417462e-02
1.516080402010050193e+03 2.049146814877566225e+00 1.596446980249222394e-02
1.521733668341708608e+03 2.049113719675212497e+00 1.596474302499613362e-02
1.527386934673366795e+03 2.049081045148151592e+00 1.596501253335436479e-02
1.533040201005025210e+03 2.049048783990242040e+00 1.596527839513913263e-02
1.538693467336683398e+03 2.049016929057262626e+00 1.596554067642747335e-02
1.544346733668341585e+03 2.048985473362527454e+00 1.596579944177374533e-02
1.550000000000000000e+03 2.048954410072651999e+00 1.596605475427939624e-02
