4.250000000000000000e+02 1.872696567918694210e+00 3.907393336079097446e-01
4.306532663316583012e+02 1.986189366909873355e+00 3.649505984956935012e-01
4.363065326633166023e+02 2.046247037977722893e+00 3.501972338129866191e-01
4.419597989949749035e+02 2.089901358228280159e+00 3.382018390137367381e-01
4.476130653266331478e+02 2.126046886011001558e+00 3.270781070979397742e-01
4.532663316582914490e+02 2.158150957908421486e+00 3.160850321236993166e-01
4.589195979899497502e+02 2.187911315048786776e+00 3.048347324668049807e-01
4.645728643216080513e+02 2.216279047537099256e+00 2.930755850912932781e-01
4.702261306532663525e+02 2.243835118143173268e+00 2.806104519789624496e-01
4.758793969849245968e+02 2.270953978832769948e+00 2.672563328926266246e-01
4.815326633165828980e+02 2.297881987313482810e+00 2.528169615033193374e-01
4.871859296482411992e+02 2.324775358493081701e+00 2.370556425156334357e-01
4.928391959798995003e+02 2.351713352449358752e+00 2.196576875642306803e-01
4.984924623115578015e+02 2.378686472142471864e+00 2.001648737357212549e-01
5.041457286432161027e+02 2.405535658600699289e+00 1.778385518580145597e-01
5.097989949748744039e+02 2.431729787470006343e+00 1.513106363460790527e-01
5.154522613065327050e+02 2.455272725968456360e+00 1.173676445811916713e-01
5.211055276381910062e+02 2.456768950803705387e+00 6.157588646787479081e-02
5.267587939698491937e+02 2.421816879382045151e+00 1.659851245142985113e-02
5.324120603015074948e+02 2.381370118113720569e+00 1.688753995358297649e-02
5.380653266331657960e+02 2.357756090576576202e+00 1.706348400963728779e-02
5.437185929648240972e+02 2.341070616424943296e+00 1.719160507054716056e-02
5.493718592964823983e+02 2.328294714474815397e+00 1.729214792068040074e-02
5.550251256281406995e+02 2.318051443699086001e+00 1.737448264110515173e-02
5.606783919597990007e+02 2.309584703945829265e+00 1.744382357632538391e-02
5.663316582914573019e+02 2.302431197559502873e+00 1.750340559092554427e-02
5.719849246231156030e+02 2.296285488543881037e+00 1.755538627228735507e-02
5.776381909547739042e+02 2.290935335239964399e+00 1.760128153323388747e-02
5.832914572864322054e+02 2.286227265928441721e+00 1.764219917404968863e-02
5.889447236180903928e+02 2.282046782019867770e+00 1.767897413680631982e-02
5.945979899497488077e+02 2.278306276659426644e+00 1.771225160258768638e-02
6.002512562814069952e+02 2.274937305538112575e+00 1.774254049941854233e-02
6.059045226130652964e+02 2.271885448191773627e+00 1.777024930015157211e-02
6.115577889447235975e+02 2.269106780542669011e+00 1.779571074565531458e-02
6.172110552763818987e+02 2.266565387119297448e+00 1.781919938416405905e-02
6.228643216080401999e+02 2.264231565389862588e+00 1.784094430398508110e-02
6.285175879396985010e+02 2.262080503352039695e+00 1.786113856333267080e-02
6.341708542713568022e+02 2.260091288356802952e+00 1.787994629692630372e-02
6.398241206030151034e+02 2.258246152554737041e+00 1.789750815566559794e-02
6.454773869346734045e+02 2.256529890465441834e+00 1.791394552750344080e-02
6.511306532663315920e+02 2.254929403789625919e+00 1.792936385388642015e-02
6.567839195979900069e+02 2.253433341658658495e+00 1.794385526436202347e-02
6.624371859296481944e+02 2.252031813408783112e+00 1.795750069112353811e-02
6.680904522613064955e+02 2.250716157126315231e+00 1.797037158161312459e-02
6.737437185929647967e+02 2.249478751547197231e+00 1.798253129764797870e-02
6.793969849246230979e+02 2.248312861994479661e+00 1.799403626718651047e-02
6.850502512562813990e+02 2.247212513284085666e+00 1.800493693935151934e-02
6.907035175879397002e+02 2.246172384178077852e+00 1.801527858165861279e-02
6.963567839195980014e+02 2.245187719188919573e+00 1.802510194964459384e-02
7.020100502512563025e+02 2.244254254456961029e+00 1.803444385244963241e-02
7.076633165829146037e+02 2.243368155119765284e+00 1.804333763331065349e-02
7.133165829145727912e+02 2.242525962124625849e+00 1.805181357966480216e-02
7.189698492462312061e+02 2.241724546846678212e+00 1.805989927489000044e-02
7.246231155778893935e+02 2.240961072194774584e+00 1.806761990136387941e-02
7.302763819095478084e+02 2.240232959137856028e+00 1.807499850265246316e-02
7.359296482412059959e+02 2.239537857782387675e+00 1.808205621120104536e-02
7.415829145728642970e+02 2.238873622288561016e+00 1.808881244694644438e-02
7.472361809045225982e+02 2.238238289038635198e+00 1.809528509098724119e-02
7.528894472361808994e+02 2.237630057571882602e+00 1.810149063807427183e-02
7.585427135678392006e+02 2.237047273882332821e+00 1.810744433101030976e-02
7.641959798994975017e+02 2.236488415742003522e+00 1.811316027921047386e-02
7.698492462311558029e+02 2.235952079766632572e+00 1.811865156389770581e-02
7.755025125628139904e+02 2.235436969985546973e+00 1.812393033144480900e-02
7.811557788944724052e+02 2.234941887714080533e+00 1.812900787660504109e-02
7.868090452261305927e+02 2.234465722557489986e+00 1.813389471680912704e-02
7.924623115577890076e+02 2.234007444400639919e+00 1.813860065858648174e-02
7.981155778894471950e+02 2.233566096258944977e+00 1.814313485731893633e-02
8.037688442211054962e+02 2.233140787883808542e+00 1.814750587083044028e-02
8.094221105527637974e+02 2.232730690030748200e+00 1.815172170775110685e-02
8.150753768844220986e+02 2.232335029311017571e+00 1.815578987117287199e-02
8.207286432160803997e+02 2.231953083558221085e+00 1.815971739806114538e-02
8.263819095477387009e+02 2.231584177650514977e+00 1.816351089516454742e-02
8.320351758793970021e+02 2.231227679736721647e+00 1.816717657135479350e-02
8.376884422110551895e+02 2.230882997821315161e+00 1.817072026734127890e-02
8.433417085427136044e+02 2.230549576668908962e+00 1.817414748244342362e-02
8.489949748743717919e+02 2.230226894993760034e+00 1.817746339926346391e-02
8.546482412060302067e+02 2.229914462904017292e+00 1.818067290606182121e-02
8.603015075376883942e+02 2.229611819574061293e+00 1.818378061738141344e-02
8.659547738693468091e+02 2.229318531121459390e+00 1.818679089281847322e-02
8.716080402010049966e+02 2.229034188667769367e+00 1.818970785433749598e-02
8.772613065326632977e+02 2.228758406564824046e+00 1.819253540214825840e-02
8.829145728643215989e+02 2.228490820770197001e+00 1.819527722932104408e-02
8.885678391959799001e+02 2.228231087357368967e+00 1.819793683527885439e-02
8.942211055276382012e+02 2.227978881147703483e+00 1.820051753820720389e-02
8.998743718592965024e+02 2.227733894452736951e+00 1.820302248654371430e-02
9.055276381909548036e+02 2.227495835916507350e+00 1.820545466953843797e-02
9.111809045226129911e+02 2.227264429448748917e+00 1.820781692716823968e-02
9.168341708542714059e+02 2.227039413240708310e+00 1.821011195915156824e-02
9.224874371859295934e+02 2.226820538856197462e+00 1.821234233343170875e-02
9.281407035175880083e+02 2.226607570391244906e+00 1.821451049400852826e-02
9.337939698492461957e+02 2.226400283696365445e+00 1.821661876824237289e-02
9.394472361809044969e+02 2.226198465656063608e+00 1.821866937358290403e-02
9.451005025125627981e+02 2.226001913520701869e+00 1.822066442390719160e-02
9.507537688442210992e+02 2.225810434286346506e+00 1.822260593543163429e-02
9.564070351758794004e+02 2.225623844118604033e+00 1.822449583215016850e-02
9.620603015075377016e+02 2.225441967816852884e+00 1.822633595094600226e-02
9.677135678391960028e+02 2.225264638315594734e+00 1.822812804642646306e-02
9.733668341708543039e+02 2.225091696219954951e+00 1.822987379534780905e-02
9.790201005025126051e+02 2.224922989372636106e+00 1.823157480085001517e-02
9.846733668341707926e+02 2.224758372449855859e+00 1.823323259631943333e-02
9.903266331658290937e+02 2.224597706584038548e+00 1.823484864911143269e-02
9.959798994974873949e+02 2.224440859011209248e+00 1.823642436395081848e-02
1.001633165829145696e+03 2.224287702741221562e+00 1.823796108618099682e-02
1.007286432160803997e+03 2.224138116249111174e+00 1.823946010483805044e-02
1.012939698492462298e+03 2.223991983186016874e+00 1.824092265545263977e-02
1.018592964824120600e+03 2.223849192108229289e+00 1.824234992273841491e-02
1.024246231155778787e+03 2.223709636223059061e+00 1.824374304314295078e-02
1.029899497487437202e+03 2.223573213150313865e+00 1.824510310720055956e-02
1.035552763819095617e+03 2.223439824698283385e+00 1.824643116178472496e-02
1.041206030150753804e+03 2.223309376653204605e+00 1.824772821219948840e-02
1.046859296482411992e+03 2.223181778581279300e+00 1.824899522418308231e-02
1.052512562814070407e+03 2.223056943642367944e+00 1.825023312581183083e-02
1.058165829145728594e+03 2.222934788414577589e+00 1.825144280920713499e-02
1.063819095477386782e+03 2.222815232728997170e+00 1.825262513227697905e-02
1.069472361809045196e+03 2.222698199513906570e+00 1.825378092027302862e-02
1.075125628140703611e+03 2.222583614647831052e+00 1.825491096726087129e-02
1.080778894472361799e+03 2.222471406820862860e+00 1.825601603757646268e-02
1.086432160804019986e+03 2.222361507403709968e+00 1.825709686717161967e-02
1.092085427135678401e+03 2.222253850323971491e+00 1.825815416483652850e-02
1.097738693467336816e+03 2.222148371949191681e+00 1.825918861346959368e-02
1.103391959798995003e+03 2.222045010976245294e+00 1.826020087113939053e-02
1.109045226130653191e+03 2.221943708326673761e+00 1.826119157224279088e-02
1.114698492462311606e+03 2.221844407047593783e+00 1.826216132846749871e-02
1.120351758793969793e+03 2.221747052217836416e+00 1.826311072985094958e-02
1.126005025125627981e+03 2.221651590859003988e+00 1.826404034559510683e-02
1.131658291457286396e+03 2.221557971851134905e+00 1.826495072502637429e-02
1.137311557788944810e+03 2.221466145852716512e+00 1.826584239840884152e-02
1.142964824120602998e+03 2.221376065224770269e+00 1.826671587774466449e-02
1.148618090452261185e+03 2.221287683958781844e+00 1.826757165750085218e-02
1.154271356783919600e+03 2.221200957608246984e+00 1.826841021539619622e-02
1.159924623115578015e+03 2.221115843223622210e+00 1.826923201298101887e-02
1.165577889447236203e+03 2.221032299290488510e+00 1.827003749639868196e-02
1.171231155778894390e+03 2.220950285670736157e+00 1.827082709693997331e-02
1.176884422110552805e+03 2.220869763546614806e+00 1.827160123164566982e-02
1.182537688442210992e+03 2.220790695367470757e+00 1.827236030388431492e-02
1.188190954773869180e+03 2.220713044799035085e+00 1.827310470389315392e-02
1.193844221105527595e+03 2.220636776675116053e+00 1.827383480927009460e-02
1.199497487437186010e+03 2.220561856951561719e+00 1.827455098547741547e-02
1.205150753768844197e+03 2.220488252662378592e+00 1.827525358632088939e-02
1.210804020100502385e+03 2.220415931877876670e+00 1.827594295437995342e-02
1.216457286432160799e+03 2.220344863664743595e+00 1.827661942141329751e-02
1.222110552763819214e+03 2.220275018047943139e+00 1.827728330884923272e-02
1.227763819095477402e+03 2.220206365974332741e+00 1.827793492805710254e-02
1.233417085427135589e+03 2.220138879277926414e+00 1.827857458082498762e-02
1.239070351758794004e+03 2.220072530646700404e+00 1.827920255964281607e-02
1.244723618090452419e+03 2.220007293590875896e+00 1.827981914810671363e-02
1.250376884422110379e+03 2.219943142412593495e+00 1.828042462117742198e-02
1.256030150753768794e+03 2.219880052176914642e+00 1.828101924555996030e-02
1.261683417085427209e+03 2.219817998684080251e+00 1.828160327996166193e-02
1.267336683417085396e+03 2.219756958442962613e+00 1.828217697536220487e-02
1.272989949748743584e+03 2.219696908645655942e+00 1.828274057535632727e-02
1.278643216080401999e+03 2.219637827143142506e+00 1.828329431633851990e-02
1.284296482412060413e+03 2.219579692421987716e+00 1.828383842782119531e-02
1.289949748743718601e+03 2.219522483582011763e+00 1.828437313264337505e-02
1.295603015075376788e+03 2.219466180314884962e+00 1.828489864717930749e-02
1.301256281407035203e+03 2.219410762883617050e+00 1.828541518161978796e-02
1.306909547738693618e+03 2.219356212102879145e+00 1.828592294015625799e-02
1.312562814070351806e+03 2.219302509320133510e+00 1.828642212115262275e-02
1.318216080402009993e+03 2.219249636397525816e+00 1.828691291741414357e-02
1.323869346733668408e+03 2.219197575694506153e+00 1.828739551631049232e-02
1.329522613065326595e+03 2.219146310051145043e+00 1.828787009998376553e-02
1.335175879396984783e+03 2.219095822772113369e+00 1.828833684555636330e-02
1.340829145728643198e+03 2.219046097611291568e+00 1.828879592522953887e-02
1.346482412060301613e+03 2.218997118756983689e+00 1.828924750650330264e-02
1.352135678391959800e+03 2.218948870817709196e+00 1.828969175228695523e-02
1.357788944723617988e+03 2.218901338808544121e+00 1.829012882108242699e-02
1.363442211055276402e+03 2.218854508137986681e+00 1.829055886714325146e-02
1.369095477386934817e+03 2.218808364595322935e+00 1.829098204054852017e-02
1.374748743718593005e+03 2.218762894338479619e+00 1.829139848737388468e-02
1.380402010050251192e+03 2.218718083882329495e+00 1.829180834985038098e-02
1.386055276381909607e+03 2.218673920087436358e+00 1.829221176641391763e-02
1.391708542713567795e+03 2.218630390149224585e+00 1.829260887190043913e-02
1.397361809045225982e+03 2.218587481587543042e+00 1.829299979761959613e-02
1.403015075376884397e+03 2.218545182236620672e+00 1.829338467145270528e-02
1.408668341708542812e+03 2.218503480235386682e+00 1.829376361798703068e-02
1.414321608040200999e+03 2.218462364018142452e+00 1.829413675862580357e-02
1.419974874371859187e+03 2.218421822305574942e+00 1.829450421163746413e-02
1.425628140703517602e+03 2.218381844096090294e+00 1.829486609230202010e-02
1.431281407035176017e+03 2.218342418657457404e+00 1.829522251297236932e-02
1.436934673366834204e+03 2.218303535518753034e+00 1.829557358317202356e-02
1.442587939698492391e+03 2.218265184462589357e+00 1.829591940971708047e-02
1.448241206030150806e+03 2.218227355517611965e+00 1.829626009670464251e-02
1.453894472361808994e+03 2.218190038951264764e+00 1.829659574568327784e-02
1.459547738693467409e+03 2.218153225262807560e+00 1.829692645570208526e-02
1.465201005025125596e+03 2.218116905176567677e+00 1.829725232335973131e-02
1.470854271356784011e+03 2.218081069635434943e+00 1.829757344290201468e-02
1.476507537688442198e+03 2.218045709794568499e+00 1.829788990630725615e-02
1.482160804020100386e+03 2.218010817015322989e+00 1.829820180327462048e-02
1.487814070351758801e+03 2.217976382859384366e+00 1.829850922141867259e-02
1.493467336683416988e+03 2.217942399083090432e+00 1.829881224619698057e-02
1.499120603015075403e+03 2.217908857631956110e+00 1.829911096105609966e-02
1.504773869346733591e+03 2.217875750635373677e+00 1.829940544746835526e-02
1.510427135678392006e+03 2.217843070401485317e+00 1.829969578494430871e-02
1.516080402010050193e+03 2.217810809412232853e+00 1.829998205117872381e-02
1.521733668341708608e+03 2.217778960318562032e+00 1.830026432202659648e-02
1.527386934673366795e+03 2.217747515935790670e+00 1.830054267157627673e-02
1.533040201005025210e+03 2.217716469239118027e+00 1.830081717219830123e-02
1.538693467336683398e+03 2.217685813359286939e+00 1.830108789459419447e-02
1.544346733668341585e+03 2.217655541578381850e+00 1.830135490786955269e-02
1.550000000000000000e+03 2.217625647325760507e+00 1.830161827951002837e-02
