4.250000000000000000e+02 1.874761576627920423e+00 3.949210475575099522e-01
4.306532663316583012e+02 1.989654041468530421e+00 3.686328036500770011e-01
4.363065326633166023e+02 2.050416504695854680e+00 3.536401703065263358e-01
4.419597989949749035e+02 2.094565377007909124e+00 3.414744701443643282e-01
4.476130653266331478e+02 2.131109225663829321e+00 3.302086214294996380e-01
4.532663316582914490e+02 2.163559289795064622e+00 3.190867010863756570e-01
4.589195979899497502e+02 2.193634617369843554e+00 3.077138592575583975e-01
4.645728643216080513e+02 2.222298162371676433e+00 2.958347432723916204e-01
4.702261306532663525e+02 2.250138122234536020e+00 2.832500778270516384e-01
4.758793969849245968e+02 2.277533649915718161e+00 2.697756589366780422e-01
4.815326633165828980e+02 2.304734300257377910e+00 2.552147104999815674e-01
4.871859296482411992e+02 2.331898541083997856e+00 2.393307530790955429e-01
4.928391959798995003e+02 2.359107292532540701e+00 2.218104077962519127e-01
4.984924623115578015e+02 2.386352454835301895e+00 2.021989428593048976e-01
5.041457286432161027e+02 2.413476819136328722e+00 1.797665817003616107e-01
5.097989949748744039e+02 2.439954844565467518e+00 1.531708527096494465e-01
5.154522613065327050e+02 2.463828224837181224e+00 1.193002837303616809e-01
5.211055276381910062e+02 2.467419926236317895e+00 6.491921582904720822e-02
5.267587939698491937e+02 2.433278999357437744e+00 1.581989341364708340e-02
5.324120603015074948e+02 2.391329476132707299e+00 1.610416936572548960e-02
5.380653266331657960e+02 2.367045268375657319e+00 1.627586576954698216e-02
5.437185929648240972e+02 2.349947459185396603e+00 1.640048261482524722e-02
5.493718592964823983e+02 2.336881564190433913e+00 1.649809977128806684e-02
5.550251256281406995e+02 2.326418774678246315e+00 1.657794921320858428e-02
5.606783919597990007e+02 2.317777927897925139e+00 1.664514678319784294e-02
5.663316582914573019e+02 2.310481797123592695e+00 1.670285705058372969e-02
5.719849246231156030e+02 2.304216443314600848e+00 1.675318626746194126e-02
5.776381909547739042e+02 2.298764072150238480e+00 1.679761190225712367e-02
5.832914572864322054e+02 2.293967397042908640e+00 1.683721229199327055e-02
5.889447236180903928e+02 2.289709192523734060e+00 1.687279933462802403e-02
5.945979899497488077e+02 2.285899839614784934e+00 1.690499986549716047e-02
6.002512562814069952e+02 2.282469370093163530e+00 1.693430797973908414e-02
6.059045226130652964e+02 2.279362183946078702e+00 1.696111999394619985e-02
6.115577889447235975e+02 2.276533427097357620e+00 1.698575856665333547e-02
6.172110552763818987e+02 2.273946439123407881e+00 1.700848979482600526e-02
6.228643216080401999e+02 2.271570912501347905e+00 1.702953561569897634e-02
6.285175879396985010e+02 2.269381537940257765e+00 1.704908298496116484e-02
6.341708542713568022e+02 2.267356989647435483e+00 1.706729079003633728e-02
6.398241206030151034e+02 2.265479153258520117e+00 1.708429513839596764e-02
6.454773869346734045e+02 2.263732530172785307e+00 1.710021345960338265e-02
6.511306532663315920e+02 2.262103772222395559e+00 1.711514772647385399e-02
6.567839195979900069e+02 2.260581314047740875e+00 1.712918701330189142e-02
6.624371859296481944e+02 2.259155079687138468e+00 1.714240954810491643e-02
6.680904522613064955e+02 2.257816246213066869e+00 1.715488437440693820e-02
6.737437185929647967e+02 2.256557051697468452e+00 1.716667270825254082e-02
6.793969849246230979e+02 2.255370637968164615e+00 1.717782905502801549e-02
6.850502512562813990e+02 2.254250920921556656e+00 1.718840213527343674e-02
6.907035175879397002e+02 2.253192482846221090e+00 1.719843565725968568e-02
6.963567839195980014e+02 2.252190482465879828e+00 1.720796896576021542e-02
7.020100502512563025e+02 2.251240579350825222e+00 1.721703758994477459e-02
7.076633165829146037e+02 2.250338870059561902e+00 1.722567370864441436e-02
7.133165829145727912e+02 2.249481833917476248e+00 1.723390654738622338e-02
7.189698492462312061e+02 2.248666286759736010e+00 1.724176271889944420e-02
7.246231155778893935e+02 2.247889341292591769e+00 1.724926651641140590e-02
7.302763819095478084e+02 2.247148372983364784e+00 1.725644016725536370e-02
7.359296482412059959e+02 2.246440990591594744e+00 1.726330405326125320e-02
7.415829145728642970e+02 2.245765010614343637e+00 1.726987690267269698e-02
7.472361809045225982e+02 2.245118435047060768e+00 1.727617595821657331e-02
7.528894472361808994e+02 2.244499431964608771e+00 1.728221712451956035e-02
7.585427135678392006e+02 2.243906318510537901e+00 1.728801509792981736e-02
7.641959798994975017e+02 2.243337545950566003e+00 1.729358348118320912e-02
7.698492462311558029e+02 2.242791686501668824e+00 1.729893488504863353e-02
7.755025125628139904e+02 2.242267421693719065e+00 1.730408101846555788e-02
7.811557788944724052e+02 2.241763532058170139e+00 1.730903276896740908e-02
7.868090452261305927e+02 2.241278887969379241e+00 1.731380027438929325e-02
7.924623115577890076e+02 2.240812441490052986e+00 1.731839298713099690e-02
7.981155778894471950e+02 2.240363219093898017e+00 1.732281973171192341e-02
8.037688442211054962e+02 2.239930315156683616e+00 1.732708875656593928e-02
8.094221105527637974e+02 2.239512886122162261e+00 1.733120778073606039e-02
8.150753768844220986e+02 2.239110145262156237e+00 1.733518403591929186e-02
8.207286432160803997e+02 2.238721357961027003e+00 1.733902430466653308e-02
8.263819095477387009e+02 2.238345837463996180e+00 1.734273495483452596e-02
8.320351758793970021e+02 2.237982941036691820e+00 1.734632197093475756e-02
8.376884422110551895e+02 2.237632066490039318e+00 1.734979098266316647e-02
8.433417085427136044e+02 2.237292649030396152e+00 1.735314729085399993e-02
8.489949748743717919e+02 2.236964158399810110e+00 1.735639589118910184e-02
8.546482412060302067e+02 2.236646096275576756e+00 1.735954149576203129e-02
8.603015075376883942e+02 2.236337993901955645e+00 1.736258855304289445e-02
8.659547738693468091e+02 2.236039409930133726e+00 1.736554126588029864e-02
8.716080402010049966e+02 2.235749928445300849e+00 1.736840360823782570e-02
8.772613065326632977e+02 2.235469157162135456e+00 1.737117934049153475e-02
8.829145728643215989e+02 2.235196725772099935e+00 1.737387202353659135e-02
8.885678391959799001e+02 2.234932284427812110e+00 1.737648503173293973e-02
8.942211055276382012e+02 2.234675502351365139e+00 1.737902156491134831e-02
8.998743718592965024e+02 2.234426066554894952e+00 1.738148465941760298e-02
9.055276381909548036e+02 2.234183680662945370e+00 1.738387719830027447e-02
9.111809045226129911e+02 2.233948063827276620e+00 1.738620192084909880e-02
9.168341708542714059e+02 2.233718949725742142e+00 1.738846143129479938e-02
9.224874371859295934e+02 2.233496085637713513e+00 1.739065820695356174e-02
9.281407035175880083e+02 2.233279231589293090e+00 1.739279460580522504e-02
9.337939698492461957e+02 2.233068159562235699e+00 1.739487287348141439e-02
9.394472361809044969e+02 2.232862652761093081e+00 1.739689514976727747e-02
9.451005025125627981e+02 2.232662504933630387e+00 1.739886347475862183e-02
9.507537688442210992e+02 2.232467519740053863e+00 1.740077979443312856e-02
9.564070351758794004e+02 2.232277510166981838e+00 1.740264596598141075e-02
9.620603015075377016e+02 2.232092297982515738e+00 1.740446376274567067e-02
9.677135678391960028e+02 2.231911713229062233e+00 1.740623487875421135e-02
9.733668341708543039e+02 2.231735593750898250e+00 1.740796093313316806e-02
9.790201005025126051e+02 2.231563784753726409e+00 1.740964347402631368e-02
9.846733668341707926e+02 2.231396138393716200e+00 1.741128398248276490e-02
9.903266331658290937e+02 2.231232513393755390e+00 1.741288387586677200e-02
9.959798994974873949e+02 2.231072774684825788e+00 1.741444451127476672e-02
1.001633165829145696e+03 2.230916793070608417e+00 1.741596718860308202e-02
1.007286432160803997e+03 2.230764444913573730e+00 1.741745315347079451e-02
1.012939698492462298e+03 2.230615611840973678e+00 1.741890359997260579e-02
1.018592964824120600e+03 2.230470180469272368e+00 1.742031967324934871e-02
1.024246231155778787e+03 2.230328042145680811e+00 1.742170247192747698e-02
1.029899497487437202e+03 2.230189092705575415e+00 1.742305305041504104e-02
1.035552763819095617e+03 2.230053232244658457e+00 1.742437242102898298e-02
1.041206030150753804e+03 2.229920364904842689e+00 1.742566155608139475e-02
1.046859296482411992e+03 2.229790398672889751e+00 1.742692138967015178e-02
1.052512562814070407e+03 2.229663245190937726e+00 1.742815281967104515e-02
1.058165829145728594e+03 2.229538819578092301e+00 1.742935670925629607e-02
1.063819095477386782e+03 2.229417040262352323e+00 1.743053388866589587e-02
1.069472361809045196e+03 2.229297828822161875e+00 1.743168515663308729e-02
1.075125628140703611e+03 2.229181109836960939e+00 1.743281128183361145e-02
1.080778894472361799e+03 2.229066810746143990e+00 1.743391300428243779e-02
1.086432160804019986e+03 2.228954861715875424e+00 1.743499103661435429e-02
1.092085427135678401e+03 2.228845195513261768e+00 1.743604606532499560e-02
1.097738693467336816e+03 2.228737747387401491e+00 1.743707875184504624e-02
1.103391959798995003e+03 2.228632454956894549e+00 1.743808973377881932e-02
1.109045226130653191e+03 2.228529258103386645e+00 1.743907962581065646e-02
1.114698492462311606e+03 2.228428098870789409e+00 1.744004902076312993e-02
1.120351758793969793e+03 2.228328921369821192e+00 1.744099849052695161e-02
1.126005025125627981e+03 2.228231671687539439e+00 1.744192858696458001e-02
1.131658291457286396e+03 2.228136297801571519e+00 1.744283984269838148e-02
1.137311557788944810e+03 2.228042749498758912e+00 1.744373277199993966e-02
1.142964824120602998e+03 2.227950978297944307e+00 1.744460787148764333e-02
1.148618090452261185e+03 2.227860937376674677e+00 1.744546562087460548e-02
1.154271356783919600e+03 2.227772581501574312e+00 1.744630648367770723e-02
1.159924623115578015e+03 2.227685866962182182e+00 1.744713090786249865e-02
1.165577889447236203e+03 2.227600751508059140e+00 1.744793932646205442e-02
1.171231155778894390e+03 2.227517194288968216e+00 1.744873215819537152e-02
1.176884422110552805e+03 2.227435155797962807e+00 1.744950980804709298e-02
1.182537688442210992e+03 2.227354597817218007e+00 1.745027266774501137e-02
1.188190954773869180e+03 2.227275483366443876e+00 1.745102111635166847e-02
1.193844221105527595e+03 2.227197776653753181e+00 1.745175552075380748e-02
1.199497487437186010e+03 2.227121443028836190e+00 1.745247623608781398e-02
1.205150753768844197e+03 2.227046448938322154e+00 1.745318360621573098e-02
1.210804020100502385e+03 2.226972761883210694e+00 1.745387796416281168e-02
1.216457286432160799e+03 2.226900350378259841e+00 1.745455963251656833e-02
1.222110552763819214e+03 2.226829183913226817e+00 1.745522892383830418e-02
1.227763819095477402e+03 2.226759232915865638e+00 1.745588614101075894e-02
1.233417085427135589e+03 2.226690468716588267e+00 1.745653157763641175e-02
1.239070351758794004e+03 2.226622863514702289e+00 1.745716551830832700e-02
1.244723618090452419e+03 2.226556390346148717e+00 1.745778823903345114e-02
1.250376884422110379e+03 2.226491023052651119e+00 1.745840000750305959e-02
1.256030150753768794e+03 2.226426736252220095e+00 1.745900108333757819e-02
1.261683417085427209e+03 2.226363505310933633e+00 1.745959171850928332e-02
1.267336683417085396e+03 2.226301306315931150e+00 1.746017215745961429e-02
1.272989949748743584e+03 2.226240116049567064e+00 1.746074263752152994e-02
1.278643216080401999e+03 2.226179911964654146e+00 1.746130338902380716e-02
1.284296482412060413e+03 2.226120672160759817e+00 1.746185463564951454e-02
1.289949748743718601e+03 2.226062375361488765e+00 1.746239659461634383e-02
1.295603015075376788e+03 2.226005000892711916e+00 1.746292947690766123e-02
1.301256281407035203e+03 2.225948528661697789e+00 1.746345348750346152e-02
1.306909547738693618e+03 2.225892939137096960e+00 1.746396882553491112e-02
1.312562814070351806e+03 2.225838213329742743e+00 1.746447568456591798e-02
1.318216080402009993e+03 2.225784332774230823e+00 1.746497425272207360e-02
1.323869346733668408e+03 2.225731279511240945e+00 1.746546471285757851e-02
1.329522613065326595e+03 2.225679036070560723e+00 1.746594724281115216e-02
1.335175879396984783e+03 2.225627585454789781e+00 1.746642201550922813e-02
1.340829145728643198e+03 2.225576911123680279e+00 1.746688919911996984e-02
1.346482412060301613e+03 2.225526996979096062e+00 1.746734895727075285e-02
1.352135678391959800e+03 2.225477827350558435e+00 1.746780144911304344e-02
1.357788944723617988e+03 2.225429386981345292e+00 1.746824682956516633e-02
1.363442211055276402e+03 2.225381661015132018e+00 1.746868524935161343e-02
1.369095477386934817e+03 2.225334634983138216e+00 1.746911685523299881e-02
1.374748743718593005e+03 2.225288294791765153e+00 1.746954179004525654e-02
1.380402010050251192e+03 2.225242626710702165e+00 1.746996019286590346e-02
1.386055276381909607e+03 2.225197617361470481e+00 1.747037219916753800e-02
1.391708542713567795e+03 2.225153253706408041e+00 1.747077794085691999e-02
1.397361809045225982e+03 2.225109523038050430e+00 1.747117754644106000e-02
1.403015075376884397e+03 2.225066412968907947e+00 1.747157114109164702e-02
1.408668341708542812e+03 2.225023911421621037e+00 1.747195884682375272e-02
1.414321608040200999e+03 2.224982006619467434e+00 1.747234078248392081e-02
1.419974874371859187e+03 2.224940687077217039e+00 1.747271706395423646e-02
1.425628140703517602e+03 2.224899941592315855e+00 1.747308780415301674e-02
1.431281407035176017e+03 2.224859759236383017e+00 1.747345311318800054e-02
1.436934673366834204e+03 2.224820129347015119e+00 1.747381309843322461e-02
1.442587939698492391e+03 2.224781041519873437e+00 1.747416786455506174e-02
1.448241206030150806e+03 2.224742485601056696e+00 1.747451751366528583e-02
1.453894472361808994e+03 2.224704451679736739e+00 1.747486214534705803e-02
1.459547738693467409e+03 2.224666930081049543e+00 1.747520185676982099e-02
1.465201005025125596e+03 2.224629911359235823e+00 1.747553674272791721e-02
1.470854271356784011e+03 2.224593386291014330e+00 1.747586689571735061e-02
1.476507537688442198e+03 2.224557345869182079e+00 1.747619240599975615e-02
1.482160804020100386e+03 2.224521781296434408e+00 1.747651336169180405e-02
1.487814070351758801e+03 2.224486683979392865e+00 1.747682984877833856e-02
1.493467336683416988e+03 2.224452045522832488e+00 1.747714195126524525e-02
1.499120603015075403e+03 2.224417857724104941e+00 1.747744975110362975e-02
1.504773869346733591e+03 2.224384112567745930e+00 1.747775332834263992e-02
1.510427135678392006e+03 2.224350802220262491e+00 1.747805276119336615e-02
1.516080402010050193e+03 2.224317919025087242e+00 1.747834812599105558e-02
1.521733668341708608e+03 2.224285455497706288e+00 1.747863949734792741e-02
1.527386934673366795e+03 2.224253404320937655e+00 1.747892694812805403e-02
1.533040201005025210e+03 2.224221758340368282e+00 1.747921054953661263e-02
1.538693467336683398e+03 2.224190510559935330e+00 1.747949037117098314e-02
1.544346733668341585e+03 2.224159654137649600e+00 1.747976648099563643e-02
1.550000000000000000e+03 2.224129182381457959e+00 1.748003894549482809e-02
