4.250000000000000000e+02 1.859273578436649865e+00 4.209963698435477686e-01
4.306532663316583012e+02 1.981105788740890272e+00 3.913573046753019979e-01
4.363065326633166023e+02 2.045441084135271037e+00 3.746817508633319971e-01
4.419597989949749035e+02 2.092142254958179404e+00 3.612713748918802703e-01
4.476130653266331478e+02 2.130770607095609837e+00 3.489356142467916477e-01
4.532663316582914490e+02 2.165050366748486166e+00 3.368205279790101869e-01
4.589195979899497502e+02 2.196803911007470411e+00 3.244835410348836380e-01
4.645728643216080513e+02 2.227051576471342553e+00 3.116412860073319302e-01
4.702261306532663525e+02 2.256416281981322047e+00 2.980750641813207924e-01
4.758793969849245968e+02 2.285299302173709801e+00 2.835846993218152923e-01
4.815326633165828980e+02 2.313964507515841706e+00 2.679577675670034020e-01
4.871859296482411992e+02 2.342579163329850722e+00 2.509397103071777657e-01
4.928391959798995003e+02 2.371228182384902627e+00 2.321930185370997268e-01
4.984924623115578015e+02 2.399901635590939275e+00 2.112263009642157130e-01
5.041457286432161027e+02 2.428429816439086508e+00 1.872459596454132402e-01
5.097989949748744039e+02 2.456244748665858069e+00 1.587762659234792928e-01
5.154522613065327050e+02 2.481200790264932454e+00 1.223225612943257129e-01
5.211055276381910062e+02 2.481443674979193492e+00 6.164700029223987854e-02
5.267587939698491937e+02 2.443466152890786613e+00 1.599574500484902267e-02
5.324120603015074948e+02 2.401000947351068948e+00 1.628555546195875614e-02
5.380653266331657960e+02 2.376057746859377762e+00 1.646313525580206730e-02
5.437185929648240972e+02 2.358384450780245167e+00 1.659283765362606564e-02
5.493718592964823983e+02 2.344829823758646903e+00 1.669480311865381358e-02
5.550251256281406995e+02 2.333949865225990017e+00 1.677840241006907374e-02
5.606783919597990007e+02 2.324949251939777639e+00 1.684886878124692774e-02
5.663316582914573019e+02 2.317339612786129877e+00 1.690945726735048130e-02
5.719849246231156030e+02 2.310798467759301644e+00 1.696234324518247627e-02
5.776381909547739042e+02 2.305101452256641092e+00 1.700905754777287671e-02
5.832914572864322054e+02 2.300086165304557895e+00 1.705072031504006186e-02
5.889447236180903928e+02 2.295631345791481870e+00 1.708817668044732008e-02
5.945979899497488077e+02 2.291644147482193805e+00 1.712208027217043682e-02
6.002512562814069952e+02 2.288051989022735544e+00 1.715294705836844028e-02
6.059045226130652964e+02 2.284797130326233106e+00 1.718119141584297307e-02
6.115577889447235975e+02 2.281832946481717972e+00 1.720715106781714118e-02
6.172110552763818987e+02 2.279121298001078433e+00 1.723110479303949574e-02
6.228643216080401999e+02 2.276630631475084154e+00 1.725328529298155930e-02
6.285175879396985010e+02 2.274334580021466046e+00 1.727388872886437277e-02
6.341708542713568022e+02 2.272210913758521578e+00 1.729308191423234789e-02
6.398241206030151034e+02 2.270240740466002549e+00 1.731100782383212383e-02
6.454773869346734045e+02 2.268407888329131428e+00 1.732778987090678735e-02
6.511306532663315920e+02 2.266698423350756997e+00 1.734353526956537717e-02
6.567839195979900069e+02 2.265100267813235035e+00 1.735833770727449391e-02
6.624371859296481944e+02 2.263602895559762018e+00 1.737227949057037688e-02
6.680904522613064955e+02 2.262197086370607568e+00 1.738543328381433190e-02
6.737437185929647967e+02 2.260874726292867454e+00 1.739786353002467645e-02
6.793969849246230979e+02 2.259628644059939795e+00 1.740962762083199736e-02
6.850502512562813990e+02 2.258452476113135265e+00 1.742077686710734666e-02
6.907035175879397002e+02 2.257340554482388129e+00 1.743135730912543160e-02
6.963567839195980014e+02 2.256287813078750482e+00 1.744141039737197654e-02
7.020100502512563025e+02 2.255289708924029579e+00 1.745097356768906052e-02
7.076633165829146037e+02 2.254342155580445706e+00 1.746008072992032492e-02
7.133165829145727912e+02 2.253441466607502885e+00 1.746876268502448037e-02
7.189698492462312061e+02 2.252584307308856726e+00 1.747704748295913352e-02
7.246231155778893935e+02 2.251767653370842392e+00 1.748496073092774272e-02
7.302763819095478084e+02 2.250988755259990981e+00 1.749252586025643388e-02
7.359296482412059959e+02 2.250245107456616545e+00 1.749976435804144123e-02
7.415829145728642970e+02 2.249534421768230263e+00 1.750669596920371995e-02
7.472361809045225982e+02 2.248854604099848498e+00 1.751333887329725031e-02
7.528894472361808994e+02 2.248203734165512113e+00 1.751970983971204085e-02
7.585427135678392006e+02 2.247580047712085527e+00 1.752582436440636507e-02
7.641959798994975017e+02 2.246981920896970575e+00 1.753169679055034333e-02
7.698492462311558029e+02 2.246407856519041957e+00 1.753734041566687094e-02
7.755025125628139904e+02 2.245856471849489111e+00 1.754276758655637369e-02
7.811557788944724052e+02 2.245326487848314567e+00 1.754798978402351620e-02
7.868090452261305927e+02 2.244816719584648013e+00 1.755301769843536919e-02
7.924623115577890076e+02 2.244326067705959105e+00 1.755786129742103671e-02
7.981155778894471950e+02 2.243853510823771824e+00 1.756252988654540340e-02
8.037688442211054962e+02 2.243398098702362731e+00 1.756703216397196773e-02
8.094221105527637974e+02 2.242958946152788791e+00 1.757137626950375925e-02
8.150753768844220986e+02 2.242535227548032140e+00 1.757556982914477636e-02
8.207286432160803997e+02 2.242126171886385411e+00 1.757961999514418353e-02
8.263819095477387009e+02 2.241731058339877070e+00 1.758353348245523390e-02
8.320351758793970021e+02 2.241349212232762955e+00 1.758731660179198991e-02
8.376884422110551895e+02 2.240980001402160138e+00 1.759097528964128146e-02
8.433417085427136044e+02 2.240622832898924166e+00 1.759451513567345318e-02
8.489949748743717919e+02 2.240277149992072836e+00 1.759794140775353122e-02
8.546482412060302067e+02 2.239942429444530259e+00 1.760125907466459153e-02
8.603015075376883942e+02 2.239618179031840128e+00 1.760447282714577497e-02
8.659547738693468091e+02 2.239303935278827762e+00 1.760758709691239918e-02
8.716080402010049966e+02 2.238999261392136564e+00 1.761060607430884467e-02
8.772613065326632977e+02 2.238703745369059916e+00 1.761353372443636225e-02
8.829145728643215989e+02 2.238416998265321034e+00 1.761637380195062164e-02
8.885678391959799001e+02 2.238138652606386003e+00 1.761912986488685037e-02
8.942211055276382012e+02 2.237868360928577438e+00 1.762180528716383865e-02
8.998743718592965024e+02 2.237605794437742102e+00 1.762440327027489650e-02
9.055276381909548036e+02 2.237350641774546567e+00 1.762692685413123558e-02
9.111809045226129911e+02 2.237102607876606974e+00 1.762937892697253109e-02
9.168341708542714059e+02 2.236861412928689230e+00 1.763176223461203340e-02
9.224874371859295934e+02 2.236626791393105496e+00 1.763407938909396927e-02
9.281407035175880083e+02 2.236398491113240183e+00 1.763633287655138118e-02
9.337939698492461957e+02 2.236176272483823002e+00 1.763852506465663286e-02
9.394472361809044969e+02 2.235959907682228298e+00 1.764065820951508240e-02
9.451005025125627981e+02 2.235749179955599519e+00 1.764273446206648943e-02
9.507537688442210992e+02 2.235543882959131867e+00 1.764475587402060397e-02
9.564070351758794004e+02 2.235343820141261872e+00 1.764672440346664456e-02
9.620603015075377016e+02 2.235148804171930959e+00 1.764864192005700938e-02
9.677135678391960028e+02 2.234958656410432010e+00 1.765051020986695141e-02
9.733668341708543039e+02 2.234773206409680135e+00 1.765233097995618991e-02
9.790201005025126051e+02 2.234592291454021940e+00 1.765410586257035175e-02
9.846733668341707926e+02 2.234415756127964503e+00 1.765583641914659010e-02
9.903266331658290937e+02 2.234243451913435319e+00 1.765752414404840251e-02
9.959798994974873949e+02 2.234075236813396259e+00 1.765917046808068366e-02
1.001633165829145696e+03 2.233910974999806065e+00 1.766077676168482241e-02
1.007286432160803997e+03 2.233750536484133686e+00 1.766234433815395966e-02
1.012939698492462298e+03 2.233593796808731380e+00 1.766387445640349094e-02
1.018592964824120600e+03 2.233440636757557662e+00 1.766536832377508040e-02
1.024246231155778787e+03 2.233290942084839248e+00 1.766682709853504424e-02
1.029899497487437202e+03 2.233144603260392547e+00 1.766825189234400018e-02
1.035552763819095617e+03 2.233001515230419898e+00 1.766964377250957244e-02
1.041206030150753804e+03 2.232861577192694735e+00 1.767100376411032819e-02
1.046859296482411992e+03 2.232724692385134713e+00 1.767233285201642856e-02
1.052512562814070407e+03 2.232590767886845740e+00 1.767363198281969583e-02
1.058165829145728594e+03 2.232459714430781617e+00 1.767490206662310909e-02
1.063819095477386782e+03 2.232331446227237226e+00 1.767614397872755219e-02
1.069472361809045196e+03 2.232205880797454967e+00 1.767735856124119653e-02
1.075125628140703611e+03 2.232082938816671636e+00 1.767854662463669985e-02
1.080778894472361799e+03 2.231962543965983592e+00 1.767970894910571647e-02
1.086432160804019986e+03 2.231844622792468424e+00 1.768084628602483235e-02
1.092085427135678401e+03 2.231729104577017342e+00 1.768195935914368758e-02
1.097738693467336816e+03 2.231615921209399556e+00 1.768304886592241346e-02
1.103391959798995003e+03 2.231505007070091917e+00 1.768411547852873772e-02
1.109045226130653191e+03 2.231396298918459919e+00 1.768515984512269296e-02
1.114698492462311606e+03 2.231289735786882389e+00 1.768618259072585880e-02
1.120351758793969793e+03 2.231185258880471256e+00 1.768718431832813978e-02
1.126005025125627981e+03 2.231082811482031136e+00 1.768816560980525365e-02
1.131658291457286396e+03 2.230982338861947412e+00 1.768912702675998205e-02
1.137311557788944810e+03 2.230883788192709716e+00 1.769006911140030835e-02
1.142964824120602998e+03 2.230787108467790603e+00 1.769099238740415650e-02
1.148618090452261185e+03 2.230692250424627154e+00 1.769189736055751944e-02
1.154271356783919600e+03 2.230599166471462613e+00 1.769278451963039039e-02
1.159924623115578015e+03 2.230507810617827325e+00 1.769365433693826165e-02
1.165577889447236203e+03 2.230418138408445383e+00 1.769450726912898467e-02
1.171231155778894390e+03 2.230330106860378248e+00 1.769534375768041026e-02
1.176884422110552805e+03 2.230243674403214360e+00 1.769616422963595989e-02
1.182537688442210992e+03 2.230158800822144904e+00 1.769696909810130822e-02
1.188190954773869180e+03 2.230075447203749839e+00 1.769775876275314630e-02
1.193844221105527595e+03 2.229993575884360979e+00 1.769853361048557075e-02
1.199497487437186010e+03 2.229913150400848032e+00 1.769929401578002395e-02
1.205150753768844197e+03 2.229834135443704568e+00 1.770004034123799641e-02
1.210804020100502385e+03 2.229756496812306032e+00 1.770077293807573518e-02
1.216457286432160799e+03 2.229680201372219450e+00 1.770149214644299238e-02
1.222110552763819214e+03 2.229605217014468010e+00 1.770219829595474220e-02
1.227763819095477402e+03 2.229531512616635958e+00 1.770289170604699355e-02
1.233417085427135589e+03 2.229459058005716532e+00 1.770357268628214992e-02
1.239070351758794004e+03 2.229387823922629241e+00 1.770424153686737251e-02
1.244723618090452419e+03 2.229317781988296332e+00 1.770489854882149536e-02
1.250376884422110379e+03 2.229248904671219833e+00 1.770554400445529392e-02
1.256030150753768794e+03 2.229181165256467700e+00 1.770617817762577470e-02
1.261683417085427209e+03 2.229114537816007324e+00 1.770680133400281270e-02
1.267336683417085396e+03 2.229048997180316682e+00 1.770741373142342007e-02
1.272989949748743584e+03 2.228984518911204749e+00 1.770801562017056130e-02
1.278643216080401999e+03 2.228921079275791417e+00 1.770860724318912977e-02
1.284296482412060413e+03 2.228858655221578555e+00 1.770918883638952432e-02
1.289949748743718601e+03 2.228797224352565554e+00 1.770976062886334482e-02
1.295603015075376788e+03 2.228736764906362744e+00 1.771032284314907543e-02
1.301256281407035203e+03 2.228677255732242291e+00 1.771087569542240461e-02
1.306909547738693618e+03 2.228618676270095467e+00 1.771141939574915128e-02
1.312562814070351806e+03 2.228561006530245692e+00 1.771195414826280679e-02
1.318216080402009993e+03 2.228504227074075139e+00 1.771248015139214801e-02
1.323869346733668408e+03 2.228448318995436495e+00 1.771299759802604998e-02
1.329522613065326595e+03 2.228393263902803678e+00 1.771350667574089419e-02
1.335175879396984783e+03 2.228339043902128225e+00 1.771400756694010981e-02
1.340829145728643198e+03 2.228285641580379561e+00 1.771450044900620135e-02
1.346482412060301613e+03 2.228233039989722553e+00 1.771498549452787952e-02
1.352135678391959800e+03 2.228181222632315439e+00 1.771546287142683473e-02
1.357788944723617988e+03 2.228130173445693085e+00 1.771593274307193058e-02
1.363442211055276402e+03 2.228079876788717328e+00 1.771639526850609520e-02
1.369095477386934817e+03 2.228030317428055351e+00 1.771685060252276706e-02
1.374748743718593005e+03 2.227981480525182967e+00 1.771729889579242573e-02
1.380402010050251192e+03 2.227933351623866631e+00 1.771774029505168713e-02
1.386055276381909607e+03 2.227885916638124630e+00 1.771817494319211789e-02
1.391708542713567795e+03 2.227839161840630577e+00 1.771860297937405057e-02
1.397361809045225982e+03 2.227793073851552119e+00 1.771902453916540665e-02
1.403015075376884397e+03 2.227747639627794651e+00 1.771943975465541110e-02
1.408668341708542812e+03 2.227702846452645158e+00 1.771984875453067390e-02
1.414321608040200999e+03 2.227658681925786421e+00 1.772025166418881789e-02
1.419974874371859187e+03 2.227615133953681159e+00 1.772064860587712481e-02
1.425628140703517602e+03 2.227572190740293667e+00 1.772103969874342863e-02
1.431281407035176017e+03 2.227529840778148085e+00 1.772142505894963582e-02
1.436934673366834204e+03 2.227488072839704625e+00 1.772180479977265508e-02
1.442587939698492391e+03 2.227446875969037343e+00 1.772217903165520733e-02
1.448241206030150806e+03 2.227406239473809890e+00 1.772254786233175977e-02
1.453894472361808994e+03 2.227366152917526598e+00 1.772291139689177383e-02
1.459547738693467409e+03 2.227326606112054908e+00 1.772326973781790729e-02
1.465201005025125596e+03 2.227287589110409360e+00 1.772362298516195686e-02
1.470854271356784011e+03 2.227249092199778069e+00 1.772397123652035000e-02
1.476507537688442198e+03 2.227211105894792542e+00 1.772431458710983440e-02
1.482160804020100386e+03 2.227173620931022668e+00 1.772465312994335809e-02
1.487814070351758801e+03 2.227136628258693296e+00 1.772498695574284064e-02
1.493467336683416988e+03 2.227100119036614867e+00 1.772531615312756062e-02
1.499120603015075403e+03 2.227064084626310336e+00 1.772564080857698399e-02
1.504773869346733591e+03 2.227028516586344598e+00 1.772596100660656787e-02
1.510427135678392006e+03 2.226993406666837760e+00 1.772627682968047971e-02
1.516080402010050193e+03 2.226958746804158285e+00 1.772658835841238803e-02
1.521733668341708608e+03 2.226924529115794194e+00 1.772689567149067849e-02
1.527386934673366795e+03 2.226890745895386825e+00 1.772719884585417793e-02
1.533040201005025210e+03 2.226857389607927118e+00 1.772749795661731839e-02
1.538693467336683398e+03 2.226824452885108663e+00 1.772779307720825578e-02
1.544346733668341585e+03 2.226791928520825081e+00 1.772808427938169992e-02
1.550000000000000000e+03 2.226759809466817952e+00 1.772837163329437152e-02
