4.250000000000000000e+02 1.870999496218352043e+00 4.060825663733003688e-01
4.306532663316583012e+02 1.989262399788926938e+00 3.783488216947316074e-01
4.363065326633166023e+02 2.051748847886497362e+00 3.626350326348027342e-01
4.419597989949749035e+02 2.097123462429885787e+00 3.499382093561704821e-01
4.476130653266331478e+02 2.134664936646891054e+00 3.382169521557041869e-01
4.532663316582914490e+02 2.167988536334748417e+00 3.266729459467443419e-01
4.589195979899497502e+02 2.198863768540968877e+00 3.148908505979507999e-01
4.645728643216080513e+02 2.228281623173419934e+00 3.026034702292951795e-01
4.702261306532663525e+02 2.256847294372985591e+00 2.896035517641949997e-01
4.758793969849245968e+02 2.284950820207310773e+00 2.757006256476996486e-01
4.815326633165828980e+02 2.312848895497206847e+00 2.606921435563371858e-01
4.871859296482411992e+02 2.340704553274149280e+00 2.443354116810539656e-01
4.928391959798995003e+02 2.368601174934038323e+00 2.263093564783921485e-01
4.984924623115578015e+02 2.396530844190993825e+00 2.061484719184178971e-01
5.041457286432161027e+02 2.424332918132176218e+00 1.831059807307741094e-01
5.097989949748744039e+02 2.451469764755872749e+00 1.558084580471391367e-01
5.154522613065327050e+02 2.475938132754022636e+00 1.210739115968405138e-01
5.211055276381910062e+02 2.479707251954556213e+00 6.539307586157599994e-02
5.267587939698491937e+02 2.444750817307916879e+00 1.484618517950874426e-02
5.324120603015074948e+02 2.401652258585898814e+00 1.511895092383004104e-02
5.380653266331657960e+02 2.376704097283324213e+00 1.528373700754137761e-02
5.437185929648240972e+02 2.359137613000467759e+00 1.540335901308815744e-02
5.493718592964823983e+02 2.345712310949323864e+00 1.549707354421093856e-02
5.550251256281406995e+02 2.334960671001913735e+00 1.557373509485134380e-02
5.606783919597990007e+02 2.326080422358342226e+00 1.563825119240274883e-02
5.663316582914573019e+02 2.318581453196785880e+00 1.569365813758040809e-02
5.719849246231156030e+02 2.312141346205670356e+00 1.574197720309698789e-02
5.776381909547739042e+02 2.306536420557530498e+00 1.578462650896465813e-02
5.832914572864322054e+02 2.301605133724296426e+00 1.582264125329826965e-02
5.889447236180903928e+02 2.297227084089716431e+00 1.585680097514048995e-02
5.945979899497488077e+02 2.293310221038819652e+00 1.588770761058604097e-02
6.002512562814069952e+02 2.289782675084043984e+00 1.591583568691536457e-02
6.059045226130652964e+02 2.286587333108985653e+00 1.594156586665073858e-02
6.115577889447235975e+02 2.283678118539002710e+00 1.596520809299404112e-02
6.172110552763818987e+02 2.281017370278027201e+00 1.598701799743498450e-02
6.228643216080401999e+02 2.278573952316737206e+00 1.600720880323000181e-02
6.285175879396985010e+02 2.276321862503079885e+00 1.602596013608431624e-02
6.341708542713568022e+02 2.274239190398775090e+00 1.604342466110285359e-02
6.398241206030151034e+02 2.272307324335804068e+00 1.605973316068384088e-02
6.454773869346734045e+02 2.270510339632529462e+00 1.607499847326929188e-02
6.511306532663315920e+02 2.268834520658967069e+00 1.608931858707527210e-02
6.567839195979900069e+02 2.267267983245234930e+00 1.610277909702346327e-02
6.624371859296481944e+02 2.265800373308973548e+00 1.611545517600981164e-02
6.680904522613064955e+02 2.264422624071357859e+00 1.612741317127349555e-02
6.737437185929647967e+02 2.263126758801415228e+00 1.613871190805896486e-02
6.793969849246230979e+02 2.261905729293426592e+00 1.614940376253490989e-02
6.850502512562813990e+02 2.260753282647274265e+00 1.615953555146449130e-02
6.907035175879397002e+02 2.259663850656580486e+00 1.616914927448796779e-02
6.963567839195980014e+02 2.258632457397115711e+00 1.617828273753605869e-02
7.020100502512563025e+02 2.257654641573908272e+00 1.618697007933905113e-02
7.076633165829146037e+02 2.256726390917434877e+00 1.619524221862418331e-02
7.133165829145727912e+02 2.255844086478983268e+00 1.620312723562732787e-02
7.189698492462312061e+02 2.255004455107064043e+00 1.621065069936407713e-02
7.246231155778893935e+02 2.254204528722530743e+00 1.621783594949953097e-02
7.302763819095478084e+02 2.253441609273133306e+00 1.622470434022029936e-02
7.359296482412059959e+02 2.252713238455846145e+00 1.623127545189487556e-02
7.415829145728642970e+02 2.252017171460234835e+00 1.623756727569504801e-02
7.472361809045225982e+02 2.251351354117973713e+00 1.624359637502621745e-02
7.528894472361808994e+02 2.250713902949630363e+00 1.624937802732670869e-02
7.585427135678392006e+02 2.250103087685598524e+00 1.625492634877857834e-02
7.641959798994975017e+02 2.249517315907748394e+00 1.626025440462323599e-02
7.698492462311558029e+02 2.248955119515339440e+00 1.626537430670128848e-02
7.755025125628139904e+02 2.248415142765502139e+00 1.627029730029661697e-02
7.811557788944724052e+02 2.247896131677167730e+00 1.627503384131217395e-02
7.868090452261305927e+02 2.247396924619283087e+00 1.627959366525764950e-02
7.924623115577890076e+02 2.246916443930731422e+00 1.628398584894599072e-02
7.981155778894471950e+02 2.246453688441570673e+00 1.628821886589681966e-02
8.037688442211054962e+02 2.246007726783822545e+00 1.629230063612435372e-02
8.094221105527637974e+02 2.245577691395687747e+00 1.629623857090020667e-02
8.150753768844220986e+02 2.245162773136297751e+00 1.630003961339004590e-02
8.207286432160803997e+02 2.244762216439291524e+00 1.630371027509155274e-02
8.263819095477387009e+02 2.244375314943045208e+00 1.630725666918351330e-02
8.320351758793970021e+02 2.244001407543462445e+00 1.631068454054387246e-02
8.376884422110551895e+02 2.243639874822203062e+00 1.631399929318707795e-02
8.433417085427136044e+02 2.243290135809133723e+00 1.631720601521488914e-02
8.489949748743717919e+02 2.242951645042930764e+00 1.632030950156402455e-02
8.546482412060302067e+02 2.242623889898143652e+00 1.632331427485956762e-02
8.603015075376883942e+02 2.242306388150849816e+00 1.632622460438256859e-02
8.659547738693468091e+02 2.241998685758318288e+00 1.632904452359441524e-02
8.716080402010049966e+02 2.241700354830971964e+00 1.633177784608839944e-02
8.772613065326632977e+02 2.241410991777428752e+00 1.633442818032770222e-02
8.829145728643215989e+02 2.241130215605563247e+00 1.633699894318826201e-02
8.885678391959799001e+02 2.240857666364449052e+00 1.633949337241972360e-02
8.942211055276382012e+02 2.240593003713692077e+00 1.634191453813696460e-02
8.998743718592965024e+02 2.240335905608131117e+00 1.634426535352234700e-02
9.055276381909548036e+02 2.240086067087164512e+00 1.634654858451061246e-02
9.111809045226129911e+02 2.239843199159095466e+00 1.634876685898909582e-02
9.168341708542714059e+02 2.239607027771883363e+00 1.635092267520299805e-02
9.224874371859295934e+02 2.239377292862575697e+00 1.635301840954454800e-02
9.281407035175880083e+02 2.239153747478473289e+00 1.635505632378219873e-02
9.337939698492461957e+02 2.238936156963780011e+00 1.635703857184020796e-02
9.394472361809044969e+02 2.238724298206101970e+00 1.635896720610282434e-02
9.451005025125627981e+02 2.238517958937705554e+00 1.636084418313598146e-02
9.507537688442210992e+02 2.238316937086945568e+00 1.636267136922124610e-02
9.564070351758794004e+02 2.238121040175696574e+00 1.636445054543166425e-02
9.620603015075377016e+02 2.237930084759022886e+00 1.636618341227761425e-02
9.677135678391960028e+02 2.237743895903666402e+00 1.636787159423568408e-02
9.733668341708543039e+02 2.237562306702243209e+00 1.636951664380850019e-02
9.790201005025126051e+02 2.237385157820327208e+00 1.637112004542833066e-02
9.846733668341707926e+02 2.237212297073851719e+00 1.637268321909652810e-02
9.903266331658290937e+02 2.237043579034477148e+00 1.637420752370515736e-02
9.959798994974873949e+02 2.236878864660795330e+00 1.637569426033969738e-02
1.001633165829145696e+03 2.236718020953407660e+00 1.637714467515644437e-02
1.007286432160803997e+03 2.236560920632100213e+00 1.637855996222830832e-02
1.012939698492462298e+03 2.236407441833475396e+00 1.637994126619666396e-02
1.018592964824120600e+03 2.236257467827539980e+00 1.638128968474319297e-02
1.024246231155778787e+03 2.236110886751885296e+00 1.638260627092264290e-02
1.029899497487437202e+03 2.235967591362187701e+00 1.638389203530267110e-02
1.035552763819095617e+03 2.235827478797878243e+00 1.638514794814140488e-02
1.041206030150753804e+03 2.235690450361914827e+00 1.638637494126409314e-02
1.046859296482411992e+03 2.235556411313674552e+00 1.638757390988311233e-02
1.052512562814070407e+03 2.235425270674061160e+00 1.638874571440208580e-02
1.058165829145728594e+03 2.235296941042003827e+00 1.638989118201465006e-02
1.063819095477386782e+03 2.235171338421565679e+00 1.639101110821997512e-02
1.069472361809045196e+03 2.235048382058963945e+00 1.639210625837710447e-02
1.075125628140703611e+03 2.234927994288836484e+00 1.639317736898668332e-02
1.080778894472361799e+03 2.234810100389157395e+00 1.639422514905244238e-02
1.086432160804019986e+03 2.234694628444230613e+00 1.639525028133285295e-02
1.092085427135678401e+03 2.234581509215247674e+00 1.639625342348311268e-02
1.097738693467336816e+03 2.234470676017924262e+00 1.639723520916881727e-02
1.103391959798995003e+03 2.234362064606769671e+00 1.639819624913786342e-02
1.109045226130653191e+03 2.234255613065572632e+00 1.639913713223710781e-02
1.114698492462311606e+03 2.234151261703718916e+00 1.640005842629264909e-02
1.120351758793969793e+03 2.234048952957978784e+00 1.640096067907044139e-02
1.126005025125627981e+03 2.233948631299434773e+00 1.640184441912770699e-02
1.131658291457286396e+03 2.233850243145238057e+00 1.640271015659591075e-02
1.137311557788944810e+03 2.233753736774898080e+00 1.640355838399002592e-02
1.142964824120602998e+03 2.233659062250849203e+00 1.640438957688178379e-02
1.148618090452261185e+03 2.233566171343023932e+00 1.640520419466701477e-02
1.154271356783919600e+03 2.233475017457217326e+00 1.640600268121056998e-02
1.159924623115578015e+03 2.233385555567010350e+00 1.640678546543655053e-02
1.165577889447236203e+03 2.233297742149050968e+00 1.640755296201276345e-02
1.171231155778894390e+03 2.233211535121502944e+00 1.640830557180461211e-02
1.176884422110552805e+03 2.233126893785483347e+00 1.640904368255859114e-02
1.182537688442210992e+03 2.233043778769319143e+00 1.640976766932825473e-02
1.188190954773869180e+03 2.232962151975464327e+00 1.641047789499450182e-02
1.193844221105527595e+03 2.232881976529940360e+00 1.641117471077194537e-02
1.199497487437186010e+03 2.232803216734144947e+00 1.641185845663378773e-02
1.205150753768844197e+03 2.232725838018918996e+00 1.641252946169572888e-02
1.210804020100502385e+03 2.232649806900735889e+00 1.641318804476198448e-02
1.216457286432160799e+03 2.232575090939905582e+00 1.641383451457332360e-02
1.222110552763819214e+03 2.232501658700686509e+00 1.641446917028484970e-02
1.227763819095477402e+03 2.232429479713202713e+00 1.641509230178120338e-02
1.233417085427135589e+03 2.232358524437072500e+00 1.641570419001856310e-02
1.239070351758794004e+03 2.232288764226662447e+00 1.641630510737996165e-02
1.244723618090452419e+03 2.232220171297876643e+00 1.641689531796276802e-02
1.250376884422110379e+03 2.232152718696408744e+00 1.641747507792005317e-02
1.256030150753768794e+03 2.232086380267380488e+00 1.641804463568008118e-02
1.261683417085427209e+03 2.232021130626295147e+00 1.641860423231437244e-02
1.267336683417085396e+03 2.231956945131240211e+00 1.641915410172978609e-02
1.272989949748743584e+03 2.231893799856282001e+00 1.641969447094161413e-02
1.278643216080401999e+03 2.231831671565985609e+00 1.642022556034651234e-02
1.284296482412060413e+03 2.231770537691012191e+00 1.642074758392767647e-02
1.289949748743718601e+03 2.231710376304733234e+00 1.642126074944639386e-02
1.295603015075376788e+03 2.231651166100823591e+00 1.642176525874162671e-02
1.301256281407035203e+03 2.231592886371773776e+00 1.642226130786723221e-02
1.306909547738693618e+03 2.231535516988288226e+00 1.642274908731018723e-02
1.312562814070351806e+03 2.231479038379520219e+00 1.642322878218169593e-02
1.318216080402009993e+03 2.231423431514107936e+00 1.642370057239465886e-02
1.323869346733668408e+03 2.231368677881973461e+00 1.642416463286810666e-02
1.329522613065326595e+03 2.231314759476848320e+00 1.642462113363689011e-02
1.335175879396984783e+03 2.231261658779494450e+00 1.642507024005595770e-02
1.340829145728643198e+03 2.231209358741582882e+00 1.642551211296396085e-02
1.346482412060301613e+03 2.231157842770207900e+00 1.642594690877922231e-02
1.352135678391959800e+03 2.231107094713003391e+00 1.642637477971729820e-02
1.357788944723617988e+03 2.231057098843835185e+00 1.642679587387327333e-02
1.363442211055276402e+03 2.231007839849040053e+00 1.642721033534457961e-02
1.369095477386934817e+03 2.230959302814198075e+00 1.642761830442131948e-02
1.374748743718593005e+03 2.230911473211399709e+00 1.642801991769544251e-02
1.380402010050251192e+03 2.230864336886996036e+00 1.642841530808877501e-02
1.386055276381909607e+03 2.230817880049812629e+00 1.642880460508372095e-02
1.391708542713567795e+03 2.230772089259794200e+00 1.642918793477824921e-02
1.397361809045225982e+03 2.230726951417080883e+00 1.642956541999486195e-02
1.403015075376884397e+03 2.230682453751476668e+00 1.642993718038953874e-02
1.408668341708542812e+03 2.230638583812309950e+00 1.643030333253360509e-02
1.414321608040200999e+03 2.230595329458661347e+00 1.643066399003611025e-02
1.419974874371859187e+03 2.230552678849945902e+00 1.643101926361211981e-02
1.425628140703517602e+03 2.230510620436832347e+00 1.643136926119149674e-02
1.431281407035176017e+03 2.230469142952489214e+00 1.643171408798711416e-02
1.436934673366834204e+03 2.230428235404140036e+00 1.643205384654954776e-02
1.442587939698492391e+03 2.230387887064919639e+00 1.643238863691630011e-02
1.448241206030150806e+03 2.230348087466016427e+00 1.643271855663938977e-02
1.453894472361808994e+03 2.230308826389087340e+00 1.643304370086698038e-02
1.459547738693467409e+03 2.230270093858939262e+00 1.643336416242496822e-02
1.465201005025125596e+03 2.230231880136459566e+00 1.643368003183097795e-02
1.470854271356784011e+03 2.230194175711794902e+00 1.643399139748401641e-02
1.476507537688442198e+03 2.230156971297760027e+00 1.643429834559736319e-02
1.482160804020100386e+03 2.230120257823469121e+00 1.643460096030709486e-02
1.487814070351758801e+03 2.230084026428187371e+00 1.643489932376707152e-02
1.493467336683416988e+03 2.230048268455385063e+00 1.643519351616285623e-02
1.499120603015075403e+03 2.230012975446992396e+00 1.643548361579315678e-02
1.504773869346733591e+03 2.229978139137844817e+00 1.643576969911071314e-02
1.510427135678392006e+03 2.229943751450314426e+00 1.643605184077668799e-02
1.516080402010050193e+03 2.229909804489112801e+00 1.643633011367452712e-02
1.521733668341708608e+03 2.229876290536270567e+00 1.643660458907237817e-02
1.527386934673366795e+03 2.229843202046276396e+00 1.643687533651532612e-02
1.533040201005025210e+03 2.229810531641373217e+00 1.643714242401483200e-02
1.538693467336683398e+03 2.229778272107009851e+00 1.643740591796794340e-02
1.544346733668341585e+03 2.229746416387434316e+00 1.643766588329265491e-02
1.550000000000000000e+03 2.229714957581430124e+00 1.643792238344169918e-02
