4.250000000000000000e+02 1.751949134821697118e+00 4.174624564443821240e-01
4.306532663316583012e+02 1.872548893148729965e+00 3.864773192866272078e-01
4.363065326633166023e+02 1.936356994752885141e+00 3.690122845932944928e-01
4.419597989949749035e+02 1.982753134283228080e+00 3.549466047847616434e-01
4.476130653266331478e+02 2.021179345674691152e+00 3.420011551555396934e-01
4.532663316582914490e+02 2.055312625579235331e+00 3.292869075135732015e-01
4.589195979899497502e+02 2.086951691256639041e+00 3.163408744237088954e-01
4.645728643216080513e+02 2.117102953416152733e+00 3.028632901189314275e-01
4.702261306532663525e+02 2.146379834151249000e+00 2.886183456199077346e-01
4.758793969849245968e+02 2.175175889482651392e+00 2.733844418777652274e-01
4.815326633165828980e+02 2.203747076112468672e+00 2.569189098131249294e-01
4.871859296482411992e+02 2.232249962019933420e+00 2.389205016694156414e-01
4.928391959798995003e+02 2.260750511173411859e+00 2.189732848596354364e-01
4.984924623115578015e+02 2.289196035259087214e+00 1.964402515094703927e-01
5.041457286432161027e+02 2.317292731385506954e+00 1.702166899692902913e-01
5.097989949748744039e+02 2.343958510663787020e+00 1.379913969630832959e-01
5.154522613065327050e+02 2.362521511835025123e+00 9.262954144892442121e-02
5.211055276381910062e+02 2.334865610748368514e+00 1.581829410255266091e-02
5.267587939698491937e+02 2.284533171217319580e+00 1.617379337777098691e-02
5.324120603015074948e+02 2.256862054304943133e+00 1.637881138798733677e-02
5.380653266331657960e+02 2.237853100031141906e+00 1.652436097977986323e-02
5.437185929648240972e+02 2.223543281688581175e+00 1.663684178412939627e-02
5.493718592964823983e+02 2.212203148950837583e+00 1.672798333774634660e-02
5.550251256281406995e+02 2.202910558245469996e+00 1.680413748566350965e-02
5.606783919597990007e+02 2.195112269227089907e+00 1.686916861090476810e-02
5.663316582914573019e+02 2.188449327800730870e+00 1.692561646299638872e-02
5.719849246231156030e+02 2.182675419876795697e+00 1.697524487994260881e-02
5.776381909547739042e+02 2.177614244785785580e+00 1.701933074004155153e-02
5.832914572864322054e+02 2.173135384469534692e+00 1.705882887033901771e-02
5.889447236180903928e+02 2.169139767964567422e+00 1.709447215148713478e-02
5.945979899497488077e+02 2.165550473886514560e+00 1.712683532905565423e-02
6.002512562814069952e+02 2.162306672859668932e+00 1.715637733797965858e-02
6.059045226130652964e+02 2.159359503161728089e+00 1.718347031577727169e-02
6.115577889447235975e+02 2.156669182777821270e+00 1.720842005123135801e-02
6.172110552763818987e+02 2.154202938118118471e+00 1.723148074350229486e-02
6.228643216080401999e+02 2.151933487286620039e+00 1.725286587611224096e-02
6.285175879396985010e+02 2.149837909070998698e+00 1.727275637381604084e-02
6.341708542713568022e+02 2.147896785932913222e+00 1.729130681966273286e-02
6.398241206030151034e+02 2.146093545295034044e+00 1.730865026050406805e-02
6.454773869346734045e+02 2.144413946737140364e+00 1.732490196911764049e-02
6.511306532663315920e+02 2.142845678162340395e+00 1.734016242319413523e-02
6.567839195979900069e+02 2.141378034445004630e+00 1.735451968862719574e-02
6.624371859296481944e+02 2.140001659274833656e+00 1.736805134459606936e-02
6.680904522613064955e+02 2.138708335960386897e+00 1.738082605163615568e-02
6.737437185929647967e+02 2.137490816549294070e+00 1.739290483942492263e-02
6.793969849246230979e+02 2.136342681216708783e+00 1.740434217196286729e-02
6.850502512562813990e+02 2.135258221770560461e+00 1.741518683468462267e-02
6.907035175879397002e+02 2.134232344525779812e+00 1.742548267791478936e-02
6.963567839195980014e+02 2.133260488849658909e+00 1.743526924373034123e-02
7.020100502512563025e+02 2.132338558473938495e+00 1.744458229708327132e-02
7.076633165829146037e+02 2.131462863274449671e+00 1.745345427859179913e-02
7.133165829145727912e+02 2.130630069684877448e+00 1.746191469200364388e-02
7.189698492462312061e+02 2.129837158272564590e+00 1.746999043749369526e-02
7.246231155778893935e+02 2.129081387286792193e+00 1.747770609950739101e-02
7.302763819095478084e+02 2.128360261212427496e+00 1.748508419638267197e-02
7.359296482412059959e+02 2.127671503538220321e+00 1.749214539764230164e-02
7.415829145728642970e+02 2.127013033089759642e+00 1.749890871376670598e-02
7.472361809045225982e+02 2.126382943390043856e+00 1.750539166267204433e-02
7.528894472361808994e+02 2.125779484601853841e+00 1.751161041601038623e-02
7.585427135678392006e+02 2.125201047680087107e+00 1.751757992822339932e-02
7.641959798994975017e+02 2.124646150422633273e+00 1.752331405087315802e-02
7.698492462311558029e+02 2.124113425157848400e+00 1.752882563390223761e-02
7.755025125628139904e+02 2.123601607847468653e+00 1.753412661579986653e-02
7.811557788944724052e+02 2.123109528417510994e+00 1.753922810405307564e-02
7.868090452261305927e+02 2.122636102157734683e+00 1.754414044699639449e-02
7.924623115577890076e+02 2.122180322053591972e+00 1.754887329827785336e-02
7.981155778894471950e+02 2.121741251934164296e+00 1.755343567466946877e-02
8.037688442211054962e+02 2.121318020335999588e+00 1.755783600818408910e-02
8.094221105527637974e+02 2.120909814996645881e+00 1.756208219306240603e-02
8.150753768844220986e+02 2.120515877903381252e+00 1.756618162818911894e-02
8.207286432160803997e+02 2.120135500832617481e+00 1.757014125553122558e-02
8.263819095477387009e+02 2.119768021323897855e+00 1.757396759501079347e-02
8.320351758793970021e+02 2.119412819039676155e+00 1.757766677618382775e-02
8.376884422110551895e+02 2.119069312468242483e+00 1.758124456705651220e-02
8.433417085427136044e+02 2.118736955932492894e+00 1.758470640039315469e-02
8.489949748743717919e+02 2.118415236871819651e+00 1.758805739766641438e-02
8.546482412060302067e+02 2.118103673368359807e+00 1.759130239105129861e-02
8.603015075376883942e+02 2.117801811892259689e+00 1.759444594352220503e-02
8.659547738693468091e+02 2.117509225243582094e+00 1.759749236721221827e-02
8.716080402010049966e+02 2.117225510671078226e+00 1.760044574042007523e-02
8.772613065326632977e+02 2.116950288150283743e+00 1.760330992315701018e-02
8.829145728643215989e+02 2.116683198805363375e+00 1.760608857141544858e-02
8.885678391959799001e+02 2.116423903460869393e+00 1.760878515042905643e-02
8.942211055276382012e+02 2.116172081311060715e+00 1.761140294686501864e-02
8.998743718592965024e+02 2.115927428695777213e+00 1.761394508002794498e-02
9.055276381909548036e+02 2.115689657973016224e+00 1.761641451234326541e-02
9.111809045226129911e+02 2.115458496479399653e+00 1.761881405897168518e-02
9.168341708542714059e+02 2.115233685570614863e+00 1.762114639670848970e-02
9.224874371859295934e+02 2.115014979734739953e+00 1.762341407237159180e-02
9.281407035175880083e+02 2.114802145772049613e+00 1.762561951040301708e-02
9.337939698492461957e+02 2.114594962035555525e+00 1.762776502013926883e-02
9.394472361809044969e+02 2.114393217727086327e+00 1.762985280236158483e-02
9.451005025125627981e+02 2.114196712244221565e+00 1.763188495558103835e-02
9.507537688442210992e+02 2.114005254573827930e+00 1.763386348179518670e-02
9.564070351758794004e+02 2.113818662728375930e+00 1.763579029191896311e-02
9.620603015075377016e+02 2.113636763221530934e+00 1.763766721077749886e-02
9.677135678391960028e+02 2.113459390579874420e+00 1.763949598182551828e-02
9.733668341708543039e+02 2.113286386887879065e+00 1.764127827160666406e-02
9.790201005025126051e+02 2.113117601363515341e+00 1.764301567381509547e-02
9.846733668341707926e+02 2.112952889962111058e+00 1.764470971317398662e-02
9.903266331658290937e+02 2.112792115006300264e+00 1.764636184908122823e-02
9.959798994974873949e+02 2.112635144840062651e+00 1.764797347895993157e-02
1.001633165829145696e+03 2.112481853505053575e+00 1.764954594149042641e-02
1.007286432160803997e+03 2.112332120437562022e+00 1.765108051959838123e-02
1.012939698492462298e+03 2.112185830184575952e+00 1.765257844321204903e-02
1.018592964824120600e+03 2.112042872137567695e+00 1.765404089200288060e-02
1.024246231155778787e+03 2.111903140282717750e+00 1.765546899778278056e-02
1.029899497487437202e+03 2.111766532966410814e+00 1.765686384689792512e-02
1.035552763819095617e+03 2.111632952674916464e+00 1.765822648246852603e-02
1.041206030150753804e+03 2.111502305827271275e+00 1.765955790639929177e-02
1.046859296482411992e+03 2.111374502580444457e+00 1.766085908138725208e-02
1.052512562814070407e+03 2.111249456645949873e+00 1.766213093276363874e-02
1.058165829145728594e+03 2.111127085117116220e+00 1.766337435028317651e-02
1.063819095477386782e+03 2.111007308306319885e+00 1.766459018969757447e-02
1.069472361809045196e+03 2.110890049591493067e+00 1.766577927441504575e-02
1.075125628140703611e+03 2.110775235271316941e+00 1.766694239690664442e-02
1.080778894472361799e+03 2.110662794428516786e+00 1.766808032016119537e-02
1.086432160804019986e+03 2.110552658800748382e+00 1.766919377895016449e-02
1.092085427135678401e+03 2.110444762658576945e+00 1.767028348112880537e-02
1.097738693467336816e+03 2.110339042690106748e+00 1.767135010883543259e-02
1.103391959798995003e+03 2.110235437891839094e+00 1.767239431958895005e-02
1.109045226130653191e+03 2.110133889465369617e+00 1.767341674734752149e-02
1.114698492462311606e+03 2.110034340719567414e+00 1.767441800359133286e-02
1.120351758793969793e+03 2.109936736977895855e+00 1.767539867819076932e-02
1.126005025125627981e+03 2.109841025490563293e+00 1.767635934039930856e-02
1.131658291457286396e+03 2.109747155351220815e+00 1.767730053970736903e-02
1.137311557788944810e+03 2.109655077417918356e+00 1.767822280664511914e-02
1.142964824120602998e+03 2.109564744238085154e+00 1.767912665359711380e-02
1.148618090452261185e+03 2.109476109977289404e+00 1.768001257551574459e-02
1.154271356783919600e+03 2.109389130351554620e+00 1.768088105067173663e-02
1.159924623115578015e+03 2.109303762563035534e+00 1.768173254131612249e-02
1.165577889447236203e+03 2.109219965238853689e+00 1.768256749431653535e-02
1.171231155778894390e+03 2.109137698372916869e+00 1.768338634179300248e-02
1.176884422110552805e+03 2.109056923270552719e+00 1.768418950167785844e-02
1.182537688442210992e+03 2.108977602495801129e+00 1.768497737831292368e-02
1.188190954773869180e+03 2.108899699821217499e+00 1.768575036293321134e-02
1.193844221105527595e+03 2.108823180180044332e+00 1.768650883423813006e-02
1.199497487437186010e+03 2.108748009620627695e+00 1.768725315879910928e-02
1.205150753768844197e+03 2.108674155262959093e+00 1.768798369160496861e-02
1.210804020100502385e+03 2.108601585257213973e+00 1.768870077645628633e-02
1.216457286432160799e+03 2.108530268744200686e+00 1.768940474638460228e-02
1.222110552763819214e+03 2.108460175817601812e+00 1.769009592408385054e-02
1.227763819095477402e+03 2.108391277487922988e+00 1.769077462227879732e-02
1.233417085427135589e+03 2.108323545648059572e+00 1.769144114410571567e-02
1.239070351758794004e+03 2.108256953040389625e+00 1.769209578346778861e-02
1.244723618090452419e+03 2.108191473225324852e+00 1.769273882534002154e-02
1.250376884422110379e+03 2.108127080551241761e+00 1.769337054616183444e-02
1.256030150753768794e+03 2.108063750125717117e+00 1.769399121406629166e-02
1.261683417085427209e+03 2.108001457788010402e+00 1.769460108923463088e-02
1.267336683417085396e+03 2.107940180082728432e+00 1.769520042417533842e-02
1.272989949748743584e+03 2.107879894234608642e+00 1.769578946395286220e-02
1.278643216080401999e+03 2.107820578124375288e+00 1.769636844652907812e-02
1.284296482412060413e+03 2.107762210265604619e+00 1.769693760290387205e-02
1.289949748743718601e+03 2.107704769782563492e+00 1.769749715745632876e-02
1.295603015075376788e+03 2.107648236388958374e+00 1.769804732814778472e-02
1.301256281407035203e+03 2.107592590367568075e+00 1.769858832668708484e-02
1.306909547738693618e+03 2.107537812550703826e+00 1.769912035884631946e-02
1.312562814070351806e+03 2.107483884301469157e+00 1.769964362456314527e-02
1.318216080402009993e+03 2.107430787495769842e+00 1.770015831818101334e-02
1.323869346733668408e+03 2.107378504505052152e+00 1.770066462866419846e-02
1.329522613065326595e+03 2.107327018179723677e+00 1.770116273972493007e-02
1.335175879396984783e+03 2.107276311833237603e+00 1.770165283002571310e-02
1.340829145728643198e+03 2.107226369226792517e+00 1.770213507335644323e-02
1.346482412060301613e+03 2.107177174554643262e+00 1.770260963877386129e-02
1.352135678391959800e+03 2.107128712429971795e+00 1.770307669076597382e-02
1.357788944723617988e+03 2.107080967871309607e+00 1.770353638940388302e-02
1.363442211055276402e+03 2.107033926289477943e+00 1.770398889045592464e-02
1.369095477386934817e+03 2.106987573475029407e+00 1.770443434556446052e-02
1.374748743718593005e+03 2.106941895586160740e+00 1.770487290237241287e-02
1.380402010050251192e+03 2.106896879137085676e+00 1.770530470462467962e-02
1.386055276381909607e+03 2.106852510986839011e+00 1.770572989229459576e-02
1.391708542713567795e+03 2.106808778328500331e+00 1.770614860176047967e-02
1.397361809045225982e+03 2.106765668678813874e+00 1.770656096581910144e-02
1.403015075376884397e+03 2.106723169868192524e+00 1.770696711388724046e-02
1.408668341708542812e+03 2.106681270031084630e+00 1.770736717205268623e-02
1.414321608040200999e+03 2.106639957596692092e+00 1.770776126318792526e-02
1.419974874371859187e+03 2.106599221280024636e+00 1.770814950705121640e-02
1.425628140703517602e+03 2.106559050073272488e+00 1.770853202038766977e-02
1.431281407035176017e+03 2.106519433237491690e+00 1.770890891705532988e-02
1.436934673366834204e+03 2.106480360294576748e+00 1.770928030800077504e-02
1.442587939698492391e+03 2.106441821019528149e+00 1.770964630147293592e-02
1.448241206030150806e+03 2.106403805432979670e+00 1.771000700302369918e-02
1.453894472361808994e+03 2.106366303793993922e+00 1.771036251562134456e-02
1.459547738693467409e+03 2.106329306593103468e+00 1.771071293971380328e-02
1.465201005025125596e+03 2.106292804545597086e+00 1.771105837331696242e-02
1.470854271356784011e+03 2.106256788585032069e+00 1.771139891207786088e-02
1.476507537688442198e+03 2.106221249856967237e+00 1.771173464931280819e-02
1.482160804020100386e+03 2.106186179712914441e+00 1.771206567614575650e-02
1.487814070351758801e+03 2.106151569704488136e+00 1.771239208149621644e-02
1.493467336683416988e+03 2.106117411577755671e+00 1.771271395220505931e-02
1.499120603015075403e+03 2.106083697267771893e+00 1.771303137302239483e-02
1.504773869346733591e+03 2.106050418893300691e+00 1.771334442675841225e-02
1.510427135678392006e+03 2.106017568751705760e+00 1.771365319424612894e-02
1.516080402010050193e+03 2.105985139314013654e+00 1.771395775445461229e-02
1.521733668341708608e+03 2.105953123220134504e+00 1.771425818455197448e-02
1.527386934673366795e+03 2.105921513274239931e+00 1.771455455988065614e-02
1.533040201005025210e+03 2.105890302440293738e+00 1.771484695408310356e-02
1.538693467336683398e+03 2.105859483837717150e+00 1.771513543913965510e-02
1.544346733668341585e+03 2.105829050737204167e+00 1.771542008534380749e-02
1.550000000000000000e+03 2.105798996556662583e+00 1.771570096147795023e-02
