4.250000000000000000e+02 1.693115512149093504e+00 3.723296857155960482e-01
4.306532663316583012e+02 1.801165111175524691e+00 3.477238383502230246e-01
4.363065326633166023e+02 1.857862897871821461e+00 3.343154394909792493e-01
4.419597989949749035e+02 1.898823681985339906e+00 3.237380646594950617e-01
4.476130653266331478e+02 1.932586700806177449e+00 3.141048586848693147e-01
4.532663316582914490e+02 1.962477321960572896e+00 3.046841509169269102e-01
4.589195979899497502e+02 1.990122955690917461e+00 2.951012229584876745e-01
4.645728643216080513e+02 2.016435651493428516e+00 2.851214771598957753e-01
4.702261306532663525e+02 2.041973827633820626e+00 2.745701520092773684e-01
4.758793969849245968e+02 2.067099902065284933e+00 2.632946160724540241e-01
4.815326633165828980e+02 2.092056789326273147e+00 2.511414067467482858e-01
4.871859296482411992e+02 2.117006924973380944e+00 2.379369124405052438e-01
4.928391959798995003e+02 2.142050722737508739e+00 2.234647284114177901e-01
4.984924623115578015e+02 2.167229596714687734e+00 2.074313771005426854e-01
5.041457286432161027e+02 2.192509045514938748e+00 1.894041427775009778e-01
5.097989949748744039e+02 2.217716498165404282e+00 1.686789354818772624e-01
5.154522613065327050e+02 2.242322969042216396e+00 1.439390112144937894e-01
5.211055276381910062e+02 2.264367575519289577e+00 1.120430614236964662e-01
5.267587939698491937e+02 2.263092184717429678e+00 5.795679763602640255e-02
5.324120603015074948e+02 2.227823728489212840e+00 2.011045892146584232e-02
5.380653266331657960e+02 2.189810173275922534e+00 2.092218393169377813e-02
5.437185929648240972e+02 2.167279086950274269e+00 2.160290055043959101e-02
5.493718592964823983e+02 2.151235391616843184e+00 2.222605498548077887e-02
5.550251256281406995e+02 2.138890848109611387e+00 2.281403899605686722e-02
5.606783919597990007e+02 2.128961310551817032e+00 2.337693067295773183e-02
5.663316582914573019e+02 2.120736907068143218e+00 2.392013350869001687e-02
5.719849246231156030e+02 2.113780440501911606e+00 2.444684542033434549e-02
5.776381909547739042e+02 2.107802472341953504e+00 2.495907736697001653e-02
5.832914572864322054e+02 2.102601152258427586e+00 2.545814145227054057e-02
5.889447236180903928e+02 2.098030059092219179e+00 2.594490963581430956e-02
5.945979899497488077e+02 2.093979647532406840e+00 2.641996080244818357e-02
6.002512562814069952e+02 2.090365896698244796e+00 2.688366830163810631e-02
6.059045226130652964e+02 2.087123034100923480e+00 2.733625317371236180e-02
6.115577889447235975e+02 2.084198692771122019e+00 2.777781603638275476e-02
6.172110552763818987e+02 2.081550586938764269e+00 2.820835449285663196e-02
6.228643216080401999e+02 2.079144171996647916e+00 2.862776955814701554e-02
6.285175879396985010e+02 2.076950964332886507e+00 2.903586248145489240e-02
6.341708542713568022e+02 2.074947318050565759e+00 2.943232170712537996e-02
6.398241206030151034e+02 2.073113529185822479e+00 2.981669807127433625e-02
6.454773869346734045e+02 2.071433185104836205e+00 3.018836420924132444e-02
6.511306532663315920e+02 2.069892709382624929e+00 3.054645090494456997e-02
6.567839195979900069e+02 2.068481078462079292e+00 3.088974762303558011e-02
6.624371859296481944e+02 2.067189712364862597e+00 3.121654452490712009e-02
6.680904522613064955e+02 2.066012575954511377e+00 3.152437424290742418e-02
6.737437185929647967e+02 2.064946584429295129e+00 3.180957316682640063e-02
6.793969849246230979e+02 2.063992518840288781e+00 3.206649900996581815e-02
6.850502512562813990e+02 2.063156902994088160e+00 3.228604923200265042e-02
6.907035175879397002e+02 2.062455883908972609e+00 3.245263977305998943e-02
6.963567839195980014e+02 2.061923721782274566e+00 3.253744512740115030e-02
7.020100502512563025e+02 2.061633072662412136e+00 3.248139415002600228e-02
7.076633165829146037e+02 2.061748744747140538e+00 3.214577694730020446e-02
7.133165829145727912e+02 2.062674796793961818e+00 3.114888772064664316e-02
7.189698492462312061e+02 2.065134307676785408e+00 2.852630573033431219e-02
7.246231155778893935e+02 2.067631895737680026e+00 2.503727942606436691e-02
7.302763819095478084e+02 2.068146299014700151e+00 2.349170752227788816e-02
7.359296482412059959e+02 2.067927884131255389e+00 2.291676021853724168e-02
7.415829145728642970e+02 2.067512671710017624e+00 2.265819397726981724e-02
7.472361809045225982e+02 2.067037620890561200e+00 2.252736464100306077e-02
7.528894472361808994e+02 2.066547160355149071e+00 2.245849190979464990e-02
7.585427135678392006e+02 2.066058780724058241e+00 2.242360155624958593e-02
7.641959798994975017e+02 2.065580184957515275e+00 2.240896696082667755e-02
7.698492462311558029e+02 2.065114918467067628e+00 2.240712067525970838e-02
7.755025125628139904e+02 2.064664558150206997e+00 2.241367664118838407e-02
7.811557788944724052e+02 2.064229676404307767e+00 2.242590318478512521e-02
7.868090452261305927e+02 2.063810307303961533e+00 2.244201922960652879e-02
7.924623115577890076e+02 2.063406188733402757e+00 2.246082042231032500e-02
7.981155778894471950e+02 2.063016895248119820e+00 2.248146819337305813e-02
8.037688442211054962e+02 2.062641914091084328e+00 2.250336467899538909e-02
8.094221105527637974e+02 2.062280690045007248e+00 2.252607539613331669e-02
8.150753768844220986e+02 2.061932652451217596e+00 2.254927971341775736e-02
8.207286432160803997e+02 2.061597231659043850e+00 2.257273814384185007e-02
8.263819095477387009e+02 2.061273869029772055e+00 2.259627016654566431e-02
8.320351758793970021e+02 2.060962022919886838e+00 2.261973883557302084e-02
8.376884422110551895e+02 2.060661172112337347e+00 2.264303987837758270e-02
8.433417085427136044e+02 2.060370817608426552e+00 2.266609383340033659e-02
8.489949748743717919e+02 2.060090483359673375e+00 2.268884028714771711e-02
8.546482412060302067e+02 2.059819716314196025e+00 2.271123358904260717e-02
8.603015075376883942e+02 2.059558086023338674e+00 2.273323962343052132e-02
8.659547738693468091e+02 2.059305183971646525e+00 2.275483334958019674e-02
8.716080402010049966e+02 2.059060622739399715e+00 2.277599690711288802e-02
8.772613065326632977e+02 2.058824035071179726e+00 2.279671814315388165e-02
8.829145728643215989e+02 2.058595072899976230e+00 2.281698945738108719e-02
8.885678391959799001e+02 2.058373406360099800e+00 2.283680688952994392e-02
8.942211055276382012e+02 2.058158722811009422e+00 2.285616939319900717e-02
8.998743718592965024e+02 2.057950725886521948e+00 2.287507825462745809e-02
9.055276381909548036e+02 2.057749134578553463e+00 2.289353662465206177e-02
9.111809045226129911e+02 2.057553682360859781e+00 2.291154914008505794e-02
9.168341708542714059e+02 2.057364116355693273e+00 2.292912161604324095e-02
9.224874371859295934e+02 2.057180196544545314e+00 2.294626079499104479e-02
9.281407035175880083e+02 2.057001695022921073e+00 2.296297414144849239e-02
9.337939698492461957e+02 2.056828395298291312e+00 2.297926967346785102e-02
9.394472361809044969e+02 2.056660091629839204e+00 2.299515582418281551e-02
9.451005025125627981e+02 2.056496588408273318e+00 2.301064132774670659e-02
9.507537688442210992e+02 2.056337699573793198e+00 2.302573512534449029e-02
9.564070351758794004e+02 2.056183248070182934e+00 2.304044628768393138e-02
9.620603015075377016e+02 2.056033065333003229e+00 2.305478395118051166e-02
9.677135678391960028e+02 2.055886990809846271e+00 2.306875726535288079e-02
9.733668341708543039e+02 2.055744871510682970e+00 2.308237534967658849e-02
9.790201005025126051e+02 2.055606561586407199e+00 2.309564725824473502e-02
9.846733668341707926e+02 2.055471921933756274e+00 2.310858195087506922e-02
9.903266331658290937e+02 2.055340819824894361e+00 2.312118826985098963e-02
9.959798994974873949e+02 2.055213128560023250e+00 2.313347492104899164e-02
1.001633165829145696e+03 2.055088727141503924e+00 2.314545045907639292e-02
1.007286432160803997e+03 2.054967499968047395e+00 2.315712327549067362e-02
1.012939698492462298e+03 2.054849336547639016e+00 2.316850158984803260e-02
1.018592964824120600e+03 2.054734131227946570e+00 2.317959344297659471e-02
1.024246231155778787e+03 2.054621782943038433e+00 2.319040669216043682e-02
1.029899497487437202e+03 2.054512194975330885e+00 2.320094900790334660e-02
1.035552763819095617e+03 2.054405274731750275e+00 2.321122787215360722e-02
1.041206030150753804e+03 2.054300933533170781e+00 2.322125057752781607e-02
1.046859296482411992e+03 2.054199086416244047e+00 2.323102422754199162e-02
1.052512562814070407e+03 2.054099651946820870e+00 2.324055573763887661e-02
1.058165829145728594e+03 2.054002552044192242e+00 2.324985183681061926e-02
1.063819095477386782e+03 2.053907711815459169e+00 2.325891906979841300e-02
1.069472361809045196e+03 2.053815059399369591e+00 2.326776379976469578e-02
1.075125628140703611e+03 2.053724525819013991e+00 2.327639221121963198e-02
1.080778894472361799e+03 2.053636044842821029e+00 2.328481031330835102e-02
1.086432160804019986e+03 2.053549552853318971e+00 2.329302394336495857e-02
1.092085427135678401e+03 2.053464988723174844e+00 2.330103877047759453e-02
1.097738693467336816e+03 2.053382293698061023e+00 2.330886029939055124e-02
1.103391959798995003e+03 2.053301411285917144e+00 2.331649387434477777e-02
1.109045226130653191e+03 2.053222287152218772e+00 2.332394468300172732e-02
1.114698492462311606e+03 2.053144869020878005e+00 2.333121776054750129e-02
1.120351758793969793e+03 2.053069106580438508e+00 2.333831799354105230e-02
1.126005025125627981e+03 2.052994951395241685e+00 2.334525012405100353e-02
1.131658291457286396e+03 2.052922356821265115e+00 2.335201875353062201e-02
1.137311557788944810e+03 2.052851277926354800e+00 2.335862834678483629e-02
1.142964824120602998e+03 2.052781671414593223e+00 2.336508323586914890e-02
1.148618090452261185e+03 2.052713495554555401e+00 2.337138762394097916e-02
1.154271356783919600e+03 2.052646710111229567e+00 2.337754558895098131e-02
1.159924623115578015e+03 2.052581276281387535e+00 2.338356108744186687e-02
1.165577889447236203e+03 2.052517156632208462e+00 2.338943795808545029e-02
1.171231155778894390e+03 2.052454315042968158e+00 2.339517992529187643e-02
1.176884422110552805e+03 2.052392716649615867e+00 2.340079060263570987e-02
1.182537688442210992e+03 2.052332327792087963e+00 2.340627349623315701e-02
1.188190954773869180e+03 2.052273115964189820e+00 2.341163200808093342e-02
1.193844221105527595e+03 2.052215049765911736e+00 2.341686943921555963e-02
1.199497487437186010e+03 2.052158098858047897e+00 2.342198899286491651e-02
1.205150753768844197e+03 2.052102233918978946e+00 2.342699377748861875e-02
1.210804020100502385e+03 2.052047426603513802e+00 2.343188680969873414e-02
1.216457286432160799e+03 2.051993649503674355e+00 2.343667101717542695e-02
1.222110552763819214e+03 2.051940876111313816e+00 2.344134924141721282e-02
1.227763819095477402e+03 2.051889080782477226e+00 2.344592424045932252e-02
1.233417085427135589e+03 2.051838238703410422e+00 2.345039869145666353e-02
1.239070351758794004e+03 2.051788325858128648e+00 2.345477519330258637e-02
1.244723618090452419e+03 2.051739318997463091e+00 2.345905626899997404e-02
1.250376884422110379e+03 2.051691195609512075e+00 2.346324436811671535e-02
1.256030150753768794e+03 2.051643933891419636e+00 2.346734186905161806e-02
1.261683417085427209e+03 2.051597512722416639e+00 2.347135108130055797e-02
1.267336683417085396e+03 2.051551911638060055e+00 2.347527424762881065e-02
1.272989949748743584e+03 2.051507110805604661e+00 2.347911354613109805e-02
1.278643216080401999e+03 2.051463091000460093e+00 2.348287109229339753e-02
1.284296482412060413e+03 2.051419833583668417e+00 2.348654894095281859e-02
1.289949748743718601e+03 2.051377320480357813e+00 2.349014908820331454e-02
1.295603015075376788e+03 2.051335534159123952e+00 2.349367347321922039e-02
1.301256281407035203e+03 2.051294457612288458e+00 2.349712398005374125e-02
1.306909547738693618e+03 2.051254074336999800e+00 2.350050243935598859e-02
1.312562814070351806e+03 2.051214368317127335e+00 2.350381063000690079e-02
1.318216080402009993e+03 2.051175324005918288e+00 2.350705028079724118e-02
1.323869346733668408e+03 2.051136926309373720e+00 2.351022307192112554e-02
1.329522613065326595e+03 2.051099160570314162e+00 2.351333063650272795e-02
1.335175879396984783e+03 2.051062012553102942e+00 2.351637456206190704e-02
1.340829145728643198e+03 2.051025468428989473e+00 2.351935639193790048e-02
1.346482412060301613e+03 2.050989514762053822e+00 2.352227762661465021e-02
1.352135678391959800e+03 2.050954138495714396e+00 2.352513972506133436e-02
1.357788944723617988e+03 2.050919326939782295e+00 2.352794410601267983e-02
1.363442211055276402e+03 2.050885067758028590e+00 2.353069214918938196e-02
1.369095477386934817e+03 2.050851348956245879e+00 2.353338519648700070e-02
1.374748743718593005e+03 2.050818158870782781e+00 2.353602455315249170e-02
1.380402010050251192e+03 2.050785486157526982e+00 2.353861148887295349e-02
1.386055276381909607e+03 2.050753319781315032e+00 2.354114723887115734e-02
1.391708542713567795e+03 2.050721649005759151e+00 2.354363300493253139e-02
1.397361809045225982e+03 2.050690463383459949e+00 2.354606995644857592e-02
1.403015075376884397e+03 2.050659752746599285e+00 2.354845923134486416e-02
1.408668341708542812e+03 2.050629507197885726e+00 2.355080193707289465e-02
1.414321608040200999e+03 2.050599717101848629e+00 2.355309915146790167e-02
1.419974874371859187e+03 2.050570373076458619e+00 2.355535192370843828e-02
1.425628140703517602e+03 2.050541465985058931e+00 2.355756127509502432e-02
1.431281407035176017e+03 2.050512986928603620e+00 2.355972819993073369e-02
1.436934673366834204e+03 2.050484927238176880e+00 2.356185366629647004e-02
1.442587939698492391e+03 2.050457278467791689e+00 2.356393861682468116e-02
1.448241206030150806e+03 2.050430032387451362e+00 2.356598396946216895e-02
1.453894472361808994e+03 2.050403180976465123e+00 2.356799061820322519e-02
1.459547738693467409e+03 2.050376716417003475e+00 2.356995943375548436e-02
1.465201005025125596e+03 2.050350631087887621e+00 2.357189126424219863e-02
1.470854271356784011e+03 2.050324917558603577e+00 2.357378693588448731e-02
1.476507537688442198e+03 2.050299568583523691e+00 2.357564725358822152e-02
1.482160804020100386e+03 2.050274577096340423e+00 2.357747300160520712e-02
1.487814070351758801e+03 2.050249936204691981e+00 2.357926494409914864e-02
1.493467336683416988e+03 2.050225639184977133e+00 2.358102382573890043e-02
1.499120603015075403e+03 2.050201679477352990e+00 2.358275037226252591e-02
1.504773869346733591e+03 2.050178050680904640e+00 2.358444529099342629e-02
1.510427135678392006e+03 2.050154746548980889e+00 2.358610927140267904e-02
1.516080402010050193e+03 2.050131760984695628e+00 2.358774298560471078e-02
1.521733668341708608e+03 2.050109088036575766e+00 2.358934708882393788e-02
1.527386934673366795e+03 2.050086721894362363e+00 2.359092221988898230e-02
1.533040201005025210e+03 2.050064656884952097e+00 2.359246900172615527e-02
1.538693467336683398e+03 2.050042887468474628e+00 2.359398804174878822e-02
1.544346733668341585e+03 2.050021408234504960e+00 2.359547993235888361e-02
1.550000000000000000e+03 2.050000213898397039e+00 2.359694525128817888e-02
