4.250000000000000000e+02 1.735904360140114733e+00 3.855872864087437346e-01
4.306532663316583012e+02 1.849341064618132080e+00 3.585771192313064182e-01
4.363065326633166023e+02 1.909155941988696759e+00 3.434193176216500665e-01
4.419597989949749035e+02 1.952531245488708933e+00 3.312456527365827963e-01
4.476130653266331478e+02 1.988382147551027268e+00 3.200544984117709157e-01
4.532663316582914490e+02 2.020180654301650502e+00 3.090665726601923291e-01
4.589195979899497502e+02 2.049625747638911477e+00 2.978790658936148472e-01
4.645728643216080513e+02 2.077668973668037378e+00 2.862353352284995323e-01
4.702261306532663525e+02 2.104891800644717037e+00 2.739388293151639453e-01
4.758793969849245968e+02 2.131669687461491769e+00 2.608114752803704084e-01
4.815326633165828980e+02 2.158250994466555106e+00 2.466665437145051931e-01
4.871859296482411992e+02 2.184795783989557982e+00 2.312831763563241161e-01
4.928391959798995003e+02 2.211390795197617720e+00 2.143728099311126845e-01
4.984924623115578015e+02 2.238041988261499693e+00 1.955227214179086903e-01
5.041457286432161027e+02 2.264626321279960663e+00 1.740822246428879450e-01
5.097989949748744039e+02 2.290716468590930699e+00 1.488858202061783265e-01
5.154522613065327050e+02 2.314770663533715300e+00 1.173656889680232546e-01
5.211055276381910062e+02 2.325602597491399415e+00 7.037123635072740913e-02
5.267587939698491937e+02 2.296060593616668477e+00 9.790530922087278473e-03
5.324120603015074948e+02 2.251226141146652093e+00 9.989578850083486936e-03
5.380653266331657960e+02 2.225954534646329641e+00 1.010689012972697427e-02
5.437185929648240972e+02 2.208365964761325184e+00 1.019111492357353127e-02
5.493718592964823983e+02 2.195011286236200121e+00 1.025667976737294068e-02
5.550251256281406995e+02 2.184360742287592139e+00 1.031008831092921491e-02
5.606783919597990007e+02 2.175589313081177867e+00 1.035489886224754200e-02
5.663316582914573019e+02 2.168197752298961056e+00 1.039329312032903282e-02
5.719849246231156030e+02 2.161859921557951036e+00 1.042671379059287133e-02
5.776381909547739042e+02 2.156350764929076735e+00 1.045616790743161481e-02
5.832914572864322054e+02 2.151508429616632245e+00 1.048238761585073078e-02
5.889447236180903928e+02 2.147212691383520777e+00 1.050592243648305543e-02
5.945979899497488077e+02 2.143371891028186038e+00 1.052719553620159662e-02
6.002512562814069952e+02 2.139914630857422395e+00 1.054653974333010120e-02
6.059045226130652964e+02 2.136784284075842422e+00 1.056422152146480574e-02
6.115577889447235975e+02 2.133935243127197623e+00 1.058045745571116296e-02
6.172110552763818987e+02 2.131330284265501085e+00 1.059542590624253794e-02
6.228643216080401999e+02 2.128938671841434704e+00 1.060927544132494842e-02
6.285175879396985010e+02 2.126734766397394782e+00 1.062213106575660669e-02
6.341708542713568022e+02 2.124696984155492352e+00 1.063409890349901327e-02
6.398241206030151034e+02 2.122807006756721293e+00 1.064526977390241325e-02
6.454773869346734045e+02 2.121049172538170158e+00 1.065572196179748535e-02
6.511306532663315920e+02 2.119410001683713407e+00 1.066552338984328059e-02
6.567839195979900069e+02 2.117877821563867613e+00 1.067473334172496305e-02
6.624371859296481944e+02 2.116442468059338111e+00 1.068340384316282879e-02
6.680904522613064955e+02 2.115095045209770319e+00 1.069158077890007552e-02
6.737437185929647967e+02 2.113827730127673110e+00 1.069930480417567199e-02
6.793969849246230979e+02 2.112633613396963206e+00 1.070661209406989153e-02
6.850502512562813990e+02 2.111506567547180246e+00 1.071353496434606679e-02
6.907035175879397002e+02 2.110441137931553079e+00 1.072010238904223638e-02
6.963567839195980014e+02 2.109432451624519977e+00 1.072634043487553750e-02
7.020100502512563025e+02 2.108476140918860597e+00 1.073227262783052645e-02
7.076633165829146037e+02 2.107568278732564693e+00 1.073792026422157320e-02
7.133165829145727912e+02 2.106705323793207629e+00 1.074330267615595386e-02
7.189698492462312061e+02 2.105884073897264841e+00 1.074843745879557402e-02
7.246231155778893935e+02 2.105101625875662297e+00 1.075334066624075192e-02
7.302763819095478084e+02 2.104355341158145709e+00 1.075802698071502000e-02
7.359296482412059959e+02 2.103642816035127705e+00 1.076250985944336019e-02
7.415829145728642970e+02 2.102961855879188491e+00 1.076680166272179356e-02
7.472361809045225982e+02 2.102310452719074352e+00 1.077091376571033023e-02
7.528894472361808994e+02 2.101686765664003254e+00 1.077485665669918741e-02
7.585427135678392006e+02 2.101089103760940713e+00 1.077864002346032996e-02
7.641959798994975017e+02 2.100515910936450403e+00 1.078227282954557532e-02
7.698492462311558029e+02 2.099965752731005608e+00 1.078576338184088386e-02
7.755025125628139904e+02 2.099437304579848895e+00 1.078911939059146868e-02
7.811557788944724052e+02 2.098929341432583584e+00 1.079234802264916228e-02
7.868090452261305927e+02 2.098440728535183819e+00 1.079545594928191764e-02
7.924623115577890076e+02 2.097970413224349517e+00 1.079844938870498823e-02
7.981155778894471950e+02 2.097517417606006962e+00 1.080133414429055617e-02
8.037688442211054962e+02 2.097080832008090479e+00 1.080411563901634633e-02
8.094221105527637974e+02 2.096659809113167405e+00 1.080679894629887720e-02
8.150753768844220986e+02 2.096253558689479934e+00 1.080938881799090034e-02
8.207286432160803997e+02 2.095861342849998366e+00 1.081188970953867595e-02
8.263819095477387009e+02 2.095482471778441269e+00 1.081430580294995801e-02
8.320351758793970021e+02 2.095116299869193899e+00 1.081664102750247956e-02
8.376884422110551895e+02 2.094762222234876958e+00 1.081889907853203665e-02
8.433417085427136044e+02 2.094419671541154049e+00 1.082108343476074000e-02
8.489949748743717919e+02 2.094088115133397210e+00 1.082319737386528390e-02
8.546482412060302067e+02 2.093767052424140740e+00 1.082524398682572185e-02
8.603015075376883942e+02 2.093456012514014031e+00 1.082722619095804160e-02
8.659547738693468091e+02 2.093154552022060688e+00 1.082914674206644952e-02
8.716080402010049966e+02 2.092862253104168513e+00 1.083100824520716148e-02
8.772613065326632977e+02 2.092578721640791173e+00 1.083281316509306959e-02
8.829145728643215989e+02 2.092303585577250935e+00 1.083456383511745454e-02
8.885678391959799001e+02 2.092036493401797426e+00 1.083626246608654711e-02
8.942211055276382012e+02 2.091777112748222311e+00 1.083791115410997520e-02
8.998743718592965024e+02 2.091525129111245995e+00 1.083951188779513214e-02
9.055276381909548036e+02 2.091280244664182053e+00 1.084106655511636076e-02
9.111809045226129911e+02 2.091042177169465166e+00 1.084257694957151130e-02
9.168341708542714059e+02 2.090810658973619063e+00 1.084404477593492282e-02
9.224874371859295934e+02 2.090585436079109627e+00 1.084547165571063572e-02
9.281407035175880083e+02 2.090366267286289492e+00 1.084685913206186354e-02
9.337939698492461957e+02 2.090152923399311469e+00 1.084820867436135476e-02
9.394472361809044969e+02 2.089945186490513862e+00 1.084952168258881446e-02
9.451005025125627981e+02 2.089742849218294118e+00 1.085079949128973584e-02
9.507537688442210992e+02 2.089545714193985937e+00 1.085204337326028078e-02
9.564070351758794004e+02 2.089353593393662667e+00 1.085325454312266111e-02
9.620603015075377016e+02 2.089166307611194817e+00 1.085443416048472234e-02
9.677135678391960028e+02 2.088983685949207914e+00 1.085558333295043310e-02
9.733668341708543039e+02 2.088805565344917792e+00 1.085670311904310403e-02
9.790201005025126051e+02 2.088631790128067323e+00 1.085779453079638648e-02
9.846733668341707926e+02 2.088462211608471009e+00 1.085885853619762177e-02
9.903266331658290937e+02 2.088296687690859965e+00 1.085989606160661994e-02
9.959798994974873949e+02 2.088135082514945839e+00 1.086090799384349832e-02
1.001633165829145696e+03 2.087977266118800301e+00 1.086189518229352217e-02
1.007286432160803997e+03 2.087823114123794177e+00 1.086285844076347214e-02
1.012939698492462298e+03 2.087672507439508607e+00 1.086379854933510261e-02
1.018592964824120600e+03 2.087525331987151844e+00 1.086471625607287814e-02
1.024246231155778787e+03 2.087381478440141436e+00 1.086561227858616127e-02
1.029899497487437202e+03 2.087240841980616768e+00 1.086648730548702736e-02
1.035552763819095617e+03 2.087103322070759326e+00 1.086734199790729931e-02
1.041206030150753804e+03 2.086968822237872168e+00 1.086817699076846055e-02
1.046859296482411992e+03 2.086837249872262046e+00 1.086899289404985071e-02
1.052512562814070407e+03 2.086708516037050654e+00 1.086979029389179008e-02
1.058165829145728594e+03 2.086582535289090767e+00 1.087056975388110691e-02
1.063819095477386782e+03 2.086459225510245208e+00 1.087133181598796440e-02
1.069472361809045196e+03 2.086338507748330517e+00 1.087207700160360002e-02
1.075125628140703611e+03 2.086220306067092078e+00 1.087280581247474821e-02
1.080778894472361799e+03 2.086104547404605380e+00 1.087351873157571189e-02
1.086432160804019986e+03 2.085991161439575858e+00 1.087421622399986458e-02
1.092085427135678401e+03 2.085880080465004394e+00 1.087489873772767672e-02
1.097738693467336816e+03 2.085771239268770838e+00 1.087556670441430264e-02
1.103391959798995003e+03 2.085664575020684808e+00 1.087622054007429673e-02
1.109045226130653191e+03 2.085560027165600960e+00 1.087686064578597019e-02
1.114698492462311606e+03 2.085457537322226163e+00 1.087748740833385103e-02
1.120351758793969793e+03 2.085357049187265055e+00 1.087810120080964262e-02
1.126005025125627981e+03 2.085258508444576275e+00 1.087870238321260105e-02
1.131658291457286396e+03 2.085161862679047129e+00 1.087929130302894495e-02
1.137311557788944810e+03 2.085067061294886059e+00 1.087986829566786259e-02
1.142964824120602998e+03 2.084974055438085561e+00 1.088043368508074572e-02
1.148618090452261185e+03 2.084882797922803288e+00 1.088098778413505198e-02
1.154271356783919600e+03 2.084793243161437104e+00 1.088153089515102659e-02
1.159924623115578015e+03 2.084705347098167572e+00 1.088206331025435257e-02
1.165577889447236203e+03 2.084619067145788041e+00 1.088258531187130326e-02
1.171231155778894390e+03 2.084534362125614049e+00 1.088309717301949413e-02
1.176884422110552805e+03 2.084451192210318826e+00 1.088359915778195144e-02
1.182537688442210992e+03 2.084369518869509719e+00 1.088409152157686008e-02
1.188190954773869180e+03 2.084289304817911415e+00 1.088457451159024168e-02
1.193844221105527595e+03 2.084210513965997880e+00 1.088504836700437267e-02
1.199497487437186010e+03 2.084133111372950875e+00 1.088551331932795761e-02
1.205150753768844197e+03 2.084057063201809168e+00 1.088596959278727121e-02
1.210804020100502385e+03 2.083982336676692082e+00 1.088641740445190492e-02
1.216457286432160799e+03 2.083908900041994361e+00 1.088685696460509056e-02
1.222110552763819214e+03 2.083836722523436880e+00 1.088728847701185207e-02
1.227763819095477402e+03 2.083765774290879502e+00 1.088771213908499604e-02
1.233417085427135589e+03 2.083696026422806380e+00 1.088812814217331691e-02
1.239070351758794004e+03 2.083627450872397535e+00 1.088853667182924576e-02
1.244723618090452419e+03 2.083560020435092586e+00 1.088893790789281259e-02
1.250376884422110379e+03 2.083493708717594206e+00 1.088933202484058428e-02
1.256030150753768794e+03 2.083428490108209630e+00 1.088971919184898024e-02
1.261683417085427209e+03 2.083364339748488447e+00 1.089009957316333654e-02
1.267336683417085396e+03 2.083301233506070993e+00 1.089047332803864954e-02
1.272989949748743584e+03 2.083239147948704240e+00 1.089084061112881308e-02
1.278643216080401999e+03 2.083178060319355041e+00 1.089120157254948491e-02
1.284296482412060413e+03 2.083117948512373641e+00 1.089155635804284553e-02
1.289949748743718601e+03 2.083058791050651060e+00 1.089190510912185425e-02
1.295603015075376788e+03 2.083000567063733044e+00 1.089224796325519856e-02
1.301256281407035203e+03 2.082943256266827525e+00 1.089258505399100935e-02
1.306909547738693618e+03 2.082886838940678498e+00 1.089291651108050332e-02
1.312562814070351806e+03 2.082831295912261904e+00 1.089324246062192171e-02
1.318216080402009993e+03 2.082776608536252461e+00 1.089356302514327482e-02
1.323869346733668408e+03 2.082722758677244990e+00 1.089387832378693223e-02
1.329522613065326595e+03 2.082669728692682742e+00 1.089418847241260119e-02
1.335175879396984783e+03 2.082617501416457628e+00 1.089449358361875043e-02
1.340829145728643198e+03 2.082566060143165032e+00 1.089479376696778426e-02
1.346482412060301613e+03 2.082515388612968366e+00 1.089508912906848696e-02
1.352135678391959800e+03 2.082465470997056922e+00 1.089537977353615371e-02
1.357788944723617988e+03 2.082416291883660620e+00 1.089566580127875051e-02
1.363442211055276402e+03 2.082367836264609640e+00 1.089594731047733786e-02
1.369095477386934817e+03 2.082320089522400330e+00 1.089622439670910256e-02
1.374748743718593005e+03 2.082273037417754935e+00 1.089649715296846580e-02
1.380402010050251192e+03 2.082226666077649391e+00 1.089676566989193456e-02
1.386055276381909607e+03 2.082180961983791878e+00 1.089703003561611622e-02
1.391708542713567795e+03 2.082135911961527253e+00 1.089729033606363223e-02
1.397361809045225982e+03 2.082091503169156255e+00 1.089754665494370445e-02
1.403015075376884397e+03 2.082047723087643742e+00 1.089779907373236711e-02
1.408668341708542812e+03 2.082004559510705288e+00 1.089804767187675660e-02
1.414321608040200999e+03 2.081962000535257484e+00 1.089829252677526443e-02
1.419974874371859187e+03 2.081920034552206644e+00 1.089853371383915463e-02
1.425628140703517602e+03 2.081878650237574124e+00 1.089877130661528332e-02
1.431281407035176017e+03 2.081837836543937836e+00 1.089900537680693268e-02
1.436934673366834204e+03 2.081797582692177073e+00 1.089923599425385824e-02
1.442587939698492391e+03 2.081757878163506881e+00 1.089946322713644493e-02
1.448241206030150806e+03 2.081718712691797979e+00 1.089968714189460536e-02
1.453894472361808994e+03 2.081680076256157808e+00 1.089990780341150954e-02
1.459547738693467409e+03 2.081641959073775805e+00 1.090012527489171192e-02
1.465201005025125596e+03 2.081604351593010271e+00 1.090033961802447209e-02
1.470854271356784011e+03 2.081567244486718593e+00 1.090055089302482613e-02
1.476507537688442198e+03 2.081530628645806846e+00 1.090075915867464232e-02
1.482160804020100386e+03 2.081494495173008552e+00 1.090096447226181729e-02
1.487814070351758801e+03 2.081458835376866379e+00 1.090116688982499700e-02
1.493467336683416988e+03 2.081423640765916350e+00 1.090136646595016474e-02
1.499120603015075403e+03 2.081388903043072336e+00 1.090156325401533607e-02
1.504773869346733591e+03 2.081354614100190403e+00 1.090175730610933209e-02
1.510427135678392006e+03 2.081320766012817458e+00 1.090194867313387488e-02
1.516080402010050193e+03 2.081287351035107314e+00 1.090213740474270561e-02
1.521733668341708608e+03 2.081254361594911284e+00 1.090232354946402485e-02
1.527386934673366795e+03 2.081221790289021101e+00 1.090250715476180458e-02
1.533040201005025210e+03 2.081189629878567704e+00 1.090268826693415252e-02
1.538693467336683398e+03 2.081157873284571025e+00 1.090286693121535720e-02
1.544346733668341585e+03 2.081126513583628768e+00 1.090304319191862797e-02
1.550000000000000000e+03 2.081095544003745967e+00 1.090321709223262409e-02
