4.250000000000000000e+02 1.865295778534672877e+00 3.602701719874046304e-01
4.306532663316583012e+02 1.971746927135306526e+00 3.385144865829195493e-01
4.363065326633166023e+02 2.027794358644878336e+00 3.263293462666221334e-01
4.419597989949749035e+02 2.068375158395766356e+00 3.165321617204643889e-01
4.476130653266331478e+02 2.101883132503612472e+00 3.074822238094009341e-01
4.532663316582914490e+02 2.131590989045069939e+00 2.985359878166998771e-01
4.589195979899497502e+02 2.159101938408972021e+00 2.893588084496640511e-01
4.645728643216080513e+02 2.185315314977060996e+00 2.797367796702794340e-01
4.702261306532663525e+02 2.210782317553835252e+00 2.695064932951875547e-01
4.758793969849245968e+02 2.235861118474778753e+00 2.585215194889181611e-01
4.815326633165828980e+02 2.260792171400400452e+00 2.466313635256417169e-01
4.871859296482411992e+02 2.285736643194911544e+00 2.336630071062651137e-01
4.928391959798995003e+02 2.310794593537374819e+00 2.193984765870505005e-01
4.984924623115578015e+02 2.336007939308045067e+00 2.035401426692046156e-01
5.041457286432161027e+02 2.361343726826740763e+00 1.856470479709853016e-01
5.097989949748744039e+02 2.386632608001138856e+00 1.649984427006453425e-01
5.154522613065327050e+02 2.411352040288399223e+00 1.402379820462862359e-01
5.211055276381910062e+02 2.433549149408112733e+00 1.080888180854655128e-01
5.267587939698491937e+02 2.430383999286137797e+00 5.183623715527175407e-02
5.324120603015074948e+02 2.394015812797649190e+00 1.764932020325390982e-02
5.380653266331657960e+02 2.357238944368994282e+00 1.833110000555652347e-02
5.437185929648240972e+02 2.335234827498237742e+00 1.891049891780492015e-02
5.493718592964823983e+02 2.319508790471293658e+00 1.944420306983139085e-02
5.550251256281406995e+02 2.307385124254643038e+00 1.994970695604124725e-02
5.606783919597990007e+02 2.297621451264695747e+00 2.043490133968852221e-02
5.663316582914573019e+02 2.289527814555452068e+00 2.090398354099562081e-02
5.719849246231156030e+02 2.282678199025856003e+00 2.135937355407352412e-02
5.776381909547739042e+02 2.276790338998055052e+00 2.180249114598454760e-02
5.832914572864322054e+02 2.271667667776893662e+00 2.223409838601544952e-02
5.889447236180903928e+02 2.267168390219803431e+00 2.265442285612329423e-02
5.945979899497488077e+02 2.263188006011290110e+00 2.306310659398802532e-02
6.002512562814069952e+02 2.259649529377981914e+00 2.345889532804768321e-02
6.059045226130652964e+02 2.256499660356796166e+00 2.383869453968886012e-02
6.115577889447235975e+02 2.253714118537225364e+00 2.419448482264908648e-02
6.172110552763818987e+02 2.251336181402331160e+00 2.449987161676684191e-02
6.228643216080401999e+02 2.249788488394139918e+00 2.459868523314767685e-02
6.285175879396985010e+02 2.256753256375433558e+00 1.951502383879458527e-02
6.341708542713568022e+02 2.256341995485311447e+00 1.802638843664699717e-02
6.398241206030151034e+02 2.254621465411658754e+00 1.796138328322104821e-02
6.454773869346734045e+02 2.252946432088457573e+00 1.799229465226059518e-02
6.511306532663315920e+02 2.251369281405628087e+00 1.804765715544651150e-02
6.567839195979900069e+02 2.249892437530302658e+00 1.811141145950028591e-02
6.624371859296481944e+02 2.248510247300951281e+00 1.817802100472085819e-02
6.680904522613064955e+02 2.247215522478883010e+00 1.824512133862388197e-02
6.737437185929647967e+02 2.246001116261685748e+00 1.831157095603512877e-02
6.793969849246230979e+02 2.244860362560037181e+00 1.837677921410485124e-02
6.850502512562813990e+02 2.243787182223565768e+00 1.844043163523785903e-02
6.907035175879397002e+02 2.242776078942810614e+00 1.850236327916662815e-02
6.963567839195980014e+02 2.241822097983035889e+00 1.856249488416402207e-02
7.020100502512563025e+02 2.240920774420718686e+00 1.862079834339347775e-02
7.076633165829146037e+02 2.240068081097231545e+00 1.867727698177472362e-02
7.133165829145727912e+02 2.239260380133501815e+00 1.873195377559963223e-02
7.189698492462312061e+02 2.238494379241630750e+00 1.878486405682753060e-02
7.246231155778893935e+02 2.237767092979143335e+00 1.883605085935328299e-02
7.302763819095478084e+02 2.237075808647853048e+00 1.888556187881086645e-02
7.359296482412059959e+02 2.236418056380456321e+00 1.893344744829650317e-02
7.415829145728642970e+02 2.235791582925756416e+00 1.897975917102398546e-02
7.472361809045225982e+02 2.235194328665847774e+00 1.902454898754671331e-02
7.528894472361808994e+02 2.234624407442447946e+00 1.906786853604863774e-02
7.585427135678392006e+02 2.234080088819210275e+00 1.910976871375243830e-02
7.641959798994975017e+02 2.233559782455349030e+00 1.915029937834617640e-02
7.698492462311558029e+02 2.233062024310231042e+00 1.918950914801127727e-02
7.755025125628139904e+02 2.232585464437824907e+00 1.922744527165447942e-02
7.811557788944724052e+02 2.232128856163968944e+00 1.926415354960553036e-02
7.868090452261305927e+02 2.231691046468732065e+00 1.929967829047083208e-02
7.924623115577890076e+02 2.231270967421164819e+00 1.933406229445172944e-02
7.981155778894471950e+02 2.230867628535108338e+00 1.936734685559364164e-02
8.037688442211054962e+02 2.230480109932886812e+00 1.939957177782862183e-02
8.094221105527637974e+02 2.230107556219188325e+00 1.943077540084002519e-02
8.150753768844220986e+02 2.229749170980628747e+00 1.946099463286913786e-02
8.207286432160803997e+02 2.229404211837735517e+00 1.949026498849202801e-02
8.263819095477387009e+02 2.229071985985690230e+00 1.951862062936324943e-02
8.320351758793970021e+02 2.228751846168428585e+00 1.954609440724016517e-02
8.376884422110551895e+02 2.228443187037720374e+00 1.957271790789090124e-02
8.433417085427136044e+02 2.228145441854944231e+00 1.959852149557562637e-02
8.489949748743717919e+02 2.227858079498496569e+00 1.962353435744881858e-02
8.546482412060302067e+02 2.227580601744275857e+00 1.964778454738887875e-02
8.603015075376883942e+02 2.227312540790610917e+00 1.967129902922261364e-02
8.659547738693468091e+02 2.227053457002365011e+00 1.969410371894523767e-02
8.716080402010049966e+02 2.226802936851907333e+00 1.971622352583799614e-02
8.772613065326632977e+02 2.226560591037204606e+00 1.973768239245901265e-02
8.829145728643215989e+02 2.226326052759501462e+00 1.975850333330876965e-02
8.885678391959799001e+02 2.226098976145050479e+00 1.977870847224847198e-02
8.942211055276382012e+02 2.225879034797025202e+00 1.979831907859773074e-02
8.998743718592965024e+02 2.225665920465276670e+00 1.981735560188985223e-02
9.055276381909548036e+02 2.225459341822915604e+00 1.983583770531440957e-02
9.111809045226129911e+02 2.225259023339850373e+00 1.985378429791707228e-02
9.168341708542714059e+02 2.225064704244456237e+00 1.987121356549921905e-02
9.224874371859295934e+02 2.224876137565449330e+00 1.988814300024582468e-02
9.281407035175880083e+02 2.224693089246845723e+00 1.990458942919580768e-02
9.337939698492461957e+02 2.224515337329604048e+00 1.992056904154229646e-02
9.394472361809044969e+02 2.224342671194170951e+00 1.993609741478100106e-02
9.451005025125627981e+02 2.224174890858733100e+00 1.995118953977750506e-02
9.507537688442210992e+02 2.224011806328463514e+00 1.996585984475469228e-02
9.564070351758794004e+02 2.223853236991506943e+00 1.998012221833252514e-02
9.620603015075377016e+02 2.223699011057850949e+00 1.999399003150512111e-02
9.677135678391960028e+02 2.223548965037586367e+00 2.000747615876058774e-02
9.733668341708543039e+02 2.223402943255380571e+00 2.002059299822449290e-02
9.790201005025126051e+02 2.223260797398282307e+00 2.003335249102818766e-02
9.846733668341707926e+02 2.223122386094224634e+00 2.004576613980153105e-02
9.903266331658290937e+02 2.222987574518845211e+00 2.005784502631039606e-02
9.959798994974873949e+02 2.222856234028425693e+00 2.006959982850131663e-02
1.001633165829145696e+03 2.222728241816975814e+00 2.008104083666025982e-02
1.007286432160803997e+03 2.222603480595626291e+00 2.009217796895634844e-02
1.012939698492462298e+03 2.222481838292673206e+00 2.010302078627465919e-02
1.018592964824120600e+03 2.222363207772746208e+00 2.011357850650650342e-02
1.024246231155778787e+03 2.222247486573702080e+00 2.012386001809998021e-02
1.029899497487437202e+03 2.222134576659956728e+00 2.013387389314773637e-02
1.035552763819095617e+03 2.222024384191087609e+00 2.014362839983511663e-02
1.041206030150753804e+03 2.221916819304610602e+00 2.015313151440231015e-02
1.046859296482411992e+03 2.221811795911944110e+00 2.016239093259673820e-02
1.052512562814070407e+03 2.221709231506642457e+00 2.017141408064646729e-02
1.058165829145728594e+03 2.221609046984043268e+00 2.018020812569665604e-02
1.063819095477386782e+03 2.221511166471567655e+00 2.018877998593678058e-02
1.069472361809045196e+03 2.221415517168930709e+00 2.019713634020534054e-02
1.075125628140703611e+03 2.221322029197618342e+00 2.020528363715571457e-02
1.080778894472361799e+03 2.221230635459001235e+00 2.021322810419802843e-02
1.086432160804019986e+03 2.221141271500525871e+00 2.022097575591469409e-02
1.092085427135678401e+03 2.221053875389450649e+00 2.022853240216378884e-02
1.097738693467336816e+03 2.220968387593643012e+00 2.023590365587502743e-02
1.103391959798995003e+03 2.220884750868984625e+00 2.024309494053174591e-02
1.109045226130653191e+03 2.220802910152962273e+00 2.025011149727724835e-02
1.114698492462311606e+03 2.220722812464059004e+00 2.025695839180306421e-02
1.120351758793969793e+03 2.220644406806580928e+00 2.026364052088007114e-02
1.126005025125627981e+03 2.220567644080582159e+00 2.027016261873319097e-02
1.131658291457286396e+03 2.220492476996581477e+00 2.027652926301069802e-02
1.137311557788944810e+03 2.220418859994766514e+00 2.028274488062501921e-02
1.142964824120602998e+03 2.220346749168431444e+00 2.028881375331432688e-02
1.148618090452261185e+03 2.220276102191377277e+00 2.029474002297128321e-02
1.154271356783919600e+03 2.220206878249052718e+00 2.030052769677408511e-02
1.159924623115578015e+03 2.220139037973207330e+00 2.030618065210020723e-02
1.165577889447236203e+03 2.220072543379856711e+00 2.031170264125758615e-02
1.171231155778894390e+03 2.220007357810361626e+00 2.031709729596966121e-02
1.176884422110552805e+03 2.219943445875452337e+00 2.032236813182368776e-02
1.182537688442210992e+03 2.219880773402013396e+00 2.032751855233421237e-02
1.188190954773869180e+03 2.219819307382489448e+00 2.033255185303864052e-02
1.193844221105527595e+03 2.219759015926756618e+00 2.033747122532025484e-02
1.199497487437186010e+03 2.219699868216319150e+00 2.034227976012399977e-02
1.205150753768844197e+03 2.219641834460710506e+00 2.034698045146801984e-02
1.210804020100502385e+03 2.219584885855966583e+00 2.035157619994856087e-02
1.216457286432160799e+03 2.219528994545072464e+00 2.035606981594468776e-02
1.222110552763819214e+03 2.219474133580261466e+00 2.036046402284032511e-02
1.227763819095477402e+03 2.219420276887074994e+00 2.036476145998090612e-02
1.233417085427135589e+03 2.219367399230089966e+00 2.036896468570365687e-02
1.239070351758794004e+03 2.219315476180215629e+00 2.037307618004974633e-02
1.244723618090452419e+03 2.219264484083493638e+00 2.037709834748631030e-02
1.250376884422110379e+03 2.219214400031303658e+00 2.038103351955170353e-02
1.256030150753768794e+03 2.219165201831918566e+00 2.038488395727219848e-02
1.261683417085427209e+03 2.219116867983327968e+00 2.038865185366679766e-02
1.267336683417085396e+03 2.219069377647268748e+00 2.039233933594844506e-02
1.272989949748743584e+03 2.219022710624407146e+00 2.039594846784719556e-02
1.278643216080401999e+03 2.218976847330599966e+00 2.039948125170718690e-02
1.284296482412060413e+03 2.218931768774198066e+00 2.040293963051049639e-02
1.289949748743718601e+03 2.218887456534326397e+00 2.040632548995896176e-02
1.295603015075376788e+03 2.218843892740099299e+00 2.040964066032040919e-02
1.301256281407035203e+03 2.218801060050722196e+00 2.041288691825754106e-02
1.306909547738693618e+03 2.218758941636437942e+00 2.041606598865062377e-02
1.312562814070351806e+03 2.218717521160277428e+00 2.041917954628380549e-02
1.318216080402009993e+03 2.218676782760570454e+00 2.042222921748246267e-02
1.323869346733668408e+03 2.218636711034190245e+00 2.042521658169100737e-02
1.329522613065326595e+03 2.218597291020483198e+00 2.042814317303495025e-02
1.335175879396984783e+03 2.218558508185866529e+00 2.043101048179136320e-02
1.340829145728643198e+03 2.218520348409049880e+00 2.043381995575718063e-02
1.346482412060301613e+03 2.218482797966855991e+00 2.043657300166777657e-02
1.352135678391959800e+03 2.218445843520620464e+00 2.043927098652471158e-02
1.357788944723617988e+03 2.218409472103124891e+00 2.044191523882201225e-02
1.363442211055276402e+03 2.218373671106061984e+00 2.044450704977992736e-02
1.369095477386934817e+03 2.218338428267990103e+00 2.044704767460797309e-02
1.374748743718593005e+03 2.218303731662762956e+00 2.044953833351506947e-02
1.380402010050251192e+03 2.218269569688415377e+00 2.045198021294488203e-02
1.386055276381909607e+03 2.218235931056477206e+00 2.045437446653689331e-02
1.391708542713567795e+03 2.218202804781701065e+00 2.045672221619347989e-02
1.397361809045225982e+03 2.218170180172188921e+00 2.045902455309022566e-02
1.403015075376884397e+03 2.218138046819889464e+00 2.046128253860794374e-02
1.408668341708542812e+03 2.218106394591463637e+00 2.046349720522991356e-02
1.414321608040200999e+03 2.218075213619488117e+00 2.046566955750217867e-02
1.419974874371859187e+03 2.218044494293994973e+00 2.046780057282906323e-02
1.425628140703517602e+03 2.218014227254323067e+00 2.046989120231026624e-02
1.431281407035176017e+03 2.217984403381276781e+00 2.047194237160869859e-02
1.436934673366834204e+03 2.217955013789567609e+00 2.047395498162140129e-02
1.442587939698492391e+03 2.217926049820539980e+00 2.047592990934411425e-02
1.448241206030150806e+03 2.217897503035157758e+00 2.047786800848489311e-02
1.453894472361808994e+03 2.217869365207248755e+00 2.047977011026064567e-02
1.459547738693467409e+03 2.217841628316990832e+00 2.048163702397547831e-02
1.465201005025125596e+03 2.217814284544632919e+00 2.048346953776036469e-02
1.470854271356784011e+03 2.217787326264441639e+00 2.048526841918152722e-02
1.476507537688442198e+03 2.217760746038859754e+00 2.048703441580427762e-02
1.482160804020100386e+03 2.217734536612873786e+00 2.048876825582084116e-02
1.487814070351758801e+03 2.217708690908577474e+00 2.049047064866626328e-02
1.493467336683416988e+03 2.217683202019927968e+00 2.049214228547079422e-02
1.499120603015075403e+03 2.217658063207683661e+00 2.049378383965221040e-02
1.504773869346733591e+03 2.217633267894512095e+00 2.049539596745306863e-02
1.510427135678392006e+03 2.217608809660275071e+00 2.049697930839044016e-02
1.516080402010050193e+03 2.217584682237466520e+00 2.049853448578066797e-02
1.521733668341708608e+03 2.217560879506812910e+00 2.050006210717673222e-02
1.527386934673366795e+03 2.217537395493017538e+00 2.050156276482651904e-02
1.533040201005025210e+03 2.217514224360649155e+00 2.050303703614126880e-02
1.538693467336683398e+03 2.217491360410172252e+00 2.050448548407670171e-02
1.544346733668341585e+03 2.217468798074102576e+00 2.050590865757851572e-02
1.550000000000000000e+03 2.217446531913298990e+00 2.050730709194065540e-02
