4.250000000000000000e+02 1.849409939983912121e+00 3.899766865147902828e-01
4.306532663316583012e+02 1.963510670386798829e+00 3.648426624015631003e-01
4.363065326633166023e+02 2.023474199653260364e+00 3.510006160935032482e-01
4.419597989949749035e+02 2.066840171237120050e+00 3.400020918140560511e-01
4.476130653266331478e+02 2.102614505557896862e+00 3.299341420376746270e-01
4.532663316582914490e+02 2.134305536207931731e+00 3.200524010584923085e-01
4.589195979899497502e+02 2.163630702961119923e+00 3.099739051279667978e-01
4.645728643216080513e+02 2.191552778447331651e+00 2.994573829439772239e-01
4.702261306532663525e+02 2.218661425717936009e+00 2.883216933123772807e-01
4.758793969849245968e+02 2.245339501084789635e+00 2.764073241723380980e-01
4.815326633165828980e+02 2.271843775061940018e+00 2.635527158749534915e-01
4.871859296482411992e+02 2.298346122833311966e+00 2.495740642215444061e-01
4.928391959798995003e+02 2.324953017755389872e+00 2.342413512835976319e-01
4.984924623115578015e+02 2.351708742574666999e+00 2.172417782462362779e-01
5.041457286432161027e+02 2.378577560588948536e+00 1.981131526752405447e-01
5.097989949748744039e+02 2.405378095129343308e+00 1.761018059268812386e-01
5.154522613065327050e+02 2.431552363275856443e+00 1.497940726515599730e-01
5.211055276381910062e+02 2.455023124645164589e+00 1.157976537475902540e-01
5.267587939698491937e+02 2.452845369253969121e+00 5.741613012333510874e-02
5.324120603015074948e+02 2.415013826360128402e+00 1.890670673092602339e-02
5.380653266331657960e+02 2.375325839034538422e+00 1.961879222799425143e-02
5.437185929648240972e+02 2.351720299183635898e+00 2.021062511731149675e-02
5.493718592964823983e+02 2.334894328721659029e+00 2.074838565700307461e-02
5.550251256281406995e+02 2.321944809420262601e+00 2.125235238099304480e-02
5.606783919597990007e+02 2.311530487794447808e+00 2.173157283969501599e-02
5.663316582914573019e+02 2.302909259529782648e+00 2.219068269633250531e-02
5.719849246231156030e+02 2.295625030748174922e+00 2.263199125087574787e-02
5.776381909547739042e+02 2.289378615330303735e+00 2.305605227888906511e-02
5.832914572864322054e+02 2.283967971945980224e+00 2.346114642570160808e-02
5.889447236180903928e+02 2.279264851694938532e+00 2.384026461110987441e-02
5.945979899497488077e+02 2.275244291048502898e+00 2.416522878427770915e-02
6.002512562814069952e+02 2.272501405057366419e+00 2.419477017352181236e-02
6.059045226130652964e+02 2.279172987234666437e+00 1.779993980833321360e-02
6.115577889447235975e+02 2.276470581203012156e+00 1.747744131080330651e-02
6.172110552763818987e+02 2.273727172532858276e+00 1.749639862154377459e-02
6.228643216080401999e+02 2.271185091224512398e+00 1.755657059647647983e-02
6.285175879396985010e+02 2.268841943212623224e+00 1.762745163002915269e-02
6.341708542713568022e+02 2.266679825089866096e+00 1.770113131778289911e-02
6.398241206030151034e+02 2.264680216146664815e+00 1.777474634037035789e-02
6.454773869346734045e+02 2.262826283344844480e+00 1.784707564648040437e-02
6.511306532663315920e+02 2.261103179381647177e+00 1.791755757954834050e-02
6.567839195979900069e+02 2.259497906408899581e+00 1.798593317483614118e-02
6.624371859296481944e+02 2.257999090544792864e+00 1.805209552486970737e-02
6.680904522613064955e+02 2.256596757405854525e+00 1.811601891474062462e-02
6.737437185929647967e+02 2.255282132243772608e+00 1.817772269507227090e-02
6.793969849246230979e+02 2.254047468586993563e+00 1.823725169858734715e-02
6.850502512562813990e+02 2.252885903342337404e+00 1.829466510890803699e-02
6.907035175879397002e+02 2.251791334786092502e+00 1.835002989812280563e-02
6.963567839195980014e+02 2.250758319815227004e+00 1.840341685026000013e-02
7.020100502512563025e+02 2.249781987226919799e+00 1.845489810479569379e-02
7.076633165829146037e+02 2.248857964290227329e+00 1.850454562217299787e-02
7.133165829145727912e+02 2.247982314343046184e+00 1.855243022338131861e-02
7.189698492462312061e+02 2.247151483553510687e+00 1.859862099446780298e-02
7.246231155778893935e+02 2.246362255322793988e+00 1.864318492724165513e-02
7.302763819095478084e+02 2.245611711082492690e+00 1.868618671469622974e-02
7.359296482412059959e+02 2.244897196463834899e+00 1.872768864872029204e-02
7.415829145728642970e+02 2.244216291997262136e+00 1.876775058597008120e-02
7.472361809045225982e+02 2.243566787647641725e+00 1.880642995876214557e-02
7.528894472361808994e+02 2.242946660609366649e+00 1.884378181590860846e-02
7.585427135678392006e+02 2.242354055882325170e+00 1.887985888281933089e-02
7.641959798994975017e+02 2.241787269228669555e+00 1.891471163394005395e-02
7.698492462311558029e+02 2.241244732174953569e+00 1.894838837224578978e-02
7.755025125628139904e+02 2.240724998777341881e+00 1.898093531285284866e-02
7.811557788944724052e+02 2.240226733911435453e+00 1.901239666785532398e-02
7.868090452261305927e+02 2.239748702884594156e+00 1.904281473119510265e-02
7.924623115577890076e+02 2.239289762198814149e+00 1.907222996225621178e-02
7.981155778894471950e+02 2.238848851317440047e+00 1.910068106736052124e-02
8.037688442211054962e+02 2.238424985310077719e+00 1.912820507897169953e-02
8.094221105527637974e+02 2.238017248267837100e+00 1.915483743194630606e-02
8.150753768844220986e+02 2.237624787395968706e+00 1.918061203687877400e-02
8.207286432160803997e+02 2.237246807703631379e+00 1.920556135051217431e-02
8.263819095477387009e+02 2.236882567221262441e+00 1.922971644289451359e-02
8.320351758793970021e+02 2.236531372685161667e+00 1.925310706169897773e-02
8.376884422110551895e+02 2.236192575636724911e+00 1.927576169352148219e-02
8.433417085427136044e+02 2.235865568890415211e+00 1.929770762222342978e-02
8.489949748743717919e+02 2.235549783330338158e+00 1.931897098462838011e-02
8.546482412060302067e+02 2.235244685000197240e+00 1.933957682346655951e-02
8.603015075376883942e+02 2.234949772455689043e+00 1.935954913775093933e-02
8.659547738693468091e+02 2.234664574352072108e+00 1.937891093076981458e-02
8.716080402010049966e+02 2.234388647242862014e+00 1.939768425561973902e-02
8.772613065326632977e+02 2.234121573568363495e+00 1.941589025865352730e-02
8.829145728643215989e+02 2.233862959815204885e+00 1.943354922071727567e-02
8.885678391959799001e+02 2.233612434830117177e+00 1.945068059637648089e-02
8.942211055276382012e+02 2.233369648273091368e+00 1.946730305125594224e-02
8.998743718592965024e+02 2.233134269196643817e+00 1.948343449753251952e-02
9.055276381909548036e+02 2.232905984739354643e+00 1.949909212770617462e-02
9.111809045226129911e+02 2.232684498923107164e+00 1.951429244672418101e-02
9.168341708542714059e+02 2.232469531544543973e+00 1.952905130259740760e-02
9.224874371859295934e+02 2.232260817152257992e+00 1.954338391542736336e-02
9.281407035175880083e+02 2.232058104102081497e+00 1.955730490516878473e-02
9.337939698492461957e+02 2.231861153683615928e+00 1.957082831795987563e-02
9.394472361809044969e+02 2.231669739311816780e+00 1.958396765119079647e-02
9.451005025125627981e+02 2.231483645778068681e+00 1.959673587747765358e-02
9.507537688442210992e+02 2.231302668555705360e+00 1.960914546737772129e-02
9.564070351758794004e+02 2.231126613155431482e+00 1.962120841108795991e-02
9.620603015075377016e+02 2.230955294526513200e+00 1.963293623910555494e-02
9.677135678391960028e+02 2.230788536500011965e+00 1.964434004192953595e-02
9.733668341708543039e+02 2.230626171270654545e+00 1.965543048879002386e-02
9.790201005025126051e+02 2.230468038914268369e+00 1.966621784559373018e-02
9.846733668341707926e+02 2.230313986937969339e+00 1.967671199194480705e-02
9.903266331658290937e+02 2.230163869860545933e+00 1.968692243739283976e-02
9.959798994974873949e+02 2.230017548820716566e+00 1.969685833701297767e-02
1.001633165829145696e+03 2.229874891211121923e+00 1.970652850612880647e-02
1.007286432160803997e+03 2.229735770336120471e+00 1.971594143450640380e-02
1.012939698492462298e+03 2.229600065091599692e+00 1.972510529978309390e-02
1.018592964824120600e+03 2.229467659665179013e+00 1.973402798033340594e-02
1.024246231155778787e+03 2.229338443255313162e+00 1.974271706760443584e-02
1.029899497487437202e+03 2.229212309807925507e+00 1.975117987776107975e-02
1.035552763819095617e+03 2.229089157769313267e+00 1.975942346296465785e-02
1.041206030150753804e+03 2.228968889854174407e+00 1.976745462201152589e-02
1.046859296482411992e+03 2.228851412827687728e+00 1.977527991058631446e-02
1.052512562814070407e+03 2.228736637300672729e+00 1.978290565104653259e-02
1.058165829145728594e+03 2.228624477536922832e+00 1.979033794171108224e-02
1.063819095477386782e+03 2.228514851271887309e+00 1.979758266581569531e-02
1.069472361809045196e+03 2.228407679541928310e+00 1.980464550001705126e-02
1.075125628140703611e+03 2.228302886523449544e+00 1.981153192260761559e-02
1.080778894472361799e+03 2.228200399381236707e+00 1.981824722125508087e-02
1.086432160804019986e+03 2.228100148125407021e+00 1.982479650048377812e-02
1.092085427135678401e+03 2.228002065476407445e+00 1.983118468886823152e-02
1.097738693467336816e+03 2.227906086737537983e+00 1.983741654577451247e-02
1.103391959798995003e+03 2.227812149674522679e+00 1.984349666798880876e-02
1.109045226130653191e+03 2.227720194401678011e+00 1.984942949592276989e-02
1.114698492462311606e+03 2.227630163274264330e+00 1.985521931963370179e-02
1.120351758793969793e+03 2.227542000786636223e+00 1.986087028455034084e-02
1.126005025125627981e+03 2.227455653475832076e+00 1.986638639700743017e-02
1.131658291457286396e+03 2.227371069830270223e+00 1.987177152944611530e-02
1.137311557788944810e+03 2.227288200203237700e+00 1.987702942553939978e-02
1.142964824120602998e+03 2.227206996730890065e+00 1.988216370497646393e-02
1.148618090452261185e+03 2.227127413254483379e+00 1.988717786808657031e-02
1.154271356783919600e+03 2.227049405246596336e+00 1.989207530033778801e-02
1.159924623115578015e+03 2.226972929741101392e+00 1.989685927655573255e-02
1.165577889447236203e+03 2.226897945266665957e+00 1.990153296502032362e-02
1.171231155778894390e+03 2.226824411783587365e+00 1.990609943136371907e-02
1.176884422110552805e+03 2.226752290623759567e+00 1.991056164237125364e-02
1.182537688442210992e+03 2.226681544433598781e+00 1.991492246954149059e-02
1.188190954773869180e+03 2.226612137119760693e+00 1.991918469258511029e-02
1.193844221105527595e+03 2.226544033797491995e+00 1.992335100269635242e-02
1.199497487437186010e+03 2.226477200741468376e+00 1.992742400580990378e-02
1.205150753768844197e+03 2.226411605338982191e+00 1.993140622558772085e-02
1.210804020100502385e+03 2.226347216045351907e+00 1.993530010639308486e-02
1.216457286432160799e+03 2.226284002341432089e+00 1.993910801613002839e-02
1.222110552763819214e+03 2.226221934693107585e+00 1.994283224891553116e-02
1.227763819095477402e+03 2.226160984512670638e+00 1.994647502768547714e-02
1.233417085427135589e+03 2.226101124121975250e+00 1.995003850673495588e-02
1.239070351758794004e+03 2.226042326717279973e+00 1.995352477407109915e-02
1.244723618090452419e+03 2.225984566335684978e+00 1.995693585376826992e-02
1.250376884422110379e+03 2.225927817823084798e+00 1.996027370814809979e-02
1.256030150753768794e+03 2.225872056803555932e+00 1.996354023995173047e-02
1.261683417085427209e+03 2.225817259650106905e+00 1.996673729436018382e-02
1.267336683417085396e+03 2.225763403456718414e+00 1.996986666098560584e-02
1.272989949748743584e+03 2.225710466011615818e+00 1.997293007575599508e-02
1.278643216080401999e+03 2.225658425771697146e+00 1.997592922278270886e-02
1.284296482412060413e+03 2.225607261838076667e+00 1.997886573604441135e-02
1.289949748743718601e+03 2.225556953932676496e+00 1.998174120116566130e-02
1.295603015075376788e+03 2.225507482375816970e+00 1.998455715695706542e-02
1.301256281407035203e+03 2.225458828064758698e+00 1.998731509703954856e-02
1.306909547738693618e+03 2.225410972453150116e+00 1.999001647134191276e-02
1.312562814070351806e+03 2.225363897531335677e+00 1.999266268753860029e-02
1.318216080402009993e+03 2.225317585807480292e+00 1.999525511248349818e-02
1.323869346733668408e+03 2.225272020289478903e+00 1.999779507347334423e-02
1.329522613065326595e+03 2.225227184467604591e+00 2.000028385964089384e-02
1.335175879396984783e+03 2.225183062297867220e+00 2.000272272317813946e-02
1.340829145728643198e+03 2.225139638186048430e+00 2.000511288047867112e-02
1.346482412060301613e+03 2.225096896972377003e+00 2.000745551338808936e-02
1.352135678391959800e+03 2.225054823916818858e+00 2.000975177026287355e-02
1.357788944723617988e+03 2.225013404684954121e+00 2.001200276705992348e-02
1.363442211055276402e+03 2.224972625334412424e+00 2.001420958839027903e-02
1.369095477386934817e+03 2.224932472301840214e+00 2.001637328851501099e-02
1.374748743718593005e+03 2.224892932390378775e+00 2.001849489230556056e-02
1.380402010050251192e+03 2.224853992757628074e+00 2.002057539617980303e-02
1.386055276381909607e+03 2.224815640904076908e+00 2.002261576899174930e-02
1.391708542713567795e+03 2.224777864661973581e+00 2.002461695290823351e-02
1.397361809045225982e+03 2.224740652184626910e+00 2.002657986426166145e-02
1.403015075376884397e+03 2.224703991936105574e+00 2.002850539433451843e-02
1.408668341708542812e+03 2.224667872681334035e+00 2.003039441013119981e-02
1.414321608040200999e+03 2.224632283476553507e+00 2.003224775514832190e-02
1.419974874371859187e+03 2.224597213660141737e+00 2.003406625009926736e-02
1.425628140703517602e+03 2.224562652843772970e+00 2.003585069361518700e-02
1.431281407035176017e+03 2.224528590903902092e+00 2.003760186293364332e-02
1.436934673366834204e+03 2.224495017973560085e+00 2.003932051448629667e-02
1.442587939698492391e+03 2.224461924434454119e+00 2.004100738465166079e-02
1.448241206030150806e+03 2.224429300909345208e+00 2.004266319024082532e-02
1.453894472361808994e+03 2.224397138254709638e+00 2.004428862915943327e-02
1.459547738693467409e+03 2.224365427553653962e+00 2.004588438096894729e-02
1.465201005025125596e+03 2.224334160109091130e+00 2.004745110740268135e-02
1.470854271356784011e+03 2.224303327437152866e+00 2.004898945295851068e-02
1.476507537688442198e+03 2.224272921260835201e+00 2.005050004533563343e-02
1.482160804020100386e+03 2.224242933503869590e+00 2.005198349600350108e-02
1.487814070351758801e+03 2.224213356284803655e+00 2.005344040063703620e-02
1.493467336683416988e+03 2.224184181911289748e+00 2.005487133959549251e-02
1.499120603015075403e+03 2.224155402874570253e+00 2.005627687836736631e-02
1.504773869346733591e+03 2.224127011844151180e+00 2.005765756801471122e-02
1.510427135678392006e+03 2.224099001662657837e+00 2.005901394559464826e-02
1.516080402010050193e+03 2.224071365340866802e+00 2.006034653454711811e-02
1.521733668341708608e+03 2.224044096052900876e+00 2.006165584509314939e-02
1.527386934673366795e+03 2.224017187131593687e+00 2.006294237464365318e-02
1.533040201005025210e+03 2.223990632064000383e+00 2.006420660813025211e-02
1.538693467336683398e+03 2.223964424487061997e+00 2.006544901837990433e-02
1.544346733668341585e+03 2.223938558183414571e+00 2.006667006646695520e-02
1.550000000000000000e+03 2.223913027077333737e+00 2.006787020202046093e-02
