4.250000000000000000e+02 1.833115156420235703e+00 4.167321816964891235e-01
4.306532663316583012e+02 1.952919192578161045e+00 3.885960184365764292e-01
4.363065326633166023e+02 2.015858923736728148e+00 3.733001006941836786e-01
4.419597989949749035e+02 2.061371150292452992e+00 3.612557482984450896e-01
4.476130653266331478e+02 2.098909590213662302e+00 3.503055942454453286e-01
4.532663316582914490e+02 2.132155149515965409e+00 3.396149326262163926e-01
4.589195979899497502e+02 2.162908962287331871e+00 3.287575468550983371e-01
4.645728643216080513e+02 2.192180292595722335e+00 3.174676312026601388e-01
4.702261306532663525e+02 2.220587018001752178e+00 3.055480239479101412e-01
4.758793969849245968e+02 2.248530158965176717e+00 2.928271658447060277e-01
4.815326633165828980e+02 2.276278603467492889e+00 2.791329373683566484e-01
4.871859296482411992e+02 2.304012379699267754e+00 2.642706764331514968e-01
4.928391959798995003e+02 2.331843223135922294e+00 2.479973901284871218e-01
4.984924623115578015e+02 2.359818191043559832e+00 2.299825838945637468e-01
5.041457286432161027e+02 2.387901519401191219e+00 2.097368237027186777e-01
5.097989949748744039e+02 2.415907217194757983e+00 1.864586083684795781e-01
5.154522613065327050e+02 2.443261019518376820e+00 1.586335677589204018e-01
5.211055276381910062e+02 2.467813853456951811e+00 1.225740794103139103e-01
5.267587939698491937e+02 2.462825938198669462e+00 5.874374683888704263e-02
5.324120603015074948e+02 2.421695393126005236e+00 2.325810750689723608e-02
5.380653266331657960e+02 2.381692855458848790e+00 2.402023349639794553e-02
5.437185929648240972e+02 2.357635416575628362e+00 2.463061368501614362e-02
5.493718592964823983e+02 2.340427998013457245e+00 2.516812196213107436e-02
5.550251256281406995e+02 2.327180217111362914e+00 2.565484066455898243e-02
5.606783919597990007e+02 2.316562467978513506e+00 2.609214427646573339e-02
5.663316582914573019e+02 2.307942060592119926e+00 2.643299543469572466e-02
5.719849246231156030e+02 2.309011949053796808e+00 2.112135257768708863e-02
5.776381909547739042e+02 2.305571624810499820e+00 1.785213890894715369e-02
5.832914572864322054e+02 2.299991535639954954e+00 1.789375336358058066e-02
5.889447236180903928e+02 2.295046774116462185e+00 1.797384351059664806e-02
5.945979899497488077e+02 2.290645607522851179e+00 1.805898619061987315e-02
6.002512562814069952e+02 2.286702755930519082e+00 1.814298494320499763e-02
6.059045226130652964e+02 2.283149006237608969e+00 1.822411577379124889e-02
6.115577889447235975e+02 2.279928514232562264e+00 1.830187517111757714e-02
6.172110552763818987e+02 2.276995851161825790e+00 1.837617937233503376e-02
6.228643216080401999e+02 2.274313679754487172e+00 1.844710583763809614e-02
6.285175879396985010e+02 2.271851003882310316e+00 1.851479521605298162e-02
6.341708542713568022e+02 2.269581852043988768e+00 1.857941028041958792e-02
6.398241206030151034e+02 2.267484278387863927e+00 1.864111772560435656e-02
6.454773869346734045e+02 2.265539596043353310e+00 1.870007996161080627e-02
6.511306532663315920e+02 2.263731781885347516e+00 1.875645154055242611e-02
6.567839195979900069e+02 2.262047009247793561e+00 1.881037781268139059e-02
6.624371859296481944e+02 2.260473277264032355e+00 1.886199467072788641e-02
6.680904522613064955e+02 2.259000114019468874e+00 1.891142881974928330e-02
6.737437185929647967e+02 2.257618336702497341e+00 1.895879828669152709e-02
6.793969849246230979e+02 2.256319856217479547e+00 1.900421302277471164e-02
6.850502512562813990e+02 2.255097516808990399e+00 1.904777552328187212e-02
6.907035175879397002e+02 2.253944963497789722e+00 1.908958142729552318e-02
6.963567839195980014e+02 2.252856531789995564e+00 1.912972007956430937e-02
7.020100502512563025e+02 2.251827155359579447e+00 1.916827504785879183e-02
7.076633165829146037e+02 2.250852288337215512e+00 1.920532459460320279e-02
7.133165829145727912e+02 2.249927839547869901e+00 1.924094210454796797e-02
7.189698492462312061e+02 2.249050116583627190e+00 1.927519647167631398e-02
7.246231155778893935e+02 2.248215778019134081e+00 1.930815244867949837e-02
7.302763819095478084e+02 2.247421792405121632e+00 1.933987096302420758e-02
7.359296482412059959e+02 2.246665402933126554e+00 1.937040940286544055e-02
7.415829145728642970e+02 2.245944096868270901e+00 1.939982187622968368e-02
7.472361809045225982e+02 2.245255579009122204e+00 1.942815944622753449e-02
7.528894472361808994e+02 2.244597748563516237e+00 1.945547034509045176e-02
7.585427135678392006e+02 2.243968678933865757e+00 1.948180016913685433e-02
7.641959798994975017e+02 2.243366599990182841e+00 1.950719205700463324e-02
7.698492462311558029e+02 2.242789882478076091e+00 1.953168685261364237e-02
7.755025125628139904e+02 2.242237024265421486e+00 1.955532325466028537e-02
7.811557788944724052e+02 2.241706638177846322e+00 1.957813795400654283e-02
7.868090452261305927e+02 2.241197441211501662e+00 1.960016576004518923e-02
7.924623115577890076e+02 2.240708244943401706e+00 1.962143971738281381e-02
7.981155778894471950e+02 2.240237946986104234e+00 1.964199121342727339e-02
8.037688442211054962e+02 2.239785523355643626e+00 1.966185007813434776e-02
8.094221105527637974e+02 2.239350021640227784e+00 1.968104467622055695e-02
8.150753768844220986e+02 2.238930554872859524e+00 1.969960199296021466e-02
8.207286432160803997e+02 2.238526296024275553e+00 1.971754771371201503e-02
8.263819095477387009e+02 2.238136473043829788e+00 1.973490629810245242e-02
8.320351758793970021e+02 2.237760364385469991e+00 1.975170104895191542e-02
8.376884422110551895e+02 2.237397294964130978e+00 1.976795417672407365e-02
8.433417085427136044e+02 2.237046632494806175e+00 1.978368685962315562e-02
8.489949748743717919e+02 2.236707784172569546e+00 1.979891929980096346e-02
8.546482412060302067e+02 2.236380193656944293e+00 1.981367077592218612e-02
8.603015075376883942e+02 2.236063338328470707e+00 1.982795969243938972e-02
8.659547738693468091e+02 2.235756726789154492e+00 1.984180362575236820e-02
8.716080402010049966e+02 2.235459896581811989e+00 1.985521936748655542e-02
8.772613065326632977e+02 2.235172412106227746e+00 1.986822296523016104e-02
8.829145728643215989e+02 2.234893862712543644e+00 1.988082976070573368e-02
8.885678391959799001e+02 2.234623860954522812e+00 1.989305442571594890e-02
8.942211055276382012e+02 2.234362040987231790e+00 1.990491099598579519e-02
8.998743718592965024e+02 2.234108057095388844e+00 1.991641290298589925e-02
9.055276381909548036e+02 2.233861582340102903e+00 1.992757300398528483e-02
9.111809045226129911e+02 2.233622307313027022e+00 1.993840361028832719e-02
9.168341708542714059e+02 2.233389938988107115e+00 1.994891651397567855e-02
9.224874371859295934e+02 2.233164199662120541e+00 1.995912301308696776e-02
9.281407035175880083e+02 2.232944825976089120e+00 1.996903393542596994e-02
9.337939698492461957e+02 2.232731568010465573e+00 1.997865966102178523e-02
9.394472361809044969e+02 2.232524188447678082e+00 1.998801014343329699e-02
9.451005025125627981e+02 2.232322461796264701e+00 1.999709492982655601e-02
9.507537688442210992e+02 2.232126173671374669e+00 2.000592318000889158e-02
9.564070351758794004e+02 2.231935120126930183e+00 2.001450368446848829e-02
9.620603015075377016e+02 2.231749107035163604e+00 2.002284488141139324e-02
9.677135678391960028e+02 2.231567949509672744e+00 2.003095487295326882e-02
9.733668341708543039e+02 2.231391471368472157e+00 2.003884144041109469e-02
9.790201005025126051e+02 2.231219504633850992e+00 2.004651205890528934e-02
9.846733668341707926e+02 2.231051889066131277e+00 2.005397391109370667e-02
9.903266331658290937e+02 2.230888471728679878e+00 2.006123390025724845e-02
9.959798994974873949e+02 2.230729106581766708e+00 2.006829866278961663e-02
1.001633165829145696e+03 2.230573654103060743e+00 2.007517457993276966e-02
1.007286432160803997e+03 2.230421980932757453e+00 2.008186778899773844e-02
1.012939698492462298e+03 2.230273959541492879e+00 2.008838419406594120e-02
1.018592964824120600e+03 2.230129467919367503e+00 2.009472947606647311e-02
1.024246231155778787e+03 2.229988389284525585e+00 2.010090910246698295e-02
1.029899497487437202e+03 2.229850611809879979e+00 2.010692833637313381e-02
1.035552763819095617e+03 2.229716028366683922e+00 2.011279224530652596e-02
1.041206030150753804e+03 2.229584536283751639e+00 2.011850570948849753e-02
1.046859296482411992e+03 2.229456037121223755e+00 2.012407342973316499e-02
1.052512562814070407e+03 2.229330436457877429e+00 2.012949993503060364e-02
1.058165829145728594e+03 2.229207643691038854e+00 2.013478958963584725e-02
1.063819095477386782e+03 2.229087571848241467e+00 2.013994659999786968e-02
1.069472361809045196e+03 2.228970137409838514e+00 2.014497502121136152e-02
1.075125628140703611e+03 2.228855260141831884e+00 2.014987876326976290e-02
1.080778894472361799e+03 2.228742862938246638e+00 2.015466159697858195e-02
1.086432160804019986e+03 2.228632871672417526e+00 2.015932715964142974e-02
1.092085427135678401e+03 2.228525215056610609e+00 2.016387896039972122e-02
1.097738693467336816e+03 2.228419824509447533e+00 2.016832038545925132e-02
1.103391959798995003e+03 2.228316634030619969e+00 2.017265470294107507e-02
1.109045226130653191e+03 2.228215580082445690e+00 2.017688506764469744e-02
1.114698492462311606e+03 2.228116601477835523e+00 2.018101452548280370e-02
1.120351758793969793e+03 2.228019639274260832e+00 2.018504601783119995e-02
1.126005025125627981e+03 2.227924636673364933e+00 2.018898238553107696e-02
1.131658291457286396e+03 2.227831538925864052e+00 2.019282637294095295e-02
1.137311557788944810e+03 2.227740293241421643e+00 2.019658063157734468e-02
1.142964824120602998e+03 2.227650848703195408e+00 2.020024772374124505e-02
1.148618090452261185e+03 2.227563156186777249e+00 2.020383012593338773e-02
1.154271356783919600e+03 2.227477168283267694e+00 2.020733023218010058e-02
1.159924623115578015e+03 2.227392839226243204e+00 2.021075035708382386e-02
1.165577889447236203e+03 2.227310124822385440e+00 2.021409273893967629e-02
1.171231155778894390e+03 2.227228982385565992e+00 2.021735954252324927e-02
1.176884422110552805e+03 2.227149370674187612e+00 2.022055286189091555e-02
1.182537688442210992e+03 2.227071249831592770e+00 2.022367472300647465e-02
1.188190954773869180e+03 2.226994581329372558e+00 2.022672708629363533e-02
1.193844221105527595e+03 2.226919327913408964e+00 2.022971184902697117e-02
1.199497487437186010e+03 2.226845453552503518e+00 2.023263084767171552e-02
1.205150753768844197e+03 2.226772923389442660e+00 2.023548586011790495e-02
1.210804020100502385e+03 2.226701703694376366e+00 2.023827860779841420e-02
1.216457286432160799e+03 2.226631761820373256e+00 2.024101075777902381e-02
1.222110552763819214e+03 2.226563066161046045e+00 2.024368392464537258e-02
1.227763819095477402e+03 2.226495586110128766e+00 2.024629967248340115e-02
1.233417085427135589e+03 2.226429292022904960e+00 2.024885951661349603e-02
1.239070351758794004e+03 2.226364155179389126e+00 2.025136492538579663e-02
1.244723618090452419e+03 2.226300147749173064e+00 2.025381732177378505e-02
1.250376884422110379e+03 2.226237242757840740e+00 2.025621808505146879e-02
1.256030150753768794e+03 2.226175414054885948e+00 2.025856855230227099e-02
1.261683417085427209e+03 2.226114636283039072e+00 2.026087001986950561e-02
1.267336683417085396e+03 2.226054884848946980e+00 2.026312374480344208e-02
1.272989949748743584e+03 2.225996135895125239e+00 2.026533094623942863e-02
1.278643216080401999e+03 2.225938366273126690e+00 2.026749280665244429e-02
1.284296482412060413e+03 2.225881553517861544e+00 2.026961047318558140e-02
1.289949748743718601e+03 2.225825675823015715e+00 2.027168505880048988e-02
1.295603015075376788e+03 2.225770712017509645e+00 2.027371764348016511e-02
1.301256281407035203e+03 2.225716641542951457e+00 2.027570927533074718e-02
1.306909547738693618e+03 2.225663444432026239e+00 2.027766097167017431e-02
1.312562814070351806e+03 2.225611101287794380e+00 2.027957372004901906e-02
1.318216080402009993e+03 2.225559593263836788e+00 2.028144847925840433e-02
1.323869346733668408e+03 2.225508902045215454e+00 2.028328618027037608e-02
1.329522613065326595e+03 2.225459009830214274e+00 2.028508772722030506e-02
1.335175879396984783e+03 2.225409899312814854e+00 2.028685399820152890e-02
1.340829145728643198e+03 2.225361553665879732e+00 2.028858584620075664e-02
1.346482412060301613e+03 2.225313956525009296e+00 2.029028409991157078e-02
1.352135678391959800e+03 2.225267091973034184e+00 2.029194956444807171e-02
1.357788944723617988e+03 2.225220944525131639e+00 2.029358302224324243e-02
1.363442211055276402e+03 2.225175499114511624e+00 2.029518523369437319e-02
1.369095477386934817e+03 2.225130741078672703e+00 2.029675693785111881e-02
1.374748743718593005e+03 2.225086656146186392e+00 2.029829885318995553e-02
1.380402010050251192e+03 2.225043230423987772e+00 2.029981167821256344e-02
1.386055276381909607e+03 2.225000450385160367e+00 2.030129609209790215e-02
1.391708542713567795e+03 2.224958302857177106e+00 2.030275275529868154e-02
1.397361809045225982e+03 2.224916775010592929e+00 2.030418231014788702e-02
1.403015075376884397e+03 2.224875854348161486e+00 2.030558538145350866e-02
1.408668341708542812e+03 2.224835528694355524e+00 2.030696257699408924e-02
1.414321608040200999e+03 2.224795786185280289e+00 2.030831448807911277e-02
1.419974874371859187e+03 2.224756615258958625e+00 2.030964169006495290e-02
1.425628140703517602e+03 2.224718004645972691e+00 2.031094474287017254e-02
1.431281407035176017e+03 2.224679943360447609e+00 2.031222419136988200e-02
1.436934673366834204e+03 2.224642420691364197e+00 2.031348056595352544e-02
1.442587939698492391e+03 2.224605426194182112e+00 2.031471438292903678e-02
1.448241206030150806e+03 2.224568949682768082e+00 2.031592614492644042e-02
1.453894472361808994e+03 2.224532981221608363e+00 2.031711634135562397e-02
1.459547738693467409e+03 2.224497511118301407e+00 2.031828544876524215e-02
1.465201005025125596e+03 2.224462529916312103e+00 2.031943393127765354e-02
1.470854271356784011e+03 2.224428028387983591e+00 2.032056224092508578e-02
1.476507537688442198e+03 2.224393997527791544e+00 2.032167081801817057e-02
1.482160804020100386e+03 2.224360428545832491e+00 2.032276009151405202e-02
1.487814070351758801e+03 2.224327312861538619e+00 2.032383047931861711e-02
1.493467336683416988e+03 2.224294642097607078e+00 2.032488238863203178e-02
1.499120603015075403e+03 2.224262408074137110e+00 2.032591621628303605e-02
1.504773869346733591e+03 2.224230602802967027e+00 2.032693234900829343e-02
1.510427135678392006e+03 2.224199218482203033e+00 2.032793116372050984e-02
1.516080402010050193e+03 2.224168247490931005e+00 2.032891302788550694e-02
1.521733668341708608e+03 2.224137682384103698e+00 2.032987829966962506e-02
1.527386934673366795e+03 2.224107515887603359e+00 2.033082732833810941e-02
1.533040201005025210e+03 2.224077740893462884e+00 2.033176045440200641e-02
1.538693467336683398e+03 2.224048350455244627e+00 2.033267800992868274e-02
1.544346733668341585e+03 2.224019337783575523e+00 2.033358031878657393e-02
1.550000000000000000e+03 2.223990696241820331e+00 2.033446769684603764e-02
