4.250000000000000000e+02 1.861068417830376243e+00 3.986864894319702146e-01
4.306532663316583012e+02 1.977867635651309630e+00 3.720353415784842244e-01
4.363065326633166023e+02 2.039588898243530846e+00 3.570596284907689988e-01
4.419597989949749035e+02 2.084418782580297336e+00 3.449970390053136438e-01
4.476130653266331478e+02 2.121521151634918834e+00 3.338592960813638322e-01
4.532663316582914490e+02 2.154466141171307303e+00 3.228679264541446936e-01
4.589195979899497502e+02 2.185000756753962214e+00 3.116170314638840311e-01
4.645728643216080513e+02 2.214102992912184487e+00 2.998446137934439593e-01
4.702261306532663525e+02 2.242369727821425851e+00 2.873465863836580092e-01
4.758793969849245968e+02 2.270185250762925211e+00 2.739345479056177757e-01
4.815326633165828980e+02 2.297802027759305421e+00 2.594073360016614926e-01
4.871859296482411992e+02 2.325379803147486601e+00 2.435230908048870158e-01
4.928391959798995003e+02 2.352999232670423435e+00 2.259608749962851715e-01
4.984924623115578015e+02 2.380649877861029662e+00 2.062539508518994036e-01
5.041457286432161027e+02 2.408168061745741717e+00 1.836507382669257671e-01
5.097989949748744039e+02 2.435009643346578212e+00 1.567611491849016381e-01
5.154522613065327050e+02 2.459136989486416791e+00 1.223292637822638307e-01
5.211055276381910062e+02 2.461103181162740405e+00 6.591345957344650619e-02
5.267587939698491937e+02 2.425555532336400422e+00 1.933858484409241643e-02
5.324120603015074948e+02 2.383922006087117573e+00 1.996951336248763489e-02
5.380653266331657960e+02 2.359689929961808375e+00 2.046307675295102463e-02
5.437185929648240972e+02 2.342607184743306092e+00 2.089499152228544224e-02
5.493718592964823983e+02 2.329556994942791892e+00 2.128821302557129536e-02
5.550251256281406995e+02 2.319119862448187241e+00 2.165307251044934489e-02
5.606783919597990007e+02 2.310517116968365592e+00 2.199506853448150376e-02
5.663316582914573019e+02 2.303272155748221195e+00 2.231732933915427444e-02
5.719849246231156030e+02 2.297071327841946342e+00 2.262156531123918346e-02
5.776381909547739042e+02 2.291697456213147355e+00 2.290842466356672602e-02
5.832914572864322054e+02 2.286994719547563282e+00 2.317749970164336218e-02
5.889447236180903928e+02 2.282848959272380185e+00 2.342696564135989326e-02
5.945979899497488077e+02 2.279176754672070260e+00 2.365254824790649982e-02
6.002512562814069952e+02 2.275921191444805647e+00 2.384478103457153206e-02
6.059045226130652964e+02 2.273057466455545406e+00 2.398069508306601913e-02
6.115577889447235975e+02 2.270630793791727609e+00 2.399099773794210674e-02
6.172110552763818987e+02 2.269008105976366707e+00 2.354471718656001022e-02
6.228643216080401999e+02 2.271696939083178268e+00 1.864816516199889126e-02
6.285175879396985010e+02 2.271604171287766150e+00 1.566880593206492617e-02
6.341708542713568022e+02 2.269787547297841268e+00 1.540929716612376640e-02
6.398241206030151034e+02 2.267998630823393036e+00 1.534822749693373796e-02
6.454773869346734045e+02 2.266310477435791171e+00 1.533758341276684860e-02
6.511306532663315920e+02 2.264727962639899062e+00 1.534624247738034138e-02
6.567839195979900069e+02 2.263245594750075806e+00 1.536375299211091561e-02
6.624371859296481944e+02 2.261855879783287282e+00 1.538566508505003448e-02
6.680904522613064955e+02 2.260551268397774205e+00 1.540979178288329199e-02
6.737437185929647967e+02 2.259324693161157249e+00 1.543495203557883333e-02
6.793969849246230979e+02 2.258169702919743393e+00 1.546046588417525347e-02
6.850502512562813990e+02 2.257080465408727310e+00 1.548592464824293143e-02
6.907035175879397002e+02 2.256051725504218730e+00 1.551107606632958977e-02
6.963567839195980014e+02 2.255078750592075298e+00 1.553576257952876336e-02
7.020100502512563025e+02 2.254157275029174290e+00 1.555988620067262455e-02
7.076633165829146037e+02 2.253283448207382023e+00 1.558338755674134983e-02
7.133165829145727912e+02 2.252453787697971332e+00 1.560623289261369936e-02
7.189698492462312061e+02 2.251665137691753582e+00 1.562840574747942010e-02
7.246231155778893935e+02 2.250914632436121554e+00 1.564990147691917508e-02
7.302763819095478084e+02 2.250199664184115989e+00 1.567072356468773506e-02
7.359296482412059959e+02 2.249517855129745669e+00 1.569088109069817147e-02
7.415829145728642970e+02 2.248867032825702772e+00 1.571038696492161116e-02
7.472361809045225982e+02 2.248245208626181491e+00 1.572925667855717274e-02
7.528894472361808994e+02 2.247650558751029148e+00 1.574750741171648816e-02
7.585427135678392006e+02 2.247081407619975213e+00 1.576515739030050212e-02
7.641959798994975017e+02 2.246536213153774497e+00 1.578222541991754213e-02
7.698492462311558029e+02 2.246013553781711192e+00 1.579873054695962731e-02
7.755025125628139904e+02 2.245512116931871915e+00 1.581469181200201649e-02
7.811557788944724052e+02 2.245030688812413633e+00 1.583012807095840468e-02
7.868090452261305927e+02 2.244568145319203012e+00 1.584505786641305855e-02
7.924623115577890076e+02 2.244123443928329742e+00 1.585949933606615320e-02
7.981155778894471950e+02 2.243695616451708563e+00 1.587347014916456675e-02
8.037688442211054962e+02 2.243283762550690508e+00 1.588698746379078874e-02
8.094221105527637974e+02 2.242887043916898637e+00 1.590006789999521067e-02
8.150753768844220986e+02 2.242504679041625426e+00 1.591272752471463783e-02
8.207286432160803997e+02 2.242135938505529058e+00 1.592498184571295231e-02
8.263819095477387009e+02 2.241780140729229487e+00 1.593684581222315488e-02
8.320351758793970021e+02 2.241436648133024789e+00 1.594833382047677536e-02
8.376884422110551895e+02 2.241104863660475566e+00 1.595945972319721962e-02
8.433417085427136044e+02 2.240784227626235747e+00 1.597023684145954317e-02
8.489949748743717919e+02 2.240474214853373169e+00 1.598067797878780991e-02
8.546482412060302067e+02 2.240174332069593710e+00 1.599079543637631565e-02
8.603015075376883942e+02 2.239884115535456743e+00 1.600060102918677077e-02
8.659547738693468091e+02 2.239603128880785388e+00 1.601010610270196810e-02
8.716080402010049966e+02 2.239330961128255026e+00 1.601932154975632336e-02
8.772613065326632977e+02 2.239067224885527452e+00 1.602825782744727451e-02
8.829145728643215989e+02 2.238811554689380756e+00 1.603692497395049765e-02
8.885678391959799001e+02 2.238563605487132069e+00 1.604533262497855398e-02
8.942211055276382012e+02 2.238323051242251172e+00 1.605349003003758018e-02
8.998743718592965024e+02 2.238089583652465464e+00 1.606140606810961893e-02
9.055276381909548036e+02 2.237862910969919739e+00 1.606908926303807911e-02
9.111809045226129911e+02 2.237642756914024478e+00 1.607654779828407085e-02
9.168341708542714059e+02 2.237428859668618930e+00 1.608378953126006136e-02
9.224874371859295934e+02 2.237220970955910992e+00 1.609082200711454969e-02
9.281407035175880083e+02 2.237018855180435306e+00 1.609765247197889743e-02
9.337939698492461957e+02 2.236822288636923783e+00 1.610428788572814546e-02
9.394472361809044969e+02 2.236631058776598735e+00 1.611073493422394282e-02
9.451005025125627981e+02 2.236444963526928564e+00 1.611700004096589325e-02
9.507537688442210992e+02 2.236263810660357176e+00 1.612308937840773587e-02
9.564070351758794004e+02 2.236087417207944572e+00 1.612900887862894067e-02
9.620603015075377016e+02 2.235915608914244679e+00 1.613476424363077463e-02
9.677135678391960028e+02 2.235748219730078201e+00 1.614036095522185243e-02
9.733668341708543039e+02 2.235585091340164254e+00 1.614580428432043496e-02
9.790201005025126051e+02 2.235426072722854318e+00 1.615109930002312302e-02
9.846733668341707926e+02 2.235271019739460741e+00 1.615625087811482091e-02
9.903266331658290937e+02 2.235119794750876743e+00 1.616126370928629152e-02
9.959798994974873949e+02 2.234972266259411811e+00 1.616614230698097676e-02
1.001633165829145696e+03 2.234828308573925781e+00 1.617089101483413366e-02
1.007286432160803997e+03 2.234687801496518578e+00 1.617551401384535043e-02
1.012939698492462298e+03 2.234550630029175089e+00 1.618001532915062587e-02
1.018592964824120600e+03 2.234416684098906369e+00 1.618439883653460462e-02
1.024246231155778787e+03 2.234285858300038452e+00 1.618866826871323550e-02
1.029899497487437202e+03 2.234158051652421761e+00 1.619282722115646805e-02
1.035552763819095617e+03 2.234033167374426032e+00 1.619687915783763962e-02
1.041206030150753804e+03 2.233911112669678012e+00 1.620082741661012932e-02
1.046859296482411992e+03 2.233791798526589378e+00 1.620467521437801706e-02
1.052512562814070407e+03 2.233675139529782250e+00 1.620842565207648855e-02
1.058165829145728594e+03 2.233561053682613817e+00 1.621208171928566893e-02
1.063819095477386782e+03 2.233449462240026495e+00 1.621564629883591457e-02
1.069472361809045196e+03 2.233340289551057456e+00 1.621912217109097026e-02
1.075125628140703611e+03 2.233233462910341416e+00 1.622251201803385015e-02
1.080778894472361799e+03 2.233128912418029355e+00 1.622581842721153300e-02
1.086432160804019986e+03 2.233026570847569392e+00 1.622904389551241278e-02
1.092085427135678401e+03 2.232926373520843111e+00 1.623219083273652261e-02
1.097738693467336816e+03 2.232828258190183934e+00 1.623526156506920060e-02
1.103391959798995003e+03 2.232732164926841012e+00 1.623825833833602780e-02
1.109045226130653191e+03 2.232638036015488048e+00 1.624118332113573190e-02
1.114698492462311606e+03 2.232545815854390270e+00 1.624403860787934986e-02
1.120351758793969793e+03 2.232455450860891588e+00 1.624682622168162338e-02
1.126005025125627981e+03 2.232366889381883990e+00 1.624954811707815874e-02
1.131658291457286396e+03 2.232280081608968292e+00 1.625220618266472183e-02
1.137311557788944810e+03 2.232194979498010490e+00 1.625480224365925472e-02
1.142964824120602998e+03 2.232111536692844567e+00 1.625733806427796455e-02
1.148618090452261185e+03 2.232029708452863304e+00 1.625981535007629819e-02
1.154271356783919600e+03 2.231949451584280819e+00 1.626223575013240746e-02
1.159924623115578015e+03 2.231870724374840798e+00 1.626460085922379686e-02
1.165577889447236203e+03 2.231793486531783444e+00 1.626691221983375679e-02
1.171231155778894390e+03 2.231717699122869547e+00 1.626917132405630156e-02
1.176884422110552805e+03 2.231643324520304006e+00 1.627137961557741097e-02
1.182537688442210992e+03 2.231570326347383837e+00 1.627353849135079050e-02
1.188190954773869180e+03 2.231498669427719239e+00 1.627564930337794050e-02
1.193844221105527595e+03 2.231428319736889598e+00 1.627771336036084454e-02
1.199497487437186010e+03 2.231359244356397653e+00 1.627973192922755469e-02
1.205150753768844197e+03 2.231291411429792149e+00 1.628170623672201001e-02
1.210804020100502385e+03 2.231224790120850621e+00 1.628363747079909774e-02
1.216457286432160799e+03 2.231159350573697076e+00 1.628552678204346280e-02
1.222110552763819214e+03 2.231095063874768414e+00 1.628737528503049203e-02
1.227763819095477402e+03 2.231031902016516355e+00 1.628918405956140958e-02
1.233417085427135589e+03 2.230969837862758709e+00 1.629095415195006349e-02
1.239070351758794004e+03 2.230908845115599615e+00 1.629268657618421559e-02
1.244723618090452419e+03 2.230848898283827264e+00 1.629438231505704604e-02
1.250376884422110379e+03 2.230789972652718056e+00 1.629604232126895605e-02
1.256030150753768794e+03 2.230732044255175239e+00 1.629766751849985595e-02
1.261683417085427209e+03 2.230675089844134984e+00 1.629925880238392022e-02
1.267336683417085396e+03 2.230619086866171497e+00 1.630081704149597549e-02
1.272989949748743584e+03 2.230564013436244331e+00 1.630234307830873836e-02
1.278643216080401999e+03 2.230509848313533272e+00 1.630383773002568384e-02
1.284296482412060413e+03 2.230456570878299960e+00 1.630530178952122045e-02
1.289949748743718601e+03 2.230404161109735384e+00 1.630673602614305176e-02
1.295603015075376788e+03 2.230352599564732863e+00 1.630814118644501737e-02
1.301256281407035203e+03 2.230301867357556755e+00 1.630951799506830113e-02
1.306909547738693618e+03 2.230251946140348718e+00 1.631086715540346413e-02
1.312562814070351806e+03 2.230202818084440430e+00 1.631218935031931300e-02
1.318216080402009993e+03 2.230154465862436819e+00 1.631348524284977758e-02
1.323869346733668408e+03 2.230106872631021364e+00 1.631475547683882560e-02
1.329522613065326595e+03 2.230060022014463073e+00 1.631600067762519271e-02
1.335175879396984783e+03 2.230013898088784252e+00 1.631722145257640325e-02
1.340829145728643198e+03 2.229968485366560227e+00 1.631841839173074973e-02
1.346482412060301613e+03 2.229923768782324789e+00 1.631959206837035187e-02
1.352135678391959800e+03 2.229879733678548526e+00 1.632074303949814995e-02
1.357788944723617988e+03 2.229836365792171371e+00 1.632187184646379657e-02
1.363442211055276402e+03 2.229793651241651631e+00 1.632297901537108770e-02
1.369095477386934817e+03 2.229751576514527045e+00 1.632406505766161378e-02
1.374748743718593005e+03 2.229710128455445695e+00 1.632513047049366506e-02
1.380402010050251192e+03 2.229669294254660095e+00 1.632617573725654928e-02
1.386055276381909607e+03 2.229629061436956494e+00 1.632720132800273560e-02
1.391708542713567795e+03 2.229589417851002953e+00 1.632820769985219786e-02
1.397361809045225982e+03 2.229550351659097540e+00 1.632919529738267872e-02
1.403015075376884397e+03 2.229511851327300231e+00 1.633016455310104184e-02
1.408668341708542812e+03 2.229473905615928953e+00 1.633111588769655190e-02
1.414321608040200999e+03 2.229436503570408679e+00 1.633204971052492141e-02
1.419974874371859187e+03 2.229399634512456263e+00 1.633296641990153106e-02
1.425628140703517602e+03 2.229363288031586787e+00 1.633386640346226604e-02
1.431281407035176017e+03 2.229327453976923223e+00 1.633475003845597656e-02
1.436934673366834204e+03 2.229292122449309854e+00 1.633561769210458911e-02
1.442587939698492391e+03 2.229257283793703692e+00 1.633646972192204921e-02
1.448241206030150806e+03 2.229222928591833686e+00 1.633730647592424035e-02
1.453894472361808994e+03 2.229189047655130818e+00 1.633812829301527561e-02
1.459547738693467409e+03 2.229155632017895350e+00 1.633893550323759630e-02
1.465201005025125596e+03 2.229122672930710536e+00 1.633972842795384378e-02
1.470854271356784011e+03 2.229090161854087260e+00 1.634050738025949120e-02
1.476507537688442198e+03 2.229058090452323615e+00 1.634127266505551110e-02
1.482160804020100386e+03 2.229026450587578978e+00 1.634202457944693501e-02
1.487814070351758801e+03 2.228995234314154583e+00 1.634276341289658471e-02
1.493467336683416988e+03 2.228964433872961948e+00 1.634348944744656515e-02
1.499120603015075403e+03 2.228934041686187584e+00 1.634420295793953190e-02
1.504773869346733591e+03 2.228904050352128685e+00 1.634490421225336804e-02
1.510427135678392006e+03 2.228874452640212223e+00 1.634559347152208034e-02
1.516080402010050193e+03 2.228845241486169915e+00 1.634627099023428648e-02
1.521733668341708608e+03 2.228816409987382396e+00 1.634693701656244127e-02
1.527386934673366795e+03 2.228787951398371270e+00 1.634759179240666965e-02
1.533040201005025210e+03 2.228759859126443921e+00 1.634823555371011511e-02
1.538693467336683398e+03 2.228732126727476004e+00 1.634886853050248126e-02
1.544346733668341585e+03 2.228704747901836036e+00 1.634949094716077814e-02
1.550000000000000000e+03 2.228677716490437000e+00 1.635010302253410430e-02
