4.250000000000000000e+02 1.860153362553203182e+00 4.062333393530365155e-01
4.306532663316583012e+02 1.979106856640515222e+00 3.785588156126343806e-01
4.363065326633166023e+02 2.041975051314250056e+00 3.630231625272692941e-01
4.419597989949749035e+02 2.087645145482431186e+00 3.505200805078140802e-01
4.476130653266331478e+02 2.125446590756547849e+00 3.389870182888455319e-01
4.532663316582914490e+02 2.159013532575446259e+00 3.276174860838593772e-01
4.589195979899497502e+02 2.190124151560172372e+00 3.159915368274013314e-01
4.645728643216080513e+02 2.219773853722691648e+00 3.038384385376252106e-01
4.702261306532663525e+02 2.248570150798465228e+00 2.909474448070538122e-01
4.758793969849245968e+02 2.276904217819523346e+00 2.771239409469422044e-01
4.815326633165828980e+02 2.305033115656977216e+00 2.621598037945642723e-01
4.871859296482411992e+02 2.333119606364486565e+00 2.458041153928245404e-01
4.928391959798995003e+02 2.361246037220341876e+00 2.277226197242084305e-01
4.984924623115578015e+02 2.389402058233848436e+00 2.074266295947658489e-01
5.041457286432161027e+02 2.417420878853502764e+00 1.841232669175589809e-01
5.097989949748744039e+02 2.444744503415923642e+00 1.563283447765554668e-01
5.154522613065327050e+02 2.469252379878394521e+00 1.204816106714771407e-01
5.211055276381910062e+02 2.467336274780820293e+00 5.902423233587823087e-02
5.267587939698491937e+02 2.428900025553912378e+00 1.857834281649448083e-02
5.324120603015074948e+02 2.388595264609052027e+00 1.913342436564013579e-02
5.380653266331657960e+02 2.364737772593603626e+00 1.956234257354188058e-02
5.437185929648240972e+02 2.347801741017968791e+00 1.993272394559435570e-02
5.493718592964823983e+02 2.334814477545607225e+00 2.026563591553624463e-02
5.550251256281406995e+02 2.324402821163810806e+00 2.057072028681455542e-02
5.606783919597990007e+02 2.315806794002191360e+00 2.085318974192523767e-02
5.663316582914573019e+02 2.308558299066858499e+00 2.111609367075615445e-02
5.719849246231156030e+02 2.302347687022030076e+00 2.136124009956597708e-02
5.776381909547739042e+02 2.296959384267658333e+00 2.158961431154053298e-02
5.832914572864322054e+02 2.292237475625320986e+00 2.180156617519943968e-02
5.889447236180903928e+02 2.288065876378902797e+00 2.199686548727005850e-02
5.945979899497488077e+02 2.284356262138333982e+00 2.217465692646232792e-02
6.002512562814069952e+02 2.281040435134098487e+00 2.233330825969108771e-02
6.059045226130652964e+02 2.278065413619541957e+00 2.247010889270778522e-02
6.115577889447235975e+02 2.275390351652648580e+00 2.258071891066041129e-02
6.172110552763818987e+02 2.272984891604461932e+00 2.265815487214282650e-02
6.228643216080401999e+02 2.270828971793638740e+00 2.269084055021997753e-02
6.285175879396985010e+02 2.268914704842243779e+00 2.265860938475641392e-02
6.341708542713568022e+02 2.267252185384232899e+00 2.252380446396876415e-02
6.398241206030151034e+02 2.265884090867436029e+00 2.220953740274976551e-02
6.454773869346734045e+02 2.264919358805356886e+00 2.154304159532259219e-02
6.511306532663315920e+02 2.264567095672158192e+00 2.014299286859174212e-02
6.567839195979900069e+02 2.264734654312798856e+00 1.780798287209388667e-02
6.624371859296481944e+02 2.264370824874269328e+00 1.603727024317914279e-02
6.680904522613064955e+02 2.263450358624107928e+00 1.527890910496588345e-02
6.737437185929647967e+02 2.262381017130331795e+00 1.493924062471566235e-02
6.793969849246230979e+02 2.261300804535995024e+00 1.476284983065472359e-02
6.850502512562813990e+02 2.260250015827105496e+00 1.466145229309177844e-02
6.907035175879397002e+02 2.259241178674567863e+00 1.459954267600244507e-02
6.963567839195980014e+02 2.258277620893366588e+00 1.456056764141566880e-02
7.020100502512563025e+02 2.257359194978072914e+00 1.453588561777848127e-02
7.076633165829146037e+02 2.256484349907787124e+00 1.452058324735922695e-02
7.133165829145727912e+02 2.255650977182379613e+00 1.451167753317014579e-02
7.189698492462312061e+02 2.254856786242492195e+00 1.450726180248150532e-02
7.246231155778893935e+02 2.254099479487292168e+00 1.450606618618268707e-02
7.302763819095478084e+02 2.253376835004801126e+00 1.450721623924153270e-02
7.359296482412059959e+02 2.252686744286001463e+00 1.451009308342772128e-02
7.415829145728642970e+02 2.252027227102869400e+00 1.451424865829429797e-02
7.472361809045225982e+02 2.251396434556215631e+00 1.451935237744715612e-02
7.528894472361808994e+02 2.250792645997831798e+00 1.452515644065521111e-02
7.585427135678392006e+02 2.250214262881483851e+00 1.453147263231786487e-02
7.641959798994975017e+02 2.249659801214491495e+00 1.453815641605147799e-02
7.698492462311558029e+02 2.249127883534352002e+00 1.454509579205053547e-02
7.755025125628139904e+02 2.248617230919654375e+00 1.455220334035044021e-02
7.811557788944724052e+02 2.248126655308933408e+00 1.455941044107108076e-02
7.868090452261305927e+02 2.247655052265599362e+00 1.456666301147736646e-02
7.924623115577890076e+02 2.247201394248644402e+00 1.457391831867688343e-02
7.981155778894471950e+02 2.246764724403635949e+00 1.458114256647869214e-02
8.037688442211054962e+02 2.246344150862914280e+00 1.458830904839244699e-02
8.094221105527637974e+02 2.245938841530044972e+00 1.459539671911986441e-02
8.150753768844220986e+02 2.245548019316674360e+00 1.460238907988139524e-02
8.207286432160803997e+02 2.245170957797237410e+00 1.460927330111214117e-02
8.263819095477387009e+02 2.244806977246721846e+00 1.461603952677491269e-02
8.320351758793970021e+02 2.244455441027838116e+00 1.462268031894836846e-02
8.376884422110551895e+02 2.244115752295878785e+00 1.462919021151549807e-02
8.433417085427136044e+02 2.243787350991820251e+00 1.463556534944169749e-02
8.489949748743717919e+02 2.243469711096635955e+00 1.464180319584408065e-02
8.546482412060302067e+02 2.243162338122172805e+00 1.464790229279028938e-02
8.603015075376883942e+02 2.242864766816224709e+00 1.465386206538130121e-02
8.659547738693468091e+02 2.242576559061591812e+00 1.465968266042686624e-02
8.716080402010049966e+02 2.242297301950869848e+00 1.466536481335928982e-02
8.772613065326632977e+02 2.242026606020537383e+00 1.467090973793599117e-02
8.829145728643215989e+02 2.241764103629537264e+00 1.467631903483221194e-02
8.885678391959799001e+02 2.241509447469018035e+00 1.468159461536321445e-02
8.942211055276382012e+02 2.241262309191264457e+00 1.468673863813295399e-02
8.998743718592965024e+02 2.241022378146999117e+00 1.469175345596291857e-02
9.055276381909548036e+02 2.240789360221340232e+00 1.469664157167412631e-02
9.111809045226129911e+02 2.240562976759656433e+00 1.470140560104510677e-02
9.168341708542714059e+02 2.240342963575393753e+00 1.470604824184913902e-02
9.224874371859295934e+02 2.240129070032767178e+00 1.471057224798444883e-02
9.281407035175880083e+02 2.239921058197844594e+00 1.471498040783576940e-02
9.337939698492461957e+02 2.239718702052211352e+00 1.471927552625055570e-02
9.394472361809044969e+02 2.239521786763940536e+00 1.472346040954576780e-02
9.451005025125627981e+02 2.239330108011072795e+00 1.472753785297852176e-02
9.507537688442210992e+02 2.239143471353300274e+00 1.473151063053797921e-02
9.564070351758794004e+02 2.238961691647896934e+00 1.473538148641945732e-02
9.620603015075377016e+02 2.238784592506334103e+00 1.473915312807095798e-02
9.677135678391960028e+02 2.238612005788330084e+00 1.474282822067273652e-02
9.733668341708543039e+02 2.238443771130373072e+00 1.474640938253484607e-02
9.790201005025126051e+02 2.238279735506019996e+00 1.474989918162134678e-02
9.846733668341707926e+02 2.238119752815517227e+00 1.475330013279272171e-02
9.903266331658290937e+02 2.237963683502492529e+00 1.475661469565986428e-02
9.959798994974873949e+02 2.237811394195669656e+00 1.475984527322924539e-02
1.001633165829145696e+03 2.237662757373727995e+00 1.476299421079661257e-02
1.007286432160803997e+03 2.237517651051585954e+00 1.476606379535975837e-02
1.012939698492462298e+03 2.237375958486540473e+00 1.476905625542949789e-02
1.018592964824120600e+03 2.237237567902812252e+00 1.477197376104317020e-02
1.024246231155778787e+03 2.237102372233167991e+00 1.477481842408585877e-02
1.029899497487437202e+03 2.236970268876414369e+00 1.477759229872391972e-02
1.035552763819095617e+03 2.236841159469627360e+00 1.478029738214625688e-02
1.041206030150753804e+03 2.236714949674097674e+00 1.478293561532795578e-02
1.046859296482411992e+03 2.236591548974036670e+00 1.478550888395168197e-02
1.052512562814070407e+03 2.236470870487168749e+00 1.478801901944199609e-02
1.058165829145728594e+03 2.236352830786404677e+00 1.479046780003769566e-02
1.063819095477386782e+03 2.236237349731844404e+00 1.479285695190246490e-02
1.069472361809045196e+03 2.236124350312427289e+00 1.479518815036417675e-02
1.075125628140703611e+03 2.236013758496586235e+00 1.479746302108791121e-02
1.080778894472361799e+03 2.235905503091321300e+00 1.479968314130311949e-02
1.086432160804019986e+03 2.235799515609141697e+00 1.480185004108513364e-02
1.092085427135678401e+03 2.235695730142374327e+00 1.480396520457127538e-02
1.097738693467336816e+03 2.235594083244367258e+00 1.480603007127683987e-02
1.103391959798995003e+03 2.235494513817151141e+00 1.480804603721123068e-02
1.109045226130653191e+03 2.235396963005160220e+00 1.481001445625943977e-02
1.114698492462311606e+03 2.235301374094628812e+00 1.481193664130417247e-02
1.120351758793969793e+03 2.235207692418318626e+00 1.481381386546381726e-02
1.126005025125627981e+03 2.235115865265253188e+00 1.481564736325148915e-02
1.131658291457286396e+03 2.235025841795150736e+00 1.481743833174537645e-02
1.137311557788944810e+03 2.234937572957279794e+00 1.481918793177051420e-02
1.142964824120602998e+03 2.234851011413469646e+00 1.482089728892737636e-02
1.148618090452261185e+03 2.234766111465034122e+00 1.482256749472224237e-02
1.154271356783919600e+03 2.234682828983376890e+00 1.482419960761965916e-02
1.159924623115578015e+03 2.234601121344068186e+00 1.482579465410705823e-02
1.165577889447236203e+03 2.234520947364183385e+00 1.482735362963691524e-02
1.171231155778894390e+03 2.234442267242735980e+00 1.482887749964128220e-02
1.176884422110552805e+03 2.234365042504006915e+00 1.483036720051401046e-02
1.182537688442210992e+03 2.234289235943625052e+00 1.483182364045596349e-02
1.188190954773869180e+03 2.234214811577234006e+00 1.483324770042295827e-02
1.193844221105527595e+03 2.234141734591613471e+00 1.483464023502678586e-02
1.199497487437186010e+03 2.234069971298106250e+00 1.483600207328465703e-02
1.205150753768844197e+03 2.233999489088235535e+00 1.483733401953155756e-02
1.210804020100502385e+03 2.233930256391392533e+00 1.483863685415131271e-02
1.216457286432160799e+03 2.233862242634480300e+00 1.483991133438090741e-02
1.222110552763819214e+03 2.233795418203409877e+00 1.484115819502354085e-02
1.227763819095477402e+03 2.233729754406352797e+00 1.484237814922012566e-02
1.233417085427135589e+03 2.233665223438655811e+00 1.484357188905489205e-02
1.239070351758794004e+03 2.233601798349335255e+00 1.484474008630935760e-02
1.244723618090452419e+03 2.233539453009059983e+00 1.484588339311038868e-02
1.250376884422110379e+03 2.233478162079557627e+00 1.484700244251731249e-02
1.256030150753768794e+03 2.233417900984364213e+00 1.484809784912297266e-02
1.261683417085427209e+03 2.233358645880850979e+00 1.484917020974349869e-02
1.267336683417085396e+03 2.233300373633464009e+00 1.485022010386786474e-02
1.272989949748743584e+03 2.233243061788118045e+00 1.485124809425612119e-02
1.278643216080401999e+03 2.233186688547684540e+00 1.485225472750688856e-02
1.284296482412060413e+03 2.233131232748517991e+00 1.485324053451937514e-02
1.289949748743718601e+03 2.233076673837978809e+00 1.485420603101448786e-02
1.295603015075376788e+03 2.233022991852894101e+00 1.485515171801037558e-02
1.301256281407035203e+03 2.232970167398913741e+00 1.485607808229731479e-02
1.306909547738693618e+03 2.232918181630724863e+00 1.485698559689700889e-02
1.312562814070351806e+03 2.232867016233075041e+00 1.485787472143163500e-02
1.318216080402009993e+03 2.232816653402573071e+00 1.485874590265672500e-02
1.323869346733668408e+03 2.232767075830222936e+00 1.485959957473944985e-02
1.329522613065326595e+03 2.232718266684669661e+00 1.486043615974563456e-02
1.335175879396984783e+03 2.232670209596106403e+00 1.486125606797684962e-02
1.340829145728643198e+03 2.232622888640827696e+00 1.486205969836684217e-02
1.346482412060301613e+03 2.232576288326393765e+00 1.486284743875800410e-02
1.352135678391959800e+03 2.232530393577370820e+00 1.486361966634178883e-02
1.357788944723617988e+03 2.232485189721637564e+00 1.486437674794934861e-02
1.363442211055276402e+03 2.232440662477214399e+00 1.486511904034181972e-02
1.369095477386934817e+03 2.232396797939605104e+00 1.486584689056001315e-02
1.374748743718593005e+03 2.232353582569621242e+00 1.486656063619910123e-02
1.380402010050251192e+03 2.232311003181672859e+00 1.486726060568301436e-02
1.386055276381909607e+03 2.232269046932500167e+00 1.486794711862813451e-02
1.391708542713567795e+03 2.232227701310329326e+00 1.486862048599764570e-02
1.397361809045225982e+03 2.232186954124432798e+00 1.486928101039003587e-02
1.403015075376884397e+03 2.232146793495084935e+00 1.486992898638708760e-02
1.408668341708542812e+03 2.232107207843875063e+00 1.487056470066269384e-02
1.414321608040200999e+03 2.232068185884391820e+00 1.487118843231546340e-02
1.419974874371859187e+03 2.232029716613237014e+00 1.487180045303684341e-02
1.425628140703517602e+03 2.231991789301370321e+00 1.487240102738358535e-02
1.431281407035176017e+03 2.231954393485765742e+00 1.487299041294549637e-02
1.436934673366834204e+03 2.231917518961366920e+00 1.487356886057273307e-02
1.442587939698492391e+03 2.231881155773331127e+00 1.487413661457307260e-02
1.448241206030150806e+03 2.231845294209548136e+00 1.487469391289409325e-02
1.453894472361808994e+03 2.231809924793420663e+00 1.487524098732013848e-02
1.459547738693467409e+03 2.231775038276903267e+00 1.487577806369897414e-02
1.465201005025125596e+03 2.231740625633778841e+00 1.487630536198919669e-02
1.470854271356784011e+03 2.231706678053172244e+00 1.487682309657619405e-02
1.476507537688442198e+03 2.231673186933286424e+00 1.487733147633423306e-02
1.482160804020100386e+03 2.231640143875353033e+00 1.487783070483768115e-02
1.487814070351758801e+03 2.231607540677792212e+00 1.487832098049749960e-02
1.493467336683416988e+03 2.231575369330567327e+00 1.487880249668270538e-02
1.499120603015075403e+03 2.231543622009731997e+00 1.487927544191635504e-02
1.504773869346733591e+03 2.231512291072160536e+00 1.487973999999680184e-02
1.510427135678392006e+03 2.231481369050456021e+00 1.488019635010395629e-02
1.516080402010050193e+03 2.231450848648022678e+00 1.488064466695021744e-02
1.521733668341708608e+03 2.231420722734308359e+00 1.488108512091640585e-02
1.527386934673366795e+03 2.231390984340197559e+00 1.488151787817269638e-02
1.533040201005025210e+03 2.231361626653556307e+00 1.488194310078454728e-02
1.538693467336683398e+03 2.231332643014925843e+00 1.488236094680364489e-02
1.544346733668341585e+03 2.231304026913352612e+00 1.488277157044831482e-02
1.550000000000000000e+03 2.231275771982351053e+00 1.488317512214956326e-02
