4.250000000000000000e+02 1.821338035550693846e+00 4.359788527242380862e-01
4.306532663316583012e+02 1.948704580605537640e+00 4.038582826098350842e-01
4.363065326633166023e+02 2.015782007147103538e+00 3.861548323275273420e-01
4.419597989949749035e+02 2.064385883004223654e+00 3.720971225388938208e-01
4.476130653266331478e+02 2.104531756791983899e+00 3.592734864597587618e-01
4.532663316582914490e+02 2.140117547842302237e+00 3.467515433168857353e-01
4.589195979899497502e+02 2.173049585616531498e+00 3.340536934975193439e-01
4.645728643216080513e+02 2.204394971587761987e+00 3.208793053585862753e-01
4.702261306532663525e+02 2.234805421376785617e+00 3.070014121148064157e-01
4.758793969849245968e+02 2.264701495226810746e+00 2.922172526938454085e-01
4.815326633165828980e+02 2.294361197889425608e+00 2.763165853008807127e-01
4.871859296482411992e+02 2.323963561022197588e+00 2.590525832299300779e-01
4.928391959798995003e+02 2.353605519665183721e+00 2.401040814204607188e-01
4.984924623115578015e+02 2.383293708336600591e+00 2.190125863634425629e-01
5.041457286432161027e+02 2.412890770754148040e+00 1.950556561462597205e-01
5.097989949748744039e+02 2.441920006786109543e+00 1.669391109862067568e-01
5.154522613065327050e+02 2.468662188461869800e+00 1.318103746661265785e-01
5.211055276381910062e+02 2.480638855473960458e+00 7.949706119445437702e-02
5.267587939698491937e+02 2.447698774200450345e+00 1.217450086684543353e-02
5.324120603015074948e+02 2.397802875997048222e+00 1.249060059625380949e-02
5.380653266331657960e+02 2.369682414584345587e+00 1.269944259457582610e-02
5.437185929648240972e+02 2.350119774618824042e+00 1.286350400052876063e-02
5.493718592964823983e+02 2.335275130307453040e+00 1.300133449456643102e-02
5.550251256281406995e+02 2.323444699768395072e+00 1.312133370614246633e-02
5.606783919597990007e+02 2.313709267642773071e+00 1.322813385363118786e-02
5.663316582914573019e+02 2.305512406941871983e+00 1.332460778448966640e-02
5.719849246231156030e+02 2.298490521688820287e+00 1.341268374903905290e-02
5.776381909547739042e+02 2.292392644538963964e+00 1.349373238771886183e-02
5.832914572864322054e+02 2.287038247825075921e+00 1.356877158022537673e-02
5.889447236180903928e+02 2.282293209387679322e+00 1.363858387269967047e-02
5.945979899497488077e+02 2.278055256871295509e+00 1.370378804448809870e-02
6.002512562814069952e+02 2.274244713972151555e+00 1.376488490314595713e-02
6.059045226130652964e+02 2.270798380386487292e+00 1.382228777829515656e-02
6.115577889447235975e+02 2.267665349327715685e+00 1.387634351305561294e-02
6.172110552763818987e+02 2.264804068956346228e+00 1.392734732779280817e-02
6.228643216080401999e+02 2.262180228262419046e+00 1.397555360488619662e-02
6.285175879396985010e+02 2.259765204551209994e+00 1.402118388212581813e-02
6.341708542713568022e+02 2.257534902687473810e+00 1.406443289022279823e-02
6.398241206030151034e+02 2.255468873376511585e+00 1.410547319029725744e-02
6.454773869346734045e+02 2.253549633892472759e+00 1.414445879049675524e-02
6.511306532663315920e+02 2.251762138119232315e+00 1.418152800563691335e-02
6.567839195979900069e+02 2.250093358349451123e+00 1.421680574675745004e-02
6.624371859296481944e+02 2.248531951852200894e+00 1.425040537577976045e-02
6.680904522613064955e+02 2.247067992517330470e+00 1.428243022365234538e-02
6.737437185929647967e+02 2.245692753011086396e+00 1.431297484566742412e-02
6.793969849246230979e+02 2.244398526533805338e+00 1.434212606856702897e-02
6.850502512562813990e+02 2.243178479914875290e+00 1.436996387195951276e-02
6.907035175879397002e+02 2.242026531717263182e+00 1.439656213550695625e-02
6.963567839195980014e+02 2.240937250459691832e+00 1.442198927760901701e-02
7.020100502512563025e+02 2.239905769140343672e+00 1.444630880475954865e-02
7.076633165829146037e+02 2.238927713060209879e+00 1.446957978710887438e-02
7.133165829145727912e+02 2.237999138566260982e+00 1.449185727271559525e-02
7.189698492462312061e+02 2.237116480814002717e+00 1.451319265047958107e-02
7.246231155778893935e+02 2.236276509021445147e+00 1.453363396953833743e-02
7.302763819095478084e+02 2.235476287978112264e+00 1.455322622186199649e-02
7.359296482412059959e+02 2.234713144802653595e+00 1.457201159351330551e-02
7.415829145728642970e+02 2.233984640125143972e+00 1.459002968869507061e-02
7.472361809045225982e+02 2.233288543015980565e+00 1.460731773066517233e-02
7.528894472361808994e+02 2.232622809100468508e+00 1.462391074228665440e-02
7.585427135678392006e+02 2.231985561392911155e+00 1.463984170897164420e-02
7.641959798994975017e+02 2.231375073460989178e+00 1.465514172625175492e-02
7.698492462311558029e+02 2.230789754594050045e+00 1.466984013354595551e-02
7.755025125628139904e+02 2.230228136700549424e+00 1.468396463619912537e-02
7.811557788944724052e+02 2.229688862702378316e+00 1.469754141661705656e-02
7.868090452261305927e+02 2.229170676229050851e+00 1.471059523608526758e-02
7.924623115577890076e+02 2.228672412444001605e+00 1.472314952811102674e-02
7.981155778894471950e+02 2.228192989859691053e+00 1.473522648408345272e-02
8.037688442211054962e+02 2.227731403018695211e+00 1.474684713232186570e-02
8.094221105527637974e+02 2.227286715935196337e+00 1.475803141076057270e-02
8.150753768844220986e+02 2.226858056205829328e+00 1.476879823422308849e-02
8.207286432160803997e+02 2.226444609711156541e+00 1.477916555670882696e-02
8.263819095477387009e+02 2.226045615839492342e+00 1.478915042896622456e-02
8.320351758793970021e+02 2.225660363173744827e+00 1.479876905209456806e-02
8.376884422110551895e+02 2.225288185589521017e+00 1.480803682716927069e-02
8.433417085427136044e+02 2.224928458719317881e+00 1.481696840158174856e-02
8.489949748743717919e+02 2.224580596743191752e+00 1.482557771211583109e-02
8.546482412060302067e+02 2.224244049471178375e+00 1.483387802506080759e-02
8.603015075376883942e+02 2.223918299686883593e+00 1.484188197381901449e-02
8.659547738693468091e+02 2.223602860725297781e+00 1.484960159389088659e-02
8.716080402010049966e+02 2.223297274261035295e+00 1.485704835565471345e-02
8.772613065326632977e+02 2.223001108285925564e+00 1.486423319503917331e-02
8.829145728643215989e+02 2.222713955257271223e+00 1.487116654231733504e-02
8.885678391959799001e+02 2.222435430400173217e+00 1.487785834899335059e-02
8.942211055276382012e+02 2.222165170149147606e+00 1.488431811315321304e-02
8.998743718592965024e+02 2.221902830715863253e+00 1.489055490314032150e-02
9.055276381909548036e+02 2.221648086771234265e+00 1.489657737995157133e-02
9.111809045226129911e+02 2.221400630231342266e+00 1.490239381815045179e-02
9.168341708542714059e+02 2.221160169137764484e+00 1.490801212565862066e-02
9.224874371859295934e+02 2.220926426623842431e+00 1.491343986232319258e-02
9.281407035175880083e+02 2.220699139959289692e+00 1.491868425742387365e-02
9.337939698492461957e+02 2.220478059666297632e+00 1.492375222617816320e-02
9.394472361809044969e+02 2.220262948700971961e+00 1.492865038531651298e-02
9.451005025125627981e+02 2.220053581694530820e+00 1.493338506778325511e-02
9.507537688442210992e+02 2.219849744249243528e+00 1.493796233654373119e-02
9.564070351758794004e+02 2.219651232284550080e+00 1.494238799775966971e-02
9.620603015075377016e+02 2.219457851429247341e+00 1.494666761310322646e-02
9.677135678391960028e+02 2.219269416455993404e+00 1.495080651149980483e-02
9.733668341708543039e+02 2.219085750754742126e+00 1.495480980017279901e-02
9.790201005025126051e+02 2.218906685842015225e+00 1.495868237511543443e-02
9.846733668341707926e+02 2.218732060903199965e+00 1.496242893099548020e-02
9.903266331658290937e+02 2.218561722365312683e+00 1.496605397058710374e-02
9.959798994974873949e+02 2.218395523497892707e+00 1.496956181361594126e-02
1.001633165829145696e+03 2.218233324039889265e+00 1.497295660521468993e-02
1.007286432160803997e+03 2.218074989850590484e+00 1.497624232388935356e-02
1.012939698492462298e+03 2.217920392582810596e+00 1.497942278914808287e-02
1.018592964824120600e+03 2.217769409376701084e+00 1.498250166863285618e-02
1.024246231155778787e+03 2.217621922572681203e+00 1.498548248503874490e-02
1.029899497487437202e+03 2.217477819442116527e+00 1.498836862246778756e-02
1.035552763819095617e+03 2.217336991934478974e+00 1.499116333270917797e-02
1.041206030150753804e+03 2.217199336439826585e+00 1.499386974097384299e-02
1.046859296482411992e+03 2.217064753565533231e+00 1.499649085160414431e-02
1.052512562814070407e+03 2.216933147926281045e+00 1.499902955319780060e-02
1.058165829145728594e+03 2.216804427946413192e+00 1.500148862375506702e-02
1.063819095477386782e+03 2.216678505673800537e+00 1.500387073537696840e-02
1.069472361809045196e+03 2.216555296604457492e+00 1.500617845887144801e-02
1.075125628140703611e+03 2.216434719517186736e+00 1.500841426809118237e-02
1.080778894472361799e+03 2.216316696317591539e+00 1.501058054401918120e-02
1.086432160804019986e+03 2.216201151890845100e+00 1.501267957869217677e-02
1.092085427135678401e+03 2.216088013962656866e+00 1.501471357899242243e-02
1.097738693467336816e+03 2.215977212967896293e+00 1.501668467017579743e-02
1.103391959798995003e+03 2.215868681926399297e+00 1.501859489929985303e-02
1.109045226130653191e+03 2.215762356325502225e+00 1.502044623840478009e-02
1.114698492462311606e+03 2.215658174008880099e+00 1.502224058768465015e-02
1.120351758793969793e+03 2.215556075071302811e+00 1.502397977838352758e-02
1.126005025125627981e+03 2.215456001758945526e+00 1.502566557563889647e-02
1.131658291457286396e+03 2.215357898374911816e+00 1.502729968111041203e-02
1.137311557788944810e+03 2.215261711189663973e+00 1.502888373566057395e-02
1.142964824120602998e+03 2.215167388356054534e+00 1.503041932165930135e-02
1.148618090452261185e+03 2.215074879828698329e+00 1.503190796541530733e-02
1.154271356783919600e+03 2.214984137287423938e+00 1.503335113939486579e-02
1.159924623115578015e+03 2.214895114064563852e+00 1.503475026433184064e-02
1.165577889447236203e+03 2.214807765075870627e+00 1.503610671131795640e-02
1.171231155778894390e+03 2.214722046754839191e+00 1.503742180365216438e-02
1.176884422110552805e+03 2.214637916990251032e+00 1.503869681886291394e-02
1.182537688442210992e+03 2.214555335066754171e+00 1.503993299031295382e-02
1.188190954773869180e+03 2.214474261608307515e+00 1.504113150905145302e-02
1.193844221105527595e+03 2.214394658524336368e+00 1.504229352541162912e-02
1.199497487437186010e+03 2.214316488958437912e+00 1.504342015045755793e-02
1.205150753768844197e+03 2.214239717239514071e+00 1.504451245767893589e-02
1.210804020100502385e+03 2.214164308835182560e+00 1.504557148428445693e-02
1.216457286432160799e+03 2.214090230307354634e+00 1.504659823258121081e-02
1.222110552763819214e+03 2.214017449269858329e+00 1.504759367135160252e-02
1.227763819095477402e+03 2.213945934348003686e+00 1.504855873706569501e-02
1.233417085427135589e+03 2.213875655139979415e+00 1.504949433512094668e-02
1.239070351758794004e+03 2.213806582179992599e+00 1.505040134091767227e-02
1.244723618090452419e+03 2.213738686903059527e+00 1.505128060109496915e-02
1.250376884422110379e+03 2.213671941611357497e+00 1.505213293449934181e-02
1.256030150753768794e+03 2.213606319442062542e+00 1.505295913322551166e-02
1.261683417085427209e+03 2.213541794336599811e+00 1.505375996358195717e-02
1.267336683417085396e+03 2.213478341011224870e+00 1.505453616711407115e-02
1.272989949748743584e+03 2.213415934928883555e+00 1.505528846134573592e-02
1.278643216080401999e+03 2.213354552272272180e+00 1.505601754078520448e-02
1.284296482412060413e+03 2.213294169918051502e+00 1.505672407767908068e-02
1.289949748743718601e+03 2.213234765412147365e+00 1.505740872288322506e-02
1.295603015075376788e+03 2.213176316946093625e+00 1.505807210648196608e-02
1.301256281407035203e+03 2.213118803334359619e+00 1.505871483868656373e-02
1.306909547738693618e+03 2.213062203992620880e+00 1.505933751045262191e-02
1.312562814070351806e+03 2.213006498916922027e+00 1.505994069414091918e-02
1.318216080402009993e+03 2.212951668663696747e+00 1.506052494426595063e-02
1.323869346733668408e+03 2.212897694330595133e+00 1.506109079796360412e-02
1.329522613065326595e+03 2.212844557538090839e+00 1.506163877576780115e-02
1.335175879396984783e+03 2.212792240411822764e+00 1.506216938204739050e-02
1.340829145728643198e+03 2.212740725565643274e+00 1.506268310566362574e-02
1.346482412060301613e+03 2.212689996085337896e+00 1.506318042042067290e-02
1.352135678391959800e+03 2.212640035512985381e+00 1.506366178564829718e-02
1.357788944723617988e+03 2.212590827831931062e+00 1.506412764665138529e-02
1.363442211055276402e+03 2.212542357452341957e+00 1.506457843518850537e-02
1.369095477386934817e+03 2.212494609197327211e+00 1.506501456999424435e-02
1.374748743718593005e+03 2.212447568289581667e+00 1.506543645709481141e-02
1.380402010050251192e+03 2.212401220338547247e+00 1.506584449037382152e-02
1.386055276381909607e+03 2.212355551328060166e+00 1.506623905187243206e-02
1.391708542713567795e+03 2.212310547604459998e+00 1.506662051222179728e-02
1.397361809045225982e+03 2.212266195865150387e+00 1.506698923104573748e-02
1.403015075376884397e+03 2.212222483147582963e+00 1.506734555728942923e-02
1.408668341708542812e+03 2.212179396818648502e+00 1.506768982957729271e-02
1.414321608040200999e+03 2.212136924564461982e+00 1.506802237657063268e-02
1.419974874371859187e+03 2.212095054380519343e+00 1.506834351729556196e-02
1.425628140703517602e+03 2.212053774562213082e+00 1.506865356139701177e-02
1.431281407035176017e+03 2.212013073695692000e+00 1.506895280951042575e-02
1.436934673366834204e+03 2.211972940649050035e+00 1.506924155355957723e-02
1.442587939698492391e+03 2.211933364563828608e+00 1.506952007696577868e-02
1.448241206030150806e+03 2.211894334846822296e+00 1.506978865500427020e-02
1.453894472361808994e+03 2.211855841162175818e+00 1.507004755498362984e-02
1.459547738693467409e+03 2.211817873423757685e+00 1.507029703657236652e-02
1.465201005025125596e+03 2.211780421787800766e+00 1.507053735200750144e-02
1.470854271356784011e+03 2.211743476645799067e+00 1.507076874630299337e-02
1.476507537688442198e+03 2.211707028617649673e+00 1.507099145754646485e-02
1.482160804020100386e+03 2.211671068545031815e+00 1.507120571707791339e-02
1.487814070351758801e+03 2.211635587485014653e+00 1.507141174963885603e-02
1.493467336683416988e+03 2.211600576703874665e+00 1.507160977374235634e-02
1.499120603015075403e+03 2.211566027671134194e+00 1.507180000165990116e-02
1.504773869346733591e+03 2.211531932053788729e+00 1.507198263979122113e-02
1.510427135678392006e+03 2.211498281710736702e+00 1.507215788873938686e-02
1.516080402010050193e+03 2.211465068687392233e+00 1.507232594356259017e-02
1.521733668341708608e+03 2.211432285210470639e+00 1.507248699384907548e-02
1.527386934673366795e+03 2.211399923682956459e+00 1.507264122399823783e-02
1.533040201005025210e+03 2.211367976679228242e+00 1.507278881328067213e-02
1.538693467336683398e+03 2.211336436940345429e+00 1.507292993606020211e-02
1.544346733668341585e+03 2.211305297369487555e+00 1.507306476191273836e-02
1.550000000000000000e+03 2.211274551027543112e+00 1.507319345575978964e-02
