4.250000000000000000e+02 1.854040287148180033e+00 4.234866013405446661e-01
4.306532663316583012e+02 1.977798096259231198e+00 3.936481472846399821e-01
4.363065326633166023e+02 2.043074017402376263e+00 3.770928108598449180e-01
4.419597989949749035e+02 2.090427669189441229e+00 3.638731534419578639e-01
4.476130653266331478e+02 2.129581691298511714e+00 3.517481243751227615e-01
4.532663316582914490e+02 2.164321489169455770e+00 3.398457064894485624e-01
4.589195979899497502e+02 2.196498519751292733e+00 3.277148889348078242e-01
4.645728643216080513e+02 2.227148827442693602e+00 3.150676868307269451e-01
4.702261306532663525e+02 2.256904485341394651e+00 3.016825980495330128e-01
4.758793969849245968e+02 2.286172312229227899e+00 2.873576434402825841e-01
4.815326633165828980e+02 2.315219526038146292e+00 2.718792585042957843e-01
4.871859296482411992e+02 2.344215252017754825e+00 2.549923369337106505e-01
4.928391959798995003e+02 2.373245100447610501e+00 2.363596326958863347e-01
4.984924623115578015e+02 2.402298735211434444e+00 2.154916357926509318e-01
5.041457286432161027e+02 2.431204782027091671e+00 1.916008284176424492e-01
5.097989949748744039e+02 2.459392572630805240e+00 1.632314677195487174e-01
5.154522613065327050e+02 2.484725732190029568e+00 1.269767039288285937e-01
5.211055276381910062e+02 2.486944938077213507e+00 6.778966493608545862e-02
5.267587939698491937e+02 2.449634970499114939e+00 1.837618706611113609e-02
5.324120603015074948e+02 2.405661373868074548e+00 1.900506483045344419e-02
5.380653266331657960e+02 2.380070446328756972e+00 1.949751825407109937e-02
5.437185929648240972e+02 2.362027963742904912e+00 1.992846073678428490e-02
5.493718592964823983e+02 2.348242908236453985e+00 2.032053029325875393e-02
5.550251256281406995e+02 2.337216905063575378e+00 2.068389016306270214e-02
5.606783919597990007e+02 2.328128021528694802e+00 2.102396486278403781e-02
5.663316582914573019e+02 2.320472996266954357e+00 2.134391064141271527e-02
5.719849246231156030e+02 2.313920292537178014e+00 2.164561759068592620e-02
5.776381909547739042e+02 2.308239763898901398e+00 2.193017327422159754e-02
5.832914572864322054e+02 2.303265260639217882e+00 2.219808848858603398e-02
5.889447236180903928e+02 2.298873164111886691e+00 2.244939931066840602e-02
5.945979899497488077e+02 2.294969329161947069e+00 2.268369145192724798e-02
6.002512562814069952e+02 2.291480784651017455e+00 2.290006241606500417e-02
6.059045226130652964e+02 2.288350291022691163e+00 2.309701863144883460e-02
6.115577889447235975e+02 2.285532714397827458e+00 2.327228796803304176e-02
6.172110552763818987e+02 2.282992636059010483e+00 2.342250541516735507e-02
6.228643216080401999e+02 2.280702888260128347e+00 2.354269153190322733e-02
6.285175879396985010e+02 2.278643899181598265e+00 2.362537185575921961e-02
6.341708542713568022e+02 2.276803908722546677e+00 2.365904430730868258e-02
6.398241206030151034e+02 2.275180338064366037e+00 2.362541496628195112e-02
6.454773869346734045e+02 2.273782885040663615e+00 2.349425035522447608e-02
6.511306532663315920e+02 2.272639022174053558e+00 2.321373668568963225e-02
6.567839195979900069e+02 2.271800384122059757e+00 2.269422859516453256e-02
6.624371859296481944e+02 2.271332312500101036e+00 2.179721057122197339e-02
6.680904522613064955e+02 2.271208727082791423e+00 2.042897786356313167e-02
6.737437185929647967e+02 2.271100359786570877e+00 1.889345004754484567e-02
6.793969849246230979e+02 2.270653720994057601e+00 1.775704007168326520e-02
6.850502512562813990e+02 2.269923876035190080e+00 1.709315563674372943e-02
6.907035175879397002e+02 2.269071760417745942e+00 1.671373350924650406e-02
6.963567839195980014e+02 2.268186021013709919e+00 1.648555789168519928e-02
7.020100502512563025e+02 2.267305539575496187e+00 1.634078320280969374e-02
7.076633165829146037e+02 2.266447076503298241e+00 1.624508859792680657e-02
7.133165829145727912e+02 2.265617755450170634e+00 1.618007229611795328e-02
7.189698492462312061e+02 2.264820280922104967e+00 1.613521155833436832e-02
7.246231155778893935e+02 2.264055223964962504e+00 1.610413317784128648e-02
7.302763819095478084e+02 2.263322091471238640e+00 1.608278462084822280e-02
7.359296482412059959e+02 2.262619857369038812e+00 1.606848191109367524e-02
7.415829145728642970e+02 2.261947239602570381e+00 1.605938584336548403e-02
7.472361809045225982e+02 2.261302849797341530e+00 1.605419945654817937e-02
7.528894472361808994e+02 2.260685275927073690e+00 1.605198572653027470e-02
7.585427135678392006e+02 2.260093128260218354e+00 1.605205357143481976e-02
7.641959798994975017e+02 2.259525064519587900e+00 1.605388423577268353e-02
7.698492462311558029e+02 2.258979802985221941e+00 1.605708238694974685e-02
7.755025125628139904e+02 2.258456128489917170e+00 1.606134280777555406e-02
7.811557788944724052e+02 2.257952894194458882e+00 1.606642720403647986e-02
7.868090452261305927e+02 2.257469020866154530e+00 1.607214773419014114e-02
7.924623115577890076e+02 2.257003494708521352e+00 1.607835510444913588e-02
7.981155778894471950e+02 2.256555364387570872e+00 1.608492982667973636e-02
8.037688442211054962e+02 2.256123737655269412e+00 1.609177570596098672e-02
8.094221105527637974e+02 2.255707777819118132e+00 1.609881492611444850e-02
8.150753768844220986e+02 2.255306700211479498e+00 1.610598429698643572e-02
8.207286432160803997e+02 2.254919768751713960e+00 1.611323235813645963e-02
8.263819095477387009e+02 2.254546292655424722e+00 1.612051712128574621e-02
8.320351758793970021e+02 2.254185623320171139e+00 1.612780429487639319e-02
8.376884422110551895e+02 2.253837151401044903e+00 1.613506587637613884e-02
8.433417085427136044e+02 2.253500304079301131e+00 1.614227902743003637e-02
8.489949748743717919e+02 2.253174542520874901e+00 1.614942516902963948e-02
8.546482412060302067e+02 2.252859359517716875e+00 1.615648924873936548e-02
8.603015075376883942e+02 2.252554277302664776e+00 1.616345914405435333e-02
8.659547738693468091e+02 2.252258845527433717e+00 1.617032517360497690e-02
8.716080402010049966e+02 2.251972639392842979e+00 1.617707969510153929e-02
8.772613065326632977e+02 2.251695257920454996e+00 1.618371677268724135e-02
8.829145728643215989e+02 2.251426322355074117e+00 1.619023190093039563e-02
8.885678391959799001e+02 2.251165474688062051e+00 1.619662177460493707e-02
8.942211055276382012e+02 2.250912376291974937e+00 1.620288409623957607e-02
8.998743718592965024e+02 2.250666706657671767e+00 1.620901741452596134e-02
9.055276381909548036e+02 2.250428162225659001e+00 1.621502098831667862e-02
9.111809045226129911e+02 2.250196455304066312e+00 1.622089467185303460e-02
9.168341708542714059e+02 2.249971313066246204e+00 1.622663881765906355e-02
9.224874371859295934e+02 2.249752476621559083e+00 1.623225419420834190e-02
9.281407035175880083e+02 2.249539700153439181e+00 1.623774191594645061e-02
9.337939698492461957e+02 2.249332750119321211e+00 1.624310338387638039e-02
9.394472361809044969e+02 2.249131404507487275e+00 1.624834023473028730e-02
9.451005025125627981e+02 2.248935452146289204e+00 1.625345429786480625e-02
9.507537688442210992e+02 2.248744692061604322e+00 1.625844755820185158e-02
9.564070351758794004e+02 2.248558932878742311e+00 1.626332212475777375e-02
9.620603015075377016e+02 2.248377992265312653e+00 1.626808020371936850e-02
9.677135678391960028e+02 2.248201696411904926e+00 1.627272407535636581e-02
9.733668341708543039e+02 2.248029879547654986e+00 1.627725607434921465e-02
9.790201005025126051e+02 2.247862383488052451e+00 1.628167857305826832e-02
9.846733668341707926e+02 2.247699057212545704e+00 1.628599396715316172e-02
9.903266331658290937e+02 2.247539756469713268e+00 1.629020466341840265e-02
9.959798994974873949e+02 2.247384343407951235e+00 1.629431306938855517e-02
1.001633165829145696e+03 2.247232686229805765e+00 1.629832158463108069e-02
1.007286432160803997e+03 2.247084658868211182e+00 1.630223259320958892e-02
1.012939698492462298e+03 2.246940140683065135e+00 1.630604845758324220e-02
1.018592964824120600e+03 2.246799016176667330e+00 1.630977151324484661e-02
1.024246231155778787e+03 2.246661174726691357e+00 1.631340406446330285e-02
1.029899497487437202e+03 2.246526510335452365e+00 1.631694838069282921e-02
1.035552763819095617e+03 2.246394921394331501e+00 1.632040669362038246e-02
1.041206030150753804e+03 2.246266310462307292e+00 1.632378119482291376e-02
1.046859296482411992e+03 2.246140584057632950e+00 1.632707403391109313e-02
1.052512562814070407e+03 2.246017652461760328e+00 1.633028731706354097e-02
1.058165829145728594e+03 2.245897429534686296e+00 1.633342310600545758e-02
1.063819095477386782e+03 2.245779832540962584e+00 1.633648341718644745e-02
1.069472361809045196e+03 2.245664781985657665e+00 1.633947022137479874e-02
1.075125628140703611e+03 2.245552201459626751e+00 1.634238544334173579e-02
1.080778894472361799e+03 2.245442017493469944e+00 1.634523096183948879e-02
1.086432160804019986e+03 2.245334159419635878e+00 1.634800860970993600e-02
1.092085427135678401e+03 2.245228559242137489e+00 1.635072017420538537e-02
1.097738693467336816e+03 2.245125151513400752e+00 1.635336739733135938e-02
1.103391959798995003e+03 2.245023873217797838e+00 1.635595197632010167e-02
1.109045226130653191e+03 2.244924663661456155e+00 1.635847556431638955e-02
1.114698492462311606e+03 2.244827464367936898e+00 1.636093977094984012e-02
1.120351758793969793e+03 2.244732218979446525e+00 1.636334616306546128e-02
1.126005025125627981e+03 2.244638873163222303e+00 1.636569626551751325e-02
1.131658291457286396e+03 2.244547374522799288e+00 1.636799156197251900e-02
1.137311557788944810e+03 2.244457672513854973e+00 1.637023349573521469e-02
1.142964824120602998e+03 2.244369718364362942e+00 1.637242347063826847e-02
1.148618090452261185e+03 2.244283464998801492e+00 1.637456285187383412e-02
1.154271356783919600e+03 2.244198866966187200e+00 1.637665296692990963e-02
1.159924623115578015e+03 2.244115880371698957e+00 1.637869510648241184e-02
1.165577889447236203e+03 2.244034462811697939e+00 1.638069052522963046e-02
1.171231155778894390e+03 2.243954573311945477e+00 1.638264044292680674e-02
1.176884422110552805e+03 2.243876172268834512e+00 1.638454604511934212e-02
1.182537688442210992e+03 2.243799221393474319e+00 1.638640848418485008e-02
1.188190954773869180e+03 2.243723683658457979e+00 1.638822888007419876e-02
1.193844221105527595e+03 2.243649523247175814e+00 1.639000832130740534e-02
1.199497487437186010e+03 2.243576705505524682e+00 1.639174786570949185e-02
1.205150753768844197e+03 2.243505196895893228e+00 1.639344854136074239e-02
1.210804020100502385e+03 2.243434964953288535e+00 1.639511134734145115e-02
1.216457286432160799e+03 2.243365978243498482e+00 1.639673725460992840e-02
1.222110552763819214e+03 2.243298206323179222e+00 1.639832720671596453e-02
1.227763819095477402e+03 2.243231619701759882e+00 1.639988212070188356e-02
1.233417085427135589e+03 2.243166189805080979e+00 1.640140288773094326e-02
1.239070351758794004e+03 2.243101888940660871e+00 1.640289037390351909e-02
1.244723618090452419e+03 2.243038690264520962e+00 1.640434542101748550e-02
1.250376884422110379e+03 2.242976567749480399e+00 1.640576884716452022e-02
1.256030150753768794e+03 2.242915496154846533e+00 1.640716144754155933e-02
1.261683417085427209e+03 2.242855450997432776e+00 1.640852399504419759e-02
1.267336683417085396e+03 2.242796408523837215e+00 1.640985724095353829e-02
1.272989949748743584e+03 2.242738345683913170e+00 1.641116191555406362e-02
1.278643216080401999e+03 2.242681240105381058e+00 1.641243872876387011e-02
1.284296482412060413e+03 2.242625070069519833e+00 1.641368837076370713e-02
1.289949748743718601e+03 2.242569814487885616e+00 1.641491151251674857e-02
1.295603015075376788e+03 2.242515452880009974e+00 1.641610880642259407e-02
1.301256281407035203e+03 2.242461965352024578e+00 1.641728088676738806e-02
1.306909547738693618e+03 2.242409332576179359e+00 1.641842837036239927e-02
1.312562814070351806e+03 2.242357535771196009e+00 1.641955185700589431e-02
1.318216080402009993e+03 2.242306556683432373e+00 1.642065192998474338e-02
1.323869346733668408e+03 2.242256377568807579e+00 1.642172915660232088e-02
1.329522613065326595e+03 2.242206981175459024e+00 1.642278408861097203e-02
1.335175879396984783e+03 2.242158350727097460e+00 1.642381726271141887e-02
1.340829145728643198e+03 2.242110469907022452e+00 1.642482920097035337e-02
1.346482412060301613e+03 2.242063322842772877e+00 1.642582041129149115e-02
1.352135678391959800e+03 2.242016894091383605e+00 1.642679138776434802e-02
1.357788944723617988e+03 2.241971168625218169e+00 1.642774261116116200e-02
1.363442211055276402e+03 2.241926131818349432e+00 1.642867454928457691e-02
1.369095477386934817e+03 2.241881769433472726e+00 1.642958765732834697e-02
1.374748743718593005e+03 2.241838067609317253e+00 1.643048237829161304e-02
1.380402010050251192e+03 2.241795012848541102e+00 1.643135914333866687e-02
1.386055276381909607e+03 2.241752592006083677e+00 1.643221837211772396e-02
1.391708542713567795e+03 2.241710792277958664e+00 1.643306047310634857e-02
1.397361809045225982e+03 2.241669601190469319e+00 1.643388584394293514e-02
1.403015075376884397e+03 2.241629006589823447e+00 1.643469487177137700e-02
1.408668341708542812e+03 2.241588996632132513e+00 1.643548793349074860e-02
1.414321608040200999e+03 2.241549559773785116e+00 1.643626539612631776e-02
1.419974874371859187e+03 2.241510684762164640e+00 1.643702761702454940e-02
1.425628140703517602e+03 2.241472360626713733e+00 1.643777494423699637e-02
1.431281407035176017e+03 2.241434576670318091e+00 1.643850771672825117e-02
1.436934673366834204e+03 2.241397322460998431e+00 1.643922626459715791e-02
1.442587939698492391e+03 2.241360587823905792e+00 1.643993090945986696e-02
1.448241206030150806e+03 2.241324362833598371e+00 1.644062196458949063e-02
1.453894472361808994e+03 2.241288637806591488e+00 1.644129973519061969e-02
1.459547738693467409e+03 2.241253403294172220e+00 1.644196451859257849e-02
1.465201005025125596e+03 2.241218650075464058e+00 1.644261660455053134e-02
1.470854271356784011e+03 2.241184369150733602e+00 1.644325627543830048e-02
1.476507537688442198e+03 2.241150551734929941e+00 1.644388380637354027e-02
1.482160804020100386e+03 2.241117189251443875e+00 1.644449946553175682e-02
1.487814070351758801e+03 2.241084273326086063e+00 1.644510351428460707e-02
1.493467336683416988e+03 2.241051795781265454e+00 1.644569620745958000e-02
1.499120603015075403e+03 2.241019748630367125e+00 1.644627779341047494e-02
1.504773869346733591e+03 2.240988124072319732e+00 1.644684851427678091e-02
1.510427135678392006e+03 2.240956914486346818e+00 1.644740860617540865e-02
1.516080402010050193e+03 2.240926112426889549e+00 1.644795829929775882e-02
1.521733668341708608e+03 2.240895710618700853e+00 1.644849781816870235e-02
1.527386934673366795e+03 2.240865701952100775e+00 1.644902738167593192e-02
1.533040201005025210e+03 2.240836079478388143e+00 1.644954720338268409e-02
1.538693467336683398e+03 2.240806836405400571e+00 1.645005749154337255e-02
1.544346733668341585e+03 2.240777966093221885e+00 1.645055844929462635e-02
1.550000000000000000e+03 2.240749462050024121e+00 1.645105027484620314e-02
