4.250000000000000000e+02 1.749039348137271910e+00 4.247148586506196422e-01
4.306532663316583012e+02 1.872113793300895557e+00 3.933360559266046996e-01
4.363065326633166023e+02 1.936936233323580225e+00 3.760942650641221907e-01
4.419597989949749035e+02 1.983907222742072207e+00 3.624317738235095510e-01
4.476130653266331478e+02 2.022703831094045057e+00 3.499865809688404994e-01
4.532663316582914490e+02 2.057092243034286838e+00 3.378463824756515743e-01
4.589195979899497502e+02 2.088914339981049029e+00 3.255445701775950829e-01
4.645728643216080513e+02 2.119201135349620291e+00 3.127880954132956637e-01
4.702261306532663525e+02 2.148582305954365168e+00 2.993563598461935760e-01
4.758793969849245968e+02 2.177464210018469792e+00 2.850529034594427302e-01
4.815326633165828980e+02 2.206115514752169826e+00 2.696745804429833138e-01
4.871859296482411992e+02 2.234709350123171401e+00 2.529834065824412836e-01
4.928391959798995003e+02 2.263339715720915191e+00 2.346702158023187823e-01
4.984924623115578015e+02 2.292013811351043095e+00 2.142942126305683592e-01
5.041457286432161027e+02 2.320600927034867755e+00 1.911617437723298618e-01
5.097989949748744039e+02 2.348646571791771276e+00 1.640323649438370224e-01
5.154522613065327050e+02 2.374516182786271745e+00 1.301805291962550293e-01
5.211055276381910062e+02 2.386482521022581071e+00 7.998170472556453969e-02
5.267587939698491937e+02 2.354818809888458375e+00 1.425887708412522381e-02
5.324120603015074948e+02 2.306408599023722417e+00 1.463198381895992883e-02
5.380653266331657960e+02 2.279170175331860726e+00 1.487804007391518163e-02
5.437185929648240972e+02 2.260238316865747166e+00 1.507107069104855930e-02
5.493718592964823983e+02 2.245881774183876356e+00 1.523302757099802979e-02
5.550251256281406995e+02 2.234446596322407164e+00 1.537384620397272070e-02
5.606783919597990007e+02 2.225041041259010033e+00 1.549900579659006794e-02
5.663316582914573019e+02 2.217125563743983285e+00 1.561190562344919389e-02
5.719849246231156030e+02 2.210347720907252622e+00 1.571482859887875921e-02
5.776381909547739042e+02 2.204464308581517429e+00 1.580939870696486046e-02
5.832914572864322054e+02 2.199300420687028357e+00 1.589682304764064233e-02
5.889447236180903928e+02 2.194726134483638180e+00 1.597803054922971103e-02
5.945979899497488077e+02 2.190642394650512248e+00 1.605375649243063335e-02
6.002512562814069952e+02 2.186972041271673994e+00 1.612459659159657527e-02
6.059045226130652964e+02 2.183653877301565682e+00 1.619104300631611301e-02
6.115577889447235975e+02 2.180638614917944640e+00 1.625350913275938267e-02
6.172110552763818987e+02 2.177886027880289177e+00 1.631234716143493621e-02
6.228643216080401999e+02 2.175362903082277644e+00 1.636786081965292336e-02
6.285175879396985010e+02 2.173041536422665843e+00 1.642031481934847631e-02
6.341708542713568022e+02 2.170898608328984736e+00 1.646994199623739302e-02
6.398241206030151034e+02 2.168914329665420304e+00 1.651694879637783872e-02
6.454773869346734045e+02 2.167071783790991191e+00 1.656151955761761552e-02
6.511306532663315920e+02 2.165356413273562097e+00 1.660381989724319177e-02
6.567839195979900069e+02 2.163755614868252852e+00 1.664399942647310990e-02
6.624371859296481944e+02 2.162258416608812350e+00 1.668219395104370700e-02
6.680904522613064955e+02 2.160855217933229877e+00 1.671852727434881836e-02
6.737437185929647967e+02 2.159537578732662944e+00 1.675311268966967956e-02
6.793969849246230979e+02 2.158298046755600996e+00 1.678605422643083406e-02
6.850502512562813990e+02 2.157130015361411246e+00 1.681744769983987975e-02
6.907035175879397002e+02 2.156027605494122312e+00 1.684738160227050932e-02
6.963567839195980014e+02 2.154985567138259839e+00 1.687593786550703120e-02
7.020100502512563025e+02 2.153999196560703933e+00 1.690319251717289917e-02
7.076633165829146037e+02 2.153064266431271356e+00 1.692921624986946927e-02
7.133165829145727912e+02 2.152176966517249213e+00 1.695407491711526521e-02
7.189698492462312061e+02 2.151333853111452310e+00 1.697782996843991837e-02
7.246231155778893935e+02 2.150531805714099853e+00 1.700053883260173315e-02
7.302763819095478084e+02 2.149767989771247390e+00 1.702225525705517231e-02
7.359296482412059959e+02 2.149039824495177164e+00 1.704302960988877610e-02
7.415829145728642970e+02 2.148344954968917531e+00 1.706290914947979770e-02
7.472361809045225982e+02 2.147681227878287746e+00 1.708193826622978612e-02
7.528894472361808994e+02 2.147046670328335072e+00 1.710015870025999307e-02
7.585427135678392006e+02 2.146439471292763912e+00 1.711760973774502370e-02
7.641959798994975017e+02 2.145857965319484695e+00 1.713432838890584231e-02
7.698492462311558029e+02 2.145300618176264162e+00 1.715034954959852517e-02
7.755025125628139904e+02 2.144766014170440105e+00 1.716570614846994053e-02
7.811557788944724052e+02 2.144252844917800882e+00 1.718042928137152731e-02
7.868090452261305927e+02 2.143759899369880095e+00 1.719454833430983029e-02
7.924623115577890076e+02 2.143286054937226126e+00 1.720809109626059499e-02
7.981155778894471950e+02 2.142830269569905965e+00 1.722108386281359302e-02
8.037688442211054962e+02 2.142391574676327792e+00 1.723355153158448103e-02
8.094221105527637974e+02 2.141969068778148078e+00 1.724551769030297291e-02
8.150753768844220986e+02 2.141561911813119057e+00 1.725700469807677634e-02
8.207286432160803997e+02 2.141169320009644217e+00 1.726803376069761461e-02
8.263819095477387009e+02 2.140790561266954661e+00 1.727862500037426891e-02
8.320351758793970021e+02 2.140424950983433661e+00 1.728879752039179027e-02
8.376884422110551895e+02 2.140071848283012557e+00 1.729856946532395967e-02
8.433417085427136044e+02 2.139730652595874805e+00 1.730795807690054672e-02
8.489949748743717919e+02 2.139400800555141924e+00 1.731697974610926782e-02
8.546482412060302067e+02 2.139081763175903816e+00 1.732565006178224051e-02
8.603015075376883942e+02 2.138773043286998021e+00 1.733398385588347246e-02
8.659547738693468091e+02 2.138474173189451655e+00 1.734199524586102145e-02
8.716080402010049966e+02 2.138184712518542252e+00 1.734969767422899975e-02
8.772613065326632977e+02 2.137904246289072496e+00 1.735710394557788902e-02
8.829145728643215989e+02 2.137632383105784406e+00 1.736422626134759284e-02
8.885678391959799001e+02 2.137368753522830733e+00 1.737107625223269572e-02
8.942211055276382012e+02 2.137113008538007897e+00 1.737766500876404899e-02
8.998743718592965024e+02 2.136864818209001537e+00 1.738400310990355357e-02
9.055276381909548036e+02 2.136623870380246704e+00 1.739010064993402882e-02
9.111809045226129911e+02 2.136389869510229467e+00 1.739596726374421573e-02
9.168341708542714059e+02 2.136162535590097722e+00 1.740161215058110694e-02
9.224874371859295934e+02 2.135941603145386836e+00 1.740704409645473308e-02
9.281407035175880083e+02 2.135726820313511798e+00 1.741227149512322714e-02
9.337939698492461957e+02 2.135517947990401844e+00 1.741730236804375082e-02
9.394472361809044969e+02 2.135314759040298771e+00 1.742214438299718310e-02
9.451005025125627981e+02 2.135117037563346365e+00 1.742680487173094497e-02
9.507537688442210992e+02 2.134924578216099267e+00 1.743129084665687514e-02
9.564070351758794004e+02 2.134737185580545926e+00 1.743560901651269868e-02
9.620603015075377016e+02 2.134554673577655493e+00 1.743976580122588368e-02
9.677135678391960028e+02 2.134376864921840422e+00 1.744376734593754835e-02
9.733668341708543039e+02 2.134203590613029888e+00 1.744761953424514914e-02
9.790201005025126051e+02 2.134034689463388812e+00 1.745132800076017177e-02
9.846733668341707926e+02 2.133870007655942036e+00 1.745489814293636061e-02
9.903266331658290937e+02 2.133709398332639839e+00 1.745833513235249893e-02
9.959798994974873949e+02 2.133552721209599046e+00 1.746164392527696854e-02
1.001633165829145696e+03 2.133399842217452935e+00 1.746482927276067978e-02
1.007286432160803997e+03 2.133250633164927468e+00 1.746789573019916914e-02
1.012939698492462298e+03 2.133104971423914531e+00 1.747084766638058728e-02
1.018592964824120600e+03 2.132962739634460814e+00 1.747368927201064029e-02
1.024246231155778787e+03 2.132823825428219244e+00 1.747642456788308860e-02
1.029899497487437202e+03 2.132688121169040052e+00 1.747905741262251525e-02
1.035552763819095617e+03 2.132555523709471323e+00 1.748159150995147113e-02
1.041206030150753804e+03 2.132425934162044623e+00 1.748403041572587496e-02
1.046859296482411992e+03 2.132299257684323823e+00 1.748637754446161555e-02
1.052512562814070407e+03 2.132175403276744152e+00 1.748863617568466658e-02
1.058165829145728594e+03 2.132054283592385246e+00 1.749080945985274568e-02
1.063819095477386782e+03 2.131935814757853098e+00 1.749290042404078385e-02
1.069472361809045196e+03 2.131819916204529264e+00 1.749491197737908926e-02
1.075125628140703611e+03 2.131706510509497221e+00 1.749684691610619083e-02
1.080778894472361799e+03 2.131595523245504165e+00 1.749870792852959572e-02
1.086432160804019986e+03 2.131486882839368491e+00 1.750049759961655807e-02
1.092085427135678401e+03 2.131380520438288961e+00 1.750221841548253721e-02
1.097738693467336816e+03 2.131276369783540847e+00 1.750387276756263169e-02
1.103391959798995003e+03 2.131174367091094091e+00 1.750546295660665094e-02
1.109045226130653191e+03 2.131074450938716058e+00 1.750699119657476294e-02
1.114698492462311606e+03 2.130976562159155208e+00 1.750845961821892796e-02
1.120351758793969793e+03 2.130880643739021085e+00 1.750987027260454687e-02
1.126005025125627981e+03 2.130786640723019598e+00 1.751122513440819817e-02
1.131658291457286396e+03 2.130694500123213153e+00 1.751252610506814217e-02
1.137311557788944810e+03 2.130604170833001021e+00 1.751377501581359575e-02
1.142964824120602998e+03 2.130515603545539705e+00 1.751497363054792950e-02
1.148618090452261185e+03 2.130428750676337302e+00 1.751612364862437793e-02
1.154271356783919600e+03 2.130343566289779389e+00 1.751722670737519347e-02
1.159924623115578015e+03 2.130260006029349285e+00 1.751828438472438979e-02
1.165577889447236203e+03 2.130178027051338407e+00 1.751929820151675379e-02
1.171231155778894390e+03 2.130097587961838013e+00 1.752026962384238551e-02
1.176884422110552805e+03 2.130018648756830224e+00 1.752120006519236953e-02
1.182537688442210992e+03 2.129941170765197178e+00 1.752209088854722943e-02
1.188190954773869180e+03 2.129865116594494179e+00 1.752294340841116169e-02
1.193844221105527595e+03 2.129790450079319442e+00 1.752375889267822687e-02
1.199497487437186010e+03 2.129717136232148977e+00 1.752453856447017816e-02
1.205150753768844197e+03 2.129645141196496727e+00 1.752528360390808240e-02
1.210804020100502385e+03 2.129574432202269829e+00 1.752599514972931136e-02
1.216457286432160799e+03 2.129504977523205778e+00 1.752667430096543563e-02
1.222110552763819214e+03 2.129436746436277783e+00 1.752732211840250451e-02
1.227763819095477402e+03 2.129369709182963089e+00 1.752793962606456757e-02
1.233417085427135589e+03 2.129303836932275207e+00 1.752852781264458565e-02
1.239070351758794004e+03 2.129239101745469931e+00 1.752908763283221247e-02
1.244723618090452419e+03 2.129175476542336742e+00 1.752962000860189967e-02
1.250376884422110379e+03 2.129112935068988577e+00 1.753012583043610587e-02
1.256030150753768794e+03 2.129051451867085998e+00 1.753060595852177356e-02
1.261683417085427209e+03 2.128991002244406960e+00 1.753106122388208357e-02
1.267336683417085396e+03 2.128931562246704878e+00 1.753149242944369510e-02
1.272989949748743584e+03 2.128873108630786604e+00 1.753190035114080350e-02
1.278643216080401999e+03 2.128815618838748147e+00 1.753228573881547916e-02
1.284296482412060413e+03 2.128759070973315737e+00 1.753264931728167053e-02
1.289949748743718601e+03 2.128703443774227821e+00 1.753299178716031734e-02
1.295603015075376788e+03 2.128648716595620272e+00 1.753331382581492168e-02
1.301256281407035203e+03 2.128594869384356159e+00 1.753361608814700198e-02
1.306909547738693618e+03 2.128541882659257034e+00 1.753389920750481057e-02
1.312562814070351806e+03 2.128489737491193079e+00 1.753416379633804603e-02
1.318216080402009993e+03 2.128438415483994373e+00 1.753441044704192112e-02
1.323869346733668408e+03 2.128387898756137098e+00 1.753463973264864084e-02
1.329522613065326595e+03 2.128338169923174039e+00 1.753485220749301937e-02
1.335175879396984783e+03 2.128289212080873849e+00 1.753504840792823732e-02
1.340829145728643198e+03 2.128241008789035771e+00 1.753522885292712469e-02
1.346482412060301613e+03 2.128193544055945186e+00 1.753539404467037779e-02
1.352135678391959800e+03 2.128146802323445996e+00 1.753554446922296617e-02
1.357788944723617988e+03 2.128100768452600988e+00 1.753568059699491671e-02
1.363442211055276402e+03 2.128055427709906855e+00 1.753580288339165114e-02
1.369095477386934817e+03 2.128010765754051015e+00 1.753591176926140582e-02
1.374748743718593005e+03 2.127966768623171578e+00 1.753600768139300728e-02
1.380402010050251192e+03 2.127923422722612479e+00 1.753609103308929537e-02
1.386055276381909607e+03 2.127880714813141338e+00 1.753616222451239576e-02
1.391708542713567795e+03 2.127838631999613206e+00 1.753622164324397312e-02
1.397361809045225982e+03 2.127797161720061947e+00 1.753626966465534481e-02
1.403015075376884397e+03 2.127756291735201533e+00 1.753630665230266478e-02
1.408668341708542812e+03 2.127716010118315015e+00 1.753633295842326953e-02
1.414321608040200999e+03 2.127676305245516986e+00 1.753634892417851171e-02
1.419974874371859187e+03 2.127637165786378848e+00 1.753635488017506530e-02
1.425628140703517602e+03 2.127598580694890718e+00 1.753635114672011039e-02
1.431281407035176017e+03 2.127560539200754608e+00 1.753633803417770087e-02
1.436934673366834204e+03 2.127523030800992476e+00 1.753631584336294569e-02
1.442587939698492391e+03 2.127486045251855806e+00 1.753628486577149190e-02
1.448241206030150806e+03 2.127449572561022961e+00 1.753624538394813956e-02
1.453894472361808994e+03 2.127413602980074092e+00 1.753619767179204897e-02
1.459547738693467409e+03 2.127378126997232055e+00 1.753614199477320987e-02
1.465201005025125596e+03 2.127343135330358237e+00 1.753607861030074752e-02
1.470854271356784011e+03 2.127308618920193961e+00 1.753600776790122107e-02
1.476507537688442198e+03 2.127274568923834153e+00 1.753592970952346300e-02
1.482160804020100386e+03 2.127240976708430598e+00 1.753584466978001105e-02
1.487814070351758801e+03 2.127207833845105256e+00 1.753575287618848455e-02
1.493467336683416988e+03 2.127175132103079402e+00 1.753565454938756443e-02
1.499120603015075403e+03 2.127142863443994614e+00 1.753554990335292121e-02
1.504773869346733591e+03 2.127111020016434040e+00 1.753543914565105361e-02
1.510427135678392006e+03 2.127079594150616870e+00 1.753532247757913151e-02
1.516080402010050193e+03 2.127048578353281982e+00 1.753520009441874097e-02
1.521733668341708608e+03 2.127017965302735014e+00 1.753507218563893355e-02
1.527386934673366795e+03 2.126987747844059751e+00 1.753493893499794357e-02
1.533040201005025210e+03 2.126957918984488938e+00 1.753480052083479512e-02
1.538693467336683398e+03 2.126928471888926975e+00 1.753465711615827261e-02
1.544346733668341585e+03 2.126899399875616048e+00 1.753450888883716779e-02
1.550000000000000000e+03 2.126870696411946149e+00 1.753435600177781842e-02
