4.250000000000000000e+02 1.706709881519812066e+00 4.000228684949648783e-01
4.306532663316583012e+02 1.822884904742265499e+00 3.713487905967475244e-01
4.363065326633166023e+02 1.884100095534043673e+00 3.555177232177782476e-01
4.419597989949749035e+02 1.928468939053397335e+00 3.429322530781569456e-01
4.476130653266331478e+02 1.965124764209601249e+00 3.314377657711850000e-01
4.532663316582914490e+02 1.997623246594975921e+00 3.202000387455668506e-01
4.589195979899497502e+02 2.027703908779169506e+00 3.087913184069343009e-01
4.645728643216080513e+02 2.056340975684856964e+00 2.969422191005426925e-01
4.702261306532663525e+02 2.084130017798563106e+00 2.844494509724221909e-01
4.758793969849245968e+02 2.111456151420911809e+00 2.711317159366141150e-01
4.815326633165828980e+02 2.138575151263190310e+00 2.568016105092257861e-01
4.871859296482411992e+02 2.165653782659910487e+00 2.412400881535492203e-01
4.928391959798995003e+02 2.192786431760457955e+00 2.241637549582000677e-01
4.984924623115578015e+02 2.219990595940436684e+00 2.051710286431520647e-01
5.041457286432161027e+02 2.247166295225284660e+00 1.836355704424622870e-01
5.097989949748744039e+02 2.273947798725706182e+00 1.584527798704917501e-01
5.154522613065327050e+02 2.299039822719071147e+00 1.272571059831612283e-01
5.211055276381910062e+02 2.313946162514325611e+00 8.230479186307247674e-02
5.267587939698491937e+02 2.285620175508407126e+00 1.416943793163658906e-02
5.324120603015074948e+02 2.237982836546365650e+00 1.455044751132679622e-02
5.380653266331657960e+02 2.211492325517278701e+00 1.480140300170744612e-02
5.437185929648240972e+02 2.193182086012076759e+00 1.499872736659117745e-02
5.493718592964823983e+02 2.179342938153072673e+00 1.516478399404319090e-02
5.550251256281406995e+02 2.168344701977215294e+00 1.530960858054570585e-02
5.606783919597990007e+02 2.159313539563041839e+00 1.543870384883437238e-02
5.663316582914573019e+02 2.151722954163258983e+00 1.555547022834133028e-02
5.719849246231156030e+02 2.145230117554761229e+00 1.566218536764947891e-02
5.776381909547739042e+02 2.139599047746615135e+00 1.576046682150099298e-02
5.832914572864322054e+02 2.134660371408219515e+00 1.585151587323290964e-02
5.889447236180903928e+02 2.130288481709346371e+00 1.593625677947459532e-02
5.945979899497488077e+02 2.126387744853560413e+00 1.601542136414380729e-02
6.002512562814069952e+02 2.122883752486971254e+00 1.608960300228006249e-02
6.059045226130652964e+02 2.119717548557339182e+00 1.615929248295272513e-02
6.115577889447235975e+02 2.116841691068640063e+00 1.622490264710737401e-02
6.172110552763818987e+02 2.114217489481006851e+00 1.628678580407302498e-02
6.228643216080401999e+02 2.111813019948793002e+00 1.634524635030440778e-02
6.285175879396985010e+02 2.109601669585744244e+00 1.640055011193119680e-02
6.341708542713568022e+02 2.107561049253758867e+00 1.645293139480068223e-02
6.398241206030151034e+02 2.105672168513634368e+00 1.650259839676767107e-02
6.454773869346734045e+02 2.103918800567833536e+00 1.654973742695280137e-02
6.511306532663315920e+02 2.102286987188355827e+00 1.659451624183572865e-02
6.567839195979900069e+02 2.100764648325492701e+00 1.663708671673817807e-02
6.624371859296481944e+02 2.099341271050879421e+00 1.667758701079100764e-02
6.680904522613064955e+02 2.098007659359084176e+00 1.671614334061667304e-02
6.737437185929647967e+02 2.096755731173447046e+00 1.675287144794658512e-02
6.793969849246230979e+02 2.095578352337523764e+00 1.678787782574359469e-02
6.850502512562813990e+02 2.094469199856137998e+00 1.682126075132011483e-02
6.907035175879397002e+02 2.093422648467182956e+00 1.685311116394778638e-02
6.963567839195980014e+02 2.092433675971197005e+00 1.688351341607277969e-02
7.020100502512563025e+02 2.091497783753456297e+00 1.691254592078846736e-02
7.076633165829146037e+02 2.090610929695558617e+00 1.694028171362452900e-02
7.133165829145727912e+02 2.089769471255437772e+00 1.696678894299254517e-02
7.189698492462312061e+02 2.088970116942984401e+00 1.699213130064200841e-02
7.246231155778893935e+02 2.088209884766532021e+00 1.701636840162055672e-02
7.302763819095478084e+02 2.087486066497831860e+00 1.703955612125013924e-02
7.359296482412059959e+02 2.086796196817815918e+00 1.706174689526914270e-02
7.415829145728642970e+02 2.086138026575786508e+00 1.708298998846462247e-02
7.472361809045225982e+02 2.085509499530685762e+00 1.710333173582647207e-02
7.528894472361808994e+02 2.084908732052387137e+00 1.712281576006546499e-02
7.585427135678392006e+02 2.084333995349225699e+00 1.714148316823610810e-02
7.641959798994975017e+02 2.083783699859715011e+00 1.715937273027038842e-02
7.698492462311558029e+02 2.083256381504932975e+00 1.717652104128487844e-02
7.755025125628139904e+02 2.082750689546112088e+00 1.719296266981353016e-02
7.811557788944724052e+02 2.082265375831556575e+00 1.720873029330521192e-02
7.868090452261305927e+02 2.081799285249770648e+00 1.722385482239296300e-02
7.924623115577890076e+02 2.081351347232957227e+00 1.723836551504797157e-02
7.981155778894471950e+02 2.080920568177749619e+00 1.725229008168020078e-02
8.037688442211054962e+02 2.080506024669129594e+00 1.726565478211143298e-02
8.094221105527637974e+02 2.080106857409468102e+00 1.727848451512494291e-02
8.150753768844220986e+02 2.079722265768173983e+00 1.729080290136176742e-02
8.207286432160803997e+02 2.079351502878866054e+00 1.730263236017056533e-02
8.263819095477387009e+02 2.078993871220702339e+00 1.731399418090975861e-02
8.320351758793970021e+02 2.078648718628802960e+00 1.732490858922308696e-02
8.376884422110551895e+02 2.078315434685756191e+00 1.733539480873143301e-02
8.433417085427136044e+02 2.077993447452281650e+00 1.734547111850718096e-02
8.489949748743717919e+02 2.077682220500336907e+00 1.735515490659721161e-02
8.546482412060302067e+02 2.077381250216426611e+00 1.736446272015817680e-02
8.603015075376883942e+02 2.077090063346789695e+00 1.737341031211921474e-02
8.659547738693468091e+02 2.076808214759454874e+00 1.738201268500952357e-02
8.716080402010049966e+02 2.076535285401114539e+00 1.739028413178838814e-02
8.772613065326632977e+02 2.076270880429274435e+00 1.739823827436609918e-02
8.829145728643215989e+02 2.076014627502364096e+00 1.740588809942561835e-02
8.885678391959799001e+02 2.075766175212429676e+00 1.741324599229999645e-02
8.942211055276382012e+02 2.075525191646703238e+00 1.742032376860927489e-02
8.998743718592965024e+02 2.075291363065860040e+00 1.742713270405918044e-02
9.055276381909548036e+02 2.075064392688052539e+00 1.743368356250696999e-02
9.111809045226129911e+02 2.074843999568979136e+00 1.743998662223142718e-02
9.168341708542714059e+02 2.074629917569251081e+00 1.744605170082562037e-02
9.224874371859295934e+02 2.074421894401223376e+00 1.745188817855524571e-02
9.281407035175880083e+02 2.074219690748248635e+00 1.745750502031664583e-02
9.337939698492461957e+02 2.074023079450021623e+00 1.746291079654262862e-02
9.394472361809044969e+02 2.073831844748293740e+00 1.746811370267752073e-02
9.451005025125627981e+02 2.073645781587824199e+00 1.747312157774455824e-02
9.507537688442210992e+02 2.073464694967893873e+00 1.747794192180231188e-02
9.564070351758794004e+02 2.073288399340180277e+00 1.748258191246715790e-02
9.620603015075377016e+02 2.073116718049181628e+00 1.748704842047442767e-02
9.677135678391960028e+02 2.072949482811718092e+00 1.749134802447837450e-02
9.733668341708543039e+02 2.072786533232377160e+00 1.749548702498552460e-02
9.790201005025126051e+02 2.072627716352045457e+00 1.749947145758174241e-02
9.846733668341707926e+02 2.072472886226919719e+00 1.750330710539689180e-02
9.903266331658290937e+02 2.072321903535639720e+00 1.750699951102940161e-02
9.959798994974873949e+02 2.072174635212367999e+00 1.751055398768305155e-02
1.001633165829145696e+03 2.072030954103855738e+00 1.751397562985135270e-02
1.007286432160803997e+03 2.071890738648681562e+00 1.751726932340228610e-02
1.012939698492462298e+03 2.071753872577017042e+00 1.752043975514407451e-02
1.018592964824120600e+03 2.071620244629408081e+00 1.752349142187621667e-02
1.024246231155778787e+03 2.071489748293181332e+00 1.752642863903100881e-02
1.029899497487437202e+03 2.071362281555212181e+00 1.752925554887095963e-02
1.035552763819095617e+03 2.071237746669875257e+00 1.753197612820734178e-02
1.041206030150753804e+03 2.071116049941114756e+00 1.753459419582016968e-02
1.046859296482411992e+03 2.070997101517636274e+00 1.753711341944292137e-02
1.052512562814070407e+03 2.070880815200320413e+00 1.753953732246641209e-02
1.058165829145728594e+03 2.070767108261010403e+00 1.754186929026279110e-02
1.063819095477386782e+03 2.070655901271906796e+00 1.754411257616969935e-02
1.069472361809045196e+03 2.070547117944851134e+00 1.754627030730103801e-02
1.075125628140703611e+03 2.070440684979839574e+00 1.754834548998351201e-02
1.080778894472361799e+03 2.070336531922158052e+00 1.755034101489653595e-02
1.086432160804019986e+03 2.070234591027573234e+00 1.755225966213205813e-02
1.092085427135678401e+03 2.070134797135056992e+00 1.755410410580865097e-02
1.097738693467336816e+03 2.070037087546555465e+00 1.755587691858280508e-02
1.103391959798995003e+03 2.069941401913366175e+00 1.755758057600780714e-02
1.109045226130653191e+03 2.069847682128687971e+00 1.755921746048837509e-02
1.114698492462311606e+03 2.069755872225973903e+00 1.756078986526198038e-02
1.120351758793969793e+03 2.069665918282715733e+00 1.756229999807889727e-02
1.126005025125627981e+03 2.069577768329330603e+00 1.756374998473361412e-02
1.131658291457286396e+03 2.069491372262840745e+00 1.756514187244822070e-02
1.137311557788944810e+03 2.069406681765046940e+00 1.756647763310860075e-02
1.142964824120602998e+03 2.069323650224938582e+00 1.756775916631601181e-02
1.148618090452261185e+03 2.069242232665078784e+00 1.756898830231790748e-02
1.154271356783919600e+03 2.069162385671734494e+00 1.757016680485644008e-02
1.159924623115578015e+03 2.069084067328530452e+00 1.757129637378345571e-02
1.165577889447236203e+03 2.069007237153425383e+00 1.757237864769521304e-02
1.171231155778894390e+03 2.068931856038812356e+00 1.757341520629657899e-02
1.176884422110552805e+03 2.068857886194575890e+00 1.757440757282365332e-02
1.182537688442210992e+03 2.068785291093925061e+00 1.757535721620925515e-02
1.188190954773869180e+03 2.068714035421858277e+00 1.757626555323171455e-02
1.193844221105527595e+03 2.068644085026105195e+00 1.757713395062195094e-02
1.199497487437186010e+03 2.068575406870412081e+00 1.757796372692702058e-02
1.205150753768844197e+03 2.068507968990039636e+00 1.757875615444621023e-02
1.210804020100502385e+03 2.068441740449356470e+00 1.757951246099988610e-02
1.216457286432160799e+03 2.068376691301407888e+00 1.758023383167029927e-02
1.222110552763819214e+03 2.068312792549364509e+00 1.758092141035030864e-02
1.227763819095477402e+03 2.068250016109736578e+00 1.758157630146655465e-02
1.233417085427135589e+03 2.068188334777275372e+00 1.758219957135935888e-02
1.239070351758794004e+03 2.068127722191460016e+00 1.758279224976160363e-02
1.244723618090452419e+03 2.068068152804495519e+00 1.758335533121255581e-02
1.250376884422110379e+03 2.068009601850741674e+00 1.758388977634358155e-02
1.256030150753768794e+03 2.067952045317494658e+00 1.758439651314961522e-02
1.261683417085427209e+03 2.067895459917059586e+00 1.758487643824644189e-02
1.267336683417085396e+03 2.067839823060045656e+00 1.758533041798763727e-02
1.272989949748743584e+03 2.067785112829817251e+00 1.758575928961808241e-02
1.278643216080401999e+03 2.067731307958051712e+00 1.758616386231259474e-02
1.284296482412060413e+03 2.067678387801342943e+00 1.758654491823866475e-02
1.289949748743718601e+03 2.067626332318801108e+00 1.758690321354236877e-02
1.295603015075376788e+03 2.067575122050599568e+00 1.758723947930804915e-02
1.301256281407035203e+03 2.067524738097424208e+00 1.758755442237817587e-02
1.306909547738693618e+03 2.067475162100777197e+00 1.758784872636174820e-02
1.312562814070351806e+03 2.067426376224099638e+00 1.758812305238939902e-02
1.318216080402009993e+03 2.067378363134671382e+00 1.758837803995613389e-02
1.323869346733668408e+03 2.067331105986250250e+00 1.758861430762448733e-02
1.329522613065326595e+03 2.067284588402417356e+00 1.758883245390382641e-02
1.335175879396984783e+03 2.067238794460595219e+00 1.758903305780079238e-02
1.340829145728643198e+03 2.067193708676707598e+00 1.758921667965956254e-02
1.346482412060301613e+03 2.067149315990448599e+00 1.758938386168599349e-02
1.352135678391959800e+03 2.067105601751141553e+00 1.758953512871113539e-02
1.357788944723617988e+03 2.067062551704144546e+00 1.758967098867659715e-02
1.363442211055276402e+03 2.067020151977800868e+00 1.758979193333407715e-02
1.369095477386934817e+03 2.066978389070884159e+00 1.758989843872992356e-02
1.374748743718593005e+03 2.066937249840538282e+00 1.758999096575245003e-02
1.380402010050251192e+03 2.066896721490676825e+00 1.759006996072941947e-02
1.386055276381909607e+03 2.066856791560823137e+00 1.759013585583586378e-02
1.391708542713567795e+03 2.066817447915380246e+00 1.759018906961521897e-02
1.397361809045225982e+03 2.066778678733300012e+00 1.759023000751281859e-02
1.403015075376884397e+03 2.066740472498141745e+00 1.759025906214408200e-02
1.408668341708542812e+03 2.066702817988501639e+00 1.759027661392848288e-02
1.414321608040200999e+03 2.066665704268798365e+00 1.759028303139516247e-02
1.419974874371859187e+03 2.066629120680394394e+00 1.759027867161453568e-02
1.425628140703517602e+03 2.066593056833044617e+00 1.759026388051612363e-02
1.431281407035176017e+03 2.066557502596659823e+00 1.759023899337029684e-02
1.436934673366834204e+03 2.066522448093362829e+00 1.759020433508052747e-02
1.442587939698492391e+03 2.066487883689833271e+00 1.759016022052597994e-02
1.448241206030150806e+03 2.066453799989927287e+00 1.759010695489133733e-02
1.453894472361808994e+03 2.066420187827559651e+00 1.759004483404699379e-02
1.459547738693467409e+03 2.066387038259833719e+00 1.758997414475240231e-02
1.465201005025125596e+03 2.066354342560424051e+00 1.758989516504865999e-02
1.470854271356784011e+03 2.066322092213175310e+00 1.758980816447426945e-02
1.476507537688442198e+03 2.066290278905938749e+00 1.758971340440702510e-02
1.482160804020100386e+03 2.066258894524612533e+00 1.758961113827960110e-02
1.487814070351758801e+03 2.066227931147392116e+00 1.758950161185814098e-02
1.493467336683416988e+03 2.066197381039215131e+00 1.758938506347031139e-02
1.499120603015075403e+03 2.066167236646396344e+00 1.758926172428374596e-02
1.504773869346733591e+03 2.066137490591445136e+00 1.758913181848347634e-02
1.510427135678392006e+03 2.066108135668057066e+00 1.758899556355024082e-02
1.516080402010050193e+03 2.066079164836274185e+00 1.758885317042517549e-02
1.521733668341708608e+03 2.066050571217803000e+00 1.758870484375014628e-02
1.527386934673366795e+03 2.066022348091494987e+00 1.758855078208283046e-02
1.533040201005025210e+03 2.065994488888968750e+00 1.758839117799811461e-02
1.538693467336683398e+03 2.065966987190380966e+00 1.758822621842929743e-02
1.544346733668341585e+03 2.065939836720332767e+00 1.758805608468105852e-02
1.550000000000000000e+03 2.065913031343912021e+00 1.758788095273271929e-02
