4.250000000000000000e+02 1.707589513900118261e+00 3.980984851322861839e-01
4.306532663316583012e+02 1.823151019258860694e+00 3.696888177255743257e-01
4.363065326633166023e+02 1.884105039784276014e+00 3.539608623221707218e-01
4.419597989949749035e+02 1.928318204378738132e+00 3.414309844898507640e-01
4.476130653266331478e+02 1.964865903423011595e+00 3.299681437404338169e-01
4.532663316582914490e+02 1.997281268796921028e+00 3.187464802745275660e-01
4.589195979899497502e+02 2.027292566831635057e+00 3.073418849538344100e-01
4.645728643216080513e+02 2.055867384940870402e+00 2.954865664408301007e-01
4.702261306532663525e+02 2.083596789652335968e+00 2.829776247646330622e-01
4.758793969849245968e+02 2.110862354970865606e+00 2.696331647215249316e-01
4.815326633165828980e+02 2.137916533377073325e+00 2.552640715564676865e-01
4.871859296482411992e+02 2.164922265102634302e+00 2.396479894979740011e-01
4.928391959798995003e+02 2.191968493341470037e+00 2.224955180380529252e-01
4.984924623115578015e+02 2.219063267732933831e+00 2.033938761796448003e-01
5.041457286432161027e+02 2.246086676988404918e+00 1.816940137207768979e-01
5.097989949748744039e+02 2.272619813672580591e+00 1.562376638646449101e-01
5.154522613065327050e+02 2.297160711453772208e+00 1.244908762351960435e-01
5.211055276381910062e+02 2.309101209334488480e+00 7.762511412242963094e-02
5.267587939698491937e+02 2.279597778228643623e+00 1.470459663274039860e-02
5.324120603015074948e+02 2.233758931224917976e+00 1.505678214104643094e-02
5.380653266331657960e+02 2.208049726599672358e+00 1.527846863537537722e-02
5.437185929648240972e+02 2.190215142316426444e+00 1.544529054932513613e-02
5.493718592964823983e+02 2.176710367715514849e+00 1.557974964322906587e-02
5.550251256281406995e+02 2.165966719816871500e+00 1.569209884878666750e-02
5.606783919597990007e+02 2.157139420773308558e+00 1.578804584807686970e-02
5.663316582914573019e+02 2.149717795100727358e+00 1.587117206501140534e-02
5.719849246231156030e+02 2.143368497423173924e+00 1.594391304230324824e-02
5.776381909547739042e+02 2.137861641952282454e+00 1.600802388747759458e-02
5.832914572864322054e+02 2.133031990316434090e+00 1.606482575953956451e-02
5.889447236180903928e+02 2.128756862408992756e+00 1.611534737017569080e-02
5.945979899497488077e+02 2.124942769324291270e+00 1.616041145393006667e-02
6.002512562814069952e+02 2.121516920975809573e+00 1.620069032733362571e-02
6.059045226130652964e+02 2.118421612777638519e+00 1.623674309581753239e-02
6.115577889447235975e+02 2.115610391336752549e+00 1.626904145679074903e-02
6.172110552763818987e+02 2.113045361645217834e+00 1.629798813909195954e-02
6.228643216080401999e+02 2.110695250490302044e+00 1.632393042913166462e-02
6.285175879396985010e+02 2.108533984775805337e+00 1.634717032363331921e-02
6.341708542713568022e+02 2.106539628901533678e+00 1.636797230688017551e-02
6.398241206030151034e+02 2.104693577807263516e+00 1.638656941743699136e-02
6.454773869346734045e+02 2.102979935454989402e+00 1.640316805765666686e-02
6.511306532663315920e+02 2.101385030045111790e+00 1.641795186222083647e-02
6.567839195979900069e+02 2.099897031553221272e+00 1.643108485034809954e-02
6.624371859296481944e+02 2.098505646861541507e+00 1.644271402444127603e-02
6.680904522613064955e+02 2.097201874448846759e+00 1.645297153459967382e-02
6.737437185929647967e+02 2.095977805300661245e+00 1.646197649845449265e-02
6.793969849246230979e+02 2.094826460051544714e+00 1.646983654402445554e-02
6.850502512562813990e+02 2.093741654793579432e+00 1.647664912744468968e-02
6.907035175879397002e+02 2.092717889759299066e+00 1.648250266605600159e-02
6.963567839195980014e+02 2.091750256402036712e+00 1.648747751841272285e-02
7.020100502512563025e+02 2.090834359381630314e+00 1.649164683654740643e-02
7.076633165829146037e+02 2.089966250708819917e+00 1.649507731074875694e-02
7.133165829145727912e+02 2.089142373871062386e+00 1.649782982305897719e-02
7.189698492462312061e+02 2.088359516201234722e+00 1.649996002312421883e-02
7.246231155778893935e+02 2.087614768091580419e+00 1.650151883725245808e-02
7.302763819095478084e+02 2.086905487922068314e+00 1.650255292006133287e-02
7.359296482412059959e+02 2.086229271782747752e+00 1.650310505606073994e-02
7.415829145728642970e+02 2.085583927236668078e+00 1.650321451803975908e-02
7.472361809045225982e+02 2.084967450503357522e+00 1.650291738739276953e-02
7.528894472361808994e+02 2.084378006550052120e+00 1.650224684112986881e-02
7.585427135678392006e+02 2.083813911664522678e+00 1.650123340978547001e-02
7.641959798994975017e+02 2.083273618153741236e+00 1.649990520923833720e-02
7.698492462311558029e+02 2.082755700870139393e+00 1.649828814981579850e-02
7.755025125628139904e+02 2.082258845314362894e+00 1.649640612497192335e-02
7.811557788944724052e+02 2.081781837102362420e+00 1.649428118200643029e-02
7.868090452261305927e+02 2.081323552616825445e+00 1.649193367650589673e-02
7.924623115577890076e+02 2.080882950689760591e+00 1.648938241255338416e-02
7.981155778894471950e+02 2.080459065185382261e+00 1.648664476985646499e-02
8.037688442211054962e+02 2.080050998371179904e+00 1.648373681949152902e-02
8.094221105527637974e+02 2.079657914980804545e+00 1.648067342911306229e-02
8.150753768844220986e+02 2.079279036885696375e+00 1.647746835892264020e-02
8.207286432160803997e+02 2.078913638303637956e+00 1.647413434911682018e-02
8.263819095477387009e+02 2.078561041481974847e+00 1.647068319983486379e-02
8.320351758793970021e+02 2.078220612801387368e+00 1.646712584406821722e-02
8.376884422110551895e+02 2.077891759253070347e+00 1.646347241459442459e-02
8.433417085427136044e+02 2.077573925248128450e+00 1.645973230503684770e-02
8.489949748743717919e+02 2.077266589723132828e+00 1.645591422598336254e-02
8.546482412060302067e+02 2.076969263510203945e+00 1.645202625639319641e-02
8.603015075376883942e+02 2.076681486943781962e+00 1.644807589077455778e-02
8.659547738693468091e+02 2.076402827679581176e+00 1.644407008260030667e-02
8.716080402010049966e+02 2.076132878704057383e+00 1.644001528415718963e-02
8.772613065326632977e+02 2.075871256515248842e+00 1.643591748323873850e-02
8.829145728643215989e+02 2.075617599457985740e+00 1.643178223691531270e-02
8.885678391959799001e+02 2.075371566198409123e+00 1.642761470272184610e-02
8.942211055276382012e+02 2.075132834324356246e+00 1.642341966730592739e-02
8.998743718592965024e+02 2.074901099059673015e+00 1.641920157294298604e-02
9.055276381909548036e+02 2.074676072081767408e+00 1.641496454194652302e-02
9.111809045226129911e+02 2.074457480432855938e+00 1.641071239935243051e-02
9.168341708542714059e+02 2.074245065516361120e+00 1.640644869372880760e-02
9.224874371859295934e+02 2.074038582170785627e+00 1.640217671647610509e-02
9.281407035175880083e+02 2.073837797814177542e+00 1.639789951979338245e-02
9.337939698492461957e+02 2.073642491652989861e+00 1.639361993317467805e-02
9.394472361809044969e+02 2.073452453949750751e+00 1.638934057875970560e-02
9.451005025125627981e+02 2.073267485344510330e+00 1.638506388555165463e-02
9.507537688442210992e+02 2.073087396225519186e+00 1.638079210265031005e-02
9.564070351758794004e+02 2.072912006145012587e+00 1.637652731141830617e-02
9.620603015075377016e+02 2.072741143276394027e+00 1.637227143689123574e-02
9.677135678391960028e+02 2.072574643909420811e+00 1.636802625837662298e-02
9.733668341708543039e+02 2.072412351980341683e+00 1.636379341920011013e-02
9.790201005025126051e+02 2.072254118634184739e+00 1.635957443581487203e-02
9.846733668341707926e+02 2.072099801816677189e+00 1.635537070636845780e-02
9.903266331658290937e+02 2.071949265893466841e+00 1.635118351854980209e-02
9.959798994974873949e+02 2.071802381294560291e+00 1.634701405693264609e-02
1.001633165829145696e+03 2.071659024182037179e+00 1.634286340982818442e-02
1.007286432160803997e+03 2.071519076139296534e+00 1.633873257570050280e-02
1.012939698492462298e+03 2.071382423880219203e+00 1.633462246907617724e-02
1.018592964824120600e+03 2.071248958976780852e+00 1.633053392608308993e-02
1.024246231155778787e+03 2.071118577603766386e+00 1.632646770967223840e-02
1.029899497487437202e+03 2.070991180299341927e+00 1.632242451437236966e-02
1.035552763819095617e+03 2.070866671740360321e+00 1.631840497086228109e-02
1.041206030150753804e+03 2.070744960531343271e+00 1.631440965014273672e-02
1.046859296482411992e+03 2.070625959006190620e+00 1.631043906747059111e-02
1.052512562814070407e+03 2.070509583041726387e+00 1.630649368602742413e-02
1.058165829145728594e+03 2.070395751882267099e+00 1.630257392037668535e-02
1.063819095477386782e+03 2.070284387974464568e+00 1.629868013961351461e-02
1.069472361809045196e+03 2.070175416811728564e+00 1.629481267045200521e-02
1.075125628140703611e+03 2.070068766787585002e+00 1.629097179993617417e-02
1.080778894472361799e+03 2.069964369057383013e+00 1.628715777812846793e-02
1.086432160804019986e+03 2.069862157407801995e+00 1.628337082055747800e-02
1.092085427135678401e+03 2.069762068133647492e+00 1.627961111047898646e-02
1.097738693467336816e+03 2.069664039921474075e+00 1.627587880114096316e-02
1.103391959798995003e+03 2.069568013739587098e+00 1.627217401761577725e-02
1.109045226130653191e+03 2.069473932734035682e+00 1.626849685886766830e-02
1.114698492462311606e+03 2.069381742130208757e+00 1.626484739941417429e-02
1.120351758793969793e+03 2.069291389139689574e+00 1.626122569105868665e-02
1.126005025125627981e+03 2.069202822872044933e+00 1.625763176438010243e-02
1.131658291457286396e+03 2.069115994251251589e+00 1.625406563022501263e-02
1.137311557788944810e+03 2.069030855936469404e+00 1.625052728105207817e-02
1.142964824120602998e+03 2.068947362246912114e+00 1.624701669226498793e-02
1.148618090452261185e+03 2.068865469090559461e+00 1.624353382334256871e-02
1.154271356783919600e+03 2.068785133896494877e+00 1.624007861905280015e-02
1.159924623115578015e+03 2.068706315550649322e+00 1.623665101039525882e-02
1.165577889447236203e+03 2.068628974334755011e+00 1.623325091569558995e-02
1.171231155778894390e+03 2.068553071868327375e+00 1.622987824149647873e-02
1.176884422110552805e+03 2.068478571053494974e+00 1.622653288340897282e-02
1.182537688442210992e+03 2.068405436022524135e+00 1.622321472697884140e-02
1.188190954773869180e+03 2.068333632087881568e+00 1.621992364843104911e-02
1.193844221105527595e+03 2.068263125694695059e+00 1.621665951537429665e-02
1.199497487437186010e+03 2.068193884375477687e+00 1.621342218747922823e-02
1.205150753768844197e+03 2.068125876706995658e+00 1.621021151718506428e-02
1.210804020100502385e+03 2.068059072269154530e+00 1.620702735020171717e-02
1.216457286432160799e+03 2.067993441605805671e+00 1.620386952608120559e-02
1.222110552763819214e+03 2.067928956187361056e+00 1.620073787884467736e-02
1.227763819095477402e+03 2.067865588375121355e+00 1.619763223730870741e-02
1.233417085427135589e+03 2.067803311387232057e+00 1.619455242571374645e-02
1.239070351758794004e+03 2.067742099266176137e+00 1.619149826402423165e-02
1.244723618090452419e+03 2.067681926847724228e+00 1.618846956842117865e-02
1.250376884422110379e+03 2.067622769731270349e+00 1.618546615165818853e-02
1.256030150753768794e+03 2.067564604251479032e+00 1.618248782340422215e-02
1.261683417085427209e+03 2.067507407451175894e+00 1.617953439058678056e-02
1.267336683417085396e+03 2.067451157055422595e+00 1.617660565770807912e-02
1.272989949748743584e+03 2.067395831446711796e+00 1.617370142716158601e-02
1.278643216080401999e+03 2.067341409641230587e+00 1.617082149946654987e-02
1.284296482412060413e+03 2.067287871266138666e+00 1.616796567355773678e-02
1.289949748743718601e+03 2.067235196537805297e+00 1.616513374700680183e-02
1.295603015075376788e+03 2.067183366240967768e+00 1.616232551628512051e-02
1.301256281407035203e+03 2.067132361708760691e+00 1.615954077691696480e-02
1.306909547738693618e+03 2.067082164803572653e+00 1.615677932371531803e-02
1.312562814070351806e+03 2.067032757898695561e+00 1.615404095099038859e-02
1.318216080402009993e+03 2.066984123860727163e+00 1.615132545268962647e-02
1.323869346733668408e+03 2.066936246032686775e+00 1.614863262255160359e-02
1.329522613065326595e+03 2.066889108217817572e+00 1.614596225427375464e-02
1.335175879396984783e+03 2.066842694664039470e+00 1.614331414163903272e-02
1.340829145728643198e+03 2.066796990049022398e+00 1.614068807872518982e-02
1.346482412060301613e+03 2.066751979465851541e+00 1.613808385988031724e-02
1.352135678391959800e+03 2.066707648409260578e+00 1.613550127995981229e-02
1.357788944723617988e+03 2.066663982762400043e+00 1.613294013441213259e-02
1.363442211055276402e+03 2.066620968784127044e+00 1.613040021930952847e-02
1.369095477386934817e+03 2.066578593096779937e+00 1.612788133153022010e-02
1.374748743718593005e+03 2.066536842674429497e+00 1.612538326878922706e-02
1.380402010050251192e+03 2.066495704831573743e+00 1.612290582971052585e-02
1.386055276381909607e+03 2.066455167212268407e+00 1.612044881395428148e-02
1.391708542713567795e+03 2.066415217779661972e+00 1.611801202220644949e-02
1.397361809045225982e+03 2.066375844805926842e+00 1.611559525633360010e-02
1.403015075376884397e+03 2.066337036862563981e+00 1.611319831935875690e-02
1.408668341708542812e+03 2.066298782811071710e+00 1.611082101556115739e-02
1.414321608040200999e+03 2.066261071793951576e+00 1.610846315049336772e-02
1.419974874371859187e+03 2.066223893226051267e+00 1.610612453103973940e-02
1.425628140703517602e+03 2.066187236786214854e+00 1.610380496550242735e-02
1.431281407035176017e+03 2.066151092409243883e+00 1.610150426353574096e-02
1.436934673366834204e+03 2.066115450278141807e+00 1.609922223627350754e-02
1.442587939698492391e+03 2.066080300816641291e+00 1.609695869633231621e-02
1.448241206030150806e+03 2.066045634681988652e+00 1.609471345778713813e-02
1.453894472361808994e+03 2.066011442757995642e+00 1.609248633631247746e-02
1.459547738693467409e+03 2.065977716148328369e+00 1.609027714903375414e-02
1.465201005025125596e+03 2.065944446170029813e+00 1.608808571473739277e-02
1.470854271356784011e+03 2.065911624347275488e+00 1.608591185374974239e-02
1.476507537688442198e+03 2.065879242405335603e+00 1.608375538799531462e-02
1.482160804020100386e+03 2.065847292264752166e+00 1.608161614099980555e-02
1.487814070351758801e+03 2.065815766035715484e+00 1.607949393794830262e-02
1.493467336683416988e+03 2.065784656012624954e+00 1.607738860564682237e-02
1.499120603015075403e+03 2.065753954668841708e+00 1.607529997249757675e-02
1.504773869346733591e+03 2.065723654651616670e+00 1.607322786859851499e-02
1.510427135678392006e+03 2.065693748777183814e+00 1.607117212567709535e-02
1.516080402010050193e+03 2.065664230026022175e+00 1.606913257709307111e-02
1.521733668341708608e+03 2.065635091538273294e+00 1.606710905789648924e-02
1.527386934673366795e+03 2.065606326609307875e+00 1.606510140473367196e-02
1.533040201005025210e+03 2.065577928685440767e+00 1.606310945597425391e-02
1.538693467336683398e+03 2.065549891359783174e+00 1.606113305156177395e-02
1.544346733668341585e+03 2.065522208368232970e+00 1.605917203314064304e-02
1.550000000000000000e+03 2.065494873585589364e+00 1.605722624396192441e-02
