4.250000000000000000e+02 1.731507425205342399e+00 4.044978651419664506e-01
4.306532663316583012e+02 1.848253716635055000e+00 3.762556905491886705e-01
4.363065326633166023e+02 1.909570661872570518e+00 3.609106304052451253e-01
4.419597989949749035e+02 1.953902707441527165e+00 3.488397319958065901e-01
4.476130653266331478e+02 1.990460393971478448e+00 3.378858529421234214e-01
4.532663316582914490e+02 2.022828863978893832e+00 3.272171952918236371e-01
4.589195979899497502e+02 2.052762109802572787e+00 3.164110172929340825e-01
4.645728643216080513e+02 2.081242938861889602e+00 3.052054357096571358e-01
4.702261306532663525e+02 2.108873084976620405e+00 2.934078531731783013e-01
4.758793969849245968e+02 2.136043185655307042e+00 2.808522549069011331e-01
4.815326633165828980e+02 2.163015280222018610e+00 2.673735731629762746e-01
4.871859296482411992e+02 2.189964929721097242e+00 2.527865676058384525e-01
4.928391959798995003e+02 2.217001210728742677e+00 2.368615501553253677e-01
4.984924623115578015e+02 2.244170170293066313e+00 2.192880980246056100e-01
5.041457286432161027e+02 2.271437035880307764e+00 1.996097307329506299e-01
5.097989949748744039e+02 2.298620415287913943e+00 1.770858198709348574e-01
5.154522613065327050e+02 2.325161286907822866e+00 1.503371850404804921e-01
5.211055276381910062e+02 2.348991716677104602e+00 1.161015777344334560e-01
5.267587939698491937e+02 2.349438640834096148e+00 5.936697192130947071e-02
5.324120603015074948e+02 2.312970079925783740e+00 1.577583514867812037e-02
5.380653266331657960e+02 2.271825539570520025e+00 1.606845355694185018e-02
5.437185929648240972e+02 2.247713791010068629e+00 1.621763263083014772e-02
5.493718592964823983e+02 2.230680205839591590e+00 1.628413651308948870e-02
5.550251256281406995e+02 2.217669798837309969e+00 1.628408947099463724e-02
5.606783919597990007e+02 2.207282534219071835e+00 1.622310488741397771e-02
5.663316582914573019e+02 2.198745516063573380e+00 1.610371805575843557e-02
5.719849246231156030e+02 2.191581036622350265e+00 1.592874422418768393e-02
5.776381909547739042e+02 2.185469319201248428e+00 1.570367547554865975e-02
5.832914572864322054e+02 2.180182819792371163e+00 1.543840371996051467e-02
5.889447236180903928e+02 2.175552200612846931e+00 1.514759689308899267e-02
5.945979899497488077e+02 2.171448267991838765e+00 1.484900161383100915e-02
6.002512562814069952e+02 2.167772110189861934e+00 1.455998072803347913e-02
6.059045226130652964e+02 2.164448762720323938e+00 1.429396606548483106e-02
6.115577889447235975e+02 2.161421908252250113e+00 1.405864429462596807e-02
6.172110552763818987e+02 2.158649009553879061e+00 1.385632213212188886e-02
6.228643216080401999e+02 2.156097215575717652e+00 1.368556293783890383e-02
6.285175879396985010e+02 2.153740338054114911e+00 1.354296183067569062e-02
6.341708542713568022e+02 2.151556836044627108e+00 1.342445400902729166e-02
6.398241206030151034e+02 2.149528542959343813e+00 1.332606933192948678e-02
6.454773869346734045e+02 2.147639865681913562e+00 1.324427651298638875e-02
6.511306532663315920e+02 2.145877261576587980e+00 1.317608600003739548e-02
6.567839195979900069e+02 2.144228875601021045e+00 1.311903355837096795e-02
6.624371859296481944e+02 2.142684271936826867e+00 1.307111582443639536e-02
6.680904522613064955e+02 2.141234224790282692e+00 1.303071404622777561e-02
6.737437185929647967e+02 2.139870549136976052e+00 1.299652210337890954e-02
6.793969849246230979e+02 2.138585960469884917e+00 1.296748458981622151e-02
6.850502512562813990e+02 2.137373956857081758e+00 1.294274594981993654e-02
6.907035175879397002e+02 2.136228718853432795e+00 1.292160969332434989e-02
6.963567839195980014e+02 2.135145024060102870e+00 1.290350609851019341e-02
7.020100502512563025e+02 2.134118173881904390e+00 1.288796677830397405e-02
7.076633165829146037e+02 2.133143930533246024e+00 1.287460468098927495e-02
7.133165829145727912e+02 2.132218462702912820e+00 1.286309834518435495e-02
7.189698492462312061e+02 2.131338298562241995e+00 1.285317946910925942e-02
7.246231155778893935e+02 2.130500285019164775e+00 1.284462305837298472e-02
7.302763819095478084e+02 2.129701552297906808e+00 1.283723958234215395e-02
7.359296482412059959e+02 2.128939483070336980e+00 1.283086869911579872e-02
7.415829145728642970e+02 2.128211685486423477e+00 1.282537420994335139e-02
7.472361809045225982e+02 2.127515969552554509e+00 1.282063998175786423e-02
7.528894472361808994e+02 2.126850326391152013e+00 1.281656663508976175e-02
7.585427135678392006e+02 2.126212909985934374e+00 1.281306884039501957e-02
7.641959798994975017e+02 2.125602021076625991e+00 1.281007310019518890e-02
7.698492462311558029e+02 2.125016092916859556e+00 1.280751592142204999e-02
7.755025125628139904e+02 2.124453678650979782e+00 1.280534230200030751e-02
7.811557788944724052e+02 2.123913440100838823e+00 1.280350447267932651e-02
7.868090452261305927e+02 2.123394137783503499e+00 1.280196084615253457e-02
7.924623115577890076e+02 2.122894622006026744e+00 1.280067513622155581e-02
7.981155778894471950e+02 2.122413824904800350e+00 1.279961561636576949e-02
8.037688442211054962e+02 2.121950753315147598e+00 1.279875449339627595e-02
8.094221105527637974e+02 2.121504482372239320e+00 1.279806737655090308e-02
8.150753768844220986e+02 2.121074149757578020e+00 1.279753282595197210e-02
8.207286432160803997e+02 2.120658950516530972e+00 1.279713196718141634e-02
8.263819095477387009e+02 2.120258132382009553e+00 1.279684816154374322e-02
8.320351758793970021e+02 2.119870991547664119e+00 1.279666672293687871e-02
8.376884422110551895e+02 2.119496868841057147e+00 1.279657467407019703e-02
8.433417085427136044e+02 2.119135146253399160e+00 1.279656053623789459e-02
8.489949748743717919e+02 2.118785243787731254e+00 1.279661414717233117e-02
8.546482412060302067e+02 2.118446616592002840e+00 1.279672650323147171e-02
8.603015075376883942e+02 2.118118752347472267e+00 1.279688962208786959e-02
8.659547738693468091e+02 2.117801168886309426e+00 1.279709642321872308e-02
8.716080402010049966e+02 2.117493412015281518e+00 1.279734062331308597e-02
8.772613065326632977e+02 2.117195053525032566e+00 1.279761664509297334e-02
8.829145728643215989e+02 2.116905689366755272e+00 1.279791953698085523e-02
8.885678391959799001e+02 2.116624937980071675e+00 1.279824490300244741e-02
8.942211055276382012e+02 2.116352438757691079e+00 1.279858884073141814e-02
8.998743718592965024e+02 2.116087850633979972e+00 1.279894788676313143e-02
9.055276381909548036e+02 2.115830850785927364e+00 1.279931896871682948e-02
9.111809045226129911e+02 2.115581133436210681e+00 1.279969936248658707e-02
9.168341708542714059e+02 2.115338408749116716e+00 1.280008665477884097e-02
9.224874371859295934e+02 2.115102401811032706e+00 1.280047870955082143e-02
9.281407035175880083e+02 2.114872851688039290e+00 1.280087363852498890e-02
9.337939698492461957e+02 2.114649510553894274e+00 1.280126977472233717e-02
9.394472361809044969e+02 2.114432142882352483e+00 1.280166564910206577e-02
9.451005025125627981e+02 2.114220524698351866e+00 1.280205996968359142e-02
9.507537688442210992e+02 2.114014442883121347e+00 1.280245160289098828e-02
9.564070351758794004e+02 2.113813694528741127e+00 1.280283955698118502e-02
9.620603015075377016e+02 2.113618086338093338e+00 1.280322296720906583e-02
9.677135678391960028e+02 2.113427434066535771e+00 1.280360108241718198e-02
9.733668341708543039e+02 2.113241562001942686e+00 1.280397325339686747e-02
9.790201005025126051e+02 2.113060302480079145e+00 1.280433892201465924e-02
9.846733668341707926e+02 2.112883495432546166e+00 1.280469761174560760e-02
9.903266331658290937e+02 2.112710987964765863e+00 1.280504891919700440e-02
9.959798994974873949e+02 2.112542633961707050e+00 1.280539250629293690e-02
1.001633165829145696e+03 2.112378293719252564e+00 1.280572809343157210e-02
1.007286432160803997e+03 2.112217833599284056e+00 1.280605545335494408e-02
1.012939698492462298e+03 2.112061125706720333e+00 1.280637440541890736e-02
1.018592964824120600e+03 2.111908047586907422e+00 1.280668481069664917e-02
1.024246231155778787e+03 2.111758481941869992e+00 1.280698656741274116e-02
1.029899497487437202e+03 2.111612316364080311e+00 1.280727960691568912e-02
1.035552763819095617e+03 2.111469443086486653e+00 1.280756388998077928e-02
1.041206030150753804e+03 2.111329758747665597e+00 1.280783940351249740e-02
1.046859296482411992e+03 2.111193164171035086e+00 1.280810615762904142e-02
1.052512562814070407e+03 2.111059564157162782e+00 1.280836418290348493e-02
1.058165829145728594e+03 2.110928867288270006e+00 1.280861352802155871e-02
1.063819095477386782e+03 2.110800985744109681e+00 1.280885425757857798e-02
1.069472361809045196e+03 2.110675835128449140e+00 1.280908645015415258e-02
1.075125628140703611e+03 2.110553334305459661e+00 1.280931019645659141e-02
1.080778894472361799e+03 2.110433405245353722e+00 1.280952559784899122e-02
1.086432160804019986e+03 2.110315972878674451e+00 1.280973276484089970e-02
1.092085427135678401e+03 2.110200964958670156e+00 1.280993181584023921e-02
1.097738693467336816e+03 2.110088311931243688e+00 1.281012287597473216e-02
1.103391959798995003e+03 2.109977946811986804e+00 1.281030607603484209e-02
1.109045226130653191e+03 2.109869805069865212e+00 1.281048155157283805e-02
1.114698492462311606e+03 2.109763824517131070e+00 1.281064944200198050e-02
1.120351758793969793e+03 2.109659945205079268e+00 1.281080988992110668e-02
1.126005025125627981e+03 2.109558109325295305e+00 1.281096304033530614e-02
1.131658291457286396e+03 2.109458261116051059e+00 1.281110904017130833e-02
1.137311557788944810e+03 2.109360346773551775e+00 1.281124803756757309e-02
1.142964824120602998e+03 2.109264314367729654e+00 1.281138018158040418e-02
1.148618090452261185e+03 2.109170113762328658e+00 1.281150562159543219e-02
1.154271356783919600e+03 2.109077696539018554e+00 1.281162450698175408e-02
1.159924623115578015e+03 2.108987015925309905e+00 1.281173698683273597e-02
1.165577889447236203e+03 2.108898026726045760e+00 1.281184320951617335e-02
1.171231155778894390e+03 2.108810685258269313e+00 1.281194332250173637e-02
1.176884422110552805e+03 2.108724949289273454e+00 1.281203747215376235e-02
1.182537688442210992e+03 2.108640777977651481e+00 1.281212580338535884e-02
1.188190954773869180e+03 2.108558131817184655e+00 1.281220845960713735e-02
1.193844221105527595e+03 2.108476972583406717e+00 1.281228558253726980e-02
1.199497487437186010e+03 2.108397263282699274e+00 1.281235731199419775e-02
1.205150753768844197e+03 2.108318968103776836e+00 1.281242378586263005e-02
1.210804020100502385e+03 2.108242052371436248e+00 1.281248513997284601e-02
1.216457286432160799e+03 2.108166482502447092e+00 1.281254150794533704e-02
1.222110552763819214e+03 2.108092225963465793e+00 1.281259302124337571e-02
1.227763819095477402e+03 2.108019251230869529e+00 1.281263980900025981e-02
1.233417085427135589e+03 2.107947527752410455e+00 1.281268199803718179e-02
1.239070351758794004e+03 2.107877025910589008e+00 1.281271971281173518e-02
1.244723618090452419e+03 2.107807716987661895e+00 1.281275307536640720e-02
1.250376884422110379e+03 2.107739573132203947e+00 1.281278220536369826e-02
1.256030150753768794e+03 2.107672567327131485e+00 1.281280721999989401e-02
1.261683417085427209e+03 2.107606673359129879e+00 1.281282823409213810e-02
1.267336683417085396e+03 2.107541865789401836e+00 1.281284535995749936e-02
1.272989949748743584e+03 2.107478119925676463e+00 1.281285870756931206e-02
1.278643216080401999e+03 2.107415411795414695e+00 1.281286838443621012e-02
1.284296482412060413e+03 2.107353718120152042e+00 1.281287449570643264e-02
1.289949748743718601e+03 2.107293016290922694e+00 1.281287714409881130e-02
1.295603015075376788e+03 2.107233284344713020e+00 1.281287643007635035e-02
1.301256281407035203e+03 2.107174500941896067e+00 1.281287245163854720e-02
1.306909547738693618e+03 2.107116645344595973e+00 1.281286530459891694e-02
1.312562814070351806e+03 2.107059697395942344e+00 1.281285508244659269e-02
1.318216080402009993e+03 2.107003637500170612e+00 1.281284187645052343e-02
1.323869346733668408e+03 2.106948446603523539e+00 1.281282577565968743e-02
1.329522613065326595e+03 2.106894106175930759e+00 1.281280686697259738e-02
1.335175879396984783e+03 2.106840598193411740e+00 1.281278523512015266e-02
1.340829145728643198e+03 2.106787905121183524e+00 1.281276096276979214e-02
1.346482412060301613e+03 2.106736009897431927e+00 1.281273413049098010e-02
1.352135678391959800e+03 2.106684895917721789e+00 1.281270481689399630e-02
1.357788944723617988e+03 2.106634547020012072e+00 1.281267309852608845e-02
1.363442211055276402e+03 2.106584947470255820e+00 1.281263905006222587e-02
1.369095477386934817e+03 2.106536081948548578e+00 1.281260274421856110e-02
1.374748743718593005e+03 2.106487935535812817e+00 1.281256425187385188e-02
1.380402010050251192e+03 2.106440493700982408e+00 1.281252364205222143e-02
1.386055276381909607e+03 2.106393742288678705e+00 1.281248098206189123e-02
1.391708542713567795e+03 2.106347667507341370e+00 1.281243633735662524e-02
1.397361809045225982e+03 2.106302255917808619e+00 1.281238977174375439e-02
1.403015075376884397e+03 2.106257494422320686e+00 1.281234134736693349e-02
1.408668341708542812e+03 2.106213370253924744e+00 1.281229112468885468e-02
1.414321608040200999e+03 2.106169870966272395e+00 1.281223916262995595e-02
1.419974874371859187e+03 2.106126984423787540e+00 1.281218551851648173e-02
1.425628140703517602e+03 2.106084698792192178e+00 1.281213024814984586e-02
1.431281407035176017e+03 2.106043002529371044e+00 1.281207340587599448e-02
1.436934673366834204e+03 2.106001884376566213e+00 1.281201504453345456e-02
1.442587939698492391e+03 2.105961333349884335e+00 1.281195521560934102e-02
1.448241206030150806e+03 2.105921338732103187e+00 1.281189396917006146e-02
1.453894472361808994e+03 2.105881890064770001e+00 1.281183135394799340e-02
1.459547738693467409e+03 2.105842977140574224e+00 1.281176741732417690e-02
1.465201005025125596e+03 2.105804589995986742e+00 1.281170220548431653e-02
1.470854271356784011e+03 2.105766718904154455e+00 1.281163576328014052e-02
1.476507537688442198e+03 2.105729354368036432e+00 1.281156813436806242e-02
1.482160804020100386e+03 2.105692487113782541e+00 1.281149936126119680e-02
1.487814070351758801e+03 2.105656108084328348e+00 1.281142948522536601e-02
1.493467336683416988e+03 2.105620208433215179e+00 1.281135854648708834e-02
1.499120603015075403e+03 2.105584779518612226e+00 1.281128658411226189e-02
1.504773869346733591e+03 2.105549812897544282e+00 1.281121363614482270e-02
1.510427135678392006e+03 2.105515300320307759e+00 1.281113973953741311e-02
1.516080402010050193e+03 2.105481233725075008e+00 1.281106493027270136e-02
1.521733668341708608e+03 2.105447605232673158e+00 1.281098924329405857e-02
1.527386934673366795e+03 2.105414407141538380e+00 1.281091271262687660e-02
1.533040201005025210e+03 2.105381631922833119e+00 1.281083537132656457e-02
1.538693467336683398e+03 2.105349272215719658e+00 1.281075725154787182e-02
1.544346733668341585e+03 2.105317320822790439e+00 1.281067838456221609e-02
1.550000000000000000e+03 2.105285770705642712e+00 1.281059880072300816e-02
