4.250000000000000000e+02 1.730971831773810532e+00 3.694320078193852885e-01
4.306532663316583012e+02 1.837951861926546249e+00 3.454986703178949403e-01
4.363065326633166023e+02 1.894269130992129124e+00 3.322682124010400972e-01
4.419597989949749035e+02 1.935044440792701437e+00 3.217370044012615726e-01
4.476130653266331478e+02 1.968704777209784762e+00 3.120934276246500882e-01
4.532663316582914490e+02 1.998533175632577708e+00 3.026334588881335885e-01
4.589195979899497502e+02 2.026136870387336586e+00 2.929958042235230598e-01
4.645728643216080513e+02 2.052416916189747198e+00 2.829537173119791582e-01
4.702261306532663525e+02 2.077925238086513193e+00 2.723377715281294353e-01
4.758793969849245968e+02 2.103020255814306072e+00 2.609994953705224163e-01
4.815326633165828980e+02 2.127942420005609403e+00 2.487891429531561560e-01
4.871859296482411992e+02 2.152852753121058171e+00 2.355369125181601964e-01
4.928391959798995003e+02 2.177851083909857266e+00 2.210308769085835290e-01
4.984924623115578015e+02 2.202979046996598633e+00 2.049835778284951615e-01
5.041457286432161027e+02 2.228203422509014597e+00 1.869715715737147177e-01
5.097989949748744039e+02 2.253354947165681743e+00 1.663074103138144355e-01
5.154522613065327050e+02 2.277913855589420056e+00 1.417110124484495526e-01
5.211055276381910062e+02 2.299960611128539334e+00 1.101562618893500572e-01
5.267587939698491937e+02 2.300351816105032476e+00 5.774508011881263753e-02
5.324120603015074948e+02 2.266489919765403815e+00 1.748566246294696452e-02
5.380653266331657960e+02 2.228308805483798061e+00 1.792848571137175065e-02
5.437185929648240972e+02 2.205891384259911714e+00 1.824656910674961330e-02
5.493718592964823983e+02 2.190012834226179539e+00 1.850497727295814451e-02
5.550251256281406995e+02 2.177847382597049464e+00 1.872026428790969296e-02
5.606783919597990007e+02 2.168109602749978215e+00 1.889174498834756202e-02
5.663316582914573019e+02 2.160118562678245091e+00 1.899220949506252865e-02
5.719849246231156030e+02 2.153613795446767565e+00 1.884335775069823776e-02
5.776381909547739042e+02 2.152531161382496894e+00 1.231098223332012000e-02
5.832914572864322054e+02 2.147857202237036578e+00 1.132692105294189587e-02
5.889447236180903928e+02 2.143338444100149953e+00 1.128537803243744204e-02
5.945979899497488077e+02 2.139301549896083010e+00 1.129353492925456309e-02
6.002512562814069952e+02 2.135680658329028869e+00 1.131352793762337508e-02
6.059045226130652964e+02 2.132414402735442582e+00 1.133714894691040601e-02
6.115577889447235975e+02 2.129452178738646673e+00 1.136169354953446391e-02
6.172110552763818987e+02 2.126752588327431415e+00 1.138608179797108259e-02
6.228643216080401999e+02 2.124281553717107585e+00 1.140984228737923836e-02
6.285175879396985010e+02 2.122010777519553137e+00 1.143276685851065538e-02
6.341708542713568022e+02 2.119916554851785317e+00 1.145477216697583962e-02
6.398241206030151034e+02 2.117978863197175876e+00 1.147583752112686824e-02
6.454773869346734045e+02 2.116180661133146401e+00 1.149597460617346814e-02
6.511306532663315920e+02 2.114507343010604057e+00 1.151521184039506172e-02
6.567839195979900069e+02 2.112946310654911120e+00 1.153358594164303162e-02
6.624371859296481944e+02 2.111486633659963363e+00 1.155113724890057328e-02
6.680904522613064955e+02 2.110118777428168890e+00 1.156790708686208750e-02
6.737437185929647967e+02 2.108834383539280211e+00 1.158393627936015607e-02
6.793969849246230979e+02 2.107626090934077379e+00 1.159926432646266048e-02
6.850502512562813990e+02 2.106487389226358253e+00 1.161392897134365040e-02
6.907035175879397002e+02 2.105412497524681292e+00 1.162796599883527369e-02
6.963567839195980014e+02 2.104396263672954959e+00 1.164140917184689622e-02
7.020100502512563025e+02 2.103434079958751202e+00 1.165429024939439867e-02
7.076633165829146037e+02 2.102521812196797679e+00 1.166663905130506211e-02
7.133165829145727912e+02 2.101655739747839924e+00 1.167848354877003801e-02
7.189698492462312061e+02 2.100832504533585610e+00 1.168984996752538835e-02
7.246231155778893935e+02 2.100049067495469934e+00 1.170076289540796129e-02
7.302763819095478084e+02 2.099302671246526586e+00 1.171124538945837214e-02
7.359296482412059959e+02 2.098590807902370070e+00 1.172131907990082642e-02
7.415829145728642970e+02 2.097911191264345554e+00 1.173100426900896415e-02
7.472361809045225982e+02 2.097261732676755752e+00 1.174032002420202607e-02
7.528894472361808994e+02 2.096640519999184882e+00 1.174928426500222722e-02
7.585427135678392006e+02 2.096045799230869644e+00 1.175791384401554847e-02
7.641959798994975017e+02 2.095475958401701533e+00 1.176622462172202156e-02
7.698492462311558029e+02 2.094929513407675525e+00 1.177423153575301099e-02
7.755025125628139904e+02 2.094405095520256221e+00 1.178194866484489137e-02
7.811557788944724052e+02 2.093901440341647380e+00 1.178938928766474353e-02
7.868090452261305927e+02 2.093417378013006314e+00 1.179656593725718176e-02
7.924623115577890076e+02 2.092951824511730230e+00 1.180349045113392517e-02
7.981155778894471950e+02 2.092503773898135133e+00 1.181017401750876321e-02
8.037688442211054962e+02 2.092072291392112149e+00 1.181662721794588151e-02
8.094221105527637974e+02 2.091656507177284130e+00 1.182286006677636669e-02
8.150753768844220986e+02 2.091255610844501511e+00 1.182888204751831283e-02
8.207286432160803997e+02 2.090868846398588055e+00 1.183470214649300079e-02
8.263819095477387009e+02 2.090495507762471838e+00 1.184032888406862626e-02
8.320351758793970021e+02 2.090134934721553872e+00 1.184577034345182453e-02
8.376884422110551895e+02 2.089786509258577674e+00 1.185103419750659602e-02
8.433417085427136044e+02 2.089449652235633170e+00 1.185612773360761318e-02
8.489949748743717919e+02 2.089123820385346164e+00 1.186105787668230785e-02
8.546482412060302067e+02 2.088808503578028830e+00 1.186583121064961957e-02
8.603015075376883942e+02 2.088503222335572840e+00 1.187045399844217572e-02
8.659547738693468091e+02 2.088207525566386558e+00 1.187493220055329222e-02
8.716080402010049966e+02 2.087920988498697561e+00 1.187927149234807578e-02
8.772613065326632977e+02 2.087643210792170301e+00 1.188347728026381903e-02
8.829145728643215989e+02 2.087373814810087325e+00 1.188755471689260414e-02
8.885678391959799001e+02 2.087112444036338221e+00 1.189150871506883429e-02
8.942211055276382012e+02 2.086858761623205716e+00 1.189534396100850808e-02
8.998743718592965024e+02 2.086612449057488661e+00 1.189906492678868485e-02
9.055276381909548036e+02 2.086373204933812620e+00 1.190267588170805697e-02
9.111809045226129911e+02 2.086140743825207977e+00 1.190618090330085137e-02
9.168341708542714059e+02 2.085914795242037822e+00 1.190958388728234098e-02
9.224874371859295934e+02 2.085695102671308199e+00 1.191288855732706639e-02
9.281407035175880083e+02 2.085481422689189568e+00 1.191609847378949892e-02
9.337939698492461957e+02 2.085273524140316859e+00 1.191921704222956291e-02
9.394472361809044969e+02 2.085071187378060742e+00 1.192224752129954907e-02
9.451005025125627981e+02 2.084874203560550754e+00 1.192519303016398823e-02
9.507537688442210992e+02 2.084682373997713167e+00 1.192805655549312657e-02
9.564070351758794004e+02 2.084495509545074121e+00 1.193084095810750811e-02
9.620603015075377016e+02 2.084313430040446669e+00 1.193354897910892803e-02
9.677135678391960028e+02 2.084135963780006762e+00 1.193618324581676923e-02
9.733668341708543039e+02 2.083962947030576718e+00 1.193874627726997963e-02
9.790201005025126051e+02 2.083794223575229587e+00 1.194124048944577264e-02
9.846733668341707926e+02 2.083629644289583194e+00 1.194366820014111479e-02
9.903266331658290937e+02 2.083469066746394205e+00 1.194603163372330752e-02
9.959798994974873949e+02 2.083312354846266423e+00 1.194833292545373522e-02
1.001633165829145696e+03 2.083159378472485113e+00 1.195057412568373972e-02
1.007286432160803997e+03 2.083010013168157482e+00 1.195275720379379916e-02
1.012939698492462298e+03 2.082864139833994432e+00 1.195488405191441443e-02
1.018592964824120600e+03 2.082721644445206355e+00 1.195695648846696081e-02
1.024246231155778787e+03 2.082582417786127849e+00 1.195897626152553350e-02
1.029899497487437202e+03 2.082446355201275079e+00 1.196094505194501834e-02
1.035552763819095617e+03 2.082313356361673584e+00 1.196286447640479075e-02
1.041206030150753804e+03 2.082183325045369404e+00 1.196473609027598646e-02
1.046859296482411992e+03 2.082056168931126550e+00 1.196656139025739640e-02
1.052512562814070407e+03 2.081931799404403538e+00 1.196834181704049815e-02
1.058165829145728594e+03 2.081810131374761230e+00 1.197007875770727051e-02
1.063819095477386782e+03 2.081691083103922590e+00 1.197177354804694789e-02
1.069472361809045196e+03 2.081574576043768943e+00 1.197342747477368047e-02
1.075125628140703611e+03 2.081460534683611918e+00 1.197504177758990790e-02
1.080778894472361799e+03 2.081348886406124699e+00 1.197661765124426528e-02
1.086432160804019986e+03 2.081239561351363676e+00 1.197815624738041672e-02
1.092085427135678401e+03 2.081132492288364055e+00 1.197965867634412547e-02
1.097738693467336816e+03 2.081027614493813349e+00 1.198112600893030955e-02
1.103391959798995003e+03 2.080924865637356458e+00 1.198255927803333100e-02
1.109045226130653191e+03 2.080824185673116222e+00 1.198395948014524537e-02
1.114698492462311606e+03 2.080725516737035097e+00 1.198532757688759894e-02
1.120351758793969793e+03 2.080628803049679121e+00 1.198666449642874464e-02
1.126005025125627981e+03 2.080533990824173340e+00 1.198797113482400790e-02
1.131658291457286396e+03 2.080441028178949381e+00 1.198924835733446853e-02
1.137311557788944810e+03 2.080349865055016512e+00 1.199049699959491184e-02
1.142964824120602998e+03 2.080260453137488863e+00 1.199171786885339271e-02
1.148618090452261185e+03 2.080172745781110777e+00 1.199291174507884430e-02
1.154271356783919600e+03 2.080086697939551144e+00 1.199407938197395197e-02
1.159924623115578015e+03 2.080002266098237573e+00 1.199522150811562805e-02
1.165577889447236203e+03 2.079919408210539444e+00 1.199633882781588057e-02
1.171231155778894390e+03 2.079838083637088886e+00 1.199743202209202671e-02
1.176884422110552805e+03 2.079758253088079822e+00 1.199850174961674537e-02
1.182537688442210992e+03 2.079679878568363449e+00 1.199954864749998990e-02
1.188190954773869180e+03 2.079602923325191810e+00 1.200057333212503109e-02
1.193844221105527595e+03 2.079527351798453605e+00 1.200157639998311772e-02
1.199497487437186010e+03 2.079453129573272996e+00 1.200255842830335803e-02
1.205150753768844197e+03 2.079380223334840405e+00 1.200351997594045241e-02
1.210804020100502385e+03 2.079308600825347408e+00 1.200446158387278965e-02
1.216457286432160799e+03 2.079238230802920029e+00 1.200538377601402355e-02
1.222110552763819214e+03 2.079169083002442964e+00 1.200628705974618807e-02
1.227763819095477402e+03 2.079101128098167717e+00 1.200717192658138852e-02
1.233417085427135589e+03 2.079034337668015819e+00 1.200803885271165862e-02
1.239070351758794004e+03 2.078968684159492319e+00 1.200888829950256566e-02
1.244723618090452419e+03 2.078904140857113614e+00 1.200972071418943826e-02
1.250376884422110379e+03 2.078840681851287009e+00 1.201053653024006761e-02
1.256030150753768794e+03 2.078778282008552747e+00 1.201133616784617886e-02
1.261683417085427209e+03 2.078716916943132098e+00 1.201212003454369022e-02
1.267336683417085396e+03 2.078656562989705581e+00 1.201288852540718238e-02
1.272989949748743584e+03 2.078597197177367573e+00 1.201364202376142831e-02
1.278643216080401999e+03 2.078538797204692479e+00 1.201438090139329666e-02
1.284296482412060413e+03 2.078481341415862271e+00 1.201510551905892420e-02
1.289949748743718601e+03 2.078424808777799004e+00 1.201581622678711721e-02
1.295603015075376788e+03 2.078369178858260113e+00 1.201651336431168622e-02
1.301256281407035203e+03 2.078314431804839213e+00 1.201719726142944783e-02
1.306909547738693618e+03 2.078260548324840418e+00 1.201786823824697349e-02
1.312562814070351806e+03 2.078207509665979114e+00 1.201852660563024373e-02
1.318216080402009993e+03 2.078155297597863882e+00 1.201917266543220744e-02
1.323869346733668408e+03 2.078103894394236928e+00 1.201980671081244283e-02
1.329522613065326595e+03 2.078053282815927272e+00 1.202042902657494451e-02
1.335175879396984783e+03 2.078003446094482065e+00 1.202103988937633372e-02
1.340829145728643198e+03 2.077954367916451606e+00 1.202163956802616493e-02
1.346482412060301613e+03 2.077906032408298298e+00 1.202222832376848363e-02
1.352135678391959800e+03 2.077858424121889147e+00 1.202280641048928192e-02
1.357788944723617988e+03 2.077811528020563347e+00 1.202337407499758960e-02
1.363442211055276402e+03 2.077765329465733668e+00 1.202393155721401090e-02
1.369095477386934817e+03 2.077719814204006088e+00 1.202447909043293135e-02
1.374748743718593005e+03 2.077674968354793261e+00 1.202501690147373022e-02
1.380402010050251192e+03 2.077630778398395162e+00 1.202554521097954320e-02
1.386055276381909607e+03 2.077587231164536252e+00 1.202606423354964441e-02
1.391708542713567795e+03 2.077544313821328092e+00 1.202657417794554887e-02
1.397361809045225982e+03 2.077502013864647612e+00 1.202707524726002834e-02
1.403015075376884397e+03 2.077460319107907072e+00 1.202756763914135212e-02
1.408668341708542812e+03 2.077419217672205054e+00 1.202805154592510341e-02
1.414321608040200999e+03 2.077378697976834498e+00 1.202852715482122248e-02
1.419974874371859187e+03 2.077338748730140683e+00 1.202899464802711059e-02
1.425628140703517602e+03 2.077299358920706496e+00 1.202945420293290157e-02
1.431281407035176017e+03 2.077260517808863227e+00 1.202990599230815798e-02
1.436934673366834204e+03 2.077222214918494014e+00 1.203035018430387813e-02
1.442587939698492391e+03 2.077184440029140600e+00 1.203078694273129051e-02
1.448241206030150806e+03 2.077147183168382316e+00 1.203121642713749287e-02
1.453894472361808994e+03 2.077110434604486855e+00 1.203163879293639264e-02
1.459547738693467409e+03 2.077074184839319493e+00 1.203205419152109795e-02
1.465201005025125596e+03 2.077038424601494349e+00 1.203246277039468799e-02
1.470854271356784011e+03 2.077003144839768112e+00 1.203286467333780987e-02
1.476507537688442198e+03 2.076968336716659369e+00 1.203326004041011150e-02
1.482160804020100386e+03 2.076933991602287310e+00 1.203364900819151387e-02
1.487814070351758801e+03 2.076900101068417825e+00 1.203403170974660930e-02
1.493467336683416988e+03 2.076866656882713880e+00 1.203440827482889393e-02
1.499120603015075403e+03 2.076833651003179071e+00 1.203477882997420687e-02
1.504773869346733591e+03 2.076801075572788591e+00 1.203514349852033254e-02
1.510427135678392006e+03 2.076768922914296045e+00 1.203550240075568212e-02
1.516080402010050193e+03 2.076737185525215690e+00 1.203585565403104442e-02
1.521733668341708608e+03 2.076705856072968093e+00 1.203620337276056947e-02
1.527386934673366795e+03 2.076674927390186109e+00 1.203654566860720872e-02
1.533040201005025210e+03 2.076644392470176292e+00 1.203688265048362405e-02
1.538693467336683398e+03 2.076614244462521075e+00 1.203721442464529730e-02
1.544346733668341585e+03 2.076584476668831947e+00 1.203754109478359126e-02
1.550000000000000000e+03 2.076555082538630526e+00 1.203786276211878115e-02
