4.250000000000000000e+02 1.654908082351174148e+00 3.805771631388246701e-01
4.306532663316583012e+02 1.764245772292003522e+00 3.544481238401764323e-01
4.363065326633166023e+02 1.821713020325755883e+00 3.401874380759696281e-01
4.419597989949749035e+02 1.863277477888321654e+00 3.289391526279667466e-01
4.476130653266331478e+02 1.897560082572359086e+00 3.187135409361911975e-01
4.532663316582914490e+02 1.927917321758907176e+00 3.087421630499642689e-01
4.589195979899497502e+02 1.955991611804083874e+00 2.986337880914243792e-01
4.645728643216080513e+02 1.982703354514428140e+00 2.881454809419642937e-01
4.702261306532663525e+02 2.008616106360861853e+00 2.770980331298568133e-01
4.758793969849245968e+02 2.034095698570329347e+00 2.653364332601594322e-01
4.815326633165828980e+02 2.059387460845425011e+00 2.527060286342437401e-01
4.871859296482411992e+02 2.084655632477018017e+00 2.390327521940840139e-01
4.928391959798995003e+02 2.110002037463604374e+00 2.241002423248210640e-01
4.984924623115578015e+02 2.135469230545137265e+00 2.076154773847999069e-01
5.041457286432161027e+02 2.161023639373948591e+00 1.891467061957333162e-01
5.097989949748744039e+02 2.186493397307935016e+00 1.679918375474408754e-01
5.154522613065327050e+02 2.211349910774821126e+00 1.428393321255833071e-01
5.211055276381910062e+02 2.233633871798531789e+00 1.105688447452764511e-01
5.267587939698491937e+02 2.233040733916861420e+00 5.645686790102798919e-02
5.324120603015074948e+02 2.198107506960953472e+00 1.716610847158819148e-02
5.380653266331657960e+02 2.159782576551325661e+00 1.759396788420729968e-02
5.437185929648240972e+02 2.137163562326958033e+00 1.789864360603622348e-02
5.493718592964823983e+02 2.121098273828562863e+00 1.814716470363457804e-02
5.550251256281406995e+02 2.108760663527155632e+00 1.835997536450662687e-02
5.606783919597990007e+02 2.098852417287055960e+00 1.854577811293181902e-02
5.663316582914573019e+02 2.090657915750284257e+00 1.870802125662800533e-02
5.719849246231156030e+02 2.083739170341976088e+00 1.884602998856843570e-02
5.776381909547739042e+02 2.077811943800725203e+00 1.895266309815738306e-02
5.832914572864322054e+02 2.072694898717800882e+00 1.900229868231174263e-02
5.889447236180903928e+02 2.068338291327401546e+00 1.887347428435532520e-02
5.945979899497488077e+02 2.066449543309706094e+00 1.591648328612808166e-02
6.002512562814069952e+02 2.065218501891756819e+00 1.101052126643372632e-02
6.059045226130652964e+02 2.061941141868956162e+00 1.090967013907634571e-02
6.115577889447235975e+02 2.058938626811707362e+00 1.089744511437107377e-02
6.172110552763818987e+02 2.056195552904076074e+00 1.090409333320147695e-02
6.228643216080401999e+02 2.053681974696263346e+00 1.091707373619317002e-02
6.285175879396985010e+02 2.051370602233518081e+00 1.093247254478242267e-02
6.341708542713568022e+02 2.049237954209584878e+00 1.094872243986838752e-02
6.398241206030151034e+02 2.047263983494391759e+00 1.096510371770580139e-02
6.454773869346734045e+02 2.045431539129827669e+00 1.098125980147888342e-02
6.511306532663315920e+02 2.043725879545209789e+00 1.099700825295267526e-02
6.567839195979900069e+02 2.042134267197446729e+00 1.101225691079955188e-02
6.624371859296481944e+02 2.040645638097159598e+00 1.102696302454144600e-02
6.680904522613064955e+02 2.039250333349922784e+00 1.104111188704089662e-02
6.737437185929647967e+02 2.037939880511812518e+00 1.105470504109233067e-02
6.793969849246230979e+02 2.036706814641054297e+00 1.106775349212305026e-02
6.850502512562813990e+02 2.035544530997136725e+00 1.108027367491618530e-02
6.907035175879397002e+02 2.034447163069685871e+00 1.109228499830741503e-02
6.963567839195980014e+02 2.033409480989562645e+00 1.110380832621100412e-02
7.020100502512563025e+02 2.032426806438027089e+00 1.111486502896138345e-02
7.076633165829146037e+02 2.031494940990518305e+00 1.112547639046905686e-02
7.133165829145727912e+02 2.030610105465309623e+00 1.113566324127836064e-02
7.189698492462312061e+02 2.029768888338468802e+00 1.114544573704092344e-02
7.246231155778893935e+02 2.028968201669074656e+00 1.115484323152368847e-02
7.302763819095478084e+02 2.028205243278314196e+00 1.116387421133133509e-02
7.359296482412059959e+02 2.027477464162203979e+00 1.117255627105779268e-02
7.415829145728642970e+02 2.026782540304850500e+00 1.118090611470029874e-02
7.472361809045225982e+02 2.026118348208421516e+00 1.118893957383051627e-02
7.528894472361808994e+02 2.025482943575643624e+00 1.119667163640087650e-02
7.585427135678392006e+02 2.024874542677155720e+00 1.120411648153319360e-02
7.641959798994975017e+02 2.024291506014245456e+00 1.121128751794163263e-02
7.698492462311558029e+02 2.023732323951196843e+00 1.121819742369302257e-02
7.755025125628139904e+02 2.023195604043642071e+00 1.122485818586695626e-02
7.811557788944724052e+02 2.022680059832197230e+00 1.123128113990714931e-02
7.868090452261305927e+02 2.022184500906074600e+00 1.123747700736560037e-02
7.924623115577890076e+02 2.021707824070763770e+00 1.124345593218457895e-02
7.981155778894471950e+02 2.021249005478340077e+00 1.124922751532107974e-02
8.037688442211054962e+02 2.020807093599426452e+00 1.125480084725901352e-02
8.094221105527637974e+02 2.020381202933004605e+00 1.126018453891890203e-02
8.150753768844220986e+02 2.019970508364735906e+00 1.126538675044463922e-02
8.207286432160803997e+02 2.019574240096676299e+00 1.127041521848864275e-02
8.263819095477387009e+02 2.019191679081623114e+00 1.127527728144982720e-02
8.320351758793970021e+02 2.018822152904174327e+00 1.127997990339794747e-02
8.376884422110551895e+02 2.018465032058047282e+00 1.128452969621287008e-02
8.433417085427136044e+02 2.018119726575706707e+00 1.128893294035212061e-02
8.489949748743717919e+02 2.017785682971800387e+00 1.129319560436210096e-02
8.546482412060302067e+02 2.017462381466712973e+00 1.129732336285339811e-02
8.603015075376883942e+02 2.017149333460601213e+00 1.130132161368173523e-02
8.659547738693468091e+02 2.016846079231834121e+00 1.130519549356050549e-02
8.716080402010049966e+02 2.016552185836832933e+00 1.130894989302036295e-02
8.772613065326632977e+02 2.016267245190974666e+00 1.131258947025403153e-02
8.829145728643215989e+02 2.015990872312532378e+00 1.131611866401270941e-02
8.885678391959799001e+02 2.015722703713674679e+00 1.131954170587622793e-02
8.942211055276382012e+02 2.015462395924306538e+00 1.132286263149203352e-02
8.998743718592965024e+02 2.015209624136087729e+00 1.132608529128027210e-02
9.055276381909548036e+02 2.014964080955341519e+00 1.132921336049295437e-02
9.111809045226129911e+02 2.014725475254753650e+00 1.133225034847580408e-02
9.168341708542714059e+02 2.014493531114829317e+00 1.133519960749056373e-02
9.224874371859295934e+02 2.014267986847011027e+00 1.133806434102353940e-02
9.281407035175880083e+02 2.014048594091179645e+00 1.134084761150601535e-02
9.337939698492461957e+02 2.013835116981003370e+00 1.134355234756768797e-02
9.394472361809044969e+02 2.013627331371243390e+00 1.134618135098296350e-02
9.451005025125627981e+02 2.013425024121707096e+00 1.134873730305846658e-02
9.507537688442210992e+02 2.013227992433057167e+00 1.135122277067986997e-02
9.564070351758794004e+02 2.013036043230132854e+00 1.135364021215730379e-02
9.620603015075377016e+02 2.012848992588863961e+00 1.135599198246068850e-02
9.677135678391960028e+02 2.012666665203223015e+00 1.135828033841435047e-02
9.733668341708543039e+02 2.012488893888977337e+00 1.136050744346143483e-02
9.790201005025126051e+02 2.012315519121312235e+00 1.136267537215631361e-02
9.846733668341707926e+02 2.012146388603657243e+00 1.136478611452325892e-02
9.903266331658290937e+02 2.011981356865277348e+00 1.136684157998959187e-02
9.959798994974873949e+02 2.011820284885422527e+00 1.136884360128542944e-02
1.001633165829145696e+03 2.011663039742001668e+00 1.137079393795944332e-02
1.007286432160803997e+03 2.011509494282942789e+00 1.137269427992188345e-02
1.012939698492462298e+03 2.011359526818534693e+00 1.137454625056661187e-02
1.018592964824120600e+03 2.011213020833220178e+00 1.137635140986363938e-02
1.024246231155778787e+03 2.011069864715404609e+00 1.137811125726668864e-02
1.029899497487437202e+03 2.010929951503989788e+00 1.137982723445605908e-02
1.035552763819095617e+03 2.010793178650430946e+00 1.138150072787847029e-02
1.041206030150753804e+03 2.010659447795224430e+00 1.138313307133814040e-02
1.046859296482411992e+03 2.010528664557811318e+00 1.138472554822991811e-02
1.052512562814070407e+03 2.010400738338966597e+00 1.138627939380521155e-02
1.058165829145728594e+03 2.010275582134822603e+00 1.138779579727609501e-02
1.063819095477386782e+03 2.010153112361726446e+00 1.138927590381655711e-02
1.069472361809045196e+03 2.010033248691214247e+00 1.139072081648077883e-02
1.075125628140703611e+03 2.009915913894413375e+00 1.139213159794135594e-02
1.080778894472361799e+03 2.009801033695262529e+00 1.139350927235970382e-02
1.086432160804019986e+03 2.009688536631966560e+00 1.139485482684314890e-02
1.092085427135678401e+03 2.009578353926154026e+00 1.139616921313225950e-02
1.097738693467336816e+03 2.009470419359242754e+00 1.139745334905086817e-02
1.103391959798995003e+03 2.009364669155553340e+00 1.139870811983602523e-02
1.109045226130653191e+03 2.009261041871748255e+00 1.139993437964034392e-02
1.114698492462311606e+03 2.009159478292196432e+00 1.140113295264195969e-02
1.120351758793969793e+03 2.009059921329904963e+00 1.140230463440517275e-02
1.126005025125627981e+03 2.008962315932663056e+00 1.140345019296601543e-02
1.131658291457286396e+03 2.008866608994094527e+00 1.140457036991561479e-02
1.137311557788944810e+03 2.008772749269314595e+00 1.140566588153989550e-02
1.142964824120602998e+03 2.008680687294917000e+00 1.140673741982103917e-02
1.148618090452261185e+03 2.008590375313036080e+00 1.140778565330087362e-02
1.154271356783919600e+03 2.008501767199241783e+00 1.140881122811778815e-02
1.159924623115578015e+03 2.008414818394050005e+00 1.140981476884741011e-02
1.165577889447236203e+03 2.008329485837828887e+00 1.141079687928343508e-02
1.171231155778894390e+03 2.008245727908915423e+00 1.141175814333385448e-02
1.176884422110552805e+03 2.008163504364758101e+00 1.141269912574075125e-02
1.182537688442210992e+03 2.008082776285907034e+00 1.141362037275999407e-02
1.188190954773869180e+03 2.008003506022705498e+00 1.141452241301490859e-02
1.193844221105527595e+03 2.007925657144519871e+00 1.141540575799869853e-02
1.199497487437186010e+03 2.007849194391376102e+00 1.141627090278989759e-02
1.205150753768844197e+03 2.007774083627868578e+00 1.141711832670852175e-02
1.210804020100502385e+03 2.007700291799217496e+00 1.141794849379631355e-02
1.216457286432160799e+03 2.007627786889358834e+00 1.141876185351011104e-02
1.222110552763819214e+03 2.007556537880962555e+00 1.141955884116163146e-02
1.227763819095477402e+03 2.007486514717268467e+00 1.142033987847323843e-02
1.233417085427135589e+03 2.007417688265651812e+00 1.142110537401636559e-02
1.239070351758794004e+03 2.007350030282825326e+00 1.142185572382429723e-02
1.244723618090452419e+03 2.007283513381592499e+00 1.142259131169328333e-02
1.250376884422110379e+03 2.007218110999071659e+00 1.142331250971639726e-02
1.256030150753768794e+03 2.007153797366315384e+00 1.142401967862248686e-02
1.261683417085427209e+03 2.007090547479260412e+00 1.142471316832843233e-02
1.267336683417085396e+03 2.007028337070929869e+00 1.142539331806335240e-02
1.272989949748743584e+03 2.006967142584837216e+00 1.142606045705601460e-02
1.278643216080401999e+03 2.006906941149519952e+00 1.142671490461933705e-02
1.284296482412060413e+03 2.006847710554160891e+00 1.142735697064265268e-02
1.289949748743718601e+03 2.006789429225230403e+00 1.142798695585039992e-02
1.295603015075376788e+03 2.006732076204110982e+00 1.142860515217705361e-02
1.301256281407035203e+03 2.006675631125647730e+00 1.142921184302517212e-02
1.306909547738693618e+03 2.006620074197586590e+00 1.142980730352313387e-02
1.312562814070351806e+03 2.006565386180857224e+00 1.143039180091858648e-02
1.318216080402009993e+03 2.006511548370655706e+00 1.143096559471907386e-02
1.323869346733668408e+03 2.006458542578294146e+00 1.143152893702667483e-02
1.329522613065326595e+03 2.006406351113782183e+00 1.143208207273643112e-02
1.335175879396984783e+03 2.006354956769101250e+00 1.143262523987050201e-02
1.340829145728643198e+03 2.006304342802143648e+00 1.143315866962077952e-02
1.346482412060301613e+03 2.006254492921286214e+00 1.143368258681857867e-02
1.352135678391959800e+03 2.006205391270567073e+00 1.143419720995744390e-02
1.357788944723617988e+03 2.006157022415437474e+00 1.143470275142941320e-02
1.363442211055276402e+03 2.006109371329073632e+00 1.143519941779994747e-02
1.369095477386934817e+03 2.006062423379200155e+00 1.143568740990792525e-02
1.374748743718593005e+03 2.006016164315432615e+00 1.143616692312083433e-02
1.380402010050251192e+03 2.005970580257089075e+00 1.143663814749272707e-02
1.386055276381909607e+03 2.005925657681468355e+00 1.143710126782497213e-02
1.391708542713567795e+03 2.005881383412565722e+00 1.143755646405693154e-02
1.397361809045225982e+03 2.005837744610206919e+00 1.143800391117114588e-02
1.403015075376884397e+03 2.005794728759592971e+00 1.143844377956434143e-02
1.408668341708542812e+03 2.005752323661220693e+00 1.143887623503007239e-02
1.414321608040200999e+03 2.005710517421175343e+00 1.143930143895478466e-02
1.419974874371859187e+03 2.005669298441782988e+00 1.143971954853320074e-02
1.425628140703517602e+03 2.005628655412590611e+00 1.144013071675067418e-02
1.431281407035176017e+03 2.005588577301682385e+00 1.144053509267602652e-02
1.436934673366834204e+03 2.005549053347294830e+00 1.144093282138551604e-02
1.442587939698492391e+03 2.005510073049739272e+00 1.144132404433312669e-02
1.448241206030150806e+03 2.005471626163607191e+00 1.144170889915795304e-02
1.453894472361808994e+03 2.005433702690248232e+00 1.144208752009314746e-02
1.459547738693467409e+03 2.005396292870513353e+00 1.144246003790901772e-02
1.465201005025125596e+03 2.005359387177749309e+00 1.144282657999192050e-02
1.470854271356784011e+03 2.005322976311034289e+00 1.144318727055893860e-02
1.476507537688442198e+03 2.005287051188650693e+00 1.144354223067842527e-02
1.482160804020100386e+03 2.005251602941774625e+00 1.144389157836812713e-02
1.487814070351758801e+03 2.005216622908386093e+00 1.144423542867385908e-02
1.493467336683416988e+03 2.005182102627381280e+00 1.144457389378692076e-02
1.499120603015075403e+03 2.005148033832885535e+00 1.144490708316147146e-02
1.504773869346733591e+03 2.005114408448752439e+00 1.144523510347663503e-02
1.510427135678392006e+03 2.005081218583252056e+00 1.144555805883139959e-02
1.516080402010050193e+03 2.005048456523932821e+00 1.144587605076484611e-02
1.521733668341708608e+03 2.005016114732648624e+00 1.144618917835395558e-02
1.527386934673366795e+03 2.004984185840752442e+00 1.144649753823376824e-02
1.533040201005025210e+03 2.004952662644450712e+00 1.144680122473391848e-02
1.538693467336683398e+03 2.004921538100297607e+00 1.144710032991811711e-02
1.544346733668341585e+03 2.004890805320846070e+00 1.144739494362363198e-02
1.550000000000000000e+03 2.004860457570429855e+00 1.144768515352011240e-02
