4.250000000000000000e+02 1.669521238233566240e+00 3.587492129679891728e-01
4.306532663316583012e+02 1.771487001364877134e+00 3.358157198785898245e-01
4.363065326633166023e+02 1.825240659303899671e+00 3.231293814676360343e-01
4.419597989949749035e+02 1.864196105014983340e+00 3.130281231619642113e-01
4.476130653266331478e+02 1.896375043603469646e+00 3.037750993718009163e-01
4.532663316582914490e+02 1.924903545271996474e+00 2.946947837517169266e-01
4.589195979899497502e+02 1.951312352302669195e+00 2.854402194100322809e-01
4.645728643216080513e+02 1.976459820109922605e+00 2.757934123894864031e-01
4.702261306532663525e+02 2.000871838760981625e+00 2.655912136857996875e-01
4.758793969849245968e+02 2.024890010278817876e+00 2.546903540970893443e-01
4.815326633165828980e+02 2.048743574846314086e+00 2.429459861936436871e-01
4.871859296482411992e+02 2.072586107069021022e+00 2.301934388567967449e-01
4.928391959798995003e+02 2.096512865947867787e+00 2.162266232053963733e-01
4.984924623115578015e+02 2.120563611555831507e+00 2.007651292852483949e-01
5.041457286432161027e+02 2.144706617772062618e+00 1.833942855067490774e-01
5.097989949748744039e+02 2.168779940824159258e+00 1.634371881639570256e-01
5.154522613065327050e+02 2.192284716975707148e+00 1.396221460412248594e-01
5.211055276381910062e+02 2.213360986049774493e+00 1.088879507529120355e-01
5.267587939698491937e+02 2.210905379027146012e+00 5.592454815620772485e-02
5.324120603015074948e+02 2.176863735576505032e+00 2.236105626982379940e-02
5.380653266331657960e+02 2.141888026895794717e+00 2.282853590514022368e-02
5.437185929648240972e+02 2.121101314172508800e+00 2.313591973671270952e-02
5.493718592964823983e+02 2.106325493595653242e+00 2.335766815571104979e-02
5.550251256281406995e+02 2.095000998450736951e+00 2.351067427030119339e-02
5.606783919597990007e+02 2.085949312740327688e+00 2.359257127917206362e-02
5.663316582914573019e+02 2.078529184266955987e+00 2.358412069461784596e-02
5.719849246231156030e+02 2.072368932738652525e+00 2.343753525625138015e-02
5.776381909547739042e+02 2.067275563464335164e+00 2.303692269747211613e-02
5.832914572864322054e+02 2.063248020850748876e+00 2.206676029524538840e-02
5.889447236180903928e+02 2.060521858143065987e+00 1.971123550839764746e-02
5.945979899497488077e+02 2.058322426146057538e+00 1.660125471895042976e-02
6.002512562814069952e+02 2.055456593800235154e+00 1.534498105858294117e-02
6.059045226130652964e+02 2.052556973362712700e+00 1.491393440815200200e-02
6.115577889447235975e+02 2.049844920653571823e+00 1.472469763271488756e-02
6.172110552763818987e+02 2.047343740619573804e+00 1.462800361108008290e-02
6.228643216080401999e+02 2.045040982248806039e+00 1.457476728412193494e-02
6.285175879396985010e+02 2.042917889335913006e+00 1.454480537528411895e-02
6.341708542713568022e+02 2.040955866752665937e+00 1.452844427485506032e-02
6.398241206030151034e+02 2.039138029120171502e+00 1.452052105132975966e-02
6.454773869346734045e+02 2.037449457293265098e+00 1.451805517991869125e-02
6.511306532663315920e+02 2.035877084339838383e+00 1.451922112540385452e-02
6.567839195979900069e+02 2.034409484834169834e+00 1.452284844383369689e-02
6.624371859296481944e+02 2.033036655458338338e+00 1.452815921123681506e-02
6.680904522613064955e+02 2.031749814751806049e+00 1.453462137103978674e-02
6.737437185929647967e+02 2.030541228964887868e+00 1.454186259885687296e-02
6.793969849246230979e+02 2.029404063620845911e+00 1.454961754692242655e-02
6.850502512562813990e+02 2.028332258006046551e+00 1.455769436974251041e-02
6.907035175879397002e+02 2.027320419291893661e+00 1.456595283250765142e-02
6.963567839195980014e+02 2.026363733162295233e+00 1.457428961702364988e-02
7.020100502512563025e+02 2.025457888209411195e+00 1.458262823278717001e-02
7.076633165829146037e+02 2.024599011784666391e+00 1.459091195163133778e-02
7.133165829145727912e+02 2.023783615383159873e+00 1.459909877276282381e-02
7.189698492462312061e+02 2.023008547976816285e+00 1.460715777902078967e-02
7.246231155778893935e+02 2.022270955993388686e+00 1.461506646372437261e-02
7.302763819095478084e+02 2.021568248870106999e+00 1.462280874574499283e-02
7.359296482412059959e+02 2.020898069299887467e+00 1.463037347937661860e-02
7.415829145728642970e+02 2.020258267441941147e+00 1.463775332504854698e-02
7.472361809045225982e+02 2.019646878493804198e+00 1.464494388607547742e-02
7.528894472361808994e+02 2.019062103123830720e+00 1.465194304378199253e-02
7.585427135678392006e+02 2.018502290346446237e+00 1.465875044191069371e-02
7.641959798994975017e+02 2.017965922490626340e+00 1.466536708454713872e-02
7.698492462311558029e+02 2.017451601968086816e+00 1.467179502092305979e-02
7.755025125628139904e+02 2.016958039593802265e+00 1.467803709719754310e-02
7.811557788944724052e+02 2.016484044249641450e+00 1.468409676055285745e-02
7.868090452261305927e+02 2.016028513713604475e+00 1.468997790367322642e-02
7.924623115577890076e+02 2.015590426503517829e+00 1.469568474161454634e-02
7.981155778894471950e+02 2.015168834606100301e+00 1.470122171367132906e-02
8.037688442211054962e+02 2.014762856980814032e+00 1.470659340553838977e-02
8.094221105527637974e+02 2.014371673743465596e+00 1.471180448731411287e-02
8.150753768844220986e+02 2.013994520947675504e+00 1.471685966448108007e-02
8.207286432160803997e+02 2.013630685893434968e+00 1.472176363899833050e-02
8.263819095477387009e+02 2.013279502901442086e+00 1.472652107881267623e-02
8.320351758793970021e+02 2.012940349499929837e+00 1.473113659386306867e-02
8.376884422110551895e+02 2.012612642977614996e+00 1.473561471777478510e-02
8.433417085427136044e+02 2.012295837262229270e+00 1.473995989349507346e-02
8.489949748743717919e+02 2.011989420089218328e+00 1.474417646287477443e-02
8.546482412060302067e+02 2.011692910429502046e+00 1.474826865883146175e-02
8.603015075376883942e+02 2.011405856148978266e+00 1.475224059992284210e-02
8.659547738693468091e+02 2.011127831875691996e+00 1.475609628682915918e-02
8.716080402010049966e+02 2.010858437053437697e+00 1.475983960025999131e-02
8.772613065326632977e+02 2.010597294162993709e+00 1.476347430014818100e-02
8.829145728643215989e+02 2.010344047094346109e+00 1.476700402579871410e-02
8.885678391959799001e+02 2.010098359655119626e+00 1.477043229675140991e-02
8.942211055276382012e+02 2.009859914202071440e+00 1.477376251440244530e-02
8.998743718592965024e+02 2.009628410383938135e+00 1.477699796388882991e-02
9.055276381909548036e+02 2.009403563985184604e+00 1.478014181662717398e-02
9.111809045226129911e+02 2.009185105861313048e+00 1.478319713278602662e-02
9.168341708542714059e+02 2.008972780957369419e+00 1.478616686435380370e-02
9.224874371859295934e+02 2.008766347402145769e+00 1.478905385800685125e-02
9.281407035175880083e+02 2.008565575671348302e+00 1.479186085830441928e-02
9.337939698492461957e+02 2.008370247813665799e+00 1.479459051079095970e-02
9.394472361809044969e+02 2.008180156734292510e+00 1.479724536532196419e-02
9.451005025125627981e+02 2.007995105530977487e+00 1.479982787911897357e-02
9.507537688442210992e+02 2.007814906878162997e+00 1.480234042004997114e-02
9.564070351758794004e+02 2.007639382455185917e+00 1.480478526971584947e-02
9.620603015075377016e+02 2.007468362414914775e+00 1.480716462655389323e-02
9.677135678391960028e+02 2.007301684889515325e+00 1.480948060888408538e-02
9.733668341708543039e+02 2.007139195530349252e+00 1.481173525779404601e-02
9.790201005025126051e+02 2.006980747079296190e+00 1.481393054010328100e-02
9.846733668341707926e+02 2.006826198969013930e+00 1.481606835109256642e-02
9.903266331658290937e+02 2.006675416949881718e+00 1.481815051723902980e-02
9.959798994974873949e+02 2.006528272741580743e+00 1.482017879883760873e-02
1.001633165829145696e+03 2.006384643707420423e+00 1.482215489253947693e-02
1.007286432160803997e+03 2.006244412549711420e+00 1.482408043380796688e-02
1.012939698492462298e+03 2.006107467024605295e+00 1.482595699927753176e-02
1.018592964824120600e+03 2.005973699674966415e+00 1.482778610901625514e-02
1.024246231155778787e+03 2.005843007579968251e+00 1.482956922876721255e-02
1.029899497487437202e+03 2.005715292120193727e+00 1.483130777201936527e-02
1.035552763819095617e+03 2.005590458757141814e+00 1.483300310202820098e-02
1.041206030150753804e+03 2.005468416826114542e+00 1.483465653383135227e-02
1.046859296482411992e+03 2.005349079341551377e+00 1.483626933606496667e-02
1.052512562814070407e+03 2.005232362813941904e+00 1.483784273277572244e-02
1.058165829145728594e+03 2.005118187077531200e+00 1.483937790519885766e-02
1.063819095477386782e+03 2.005006475128073173e+00 1.484087599332291167e-02
1.069472361809045196e+03 2.004897152969964846e+00 1.484233809761553204e-02
1.075125628140703611e+03 2.004790149472126082e+00 1.484376528043176643e-02
1.080778894472361799e+03 2.004685396232058547e+00 1.484515856753899909e-02
1.086432160804019986e+03 2.004582827447536797e+00 1.484651894954923043e-02
1.092085427135678401e+03 2.004482379795446079e+00 1.484784738319909654e-02
1.097738693467336816e+03 2.004383992317302798e+00 1.484914479271715222e-02
1.103391959798995003e+03 2.004287606311029535e+00 1.485041207099436524e-02
1.109045226130653191e+03 2.004193165228598250e+00 1.485165008087207389e-02
1.114698492462311606e+03 2.004100614579168216e+00 1.485285965617368434e-02
1.120351758793969793e+03 2.004009901837379815e+00 1.485404160289895484e-02
1.126005025125627981e+03 2.003920976356485362e+00 1.485519670019221257e-02
1.131658291457286396e+03 2.003833789286029177e+00 1.485632570141355580e-02
1.137311557788944810e+03 2.003748293493793575e+00 1.485742933508890640e-02
1.142964824120602998e+03 2.003664443491760316e+00 1.485850830579880585e-02
1.148618090452261185e+03 2.003582195365848140e+00 1.485956329511069554e-02
1.154271356783919600e+03 2.003501506709207014e+00 1.486059496245011914e-02
1.159924623115578015e+03 2.003422336558852379e+00 1.486160394583622979e-02
1.165577889447236203e+03 2.003344645335456864e+00 1.486259086273574413e-02
1.171231155778894390e+03 2.003268394786113848e+00 1.486355631084108550e-02
1.176884422110552805e+03 2.003193547929899232e+00 1.486450086872804534e-02
1.182537688442210992e+03 2.003120069006082193e+00 1.486542509654239543e-02
1.188190954773869180e+03 2.003047923424825516e+00 1.486632953676032300e-02
1.193844221105527595e+03 2.002977077720249799e+00 1.486721471470903166e-02
1.199497487437186010e+03 2.002907499505718558e+00 1.486808113926584712e-02
1.205150753768844197e+03 2.002839157431231865e+00 1.486892930343708744e-02
1.210804020100502385e+03 2.002772021142807279e+00 1.486975968489146968e-02
1.216457286432160799e+03 2.002706061243749502e+00 1.487057274649288691e-02
1.222110552763819214e+03 2.002641249257694600e+00 1.487136893690725083e-02
1.227763819095477402e+03 2.002577557593348434e+00 1.487214869099971401e-02
1.233417085427135589e+03 2.002514959510821146e+00 1.487291243036576935e-02
1.239070351758794004e+03 2.002453429089477766e+00 1.487366056386183084e-02
1.244723618090452419e+03 2.002392941197222331e+00 1.487439348788156118e-02
1.250376884422110379e+03 2.002333471461149372e+00 1.487511158696019735e-02
1.256030150753768794e+03 2.002274996239483684e+00 1.487581523406496589e-02
1.261683417085427209e+03 2.002217492594747572e+00 1.487650479107916618e-02
1.267336683417085396e+03 2.002160938268096491e+00 1.487718060910677570e-02
1.272989949748743584e+03 2.002105311654756026e+00 1.487784302888119081e-02
1.278643216080401999e+03 2.002050591780514477e+00 1.487849238109901356e-02
1.284296482412060413e+03 2.001996758279212862e+00 1.487912898679831508e-02
1.289949748743718601e+03 2.001943791371187498e+00 1.487975315763213208e-02
1.295603015075376788e+03 2.001891671842612741e+00 1.488036519618646941e-02
1.301256281407035203e+03 2.001840381025710158e+00 1.488096539634282435e-02
1.306909547738693618e+03 2.001789900779770370e+00 1.488155404349122274e-02
1.312562814070351806e+03 2.001740213472959162e+00 1.488213141484751034e-02
1.318216080402009993e+03 2.001691301964865666e+00 1.488269777974056580e-02
1.323869346733668408e+03 2.001643149589756199e+00 1.488325339983963096e-02
1.329522613065326595e+03 2.001595740140506674e+00 1.488379852939637760e-02
1.335175879396984783e+03 2.001549057853175384e+00 1.488433341551663458e-02
1.340829145728643198e+03 2.001503087392189073e+00 1.488485829841701587e-02
1.346482412060301613e+03 2.001457813836118316e+00 1.488537341156203654e-02
1.352135678391959800e+03 2.001413222664008451e+00 1.488587898195027799e-02
1.357788944723617988e+03 2.001369299742242536e+00 1.488637523028104627e-02
1.363442211055276402e+03 2.001326031311919884e+00 1.488686237122532549e-02
1.369095477386934817e+03 2.001283403976712894e+00 1.488734061350268159e-02
1.374748743718593005e+03 2.001241404691196824e+00 1.488781016016687761e-02
1.380402010050251192e+03 2.001200020749617448e+00 1.488827120875712770e-02
1.386055276381909607e+03 2.001159239775089471e+00 1.488872395146414833e-02
1.391708542713567795e+03 2.001119049709195963e+00 1.488916857526629590e-02
1.397361809045225982e+03 2.001079438801978583e+00 1.488960526215508257e-02
1.403015075376884397e+03 2.001040395602302624e+00 1.489003418924128574e-02
1.408668341708542812e+03 2.001001908948572883e+00 1.489045552895045324e-02
1.414321608040200999e+03 2.000963967959794587e+00 1.489086944906920125e-02
1.419974874371859187e+03 2.000926562026957178e+00 1.489127611304493122e-02
1.425628140703517602e+03 2.000889680804734727e+00 1.489167567997234237e-02
1.431281407035176017e+03 2.000853314203482558e+00 1.489206830478861238e-02
1.436934673366834204e+03 2.000817452381520756e+00 1.489245413839396931e-02
1.442587939698492391e+03 2.000782085737696114e+00 1.489283332780201585e-02
1.448241206030150806e+03 2.000747204904207432e+00 1.489320601618562487e-02
1.453894472361808994e+03 2.000712800739675945e+00 1.489357234305695860e-02
1.459547738693467409e+03 2.000678864322474215e+00 1.489393244434308178e-02
1.465201005025125596e+03 2.000645386944270410e+00 1.489428645249132009e-02
1.470854271356784011e+03 2.000612360103808385e+00 1.489463449660441072e-02
1.476507537688442198e+03 2.000579775500899604e+00 1.489497670248613771e-02
1.482160804020100386e+03 2.000547625030617116e+00 1.489531319279128498e-02
1.487814070351758801e+03 2.000515900777692035e+00 1.489564408710101345e-02
1.493467336683416988e+03 2.000484595011096989e+00 1.489596950198327809e-02
1.499120603015075403e+03 2.000453700178815186e+00 1.489628955109794858e-02
1.504773869346733591e+03 2.000423208902783578e+00 1.489660434533168765e-02
1.510427135678392006e+03 2.000393113974003878e+00 1.489691399276883016e-02
1.516080402010050193e+03 2.000363408347817451e+00 1.489721859884111585e-02
1.521733668341708608e+03 2.000334085139334750e+00 1.489751826644755521e-02
1.527386934673366795e+03 2.000305137619017071e+00 1.489781309594013364e-02
1.533040201005025210e+03 2.000276559208400418e+00 1.489810318519891978e-02
1.538693467336683398e+03 2.000248343475959700e+00 1.489838862979656411e-02
1.544346733668341585e+03 2.000220484133107046e+00 1.489866952296901512e-02
1.550000000000000000e+03 2.000192975030315790e+00 1.489894595567565344e-02
