4.250000000000000000e+02 1.683707330472192121e+00 3.623505277895548993e-01
4.306532663316583012e+02 1.786588207735309908e+00 3.391965625056616029e-01
4.363065326633166023e+02 1.840819121274831494e+00 3.263990565354559781e-01
4.419597989949749035e+02 1.880117132716938588e+00 3.162150794835679735e-01
4.476130653266331478e+02 1.912576659964375647e+00 3.068896635624949187e-01
4.532663316582914490e+02 1.941352049495046472e+00 2.977403606969033500e-01
4.589195979899497502e+02 1.967987835035819755e+00 2.884167726874574678e-01
4.645728643216080513e+02 1.993350050656314654e+00 2.786988561038184486e-01
4.702261306532663525e+02 2.017969231908828043e+00 2.684220411759350999e-01
4.758793969849245968e+02 2.042189931081287657e+00 2.574419217598473142e-01
4.815326633165828980e+02 2.066243286753965513e+00 2.456126057321842138e-01
4.871859296482411992e+02 2.090284039146957706e+00 2.327683323948627758e-01
4.928391959798995003e+02 2.114408015346169289e+00 2.187017461438057198e-01
4.984924623115578015e+02 2.138654933322853946e+00 2.031308266686827069e-01
5.041457286432161027e+02 2.162992197464970179e+00 1.856386988825886597e-01
5.097989949748744039e+02 2.187255483301168368e+00 1.655452618480512950e-01
5.154522613065327050e+02 2.210939827626118959e+00 1.415741093220720670e-01
5.211055276381910062e+02 2.232166247877879428e+00 1.106595173085761913e-01
5.267587939698491937e+02 2.230008637334398358e+00 5.764598434620199496e-02
5.324120603015074948e+02 2.195837550901781121e+00 2.319913354234261552e-02
5.380653266331657960e+02 2.160317644532685044e+00 2.374061416025612797e-02
5.437185929648240972e+02 2.139221301598793978e+00 2.412785616443468076e-02
5.493718592964823983e+02 2.124210815900184901e+00 2.444262538596485637e-02
5.550251256281406995e+02 2.112682519769399470e+00 2.470755504442604875e-02
5.606783919597990007e+02 2.103440554191361667e+00 2.492363919233115885e-02
5.663316582914573019e+02 2.095866464346859193e+00 2.504119231802669210e-02
5.719849246231156030e+02 2.094016225313203083e+00 1.872117907307091489e-02
5.776381909547739042e+02 2.090546612735982634e+00 1.422865686838426305e-02
5.832914572864322054e+02 2.085636798037402873e+00 1.424036760321952151e-02
5.889447236180903928e+02 2.081300688368052931e+00 1.427473701066022532e-02
5.945979899497488077e+02 2.077443342499140311e+00 1.431195034845140525e-02
6.002512562814069952e+02 2.073987259251381055e+00 1.434847403368453775e-02
6.059045226130652964e+02 2.070871012593386684e+00 1.438338469112208917e-02
6.115577889447235975e+02 2.068045457693862055e+00 1.441645313326045917e-02
6.172110552763818987e+02 2.065470778857056544e+00 1.444767932573367761e-02
6.228643216080401999e+02 2.063114330341710989e+00 1.447714497265686039e-02
6.285175879396985010e+02 2.060949053728524216e+00 1.450495912537599907e-02
6.341708542713568022e+02 2.058952302814475388e+00 1.453123636104585066e-02
6.398241206030151034e+02 2.057104958301292807e+00 1.455608778089679048e-02
6.454773869346734045e+02 2.055390751370565816e+00 1.457961745646180023e-02
6.511306532663315920e+02 2.053795740084620736e+00 1.460192129692063946e-02
6.567839195979900069e+02 2.052307899226255561e+00 1.462308700707426641e-02
6.624371859296481944e+02 2.050916795487883970e+00 1.464319452238204040e-02
6.680904522613064955e+02 2.049613327682893171e+00 1.466231662995661281e-02
6.737437185929647967e+02 2.048389517065277943e+00 1.468051963688029454e-02
6.793969849246230979e+02 2.047238336674123360e+00 1.469786402006769549e-02
6.850502512562813990e+02 2.046153571367912427e+00 1.471440502941905211e-02
6.907035175879397002e+02 2.045129702211278655e+00 1.473019323398084592e-02
6.963567839195980014e+02 2.044161810346503128e+00 1.474527500989047772e-02
7.020100502512563025e+02 2.043245496575490261e+00 1.475969297316030195e-02
7.076633165829146037e+02 2.042376813700042870e+00 1.477348636207702869e-02
7.133165829145727912e+02 2.041552209292388120e+00 1.478669137490797210e-02
7.189698492462312061e+02 2.040768477046040807e+00 1.479934146764007828e-02
7.246231155778893935e+02 2.040022715226561978e+00 1.481146761725585063e-02
7.302763819095478084e+02 2.039312291029503399e+00 1.482309855458332874e-02
7.359296482412059959e+02 2.038634809878591359e+00 1.483426097072678036e-02
7.415829145728642970e+02 2.037988088875634318e+00 1.484497970042650272e-02
7.472361809045225982e+02 2.037370133755528556e+00 1.485527788538339340e-02
7.528894472361808994e+02 2.036779118813317080e+00 1.486517711995487614e-02
7.585427135678392006e+02 2.036213369361703496e+00 1.487469758160875517e-02
7.641959798994975017e+02 2.035671346351466848e+00 1.488385814780725409e-02
7.698492462311558029e+02 2.035151632847445491e+00 1.489267650107898959e-02
7.755025125628139904e+02 2.034652922102085260e+00 1.490116922375343475e-02
7.811557788944724052e+02 2.034174007009017515e+00 1.490935188342057058e-02
7.868090452261305927e+02 2.033713770752593852e+00 1.491723911027769203e-02
7.924623115577890076e+02 2.033271178497029208e+00 1.492484466731417575e-02
7.981155778894471950e+02 2.032845269981882197e+00 1.493218151394320146e-02
8.037688442211054962e+02 2.032435152909919385e+00 1.493926186410879028e-02
8.094221105527637974e+02 2.032039997029568834e+00 1.494609723915683343e-02
8.150753768844220986e+02 2.031659028827834668e+00 1.495269851609257530e-02
8.207286432160803997e+02 2.031291526761036081e+00 1.495907597194287390e-02
8.263819095477387009e+02 2.030936816960516644e+00 1.496523932419238645e-02
8.320351758793970021e+02 2.030594269358762194e+00 1.497119776810399046e-02
8.376884422110551895e+02 2.030263294188459078e+00 1.497696001089725629e-02
8.433417085427136044e+02 2.029943338813072984e+00 1.498253430327436964e-02
8.489949748743717919e+02 2.029633884852740877e+00 1.498792846854164751e-02
8.546482412060302067e+02 2.029334445573729440e+00 1.499314992937910047e-02
8.603015075376883942e+02 2.029044563513580091e+00 1.499820573273761941e-02
8.659547738693468091e+02 2.028763808317391781e+00 1.500310257280738913e-02
8.716080402010049966e+02 2.028491774763580224e+00 1.500784681223642399e-02
8.772613065326632977e+02 2.028228080959981749e+00 1.501244450202769178e-02
8.829145728643215989e+02 2.027972366693326478e+00 1.501690139974248481e-02
8.885678391959799001e+02 2.027724291917054611e+00 1.502122298671668306e-02
8.942211055276382012e+02 2.027483535364080769e+00 1.502541448384114159e-02
8.998743718592965024e+02 2.027249793272603018e+00 1.502948086643280008e-02
9.055276381909548036e+02 2.027022778214324195e+00 1.503342687801215681e-02
9.111809045226129911e+02 2.026802218015585577e+00 1.503725704321596211e-02
9.168341708542714059e+02 2.026587854762916141e+00 1.504097567983674055e-02
9.224874371859295934e+02 2.026379443885369280e+00 1.504458691003920760e-02
9.281407035175880083e+02 2.026176753306811573e+00 1.504809467098024850e-02
9.337939698492461957e+02 2.025979562662004962e+00 1.505150272461561710e-02
9.394472361809044969e+02 2.025787662570944114e+00 1.505481466699280790e-02
9.451005025125627981e+02 2.025600853966452952e+00 1.505803393688630309e-02
9.507537688442210992e+02 2.025418947470531972e+00 1.506116382402939227e-02
9.564070351758794004e+02 2.025241762815370716e+00 1.506420747665069421e-02
9.620603015075377016e+02 2.025069128305339028e+00 1.506716790876060953e-02
9.677135678391960028e+02 2.024900880316612195e+00 1.507004800689527337e-02
9.733668341708543039e+02 2.024736862831380435e+00 1.507285053645309424e-02
9.790201005025126051e+02 2.024576927003901350e+00 1.507557814774380077e-02
9.846733668341707926e+02 2.024420930755862269e+00 1.507823338158984297e-02
9.903266331658290937e+02 2.024268738398791179e+00 1.508081867470284672e-02
9.959798994974873949e+02 2.024120220281403704e+00 1.508333636467468729e-02
1.001633165829145696e+03 2.023975252460010310e+00 1.508578869471716329e-02
1.007286432160803997e+03 2.023833716390223803e+00 1.508817781821044160e-02
1.012939698492462298e+03 2.023695498638391044e+00 1.509050580284067647e-02
1.018592964824120600e+03 2.023560490611285623e+00 1.509277463469588070e-02
1.024246231155778787e+03 2.023428588302728759e+00 1.509498622199723257e-02
1.029899497487437202e+03 2.023299692055918531e+00 1.509714239867280053e-02
1.035552763819095617e+03 2.023173706340338551e+00 1.509924492783330970e-02
1.041206030150753804e+03 2.023050539542218029e+00 1.510129550485654788e-02
1.046859296482411992e+03 2.022930103767587973e+00 1.510329576056647534e-02
1.052512562814070407e+03 2.022812314657066235e+00 1.510524726402235653e-02
1.058165829145728594e+03 2.022697091211560050e+00 1.510715152528616621e-02
1.063819095477386782e+03 2.022584355628142649e+00 1.510900999808052064e-02
1.069472361809045196e+03 2.022474033145426731e+00 1.511082408217597102e-02
1.075125628140703611e+03 2.022366051897786399e+00 1.511259512572864401e-02
1.080778894472361799e+03 2.022260342777859154e+00 1.511432442756856925e-02
1.086432160804019986e+03 2.022156839306771037e+00 1.511601323930684450e-02
1.092085427135678401e+03 2.022055477511593313e+00 1.511766276727673393e-02
1.097738693467336816e+03 2.021956195809563095e+00 1.511927417452937732e-02
1.103391959798995003e+03 2.021858934898633553e+00 1.512084858260528963e-02
1.109045226130653191e+03 2.021763637653962054e+00 1.512238707327291480e-02
1.114698492462311606e+03 2.021670249029951627e+00 1.512389069016104037e-02
1.120351758793969793e+03 2.021578715967519368e+00 1.512536044040278457e-02
1.126005025125627981e+03 2.021488987306253815e+00 1.512679729604176314e-02
1.131658291457286396e+03 2.021401013701172644e+00 1.512820219549432244e-02
1.137311557788944810e+03 2.021314747543796919e+00 1.512957604492115235e-02
1.142964824120602998e+03 2.021230142887294079e+00 1.513091971950851315e-02
1.148618090452261185e+03 2.021147155375432103e+00 1.513223406468856835e-02
1.154271356783919600e+03 2.021065742175133462e+00 1.513351989735768101e-02
1.159924623115578015e+03 2.020985861912415249e+00 1.513477800699009578e-02
1.165577889447236203e+03 2.020907474611512100e+00 1.513600915667648317e-02
1.171231155778894390e+03 2.020830541637014033e+00 1.513721408423418339e-02
1.176884422110552805e+03 2.020755025638827806e+00 1.513839350306649990e-02
1.182537688442210992e+03 2.020680890499821913e+00 1.513954810321127900e-02
1.188190954773869180e+03 2.020608101285990443e+00 1.514067855221206717e-02
1.193844221105527595e+03 2.020536624199001707e+00 1.514178549590003767e-02
1.199497487437186010e+03 2.020466426531000170e+00 1.514286955935071483e-02
1.205150753768844197e+03 2.020397476621534683e+00 1.514393134751695381e-02
1.210804020100502385e+03 2.020329743816502432e+00 1.514497144608085294e-02
1.216457286432160799e+03 2.020263198428996265e+00 1.514599042217271152e-02
1.222110552763819214e+03 2.020197811701951451e+00 1.514698882498644560e-02
1.227763819095477402e+03 2.020133555772507084e+00 1.514796718649679026e-02
1.233417085427135589e+03 2.020070403637973744e+00 1.514892602210237034e-02
1.239070351758794004e+03 2.020008329123339941e+00 1.514986583115077341e-02
1.244723618090452419e+03 2.019947306850232049e+00 1.515078709762413857e-02
1.250376884422110379e+03 2.019887312207244712e+00 1.515169029061887856e-02
1.256030150753768794e+03 2.019828321321586628e+00 1.515257586489806955e-02
1.261683417085427209e+03 2.019770311031959142e+00 1.515344426139928966e-02
1.267336683417085396e+03 2.019713258862618321e+00 1.515429590775654520e-02
1.272989949748743584e+03 2.019657142998554811e+00 1.515513121871911451e-02
1.278643216080401999e+03 2.019601942261732397e+00 1.515595059664317200e-02
1.284296482412060413e+03 2.019547636088343090e+00 1.515675443190967614e-02
1.289949748743718601e+03 2.019494204507020108e+00 1.515754310331254504e-02
1.295603015075376788e+03 2.019441628117963905e+00 1.515831697853431241e-02
1.301256281407035203e+03 2.019389888072941730e+00 1.515907641446025134e-02
1.306909547738693618e+03 2.019338966056111406e+00 1.515982175755074997e-02
1.312562814070351806e+03 2.019288844265634708e+00 1.516055334422797968e-02
1.318216080402009993e+03 2.019239505396043910e+00 1.516127150121830344e-02
1.323869346733668408e+03 2.019190932621319767e+00 1.516197654582115278e-02
1.329522613065326595e+03 2.019143109578655615e+00 1.516266878630942970e-02
1.335175879396984783e+03 2.019096020352868948e+00 1.516334852218318048e-02
1.340829145728643198e+03 2.019049649461436946e+00 1.516401604440838213e-02
1.346482412060301613e+03 2.019003981840118200e+00 1.516467163584585623e-02
1.352135678391959800e+03 2.018959002829143312e+00 1.516531557135779133e-02
1.357788944723617988e+03 2.018914698159945509e+00 1.516594811816299702e-02
1.363442211055276402e+03 2.018871053942402849e+00 1.516656953607480561e-02
1.369095477386934817e+03 2.018828056652572922e+00 1.516718007770949568e-02
1.374748743718593005e+03 2.018785693120901392e+00 1.516777998873847406e-02
1.380402010050251192e+03 2.018743950520873298e+00 1.516836950814026870e-02
1.386055276381909607e+03 2.018702816358099561e+00 1.516894886833525247e-02
1.391708542713567795e+03 2.018662278459811166e+00 1.516951829548124527e-02
1.397361809045225982e+03 2.018622324964746362e+00 1.517007800962257534e-02
1.403015075376884397e+03 2.018582944313415339e+00 1.517062822489756088e-02
1.408668341708542812e+03 2.018544125238721509e+00 1.517116914971659673e-02
1.414321608040200999e+03 2.018505856756932282e+00 1.517170098694009713e-02
1.419974874371859187e+03 2.018468128158973141e+00 1.517222393408560778e-02
1.425628140703517602e+03 2.018430929002044127e+00 1.517273818341772704e-02
1.431281407035176017e+03 2.018394249101534754e+00 1.517324392218425549e-02
1.436934673366834204e+03 2.018358078523230237e+00 1.517374133273518763e-02
1.442587939698492391e+03 2.018322407575795285e+00 1.517423059270012892e-02
1.448241206030150806e+03 2.018287226803526568e+00 1.517471187506319943e-02
1.453894472361808994e+03 2.018252526979358752e+00 1.517518534839881750e-02
1.459547738693467409e+03 2.018218299098116120e+00 1.517565117691716502e-02
1.465201005025125596e+03 2.018184534369999561e+00 1.517610952067055194e-02
1.470854271356784011e+03 2.018151224214301820e+00 1.517656053562799374e-02
1.476507537688442198e+03 2.018118360253334576e+00 1.517700437377901036e-02
1.482160804020100386e+03 2.018085934306569573e+00 1.517744118333975815e-02
1.487814070351758801e+03 2.018053938384976487e+00 1.517787110875427718e-02
1.493467336683416988e+03 2.018022364685550851e+00 1.517829429090050523e-02
1.499120603015075403e+03 2.017991205586032510e+00 1.517871086712067018e-02
1.504773869346733591e+03 2.017960453639795482e+00 1.517912097138329579e-02
1.510427135678392006e+03 2.017930101570912793e+00 1.517952473431350389e-02
1.516080402010050193e+03 2.017900142269382524e+00 1.517992228336954678e-02
1.521733668341708608e+03 2.017870568786512386e+00 1.518031374287300006e-02
1.527386934673366795e+03 2.017841374330456183e+00 1.518069923412670649e-02
1.533040201005025210e+03 2.017812552261895043e+00 1.518107887548876891e-02
1.538693467336683398e+03 2.017784096089862533e+00 1.518145278244651536e-02
1.544346733668341585e+03 2.017755999467700345e+00 1.518182106774893653e-02
1.550000000000000000e+03 2.017728256189146308e+00 1.518218384142206411e-02
