4.250000000000000000e+02 1.682814347576525149e+00 3.610667591123705167e-01
4.306532663316583012e+02 1.785873167274796058e+00 3.379217503273229117e-01
4.363065326633166023e+02 1.840171687036530779e+00 3.251280614329409291e-01
4.419597989949749035e+02 1.879505106192857600e+00 3.149472414408919785e-01
4.476130653266331478e+02 1.911985441899757943e+00 3.056260267643939321e-01
4.532663316582914490e+02 1.940773658304858706e+00 2.964828764760678026e-01
4.589195979899497502e+02 1.967417449420794995e+00 2.871680519246593288e-01
4.645728643216080513e+02 1.992784586269330305e+00 2.774621259967177678e-01
4.702261306532663525e+02 2.017406648097793909e+00 2.672012181914779627e-01
4.758793969849245968e+02 2.041628848567713206e+00 2.562417898491686219e-01
4.815326633165828980e+02 2.065682752263041877e+00 2.444391313767660112e-01
4.871859296482411992e+02 2.089723361950163394e+00 2.316291981528815769e-01
4.928391959798995003e+02 2.113846635353779924e+00 2.176072786465471920e-01
4.984924623115578015e+02 2.138092295612464167e+00 2.020957134462637306e-01
5.041457286432161027e+02 2.162427626906601397e+00 1.846854761236925713e-01
5.097989949748744039e+02 2.186688164694120751e+00 1.647124421874557876e-01
5.154522613065327050e+02 2.210369994882970257e+00 1.409396548439447450e-01
5.211055276381910062e+02 2.231613574541453371e+00 1.104413623437191516e-01
5.267587939698491937e+02 2.231791921053474237e+00 5.974443189718631891e-02
5.324120603015074948e+02 2.198990691013550602e+00 2.120236426968418603e-02
5.380653266331657960e+02 2.162243865986785973e+00 2.170852464151043493e-02
5.437185929648240972e+02 2.140662606385194344e+00 2.206638292950808752e-02
5.493718592964823983e+02 2.125381724452527266e+00 2.234926873420648233e-02
5.550251256281406995e+02 2.116037451418528725e+00 1.982533616789251482e-02
5.606783919597990007e+02 2.110723407734456547e+00 1.273337325372268965e-02
5.663316582914573019e+02 2.102881537628780606e+00 1.279453606268006992e-02
5.719849246231156030e+02 2.096242647868377773e+00 1.285175267757940852e-02
5.776381909547739042e+02 2.090529766364785491e+00 1.290372772005959033e-02
5.832914572864322054e+02 2.085549443306641937e+00 1.295101480815112963e-02
5.889447236180903928e+02 2.081161445927437015e+00 1.299425498201761328e-02
5.945979899497488077e+02 2.077260950026860620e+00 1.303400038804671847e-02
6.002512562814069952e+02 2.073767614682655580e+00 1.307070584297261029e-02
6.059045226130652964e+02 2.070618574589102145e+00 1.310474464601127549e-02
6.115577889447235975e+02 2.067763772722072790e+00 1.313642530418445385e-02
6.172110552763818987e+02 2.065162751772142702e+00 1.316600525713453214e-02
6.228643216080401999e+02 2.062782388341613427e+00 1.319370150423838581e-02
6.285175879396985010e+02 2.060595255548443472e+00 1.321969872841117534e-02
6.341708542713568022e+02 2.058578415814514173e+00 1.324415552011511121e-02
6.398241206030151034e+02 2.056712515057513624e+00 1.326720918232163551e-02
6.454773869346734045e+02 2.054981092408370014e+00 1.328897947650480200e-02
6.511306532663315920e+02 2.053370046853919551e+00 1.330957157293369969e-02
6.567839195979900069e+02 2.051867219993267266e+00 1.332907839812869956e-02
6.624371859296481944e+02 2.050462065961781821e+00 1.334758252109052336e-02
6.680904522613064955e+02 2.049145387652823391e+00 1.336515768260710703e-02
6.737437185929647967e+02 2.047909123965240052e+00 1.338187004657193264e-02
6.793969849246230979e+02 2.046746176749441926e+00 1.339777923184067195e-02
6.850502512562813990e+02 2.045650268946631822e+00 1.341293916969581342e-02
6.907035175879397002e+02 2.044615827462179514e+00 1.342739882186513856e-02
6.963567839195980014e+02 2.043637885816965483e+00 1.344120278525966390e-02
7.020100502512563025e+02 2.042712002737100629e+00 1.345439180507241109e-02
7.076633165829146037e+02 2.041834193680896803e+00 1.346700321224918867e-02
7.133165829145727912e+02 2.041000872937926314e+00 1.347907129888766160e-02
7.189698492462312061e+02 2.040208804421819622e+00 1.349062764197127111e-02
7.246231155778893935e+02 2.039455059654328384e+00 1.350170138366875265e-02
7.302763819095478084e+02 2.038736981730722153e+00 1.351231947553653383e-02
7.359296482412059959e+02 2.038052154286024820e+00 1.352250689198353749e-02
7.415829145728642970e+02 2.037398374662786171e+00 1.353228681762826471e-02
7.472361809045225982e+02 2.036773630625156706e+00 1.354168081250137386e-02
7.528894472361808994e+02 2.036176080079276307e+00 1.355070895804276476e-02
7.585427135678392006e+02 2.035604033352767406e+00 1.355938998686909321e-02
7.641959798994975017e+02 2.035055937661171210e+00 1.356774139817637850e-02
7.698492462311558029e+02 2.034530363450271384e+00 1.357577956091749090e-02
7.755025125628139904e+02 2.034025992353177159e+00 1.358351980622470555e-02
7.811557788944724052e+02 2.033541606542080160e+00 1.359097651044086606e-02
7.868090452261305927e+02 2.033076079288483218e+00 1.359816316990557390e-02
7.924623115577890076e+02 2.032628366573765000e+00 1.360509246847831782e-02
7.981155778894471950e+02 2.032197499615314484e+00 1.361177633870043653e-02
8.037688442211054962e+02 2.031782578193022548e+00 1.361822601720802037e-02
8.094221105527637974e+02 2.031382764677280406e+00 1.362445209529120245e-02
8.150753768844220986e+02 2.030997278673431161e+00 1.363046456467095595e-02
8.207286432160803997e+02 2.030625392209292279e+00 1.363627285951936850e-02
8.263819095477387009e+02 2.030266425402215802e+00 1.364188589478077321e-02
8.320351758793970021e+02 2.029919742550572614e+00 1.364731210138373126e-02
8.376884422110551895e+02 2.029584748601700017e+00 1.365255945832667163e-02
8.433417085427136044e+02 2.029260885954479843e+00 1.365763552246243746e-02
8.489949748743717919e+02 2.028947631559971931e+00 1.366254745568042626e-02
8.546482412060302067e+02 2.028644494288042832e+00 1.366730205007721244e-02
8.603015075376883942e+02 2.028351012531839359e+00 1.367190575119935775e-02
8.659547738693468091e+02 2.028066752025313502e+00 1.367636467940774869e-02
8.716080402010049966e+02 2.027791303851942839e+00 1.368068464986553663e-02
8.772613065326632977e+02 2.027524282625307261e+00 1.368487119085414622e-02
8.829145728643215989e+02 2.027265324824415238e+00 1.368892956086752155e-02
8.885678391959799001e+02 2.027014087268586895e+00 1.369286476446239520e-02
8.942211055276382012e+02 2.026770245718394925e+00 1.369668156705230837e-02
8.998743718592965024e+02 2.026533493590631174e+00 1.370038450858870362e-02
9.055276381909548036e+02 2.026303540776585255e+00 1.370397791636360739e-02
9.111809045226129911e+02 2.026080112554036194e+00 1.370746591692417575e-02
9.168341708542714059e+02 2.025862948584392420e+00 1.371085244728331883e-02
9.224874371859295934e+02 2.025651801987276901e+00 1.371414126518868092e-02
9.281407035175880083e+02 2.025446438485665190e+00 1.371733595898936599e-02
9.337939698492461957e+02 2.025246635615360002e+00 1.372043995666727932e-02
9.394472361809044969e+02 2.025052181993217015e+00 1.372345653437715383e-02
9.451005025125627981e+02 2.024862876639082376e+00 1.372638882445008021e-02
9.507537688442210992e+02 2.024678528346889994e+00 1.372923982286371365e-02
9.564070351758794004e+02 2.024498955100805020e+00 1.373201239639231311e-02
9.620603015075377016e+02 2.024323983532688054e+00 1.373470928903483199e-02
9.677135678391960028e+02 2.024153448417505885e+00 1.373733312846732967e-02
9.733668341708543039e+02 2.023987192203624552e+00 1.373988643164863500e-02
9.790201005025126051e+02 2.023825064575199839e+00 1.374237161050275748e-02
9.846733668341707926e+02 2.023666922044137007e+00 1.374479097706542141e-02
9.903266331658290937e+02 2.023512627569306055e+00 1.374714674829040882e-02
9.959798994974873949e+02 2.023362050200919082e+00 1.374944105080787467e-02
1.001633165829145696e+03 2.023215064748145053e+00 1.375167592511902792e-02
1.007286432160803997e+03 2.023071551468208717e+00 1.375385332982604313e-02
1.012939698492462298e+03 2.022931395775377617e+00 1.375597514539760730e-02
1.018592964824120600e+03 2.022794487968354815e+00 1.375804317795553157e-02
1.024246231155778787e+03 2.022660722974750414e+00 1.376005916263129021e-02
1.029899497487437202e+03 2.022530000111381288e+00 1.376202476691303078e-02
1.035552763819095617e+03 2.022402222859278620e+00 1.376394159372555832e-02
1.041206030150753804e+03 2.022277298652353394e+00 1.376581118438922370e-02
1.046859296482411992e+03 2.022155138678765507e+00 1.376763502131320843e-02
1.052512562814070407e+03 2.022035657694117639e+00 1.376941453079475429e-02
1.058165829145728594e+03 2.021918773845657658e+00 1.377115108537647556e-02
1.063819095477386782e+03 2.021804408506739037e+00 1.377284600629452051e-02
1.069472361809045196e+03 2.021692486120856280e+00 1.377450056567934046e-02
1.075125628140703611e+03 2.021582934054603431e+00 1.377611598876749173e-02
1.080778894472361799e+03 2.021475682458978795e+00 1.377769345586686567e-02
1.086432160804019986e+03 2.021370664138482098e+00 1.377923410428535250e-02
1.092085427135678401e+03 2.021267814427497811e+00 1.378073903023926787e-02
1.097738693467336816e+03 2.021167071073500132e+00 1.378220929048407269e-02
1.103391959798995003e+03 2.021068374126643974e+00 1.378364590408659440e-02
1.109045226130653191e+03 2.020971665835336939e+00 1.378504985392008629e-02
1.114698492462311606e+03 2.020876890547420146e+00 1.378642208822069767e-02
1.120351758793969793e+03 2.020783994616607515e+00 1.378776352194782499e-02
1.126005025125627981e+03 2.020692926313866433e+00 1.378907503823848142e-02
1.131658291457286396e+03 2.020603635743430715e+00 1.379035748966593589e-02
1.137311557788944810e+03 2.020516074763171854e+00 1.379161169943168667e-02
1.142964824120602998e+03 2.020430196909064335e+00 1.379283846263580637e-02
1.148618090452261185e+03 2.020345957323502972e+00 1.379403854730380623e-02
1.154271356783919600e+03 2.020263312687249346e+00 1.379521269555654059e-02
1.159924623115578015e+03 2.020182221154786184e+00 1.379636162456911695e-02
1.165577889447236203e+03 2.020102642292890938e+00 1.379748602756039437e-02
1.171231155778894390e+03 2.020024537022242050e+00 1.379858657476487442e-02
1.176884422110552805e+03 2.019947867561879828e+00 1.379966391425835499e-02
1.182537688442210992e+03 2.019872597376366929e+00 1.380071867291099777e-02
1.188190954773869180e+03 2.019798691125495704e+00 1.380175145708171722e-02
1.193844221105527595e+03 2.019726114616394508e+00 1.380276285350449592e-02
1.199497487437186010e+03 2.019654834757913076e+00 1.380375342996447048e-02
1.205150753768844197e+03 2.019584819517148411e+00 1.380472373603736785e-02
1.210804020100502385e+03 2.019516037878004600e+00 1.380567430377972575e-02
1.216457286432160799e+03 2.019448459801671536e+00 1.380660564836998401e-02
1.222110552763819214e+03 2.019382056188925301e+00 1.380751826873265371e-02
1.227763819095477402e+03 2.019316798844143612e+00 1.380841264816172129e-02
1.233417085427135589e+03 2.019252660440959524e+00 1.380928925481465439e-02
1.239070351758794004e+03 2.019189614489456108e+00 1.381014854238263138e-02
1.244723618090452419e+03 2.019127635304827528e+00 1.381099095055106016e-02
1.250376884422110379e+03 2.019066697977427438e+00 1.381181690545952440e-02
1.256030150753768794e+03 2.019006778344141217e+00 1.381262682030585075e-02
1.261683417085427209e+03 2.018947852961004763e+00 1.381342109566025163e-02
1.267336683417085396e+03 2.018889899077012551e+00 1.381420012005227585e-02
1.272989949748743584e+03 2.018832894609057238e+00 1.381496427033222091e-02
1.278643216080401999e+03 2.018776818117936411e+00 1.381571391201603591e-02
1.284296482412060413e+03 2.018721648785386957e+00 1.381644939983876774e-02
1.289949748743718601e+03 2.018667366392081330e+00 1.381717107801828763e-02
1.295603015075376788e+03 2.018613951296548414e+00 1.381787928055081514e-02
1.301256281407035203e+03 2.018561384414976345e+00 1.381857433177930035e-02
1.306909547738693618e+03 2.018509647201844448e+00 1.381925654651148562e-02
1.312562814070351806e+03 2.018458721631354535e+00 1.381992623045907344e-02
1.318216080402009993e+03 2.018408590179620710e+00 1.382058368051591359e-02
1.323869346733668408e+03 2.018359235807576813e+00 1.382122918503590238e-02
1.329522613065326595e+03 2.018310641944578876e+00 1.382186302419096714e-02
1.335175879396984783e+03 2.018262792472658163e+00 1.382248547010388184e-02
1.340829145728643198e+03 2.018215671711402592e+00 1.382309678728609048e-02
1.346482412060301613e+03 2.018169264403435914e+00 1.382369723277007863e-02
1.352135678391959800e+03 2.018123555700465754e+00 1.382428705638612254e-02
1.357788944723617988e+03 2.018078531149877897e+00 1.382486650102278218e-02
1.363442211055276402e+03 2.018034176681847480e+00 1.382543580282294578e-02
1.369095477386934817e+03 2.017990478596947135e+00 1.382599519141184362e-02
1.374748743718593005e+03 2.017947423554233843e+00 1.382654489009276302e-02
1.380402010050251192e+03 2.017904998559781671e+00 1.382708511610684921e-02
1.386055276381909607e+03 2.017863190955655028e+00 1.382761608076428159e-02
1.391708542713567795e+03 2.017821988409292278e+00 1.382813798963955683e-02
1.397361809045225982e+03 2.017781378903288569e+00 1.382865104279873761e-02
1.403015075376884397e+03 2.017741350725553495e+00 1.382915543489814103e-02
1.408668341708542812e+03 2.017701892459841329e+00 1.382965135545950394e-02
1.414321608040200999e+03 2.017662992976616110e+00 1.383013898890422290e-02
1.419974874371859187e+03 2.017624641424260901e+00 1.383061851482829570e-02
1.425628140703517602e+03 2.017586827220601453e+00 1.383109010808452125e-02
1.431281407035176017e+03 2.017549540044735412e+00 1.383155393892880961e-02
1.436934673366834204e+03 2.017512769829153285e+00 1.383201017316640705e-02
1.442587939698492391e+03 2.017476506752144072e+00 1.383245897234620068e-02
1.448241206030150806e+03 2.017440741230466017e+00 1.383290049381044606e-02
1.453894472361808994e+03 2.017405463912279373e+00 1.383333489085680074e-02
1.459547738693467409e+03 2.017370665670323415e+00 1.383376231283608114e-02
1.465201005025125596e+03 2.017336337595331486e+00 1.383418290533019145e-02
1.470854271356784011e+03 2.017302470989680074e+00 1.383459681018553260e-02
1.476507537688442198e+03 2.017269057361246620e+00 1.383500416569081147e-02
1.482160804020100386e+03 2.017236088417486251e+00 1.383540510665847226e-02
1.487814070351758801e+03 2.017203556059708358e+00 1.383579976450609490e-02
1.493467336683416988e+03 2.017171452377542362e+00 1.383618826736981305e-02
1.499120603015075403e+03 2.017139769643600200e+00 1.383657074023375046e-02
1.504773869346733591e+03 2.017108500308304464e+00 1.383694730494705594e-02
1.510427135678392006e+03 2.017077636994901724e+00 1.383731808041742221e-02
1.516080402010050193e+03 2.017047172494633500e+00 1.383768318257990425e-02
1.521733668341708608e+03 2.017017099762068888e+00 1.383804272457429124e-02
1.527386934673366795e+03 2.016987411910591277e+00 1.383839681677803517e-02
1.533040201005025210e+03 2.016958102208031178e+00 1.383874556691936340e-02
1.538693467336683398e+03 2.016929164072440273e+00 1.383908908011012399e-02
1.544346733668341585e+03 2.016900591068005788e+00 1.383942745894278445e-02
1.550000000000000000e+03 2.016872376901090114e+00 1.383976080355530519e-02
