4.250000000000000000e+02 1.718208508070924179e+00 3.559821234238638166e-01
4.306532663316583012e+02 1.820380831418615397e+00 3.336913969570206584e-01
4.363065326633166023e+02 1.874258329971345116e+00 3.212778631070773439e-01
4.419597989949749035e+02 1.913309258371564070e+00 3.113484371889973512e-01
4.476130653266331478e+02 1.945571222044082615e+00 3.022224758296455649e-01
4.532663316582914490e+02 1.974177157693934648e+00 2.932446558073515397e-01
4.589195979899497502e+02 2.000661424985505921e+00 2.840772803956643222e-01
4.645728643216080513e+02 2.025884530704541664e+00 2.745072358006322988e-01
4.702261306532663525e+02 2.050373747204382813e+00 2.643741972384240357e-01
4.758793969849245968e+02 2.074471603185708002e+00 2.535366667445768663e-01
4.815326633165828980e+02 2.098407960089921254e+00 2.418510299068729330e-01
4.871859296482411992e+02 2.122336774558875039e+00 2.291536420701938415e-01
4.928391959798995003e+02 2.146353456862450937e+00 2.152395409317102715e-01
4.984924623115578015e+02 2.170497633595468656e+00 1.998299846704479632e-01
5.041457286432161027e+02 2.194737000811786576e+00 1.825134196666440556e-01
5.097989949748744039e+02 2.218908203733485074e+00 1.626199298705319762e-01
5.154522613065327050e+02 2.242509300827750796e+00 1.388971029420067727e-01
5.211055276381910062e+02 2.263678176348472793e+00 1.083604179765222109e-01
5.267587939698491937e+02 2.262797368697964551e+00 5.678751411575869851e-02
5.324120603015074948e+02 2.229549385263340344e+00 2.034638942748899851e-02
5.380653266331657960e+02 2.193606755793668928e+00 2.079044282858769771e-02
5.437185929648240972e+02 2.172451343975975835e+00 2.104039914192957009e-02
5.493718592964823983e+02 2.160930334407886289e+00 1.685020743071040383e-02
5.550251256281406995e+02 2.151844625771892172e+00 1.219357894595684243e-02
5.606783919597990007e+02 2.142501444136260425e+00 1.223075017774131155e-02
5.663316582914573019e+02 2.134750679226288028e+00 1.228188782725962193e-02
5.719849246231156030e+02 2.128185947607420303e+00 1.233152404137731299e-02
5.776381909547739042e+02 2.122534865497827106e+00 1.237766478915430617e-02
5.832914572864322054e+02 2.117607056006943989e+00 1.242021026209384239e-02
5.889447236180903928e+02 2.113264359220724753e+00 1.245944526927325602e-02
5.945979899497488077e+02 2.109403413789660675e+00 1.249571645480050848e-02
6.002512562814069952e+02 2.105944950034336571e+00 1.252935079550963199e-02
6.059045226130652964e+02 2.102826910481921718e+00 1.256063678184696220e-02
6.115577889447235975e+02 2.099999861965031744e+00 1.258982365258693413e-02
6.172110552763818987e+02 2.097423838540906083e+00 1.261712564983530870e-02
6.228643216080401999e+02 2.095066110313693830e+00 1.264272719193398203e-02
6.285175879396985010e+02 2.092899570049130631e+00 1.266678768567179765e-02
6.341708542713568022e+02 2.090901543049791922e+00 1.268944564638603036e-02
6.398241206030151034e+02 2.089052893779923981e+00 1.271082211457887252e-02
6.454773869346734045e+02 2.087337344805703765e+00 1.273102345443245277e-02
6.511306532663315920e+02 2.085740950396338889e+00 1.275014363900626481e-02
6.567839195979900069e+02 2.084251684609783606e+00 1.276826611894079158e-02
6.624371859296481944e+02 2.082859115353438373e+00 1.278546535628371540e-02
6.680904522613064955e+02 2.081554143855673722e+00 1.280180808970662193e-02
6.737437185929647967e+02 2.080328794494281652e+00 1.281735438398547318e-02
6.793969849246230979e+02 2.079176043812647645e+00 1.283215850554892193e-02
6.850502512562813990e+02 2.078089680334370026e+00 1.284626965718512100e-02
6.907035175879397002e+02 2.077064188803799727e+00 1.285973259813378948e-02
6.963567839195980014e+02 2.076094653961555903e+00 1.287258817031751955e-02
7.020100502512563025e+02 2.075176680065096591e+00 1.288487374727608457e-02
7.076633165829146037e+02 2.074306323191488666e+00 1.289662361922708222e-02
7.133165829145727912e+02 2.073480033986957682e+00 1.290786932496878515e-02
7.189698492462312061e+02 2.072694609008173927e+00 1.291863993909793049e-02
7.246231155778893935e+02 2.071947149171223135e+00 1.292896232206175791e-02
7.302763819095478084e+02 2.071235024113014855e+00 1.293886133828898131e-02
7.359296482412059959e+02 2.070555841496389604e+00 1.294836004772239972e-02
7.415829145728642970e+02 2.069907420469130788e+00 1.295747987421613442e-02
7.472361809045225982e+02 2.069287768629360258e+00 1.296624075446395526e-02
7.528894472361808994e+02 2.068695061963639059e+00 1.297466127000262634e-02
7.585427135678392006e+02 2.068127627315739403e+00 1.298275876454751780e-02
7.641959798994975017e+02 2.067583927018211920e+00 1.299054944872474020e-02
7.698492462311558029e+02 2.067062545379241723e+00 1.299804849385515111e-02
7.755025125628139904e+02 2.066562176766623793e+00 1.300527011600904025e-02
7.811557788944724052e+02 2.066081615071258870e+00 1.301222765169962083e-02
7.868090452261305927e+02 2.065619744366047783e+00 1.301893362613777000e-02
7.924623115577890076e+02 2.065175530603814202e+00 1.302539981492136130e-02
7.981155778894471950e+02 2.064748014220984196e+00 1.303163730000259438e-02
8.037688442211054962e+02 2.064336303533073291e+00 1.303765652045882351e-02
8.094221105527637974e+02 2.063939568824223691e+00 1.304346731877100395e-02
8.150753768844220986e+02 2.063557037046662934e+00 1.304907898291412897e-02
8.207286432160803997e+02 2.063187987057500727e+00 1.305450028496624691e-02
8.263819095477387009e+02 2.062831745330016009e+00 1.305973951622194616e-02
8.320351758793970021e+02 2.062487682084922280e+00 1.306480451969340047e-02
8.376884422110551895e+02 2.062155207794158507e+00 1.306970271965283981e-02
8.433417085427136044e+02 2.061833770015821798e+00 1.307444114898966697e-02
8.489949748743717919e+02 2.061522850524062811e+00 1.307902647433577085e-02
8.546482412060302067e+02 2.061221962702219024e+00 1.308346501928413924e-02
8.603015075376883942e+02 2.060930649171335727e+00 1.308776278578565287e-02
8.659547738693468091e+02 2.060648479629542784e+00 1.309192547401065790e-02
8.716080402010049966e+02 2.060375048880661808e+00 1.309595850065469955e-02
8.772613065326632977e+02 2.060109975032908824e+00 1.309986701597166611e-02
8.829145728643215989e+02 2.059852897850766418e+00 1.310365591954481407e-02
8.885678391959799001e+02 2.059603477244984049e+00 1.310732987502540026e-02
8.942211055276382012e+02 2.059361391887355008e+00 1.311089332372857540e-02
8.998743718592965024e+02 2.059126337938367524e+00 1.311435049729748649e-02
9.055276381909548036e+02 2.058898027877110071e+00 1.311770542972998631e-02
9.111809045226129911e+02 2.058676189423952252e+00 1.312096196821513176e-02
9.168341708542714059e+02 2.058460564547510252e+00 1.312412378361456355e-02
9.224874371859295934e+02 2.058250908548280300e+00 1.312719438001784013e-02
9.281407035175880083e+02 2.058046989212113154e+00 1.313017710386692356e-02
9.337939698492461957e+02 2.057848586027385185e+00 1.313307515228145234e-02
9.394472361809044969e+02 2.057655489460328724e+00 1.313589158106199216e-02
9.451005025125627981e+02 2.057467500283539863e+00 1.313862931210368727e-02
9.507537688442210992e+02 2.057284428953156219e+00 1.314129114034164915e-02
9.564070351758794004e+02 2.057106095030632353e+00 1.314387974029823832e-02
9.620603015075377016e+02 2.056932326645426468e+00 1.314639767225144265e-02
9.677135678391960028e+02 2.056762959995257489e+00 1.314884738794204998e-02
9.733668341708543039e+02 2.056597838880901197e+00 1.315123123612554033e-02
9.790201005025126051e+02 2.056436814272762703e+00 1.315355146756511280e-02
9.846733668341707926e+02 2.056279743906732627e+00 1.315581023997404279e-02
9.903266331658290937e+02 2.056126491907026121e+00 1.315800962246979622e-02
9.959798994974873949e+02 2.055976928433941087e+00 1.316015159991263013e-02
1.001633165829145696e+03 2.055830929354621972e+00 1.316223807691044648e-02
1.007286432160803997e+03 2.055688375935103007e+00 1.316427088171032676e-02
1.012939698492462298e+03 2.055549154552037461e+00 1.316625176974156076e-02
1.018592964824120600e+03 2.055413156422664311e+00 1.316818242703040459e-02
1.024246231155778787e+03 2.055280277351676954e+00 1.317006447345363089e-02
1.029899497487437202e+03 2.055150417493774917e+00 1.317189946579787677e-02
1.035552763819095617e+03 2.055023481130773710e+00 1.317368890060866167e-02
1.041206030150753804e+03 2.054899376462245186e+00 1.317543421696458841e-02
1.046859296482411992e+03 2.054778015408738945e+00 1.317713679904241632e-02
1.052512562814070407e+03 2.054659313426714373e+00 1.317879797862526320e-02
1.058165829145728594e+03 2.054543189334368414e+00 1.318041903735217915e-02
1.063819095477386782e+03 2.054429565147637415e+00 1.318200120897918513e-02
1.069472361809045196e+03 2.054318365925665635e+00 1.318354568148365907e-02
1.075125628140703611e+03 2.054209519625124880e+00 1.318505359904614815e-02
1.080778894472361799e+03 2.054102956962792881e+00 1.318652606391000626e-02
1.086432160804019986e+03 2.053998611285853038e+00 1.318796413827069518e-02
1.092085427135678401e+03 2.053896418449407957e+00 1.318936884585827918e-02
1.097738693467336816e+03 2.053796316700755575e+00 1.319074117366803543e-02
1.103391959798995003e+03 2.053698246569985120e+00 1.319208207343531246e-02
1.109045226130653191e+03 2.053602150766498990e+00 1.319339246320842818e-02
1.114698492462311606e+03 2.053507974081091536e+00 1.319467322859897707e-02
1.120351758793969793e+03 2.053415663293238325e+00 1.319592522424840875e-02
1.126005025125627981e+03 2.053325167083275282e+00 1.319714927503973755e-02
1.131658291457286396e+03 2.053236435949170158e+00 1.319834617730703680e-02
1.137311557788944810e+03 2.053149422127611867e+00 1.319951670000922388e-02
1.142964824120602998e+03 2.053064079519152596e+00 1.320066158581776304e-02
1.148618090452261185e+03 2.052980363617171289e+00 1.320178155216894696e-02
1.154271356783919600e+03 2.052898231440424492e+00 1.320287729231446085e-02
1.159924623115578015e+03 2.052817641468979826e+00 1.320394947615174432e-02
1.165577889447236203e+03 2.052738553583337566e+00 1.320499875127153881e-02
1.171231155778894390e+03 2.052660929006555612e+00 1.320602574376858462e-02
1.176884422110552805e+03 2.052584730249200184e+00 1.320703105908470516e-02
1.182537688442210992e+03 2.052509921056978381e+00 1.320801528280022945e-02
1.188190954773869180e+03 2.052436466360885614e+00 1.320897898139068369e-02
1.193844221105527595e+03 2.052364332229736910e+00 1.320992270296562042e-02
1.199497487437186010e+03 2.052293485824951080e+00 1.321084697795603044e-02
1.205150753768844197e+03 2.052223895357459416e+00 1.321175231980084575e-02
1.210804020100502385e+03 2.052155530046628318e+00 1.321263922554852081e-02
1.216457286432160799e+03 2.052088360081082197e+00 1.321350817649145741e-02
1.222110552763819214e+03 2.052022356581332918e+00 1.321435963876601942e-02
1.227763819095477402e+03 2.051957491564109670e+00 1.321519406383424994e-02
1.233417085427135589e+03 2.051893737908309312e+00 1.321601188914972580e-02
1.239070351758794004e+03 2.051831069322473500e+00 1.321681353852036632e-02
1.244723618090452419e+03 2.051769460313724203e+00 1.321759942273947538e-02
1.250376884422110379e+03 2.051708886158069678e+00 1.321836993996420781e-02
1.256030150753768794e+03 2.051649322872019177e+00 1.321912547616075316e-02
1.261683417085427209e+03 2.051590747185441543e+00 1.321986640564979699e-02
1.267336683417085396e+03 2.051533136515595768e+00 1.322059309139955730e-02
1.272989949748743584e+03 2.051476468942284193e+00 1.322130588546958571e-02
1.278643216080401999e+03 2.051420723184065764e+00 1.322200512938697184e-02
1.284296482412060413e+03 2.051365878575484469e+00 1.322269115457254743e-02
1.289949748743718601e+03 2.051311915045251233e+00 1.322336428258198866e-02
1.295603015075376788e+03 2.051258813095348188e+00 1.322402482551454997e-02
1.301256281407035203e+03 2.051206553780995812e+00 1.322467308637106237e-02
1.306909547738693618e+03 2.051155118691454504e+00 1.322530935929410942e-02
1.312562814070351806e+03 2.051104489931609098e+00 1.322593392990867138e-02
1.318216080402009993e+03 2.051054650104306543e+00 1.322654707557854512e-02
1.323869346733668408e+03 2.051005582293411678e+00 1.322714906572967919e-02
1.329522613065326595e+03 2.050957270047543357e+00 1.322774016208931938e-02
1.335175879396984783e+03 2.050909697364458495e+00 1.322832061895850946e-02
1.340829145728643198e+03 2.050862848676062722e+00 1.322889068343402821e-02
1.346482412060301613e+03 2.050816708834007684e+00 1.322945059564690530e-02
1.352135678391959800e+03 2.050771263095855446e+00 1.323000058903433217e-02
1.357788944723617988e+03 2.050726497111784230e+00 1.323054089051066418e-02
1.363442211055276402e+03 2.050682396911804872e+00 1.323107172070541598e-02
1.369095477386934817e+03 2.050638948893473756e+00 1.323159329413395834e-02
1.374748743718593005e+03 2.050596139810074270e+00 1.323210581946874555e-02
1.380402010050251192e+03 2.050553956759246343e+00 1.323260949962582096e-02
1.386055276381909607e+03 2.050512387172049866e+00 1.323310453205255033e-02
1.391708542713567795e+03 2.050471418802433554e+00 1.323359110881386358e-02
1.397361809045225982e+03 2.050431039717101722e+00 1.323406941681262022e-02
1.403015075376884397e+03 2.050391238285754092e+00 1.323453963792595688e-02
1.408668341708542812e+03 2.050352003171688864e+00 1.323500194919187932e-02
1.414321608040200999e+03 2.050313323322746406e+00 1.323545652294538626e-02
1.419974874371859187e+03 2.050275187962587342e+00 1.323590352693775930e-02
1.425628140703517602e+03 2.050237586582283722e+00 1.323634312452283412e-02
1.431281407035176017e+03 2.050200508932215726e+00 1.323677547479287959e-02
1.436934673366834204e+03 2.050163945014256583e+00 1.323720073266404680e-02
1.442587939698492391e+03 2.050127885074236822e+00 1.323761904899531036e-02
1.448241206030150806e+03 2.050092319594676304e+00 1.323803057084152121e-02
1.453894472361808994e+03 2.050057239287770727e+00 1.323843544137090315e-02
1.459547738693467409e+03 2.050022635088625922e+00 1.323883380013474512e-02
1.465201005025125596e+03 2.049988498148723970e+00 1.323922578315249801e-02
1.470854271356784011e+03 2.049954819829621133e+00 1.323961152291297516e-02
1.476507537688442198e+03 2.049921591696858059e+00 1.323999114862706682e-02
1.482160804020100386e+03 2.049888805514080481e+00 1.324036478622881916e-02
1.487814070351758801e+03 2.049856453237360654e+00 1.324073255847709948e-02
1.493467336683416988e+03 2.049824527009711073e+00 1.324109458507397898e-02
1.499120603015075403e+03 2.049793019155780716e+00 1.324145098278306509e-02
1.504773869346733591e+03 2.049761922176734696e+00 1.324180186546393932e-02
1.510427135678392006e+03 2.049731228745296896e+00 1.324214734414010455e-02
1.516080402010050193e+03 2.049700931700964013e+00 1.324248752715071961e-02
1.521733668341708608e+03 2.049671024045372825e+00 1.324282252018492943e-02
1.527386934673366795e+03 2.049641498937822881e+00 1.324315242633291971e-02
1.533040201005025210e+03 2.049612349690942636e+00 1.324347734625430477e-02
1.538693467336683398e+03 2.049583569766495916e+00 1.324379737809499441e-02
1.544346733668341585e+03 2.049555152771330047e+00 1.324411261773934465e-02
1.550000000000000000e+03 2.049527092453443000e+00 1.324442315869342121e-02
