4.250000000000000000e+02 1.734802432587895016e+00 3.681539788085309572e-01
4.306532663316583012e+02 1.840272613263867818e+00 3.442343278958844843e-01
4.363065326633166023e+02 1.896127501283307870e+00 3.307157475145290904e-01
4.419597989949749035e+02 1.936748686564865096e+00 3.197932377486628619e-01
4.476130653266331478e+02 1.970394613426155406e+00 3.096900342902627057e-01
4.532663316582914490e+02 2.000284373873885357e+00 2.997094993287133247e-01
4.589195979899497502e+02 2.027993875876897611e+00 2.894881639626356584e-01
4.645728643216080513e+02 2.054405721231665094e+00 2.787913871363739693e-01
4.702261306532663525e+02 2.080058849307276247e+00 2.674364565067529620e-01
4.758793969849245968e+02 2.105300482715977584e+00 2.552548490508848578e-01
4.815326633165828980e+02 2.130358968847096968e+00 2.420668825013360115e-01
4.871859296482411992e+02 2.155379080848353279e+00 2.276569622185837805e-01
4.928391959798995003e+02 2.180434425179667013e+00 2.117398021753653103e-01
4.984924623115578015e+02 2.205516964708810868e+00 1.939021138687978540e-01
5.041457286432161027e+02 2.230482233942141512e+00 1.734821195550541595e-01
5.097989949748744039e+02 2.254850251719956677e+00 1.492668435076403566e-01
5.154522613065327050e+02 2.276846179449396157e+00 1.184652088952192206e-01
5.211055276381910062e+02 2.281011565044534173e+00 6.952982074298989790e-02
5.267587939698491937e+02 2.250122241583997429e+00 2.314433421694750762e-02
5.324120603015074948e+02 2.211273798281497172e+00 2.371134041021084188e-02
5.380653266331657960e+02 2.188931498988767821e+00 2.410818692815526812e-02
5.437185929648240972e+02 2.173268385388865909e+00 2.443065653594962000e-02
5.493718592964823983e+02 2.161342799271742887e+00 2.470768053667132119e-02
5.550251256281406995e+02 2.151826685849321574e+00 2.495226701423702148e-02
5.606783919597990007e+02 2.143995684898125198e+00 2.517126239313206490e-02
5.663316582914573019e+02 2.137408303842339041e+00 2.536834585702490291e-02
5.719849246231156030e+02 2.131775114338129828e+00 2.554502233381930609e-02
5.776381909547739042e+02 2.126896782874342140e+00 2.570059499119734664e-02
5.832914572864322054e+02 2.122632120980407766e+00 2.583090744524532342e-02
5.889447236180903928e+02 2.118882452348757273e+00 2.592388481056555685e-02
5.945979899497488077e+02 2.115592765503282902e+00 2.594178904108076708e-02
6.002512562814069952e+02 2.112823720119784809e+00 2.570738513076474205e-02
6.059045226130652964e+02 2.113155094361093944e+00 2.081329600383501413e-02
6.115577889447235975e+02 2.113244974841649970e+00 1.471812110914685022e-02
6.172110552763818987e+02 2.110949256520220807e+00 1.458751329396429201e-02
6.228643216080401999e+02 2.108809033865988170e+00 1.456504592614068019e-02
6.285175879396985010e+02 2.106830308532528839e+00 1.456672492891096342e-02
6.341708542713568022e+02 2.104998928394404167e+00 1.457693941506567337e-02
6.398241206030151034e+02 2.103300020177548912e+00 1.459071524094262759e-02
6.454773869346734045e+02 2.101720100450908735e+00 1.460601583117736649e-02
6.511306532663315920e+02 2.100247288987793670e+00 1.462187890636672087e-02
6.567839195979900069e+02 2.098871179930811959e+00 1.463780837078786437e-02
6.624371859296481944e+02 2.097582654497950561e+00 1.465353509429298019e-02
6.680904522613064955e+02 2.096373700791300809e+00 1.466890983891640417e-02
6.737437185929647967e+02 2.095237255688736866e+00 1.468385057154285994e-02
6.793969849246230979e+02 2.094167070181385260e+00 1.469831459778668005e-02
6.850502512562813990e+02 2.093157595804873150e+00 1.471228296893872627e-02
6.907035175879397002e+02 2.092203889056451160e+00 1.472575135751362507e-02
6.963567839195980014e+02 2.091301530841027212e+00 1.473872452372544835e-02
7.020100502512563025e+02 2.090446558385873121e+00 1.475121286240751485e-02
7.076633165829146037e+02 2.089635407486403640e+00 1.476323019950715604e-02
7.133165829145727912e+02 2.088864863324740639e+00 1.477479236161212406e-02
7.189698492462312061e+02 2.088132018422645064e+00 1.478591623604718665e-02
7.246231155778893935e+02 2.087434236553026068e+00 1.479661914903994575e-02
7.302763819095478084e+02 2.086769121647386704e+00 1.480691845366255768e-02
7.359296482412059959e+02 2.086134490908834849e+00 1.481683125843167616e-02
7.415829145728642970e+02 2.085528351479448261e+00 1.482637425084542583e-02
7.472361809045225982e+02 2.084948880123369985e+00 1.483556358628800899e-02
7.528894472361808994e+02 2.084394405478369627e+00 1.484441482147693357e-02
7.585427135678392006e+02 2.083863392502991463e+00 1.485294287881459493e-02
7.641959798994975017e+02 2.083354428807186132e+00 1.486116203211703540e-02
7.698492462311558029e+02 2.082866212604183698e+00 1.486908590679197201e-02
7.755025125628139904e+02 2.082397542062460527e+00 1.487672749010135811e-02
7.811557788944724052e+02 2.081947305870590625e+00 1.488409914785429437e-02
7.868090452261305927e+02 2.081514474855982844e+00 1.489121264545965363e-02
7.924623115577890076e+02 2.081098094521986575e+00 1.489807917159000246e-02
7.981155778894471950e+02 2.080697278387496851e+00 1.490470936319162644e-02
8.037688442211054962e+02 2.080311202029683670e+00 1.491111333113022581e-02
8.094221105527637974e+02 2.079939097744337495e+00 1.491730068579283711e-02
8.150753768844220986e+02 2.079580249750069498e+00 1.492328056233929029e-02
8.207286432160803997e+02 2.079233989872546928e+00 1.492906164526620026e-02
8.263819095477387009e+02 2.078899693653395886e+00 1.493465219207970249e-02
8.320351758793970021e+02 2.078576776835608708e+00 1.494006005600600692e-02
8.376884422110551895e+02 2.078264692183477536e+00 1.494529270771203892e-02
8.433417085427136044e+02 2.077962926600347870e+00 1.495035725596262875e-02
8.489949748743717919e+02 2.077670998512037848e+00 1.495526046718409496e-02
8.546482412060302067e+02 2.077388455487701346e+00 1.496000878397719773e-02
8.603015075376883942e+02 2.077114872073286822e+00 1.496460834269536591e-02
8.659547738693468091e+02 2.076849847815693373e+00 1.496906498996551128e-02
8.716080402010049966e+02 2.076593005458266195e+00 1.497338429826538565e-02
8.772613065326632977e+02 2.076343989290502456e+00 1.497757158065550834e-02
8.829145728643215989e+02 2.076102463636769535e+00 1.498163190465899401e-02
8.885678391959799001e+02 2.075868111470532629e+00 1.498557010531155823e-02
8.942211055276382012e+02 2.075640633142064040e+00 1.498939079737373822e-02
8.998743718592965024e+02 2.075419745208932909e+00 1.499309838705222345e-02
9.055276381909548036e+02 2.075205179359679075e+00 1.499669708279129793e-02
9.111809045226129911e+02 2.074996681422122347e+00 1.500019090558397071e-02
9.168341708542714059e+02 2.074794010448626214e+00 1.500358369864433425e-02
9.224874371859295934e+02 2.074596937871423741e+00 1.500687913650457575e-02
9.281407035175880083e+02 2.074405246721826135e+00 1.501008073362920109e-02
9.337939698492461957e+02 2.074218730907728236e+00 1.501319185249066698e-02
9.394472361809044969e+02 2.074037194544399831e+00 1.501621571124272907e-02
9.451005025125627981e+02 2.073860451334024635e+00 1.501915539084638582e-02
9.507537688442210992e+02 2.073688323989891114e+00 1.502201384193201962e-02
9.564070351758794004e+02 2.073520643701529220e+00 1.502479389117819357e-02
9.620603015075377016e+02 2.073357249637433064e+00 1.502749824738671899e-02
9.677135678391960028e+02 2.073197988482322618e+00 1.503012950718198362e-02
9.733668341708543039e+02 2.073042714006175125e+00 1.503269016039544999e-02
9.790201005025126051e+02 2.072891286662515764e+00 1.503518259526988136e-02
9.846733668341707926e+02 2.072743573213665425e+00 1.503760910315977105e-02
9.903266331658290937e+02 2.072599446380870347e+00 1.503997188315773538e-02
9.959798994974873949e+02 2.072458784517395625e+00 1.504227304647076137e-02
1.001633165829145696e+03 2.072321471302856377e+00 1.504451462039985317e-02
1.007286432160803997e+03 2.072187395457181669e+00 1.504669855232274034e-02
1.012939698492462298e+03 2.072056450472764766e+00 1.504882671326719656e-02
1.018592964824120600e+03 2.071928534363464802e+00 1.505090090148915663e-02
1.024246231155778787e+03 2.071803549429231950e+00 1.505292284568745566e-02
1.029899497487437202e+03 2.071681402035240094e+00 1.505489420818054841e-02
1.035552763819095617e+03 2.071562002404489178e+00 1.505681658786883065e-02
1.041206030150753804e+03 2.071445264422933086e+00 1.505869152301266521e-02
1.046859296482411992e+03 2.071331105456262200e+00 1.506052049394472105e-02
1.052512562814070407e+03 2.071219446177528845e+00 1.506230492562854809e-02
1.058165829145728594e+03 2.071110210404885077e+00 1.506404618999026418e-02
1.063819095477386782e+03 2.071003324948736513e+00 1.506574560830383804e-02
1.069472361809045196e+03 2.070898719467695770e+00 1.506740445329133107e-02
1.075125628140703611e+03 2.070796326332737802e+00 1.506902395126275170e-02
1.080778894472361799e+03 2.070696080499025538e+00 1.507060528404531412e-02
1.086432160804019986e+03 2.070597919384904895e+00 1.507214959086451526e-02
1.092085427135678401e+03 2.070501782757605103e+00 1.507365797014786728e-02
1.097738693467336816e+03 2.070407612625217109e+00 1.507513148119258781e-02
1.103391959798995003e+03 2.070315353134549508e+00 1.507657114584484877e-02
1.109045226130653191e+03 2.070224950474498282e+00 1.507797794996984346e-02
1.114698492462311606e+03 2.070136352784578193e+00 1.507935284497799802e-02
1.120351758793969793e+03 2.070049510068308063e+00 1.508069674920135654e-02
1.126005025125627981e+03 2.069964374111143091e+00 1.508201054922339752e-02
1.131658291457286396e+03 2.069880898402689073e+00 1.508329510119187956e-02
1.137311557788944810e+03 2.069799038062925867e+00 1.508455123199711929e-02
1.142964824120602998e+03 2.069718749772218036e+00 1.508577974044831606e-02
1.148618090452261185e+03 2.069639991704878668e+00 1.508698139837448028e-02
1.154271356783919600e+03 2.069562723466080278e+00 1.508815695173837575e-02
1.159924623115578015e+03 2.069486906031915208e+00 1.508930712154283454e-02
1.165577889447236203e+03 2.069412501692432738e+00 1.509043260491221318e-02
1.171231155778894390e+03 2.069339473997473533e+00 1.509153407590757730e-02
1.176884422110552805e+03 2.069267787705143302e+00 1.509261218648774890e-02
1.182537688442210992e+03 2.069197408732788013e+00 1.509366756733672953e-02
1.188190954773869180e+03 2.069128304110313454e+00 1.509470082867526639e-02
1.193844221105527595e+03 2.069060441935735462e+00 1.509571256099782877e-02
1.199497487437186010e+03 2.068993791332826682e+00 1.509670333586742713e-02
1.205150753768844197e+03 2.068928322410755083e+00 1.509767370656241343e-02
1.210804020100502385e+03 2.068864006225595631e+00 1.509862420881066467e-02
1.216457286432160799e+03 2.068800814743625871e+00 1.509955536142000565e-02
1.222110552763819214e+03 2.068738720806300169e+00 1.510046766687844245e-02
1.227763819095477402e+03 2.068677698096820894e+00 1.510136161198311414e-02
1.233417085427135589e+03 2.068617721108221286e+00 1.510223766838031910e-02
1.239070351758794004e+03 2.068558765112874731e+00 1.510309629313434480e-02
1.244723618090452419e+03 2.068500806133370062e+00 1.510393792928097813e-02
1.250376884422110379e+03 2.068443820914665832e+00 1.510476300624814978e-02
1.256030150753768794e+03 2.068387786897472047e+00 1.510557194040838651e-02
1.261683417085427209e+03 2.068332682192792316e+00 1.510636513554253560e-02
1.267336683417085396e+03 2.068278485557565993e+00 1.510714298321485377e-02
1.272989949748743584e+03 2.068225176371356611e+00 1.510790586327994886e-02
1.278643216080401999e+03 2.068172734614038166e+00 1.510865414427171871e-02
1.284296482412060413e+03 2.068121140844424666e+00 1.510938818379190147e-02
1.289949748743718601e+03 2.068070376179799830e+00 1.511010832883949613e-02
1.295603015075376788e+03 2.068020422276304338e+00 1.511081491624269996e-02
1.301256281407035203e+03 2.067971261310135755e+00 1.511150827300235602e-02
1.306909547738693618e+03 2.067922875959525175e+00 1.511218871656161769e-02
1.312562814070351806e+03 2.067875249387453263e+00 1.511285655522228571e-02
1.318216080402009993e+03 2.067828365225065301e+00 1.511351208836983658e-02
1.323869346733668408e+03 2.067782207555765694e+00 1.511415560683045285e-02
1.329522613065326595e+03 2.067736760899943960e+00 1.511478739311026935e-02
1.335175879396984783e+03 2.067692010200312680e+00 1.511540772172254542e-02
1.340829145728643198e+03 2.067647940807829876e+00 1.511601685941177560e-02
1.346482412060301613e+03 2.067604538468172937e+00 1.511661506543637325e-02
1.352135678391959800e+03 2.067561789308742792e+00 1.511720259177770989e-02
1.357788944723617988e+03 2.067519679826176127e+00 1.511777968340773971e-02
1.363442211055276402e+03 2.067478196874338980e+00 1.511834657851237121e-02
1.369095477386934817e+03 2.067437327652780876e+00 1.511890350871469141e-02
1.374748743718593005e+03 2.067397059695633477e+00 1.511945069928334086e-02
1.380402010050251192e+03 2.067357380860927130e+00 1.511998836929670173e-02
1.386055276381909607e+03 2.067318279320311536e+00 1.512051673192441395e-02
1.391708542713567795e+03 2.067279743549164550e+00 1.512103599453256363e-02
1.397361809045225982e+03 2.067241762317066023e+00 1.512154635887683063e-02
1.403015075376884397e+03 2.067204324678628247e+00 1.512204802136897334e-02
1.408668341708542812e+03 2.067167419964660802e+00 1.512254117309354447e-02
1.414321608040200999e+03 2.067131037773662694e+00 1.512302600016225511e-02
1.419974874371859187e+03 2.067095167963620028e+00 1.512350268364239837e-02
1.425628140703517602e+03 2.067059800644106549e+00 1.512397139991101223e-02
1.431281407035176017e+03 2.067024926168661292e+00 1.512443232071528088e-02
1.436934673366834204e+03 2.066990535127445128e+00 1.512488561329159223e-02
1.442587939698492391e+03 2.066956618340156204e+00 1.512533144054324305e-02
1.448241206030150806e+03 2.066923166849194082e+00 1.512576996115934033e-02
1.453894472361808994e+03 2.066890171913069452e+00 1.512620132973363334e-02
1.459547738693467409e+03 2.066857625000038556e+00 1.512662569692731045e-02
1.465201005025125596e+03 2.066825517781963217e+00 1.512704320951431362e-02
1.470854271356784011e+03 2.066793842128381797e+00 1.512745401057336014e-02
1.476507537688442198e+03 2.066762590100784003e+00 1.512785823953313215e-02
1.482160804020100386e+03 2.066731753947082861e+00 1.512825603232016529e-02
1.487814070351758801e+03 2.066701326096271885e+00 1.512864752147730779e-02
1.493467336683416988e+03 2.066671299153267860e+00 1.512903283619408332e-02
1.499120603015075403e+03 2.066641665893920621e+00 1.512941210246910098e-02
1.504773869346733591e+03 2.066612419260198674e+00 1.512978544318433795e-02
1.510427135678392006e+03 2.066583552355524045e+00 1.513015297819408564e-02
1.516080402010050193e+03 2.066555058440274983e+00 1.513051482438447504e-02
1.521733668341708608e+03 2.066526930927423678e+00 1.513087109582104441e-02
1.527386934673366795e+03 2.066499163378326731e+00 1.513122190373481467e-02
1.533040201005025210e+03 2.066471749498647537e+00 1.513156735675782495e-02
1.538693467336683398e+03 2.066444683134413651e+00 1.513190756080642387e-02
1.544346733668341585e+03 2.066417958268199406e+00 1.513224261928739107e-02
1.550000000000000000e+03 2.066391569015434193e+00 1.513257263314258388e-02
