4.250000000000000000e+02 1.821162570947861381e+00 4.373255286753415794e-01
4.306532663316583012e+02 1.950158273585191004e+00 4.052441945845604021e-01
4.363065326633166023e+02 2.017674637149087236e+00 3.879193629204941707e-01
4.419597989949749035e+02 2.066372854702310580e+00 3.743472345749233043e-01
4.476130653266331478e+02 2.106461124255592399e+00 3.620751810488423428e-01
4.532663316582914490e+02 2.141910394277736440e+00 3.501606403072192730e-01
4.589195979899497502e+02 2.174662620899704635e+00 3.381259848096884735e-01
4.645728643216080513e+02 2.205805631582983040e+00 3.256761887057365024e-01
4.702261306532663525e+02 2.236005342343888813e+00 3.125948593455000202e-01
4.758793969849245968e+02 2.265694041149368232e+00 2.986958206185891251e-01
4.815326633165828980e+02 2.295161787559011568e+00 2.837940563318763210e-01
4.871859296482411992e+02 2.324603139249343808e+00 2.676817216253011278e-01
4.928391959798995003e+02 2.354139464896561673e+00 2.501004307411593963e-01
4.984924623115578015e+02 2.383823119112980837e+00 2.306995359812658297e-01
5.041457286432161027e+02 2.413618471244269870e+00 2.089603488942392839e-01
5.097989949748744039e+02 2.443330639611480226e+00 1.840340290946009816e-01
5.154522613065327050e+02 2.472353003199407429e+00 1.543179352743405119e-01
5.211055276381910062e+02 2.498407144400248470e+00 1.159160477782553017e-01
5.267587939698491937e+02 2.493793748277208788e+00 4.843152697274519247e-02
5.324120603015074948e+02 2.450336667262745127e+00 9.100939663352236586e-03
5.380653266331657960e+02 2.407093934946659797e+00 9.535660121442770393e-03
5.437185929648240972e+02 2.381043510851714284e+00 9.915290155718277029e-03
5.493718592964823983e+02 2.362345705627793002e+00 1.027212974386419383e-02
5.550251256281406995e+02 2.347879908745672761e+00 1.061613655537767785e-02
5.606783919597990007e+02 2.336191470200055686e+00 1.095177546420622768e-02
5.663316582914573019e+02 2.326470306107941699e+00 1.128140110320715109e-02
5.719849246231156030e+02 2.318215035092316967e+00 1.160636346968801219e-02
5.776381909547739042e+02 2.311092571605235513e+00 1.192746778371588795e-02
5.832914572864322054e+02 2.304870036044111448e+00 1.224519645661858655e-02
5.889447236180903928e+02 2.299378175216770792e+00 1.255982773570942478e-02
5.945979899497488077e+02 2.294490171792521238e+00 1.287150396923955609e-02
6.002512562814069952e+02 2.290108634621271122e+00 1.318027306154779046e-02
6.059045226130652964e+02 2.286157234033857399e+00 1.348611461762859801e-02
6.115577889447235975e+02 2.282575117402594778e+00 1.378895679024281888e-02
6.172110552763818987e+02 2.279313062561628467e+00 1.408868713953390084e-02
6.228643216080401999e+02 2.276330757739924326e+00 1.438515938629670969e-02
6.285175879396985010e+02 2.273594834773341233e+00 1.467819713297365165e-02
6.341708542713568022e+02 2.271077419855711543e+00 1.496759513359948411e-02
6.398241206030151034e+02 2.268755048572661526e+00 1.525311836040322069e-02
6.454773869346734045e+02 2.266607843141790202e+00 1.553449885438808187e-02
6.511306532663315920e+02 2.264618882535391897e+00 1.581143010245073671e-02
6.567839195979900069e+02 2.262773717764797077e+00 1.608355840932758699e-02
6.624371859296481944e+02 2.261059999332592607e+00 1.635047037704895692e-02
6.680904522613064955e+02 2.259467194329057183e+00 1.661167510102785558e-02
6.737437185929647967e+02 2.257986378562087726e+00 1.686657893468842054e-02
6.793969849246230979e+02 2.256610095678609262e+00 1.711444949194640061e-02
6.850502512562813990e+02 2.255332281471261524e+00 1.735436365368873621e-02
6.907035175879397002e+02 2.254148258509955483e+00 1.758513119792763993e-02
6.963567839195980014e+02 2.253054815213427098e+00 1.780518033987546142e-02
7.020100502512563025e+02 2.252050396380670172e+00 1.801238220134433049e-02
7.076633165829146037e+02 2.251135451853903735e+00 1.820377475831364694e-02
7.133165829145727912e+02 2.250313020153511534e+00 1.837511701174992726e-02
7.189698492462312061e+02 2.249589667355596401e+00 1.852014991170730304e-02
7.246231155778893935e+02 2.248976948634924700e+00 1.862934461834471478e-02
7.302763819095478084e+02 2.248493539264698082e+00 1.868776939041014162e-02
7.359296482412059959e+02 2.248167762180218521e+00 1.867159237851385989e-02
7.415829145728642970e+02 2.248038141991720806e+00 1.854335052352092464e-02
7.472361809045225982e+02 2.248142138305547988e+00 1.825071988247332910e-02
7.528894472361808994e+02 2.248468687164715263e+00 1.775016889831699390e-02
7.585427135678392006e+02 2.248876857073915492e+00 1.708599490402390800e-02
7.641959798994975017e+02 2.249138080797620898e+00 1.643068067855275524e-02
7.698492462311558029e+02 2.249150326935763111e+00 1.592855443145028624e-02
7.755025125628139904e+02 2.248965808470317906e+00 1.559151070065660678e-02
7.811557788944724052e+02 2.248664652879503123e+00 1.537383325705145992e-02
7.868090452261305927e+02 2.248301721099336792e+00 1.523329416317404164e-02
7.924623115577890076e+02 2.247908486709532916e+00 1.514207068056977121e-02
7.981155778894471950e+02 2.247502515360371600e+00 1.508307415570575571e-02
8.037688442211054962e+02 2.247093756569567446e+00 1.504576552999876103e-02
8.094221105527637974e+02 2.246687967358339755e+00 1.502347041997776494e-02
8.150753768844220986e+02 2.246288526882781689e+00 1.501182593475681309e-02
8.207286432160803997e+02 2.245897418439973592e+00 1.500789080449816716e-02
8.263819095477387009e+02 2.245515779344048557e+00 1.500962568982704484e-02
8.320351758793970021e+02 2.245144220158807880e+00 1.501558102465035474e-02
8.376884422110551895e+02 2.244783016449066970e+00 1.502470382379967467e-02
8.433417085427136044e+02 2.244432227534932434e+00 1.503621460653554835e-02
8.489949748743717919e+02 2.244091772031373555e+00 1.504952684603122481e-02
8.546482412060302067e+02 2.243761477013888506e+00 1.506419293264230422e-02
8.603015075376883942e+02 2.243441110641465563e+00 1.507986710022857224e-02
8.659547738693468091e+02 2.243130404146997492e+00 1.509627946710265754e-02
8.716080402010049966e+02 2.242829066844420627e+00 1.511321752051127468e-02
8.772613065326632977e+02 2.242536796461195969e+00 1.513051268672372870e-02
8.829145728643215989e+02 2.242253286288973246e+00 1.514803044045447480e-02
8.885678391959799001e+02 2.241978230137072536e+00 1.516566291879588302e-02
8.942211055276382012e+02 2.241711325749885297e+00 1.518332333504628269e-02
8.998743718592965024e+02 2.241452277139260207e+00 1.520094170459803176e-02
9.055276381909548036e+02 2.241200796144082741e+00 1.521846153964685582e-02
9.111809045226129911e+02 2.240956603435937389e+00 1.523583726814746291e-02
9.168341708542714059e+02 2.240719429126095896e+00 1.525303220009745393e-02
9.224874371859295934e+02 2.240489013085030123e+00 1.527001691181440607e-02
9.281407035175880083e+02 2.240265105054819017e+00 1.528676795239071462e-02
9.337939698492461957e+02 2.240047464612971329e+00 1.530326680108145231e-02
9.394472361809044969e+02 2.239835861030537334e+00 1.531949902105445016e-02
9.451005025125627981e+02 2.239630073056091852e+00 1.533545356884122995e-02
9.507537688442210992e+02 2.239429888648932554e+00 1.535112222743647246e-02
9.564070351758794004e+02 2.239235104678774402e+00 1.536649913869588338e-02
9.620603015075377016e+02 2.239045526604773517e+00 1.538158041577742871e-02
9.677135678391960028e+02 2.238860968143361774e+00 1.539636382056968657e-02
9.733668341708543039e+02 2.238681250931898514e+00 1.541084849410134620e-02
9.790201005025126051e+02 2.238506204193289939e+00 1.542503473052955244e-02
9.846733668341707926e+02 2.238335664405287417e+00 1.543892378693389848e-02
9.903266331658290937e+02 2.238169474977149243e+00 1.545251772282705410e-02
9.959798994974873949e+02 2.238007485935531005e+00 1.546581926440055918e-02
1.001633165829145696e+03 2.237849553620851584e+00 1.547883168930467949e-02
1.007286432160803997e+03 2.237695540394947891e+00 1.549155872891993732e-02
1.012939698492462298e+03 2.237545314360460225e+00 1.550400448497992432e-02
1.018592964824120600e+03 2.237398749092150307e+00 1.551617335849328656e-02
1.024246231155778787e+03 2.237255723380143113e+00 1.552806998930538092e-02
1.029899497487437202e+03 2.237116120984954382e+00 1.553969920415686733e-02
1.035552763819095617e+03 2.236979830404056901e+00 1.555106597248582384e-02
1.041206030150753804e+03 2.236846744649656049e+00 1.556217536860139174e-02
1.046859296482411992e+03 2.236716761037315759e+00 1.557303253931094540e-02
1.052512562814070407e+03 2.236589780985016152e+00 1.558364267626242451e-02
1.058165829145728594e+03 2.236465709822222703e+00 1.559401099238430163e-02
1.063819095477386782e+03 2.236344456608536646e+00 1.560414270175456732e-02
1.069472361809045196e+03 2.236225933961475398e+00 1.561404300249171970e-02
1.075125628140703611e+03 2.236110057892967795e+00 1.562371706222189481e-02
1.080778894472361799e+03 2.235996747654120487e+00 1.563317000580789415e-02
1.086432160804019986e+03 2.235885925587856704e+00 1.564240690501443945e-02
1.092085427135678401e+03 2.235777516989015279e+00 1.565143276981495468e-02
1.097738693467336816e+03 2.235671449971531111e+00 1.566025254117510077e-02
1.103391959798995003e+03 2.235567655342324489e+00 1.566887108516388030e-02
1.109045226130653191e+03 2.235466066481540892e+00 1.567729318801789132e-02
1.114698492462311606e+03 2.235366619228811746e+00 1.568552355225353787e-02
1.120351758793969793e+03 2.235269251775212851e+00 1.569356679362490445e-02
1.126005025125627981e+03 2.235173904560601610e+00 1.570142743866971904e-02
1.131658291457286396e+03 2.235080520176071506e+00 1.570910992308176615e-02
1.137311557788944810e+03 2.234989043271216946e+00 1.571661859034219691e-02
1.142964824120602998e+03 2.234899420465975783e+00 1.572395769107541932e-02
1.148618090452261185e+03 2.234811600266787046e+00 1.573113138267611538e-02
1.154271356783919600e+03 2.234725532986838292e+00 1.573814372923552918e-02
1.159924623115578015e+03 2.234641170670183197e+00 1.574499870195021980e-02
1.165577889447236203e+03 2.234558467019523320e+00 1.575170017954743984e-02
1.171231155778894390e+03 2.234477377327450665e+00 1.575825194912261820e-02
1.176884422110552805e+03 2.234397858410980042e+00 1.576465770705051325e-02
1.182537688442210992e+03 2.234319868549182964e+00 1.577092106009760422e-02
1.188190954773869180e+03 2.234243367423770277e+00 1.577704552663743501e-02
1.193844221105527595e+03 2.234168316062460580e+00 1.578303453804004788e-02
1.199497487437186010e+03 2.234094676784991851e+00 1.578889144005303502e-02
1.205150753768844197e+03 2.234022413151639963e+00 1.579461949434390541e-02
1.210804020100502385e+03 2.233951489914107302e+00 1.580022188006364667e-02
1.216457286432160799e+03 2.233881872968667359e+00 1.580570169540428810e-02
1.222110552763819214e+03 2.233813529311442281e+00 1.581106195936188633e-02
1.227763819095477402e+03 2.233746426995708134e+00 1.581630561329819967e-02
1.233417085427135589e+03 2.233680535091119523e+00 1.582143552265312045e-02
1.239070351758794004e+03 2.233615823644766074e+00 1.582645447872413347e-02
1.244723618090452419e+03 2.233552263643955094e+00 1.583136520023289279e-02
1.250376884422110379e+03 2.233489826980644466e+00 1.583617033512870267e-02
1.256030150753768794e+03 2.233428486417438741e+00 1.584087246223666451e-02
1.261683417085427209e+03 2.233368215555071146e+00 1.584547409294760970e-02
1.267336683417085396e+03 2.233308988801296024e+00 1.584997767282428360e-02
1.272989949748743584e+03 2.233250781341130420e+00 1.585438558334861109e-02
1.278643216080401999e+03 2.233193569108367083e+00 1.585870014343232146e-02
1.284296482412060413e+03 2.233137328758304729e+00 1.586292361108386159e-02
1.289949748743718601e+03 2.233082037641640039e+00 1.586705818493790512e-02
1.295603015075376788e+03 2.233027673779450772e+00 1.587110600585812242e-02
1.301256281407035203e+03 2.232974215839237164e+00 1.587506915836174592e-02
1.306909547738693618e+03 2.232921643111956289e+00 1.587894967218830486e-02
1.312562814070351806e+03 2.232869935490009450e+00 1.588274952370517454e-02
1.318216080402009993e+03 2.232819073446133729e+00 1.588647063734627968e-02
1.323869346733668408e+03 2.232769038013162621e+00 1.589011488704234962e-02
1.329522613065326595e+03 2.232719810764606905e+00 1.589368409751739861e-02
1.335175879396984783e+03 2.232671373796020653e+00 1.589718004566147147e-02
1.340829145728643198e+03 2.232623709707118653e+00 1.590060446182626694e-02
1.346482412060301613e+03 2.232576801584610138e+00 1.590395903108600059e-02
1.352135678391959800e+03 2.232530632985712860e+00 1.590724539450562650e-02
1.357788944723617988e+03 2.232485187922319092e+00 1.591046515026329003e-02
1.363442211055276402e+03 2.232440450845787350e+00 1.591361985494834513e-02
1.369095477386934817e+03 2.232396406632324748e+00 1.591671102458854306e-02
1.374748743718593005e+03 2.232353040568938685e+00 1.591974013585333372e-02
1.380402010050251192e+03 2.232310338339934752e+00 1.592270862709860291e-02
1.386055276381909607e+03 2.232268286013928460e+00 1.592561789942055495e-02
1.391708542713567795e+03 2.232226870031357002e+00 1.592846931771898372e-02
1.397361809045225982e+03 2.232186077192463980e+00 1.593126421164459822e-02
1.403015075376884397e+03 2.232145894645738426e+00 1.593400387661197959e-02
1.408668341708542812e+03 2.232106309876792150e+00 1.593668957476674156e-02
1.414321608040200999e+03 2.232067310697644746e+00 1.593932253585140027e-02
1.419974874371859187e+03 2.232028885236414073e+00 1.594190395812348018e-02
1.425628140703517602e+03 2.231991021927387298e+00 1.594443500924234633e-02
1.431281407035176017e+03 2.231953709501452110e+00 1.594691682711102051e-02
1.436934673366834204e+03 2.231916936976883648e+00 1.594935052067321044e-02
1.442587939698492391e+03 2.231880693650463154e+00 1.595173717073526329e-02
1.448241206030150806e+03 2.231844969088919495e+00 1.595407783074360292e-02
1.453894472361808994e+03 2.231809753120677531e+00 1.595637352751777538e-02
1.459547738693467409e+03 2.231775035827903597e+00 1.595862526202275825e-02
1.465201005025125596e+03 2.231740807538831195e+00 1.596083400999976157e-02
1.470854271356784011e+03 2.231707058820364242e+00 1.596300072280344012e-02
1.476507537688442198e+03 2.231673780470933899e+00 1.596512632788918418e-02
1.482160804020100386e+03 2.231640963513610743e+00 1.596721172964614063e-02
1.487814070351758801e+03 2.231608599189454534e+00 1.596925780985272367e-02
1.493467336683416988e+03 2.231576678951097570e+00 1.597126542846408551e-02
1.499120603015075403e+03 2.231545194456546088e+00 1.597323542409188196e-02
1.504773869346733591e+03 2.231514137563197053e+00 1.597516861462142113e-02
1.510427135678392006e+03 2.231483500322057445e+00 1.597706579778550989e-02
1.516080402010050193e+03 2.231453274972161616e+00 1.597892775169509200e-02
1.521733668341708608e+03 2.231423453935176493e+00 1.598075523539621914e-02
1.527386934673366795e+03 2.231394029810189750e+00 1.598254898934230173e-02
1.533040201005025210e+03 2.231364995368668502e+00 1.598430973594840154e-02
1.538693467336683398e+03 2.231336343549591206e+00 1.598603818001924012e-02
1.544346733668341585e+03 2.231308067454738087e+00 1.598773500927329339e-02
1.550000000000000000e+03 2.231280160344135677e+00 1.598940089481014695e-02
