4.250000000000000000e+02 1.678583203083166886e+00 3.740185927538878796e-01
4.306532663316583012e+02 1.781359326232156093e+00 3.498425894491535293e-01
4.363065326633166023e+02 1.835879432150947732e+00 3.362944349793351995e-01
4.419597989949749035e+02 1.875572942776674079e+00 3.254096566936043322e-01
4.476130653266331478e+02 1.908473704086209644e+00 3.153762958375575520e-01
4.532663316582914490e+02 1.937713909774256171e+00 3.054849323511675263e-01
4.589195979899497502e+02 1.964827026980966007e+00 2.953663160786659247e-01
4.645728643216080513e+02 1.990671822907733368e+00 2.847828338886978505e-01
4.702261306532663525e+02 2.015772528959540733e+00 2.735500503612757761e-01
4.758793969849245968e+02 2.040466646885405577e+00 2.614982045189713777e-01
4.815326633165828980e+02 2.064975742722257479e+00 2.484463145098997905e-01
4.871859296482411992e+02 2.089439616837340807e+00 2.341767809193774086e-01
4.928391959798995003e+02 2.113927971714862242e+00 2.184004684299318821e-01
4.984924623115578015e+02 2.138429190925443812e+00 2.006958118648696776e-01
5.041457286432161027e+02 2.162793913282186065e+00 1.803812390905790985e-01
5.097989949748744039e+02 2.186528684937394384e+00 1.561877966740668477e-01
5.154522613065327050e+02 2.207775047729029883e+00 1.251033099807042637e-01
5.211055276381910062e+02 2.207107765872172500e+00 7.293735919446013571e-02
5.267587939698491937e+02 2.174334351338001792e+00 3.581864197935884925e-02
5.324120603015074948e+02 2.139012416632903424e+00 3.645232445832453233e-02
5.380653266331657960e+02 2.118755256047357260e+00 3.642018633298431396e-02
5.437185929648240972e+02 2.111326788614047434e+00 2.657928303512267776e-02
5.493718592964823983e+02 2.102348555555241028e+00 2.188548942333866376e-02
5.550251256281406995e+02 2.093349747042286157e+00 2.178999267334210538e-02
5.606783919597990007e+02 2.085866712950952717e+00 2.182458747890190370e-02
5.663316582914573019e+02 2.079536258047796515e+00 2.188364224680266340e-02
5.719849246231156030e+02 2.074096898965698266e+00 2.194746005950094433e-02
5.776381909547739042e+02 2.069363212970478649e+00 2.201042176824673929e-02
5.832914572864322054e+02 2.065200020885874732e+00 2.207068932403580264e-02
5.889447236180903928e+02 2.061506038970375432e+00 2.212770293262406041e-02
5.945979899497488077e+02 2.058203569573104019e+00 2.218138878068364600e-02
6.002512562814069952e+02 2.055231804643943949e+00 2.223186561620611387e-02
6.059045226130652964e+02 2.052542335959011588e+00 2.227932494346226630e-02
6.115577889447235975e+02 2.050096056873550232e+00 2.232397927943319607e-02
6.172110552763818987e+02 2.047860969438162204e+00 2.236603938647392653e-02
6.228643216080401999e+02 2.045810597505674622e+00 2.240570455216210274e-02
6.285175879396985010e+02 2.043922815793537406e+00 2.244315894495058084e-02
6.341708542713568022e+02 2.042178970899990009e+00 2.247857083017751681e-02
6.398241206030151034e+02 2.040563211336326344e+00 2.251209310641138703e-02
6.454773869346734045e+02 2.039061969863509738e+00 2.254386440764949776e-02
6.511306532663315920e+02 2.037663558578577394e+00 2.257401039882913490e-02
6.567839195979900069e+02 2.036357848666878301e+00 2.260264508293819558e-02
6.624371859296481944e+02 2.035136014556832240e+00 2.262987203535135258e-02
6.680904522613064955e+02 2.033990327641619800e+00 2.265578553054958810e-02
6.737437185929647967e+02 2.032913988560633989e+00 2.268047155160745135e-02
6.793969849246230979e+02 2.031900989773990140e+00 2.270400868541199921e-02
6.850502512562813990e+02 2.030946002151840624e+00 2.272646891206200545e-02
6.907035175879397002e+02 2.030044280761058140e+00 2.274791829905799256e-02
6.963567839195980014e+02 2.029191586117445212e+00 2.276841761129056244e-02
7.020100502512563025e+02 2.028384117986975266e+00 2.278802284733127265e-02
7.076633165829146037e+02 2.027618459438014220e+00 2.280678571133747459e-02
7.133165829145727912e+02 2.026891529319868823e+00 2.282475402913445098e-02
7.189698492462312061e+02 2.026200541708526259e+00 2.284197211576904918e-02
7.246231155778893935e+02 2.025542971144871807e+00 2.285848110092975061e-02
7.302763819095478084e+02 2.024916522713729794e+00 2.287431921777864294e-02
7.359296482412059959e+02 2.024319106188192219e+00 2.288952205990712335e-02
7.415829145728642970e+02 2.023748813603676755e+00 2.290412281047925908e-02
7.472361809045225982e+02 2.023203899738166278e+00 2.291815244709282523e-02
7.528894472361808994e+02 2.022682765065150434e+00 2.293163992540624141e-02
7.585427135678392006e+02 2.022183940818707448e+00 2.294461234407048356e-02
7.641959798994975017e+02 2.021706075869454278e+00 2.295709509316040675e-02
7.698492462311558029e+02 2.021247925158557557e+00 2.296911198827196812e-02
7.755025125628139904e+02 2.020808339476822812e+00 2.298068539155938284e-02
7.811557788944724052e+02 2.020386256408730041e+00 2.299183632163725663e-02
7.868090452261305927e+02 2.019980692288496193e+00 2.300258455321561521e-02
7.924623115577890076e+02 2.019590735037915863e+00 2.301294870779108104e-02
7.981155778894471950e+02 2.019215537774640357e+00 2.302294633638216070e-02
8.037688442211054962e+02 2.018854313095435504e+00 2.303259399491661835e-02
8.094221105527637974e+02 2.018506327952310109e+00 2.304190731331118985e-02
8.150753768844220986e+02 2.018170899050681477e+00 2.305090105868528791e-02
8.207286432160803997e+02 2.017847388708313261e+00 2.305958919343136654e-02
8.263819095477387009e+02 2.017535201121857025e+00 2.306798492848128462e-02
8.320351758793970021e+02 2.017233778994800275e+00 2.307610077241009292e-02
8.376884422110551895e+02 2.016942600486482551e+00 2.308394857667593961e-02
8.433417085427136044e+02 2.016661176446981951e+00 2.309153957731909304e-02
8.489949748743717919e+02 2.016389047906995913e+00 2.309888443353516618e-02
8.546482412060302067e+02 2.016125783795624571e+00 2.310599326335125228e-02
8.603015075376883942e+02 2.015870978862217555e+00 2.311287567668812368e-02
8.659547738693468091e+02 2.015624251781249487e+00 2.311954080596418173e-02
8.716080402010049966e+02 2.015385243421663919e+00 2.312599733454804782e-02
8.772613065326632977e+02 2.015153615264225095e+00 2.313225352323004802e-02
8.829145728643215989e+02 2.014929047952297658e+00 2.313831723472747209e-02
8.885678391959799001e+02 2.014711239963091316e+00 2.314419595668799554e-02
8.942211055276382012e+02 2.014499906387829054e+00 2.314989682294391060e-02
8.998743718592965024e+02 2.014294777810553772e+00 2.315542663344044919e-02
9.055276381909548036e+02 2.014095599276378490e+00 2.316079187283798593e-02
9.111809045226129911e+02 2.013902129340956026e+00 2.316599872788295197e-02
9.168341708542714059e+02 2.013714139193805153e+00 2.317105310363184664e-02
9.224874371859295934e+02 2.013531411848877628e+00 2.317596063866939060e-02
9.281407035175880083e+02 2.013353741396418872e+00 2.318072671936538542e-02
9.337939698492461957e+02 2.013180932310784321e+00 2.318535649319495434e-02
9.394472361809044969e+02 2.013012798809371784e+00 2.318985488129974085e-02
9.451005025125627981e+02 2.012849164258340373e+00 2.319422659021789374e-02
9.507537688442210992e+02 2.012689860621161397e+00 2.319847612294020922e-02
9.564070351758794004e+02 2.012534727946458268e+00 2.320260778931534235e-02
9.620603015075377016e+02 2.012383613891899792e+00 2.320662571576908098e-02
9.677135678391960028e+02 2.012236373281231394e+00 2.321053385453228368e-02
9.733668341708543039e+02 2.012092867691773534e+00 2.321433599230355443e-02
9.790201005025126051e+02 2.011952965069988331e+00 2.321803575834934658e-02
9.846733668341707926e+02 2.011816539372899282e+00 2.322163663231148131e-02
9.903266331658290937e+02 2.011683470233370574e+00 2.322514195130342962e-02
9.959798994974873949e+02 2.011553642647408768e+00 2.322855491689019072e-02
1.001633165829145696e+03 2.011426946681823313e+00 2.323187860148487674e-02
1.007286432160803997e+03 2.011303277200716000e+00 2.323511595451738590e-02
1.012939698492462298e+03 2.011182533609398249e+00 2.323826980812806683e-02
1.018592964824120600e+03 2.011064619614464366e+00 2.324134288270313792e-02
1.024246231155778787e+03 2.010949442998841263e+00 2.324433779200449704e-02
1.029899497487437202e+03 2.010836915410734171e+00 2.324725704808622631e-02
1.035552763819095617e+03 2.010726952165486026e+00 2.325010306590322498e-02
1.041206030150753804e+03 2.010619472059437030e+00 2.325287816773708924e-02
1.046859296482411992e+03 2.010514397194945513e+00 2.325558458730634867e-02
1.052512562814070407e+03 2.010411652815800920e+00 2.325822447378153579e-02
1.058165829145728594e+03 2.010311167152314837e+00 2.326079989546702906e-02
1.063819095477386782e+03 2.010212871275442126e+00 2.326331284339861957e-02
1.069472361809045196e+03 2.010116698959308668e+00 2.326576523469506969e-02
1.075125628140703611e+03 2.010022586551612811e+00 2.326815891575972212e-02
1.080778894472361799e+03 2.009930472851354732e+00 2.327049566535170644e-02
1.086432160804019986e+03 2.009840298993432750e+00 2.327277719745091469e-02
1.092085427135678401e+03 2.009752008339659834e+00 2.327500516405073966e-02
1.097738693467336816e+03 2.009665546375782430e+00 2.327718115772635377e-02
1.103391959798995003e+03 2.009580860614124997e+00 2.327930671415057509e-02
1.109045226130653191e+03 2.009497900501509005e+00 2.328138331449095336e-02
1.114698492462311606e+03 2.009416617332111965e+00 2.328341238761199097e-02
1.120351758793969793e+03 2.009336964164960548e+00 2.328539531228318929e-02
1.126005025125627981e+03 2.009258895745781537e+00 2.328733341921188776e-02
1.131658291457286396e+03 2.009182368432933519e+00 2.328922799295843685e-02
1.137311557788944810e+03 2.009107340127189278e+00 2.329108027387693722e-02
1.142964824120602998e+03 2.009033770205118419e+00 2.329289145978616707e-02
1.148618090452261185e+03 2.008961619455877035e+00 2.329466270779043807e-02
1.154271356783919600e+03 2.008890850021192165e+00 2.329639513579289528e-02
1.159924623115578015e+03 2.008821425338356281e+00 2.329808982409234397e-02
1.165577889447236203e+03 2.008753310086060839e+00 2.329974781685400370e-02
1.171231155778894390e+03 2.008686470132905022e+00 2.330137012348296524e-02
1.176884422110552805e+03 2.008620872488424691e+00 2.330295772004339905e-02
1.182537688442210992e+03 2.008556485256504764e+00 2.330451155045687450e-02
1.188190954773869180e+03 2.008493277591034243e+00 2.330603252780381884e-02
1.193844221105527595e+03 2.008431219653687982e+00 2.330752153545197214e-02
1.199497487437186010e+03 2.008370282573708199e+00 2.330897942823102406e-02
1.205150753768844197e+03 2.008310438409585341e+00 2.331040703341538331e-02
1.210804020100502385e+03 2.008251660112529091e+00 2.331180515189622965e-02
1.216457286432160799e+03 2.008193921491636669e+00 2.331317455902846836e-02
1.222110552763819214e+03 2.008137197180662969e+00 2.331451600565761367e-02
1.227763819095477402e+03 2.008081462606315259e+00 2.331583021901225544e-02
1.233417085427135589e+03 2.008026693957983166e+00 2.331711790352890973e-02
1.239070351758794004e+03 2.007972868158834245e+00 2.331837974173308833e-02
1.244723618090452419e+03 2.007919962838205841e+00 2.331961639501476183e-02
1.250376884422110379e+03 2.007867956305218637e+00 2.332082850436494395e-02
1.256030150753768794e+03 2.007816827523560388e+00 2.332201669116862677e-02
1.261683417085427209e+03 2.007766556087365650e+00 2.332318155782564864e-02
1.267336683417085396e+03 2.007717122198155568e+00 2.332432368849465809e-02
1.272989949748743584e+03 2.007668506642765305e+00 2.332544364972220438e-02
1.278643216080401999e+03 2.007620690772221383e+00 2.332654199099508385e-02
1.284296482412060413e+03 2.007573656481521418e+00 2.332761924545395660e-02
1.289949748743718601e+03 2.007527386190263829e+00 2.332867593035896012e-02
1.295603015075376788e+03 2.007481862824096908e+00 2.332971254767856814e-02
1.301256281407035203e+03 2.007437069796941920e+00 2.333072958463990390e-02
1.306909547738693618e+03 2.007392990993952075e+00 2.333172751420248964e-02
1.312562814070351806e+03 2.007349610755170488e+00 2.333270679553158325e-02
1.318216080402009993e+03 2.007306913859866260e+00 2.333366787451870636e-02
1.323869346733668408e+03 2.007264885511497621e+00 2.333461118417810495e-02
1.329522613065326595e+03 2.007223511323288800e+00 2.333553714510945912e-02
1.335175879396984783e+03 2.007182777304384214e+00 2.333644616588417472e-02
1.340829145728643198e+03 2.007142669846553318e+00 2.333733864350744439e-02
1.346482412060301613e+03 2.007103175711426157e+00 2.333821496369929693e-02
1.352135678391959800e+03 2.007064282018228063e+00 2.333907550137511583e-02
1.357788944723617988e+03 2.007025976231995745e+00 2.333992062092614395e-02
1.363442211055276402e+03 2.006988246152253463e+00 2.334075067659487079e-02
1.369095477386934817e+03 2.006951079902123070e+00 2.334156601279311141e-02
1.374748743718593005e+03 2.006914465917857715e+00 2.334236696442936604e-02
1.380402010050251192e+03 2.006878392938769906e+00 2.334315385720745969e-02
1.386055276381909607e+03 2.006842849997545919e+00 2.334392700791544997e-02
1.391708542713567795e+03 2.006807826410924367e+00 2.334468672472388498e-02
1.397361809045225982e+03 2.006773311770721602e+00 2.334543330744582451e-02
1.403015075376884397e+03 2.006739295935197731e+00 2.334616704782524130e-02
1.408668341708542812e+03 2.006705769020737051e+00 2.334688822976817638e-02
1.414321608040200999e+03 2.006672721393836234e+00 2.334759712957377997e-02
1.419974874371859187e+03 2.006640143663390052e+00 2.334829401621274156e-02
1.425628140703517602e+03 2.006608026673251111e+00 2.334897915152000028e-02
1.431281407035176017e+03 2.006576361495066241e+00 2.334965279044439249e-02
1.436934673366834204e+03 2.006545139421363810e+00 2.335031518123160607e-02
1.442587939698492391e+03 2.006514351958895492e+00 2.335096656564505935e-02
1.448241206030150806e+03 2.006483990822207186e+00 2.335160717915816045e-02
1.453894472361808994e+03 2.006454047927447082e+00 2.335223725114644183e-02
1.459547738693467409e+03 2.006424515386381557e+00 2.335285700507960804e-02
1.465201005025125596e+03 2.006395385500627349e+00 2.335346665869448418e-02
1.470854271356784011e+03 2.006366650756084891e+00 2.335406642414883729e-02
1.476507537688442198e+03 2.006338303817555069e+00 2.335465650821318129e-02
1.482160804020100386e+03 2.006310337523557141e+00 2.335523711243394848e-02
1.487814070351758801e+03 2.006282744881308311e+00 2.335580843324905689e-02
1.493467336683416988e+03 2.006255519061882708e+00 2.335637066218898897e-02
1.499120603015075403e+03 2.006228653395534689e+00 2.335692398598270686e-02
1.504773869346733591e+03 2.006202141367175340e+00 2.335746858671105750e-02
1.510427135678392006e+03 2.006175976612006195e+00 2.335800464195060197e-02
1.516080402010050193e+03 2.006150152911289730e+00 2.335853232487936429e-02
1.521733668341708608e+03 2.006124664188271733e+00 2.335905180443955537e-02
1.527386934673366795e+03 2.006099504504229358e+00 2.335956324542420512e-02
1.533040201005025210e+03 2.006074668054649734e+00 2.336006680862077328e-02
1.538693467336683398e+03 2.006050149165539587e+00 2.336056265090718717e-02
1.544346733668341585e+03 2.006025942289846320e+00 2.336105092538586295e-02
1.550000000000000000e+03 2.006002042004001673e+00 2.336153178144162457e-02
