4.250000000000000000e+02 1.889111586251100317e+00 3.472019438622474530e-01
4.306532663316583012e+02 1.987521281611031920e+00 3.274735939089996606e-01
4.363065326633166023e+02 2.039934359029258459e+00 3.159804485864189938e-01
4.419597989949749035e+02 2.078194802425985976e+00 3.064966066451629834e-01
4.476130653266331478e+02 2.109975867772098557e+00 2.975799558711466619e-01
4.532663316582914490e+02 2.138273878994799926e+00 2.886558538506836524e-01
4.589195979899497502e+02 2.164557628919154819e+00 2.794178094959015590e-01
4.645728643216080513e+02 2.189650639907660068e+00 2.696620035742249288e-01
4.702261306532663525e+02 2.214056250499775835e+00 2.592241528763410408e-01
4.758793969849245968e+02 2.238098956572311504e+00 2.479476215920871640e-01
4.815326633165828980e+02 2.261992118973195964e+00 2.356608690220472757e-01
4.871859296482411992e+02 2.285870602803429907e+00 2.221540745854336529e-01
4.928391959798995003e+02 2.309801798934989936e+00 2.071458181613835547e-01
4.984924623115578015e+02 2.333774531671051200e+00 1.902240285970947797e-01
5.041457286432161027e+02 2.357644112844438755e+00 1.707215328057072878e-01
5.097989949748744039e+02 2.380931779471884280e+00 1.473960356583086662e-01
5.154522613065327050e+02 2.401832808772800476e+00 1.172990455765931250e-01
5.211055276381910062e+02 2.401483642660596107e+00 6.652330068668921292e-02
5.267587939698491937e+02 2.369721363694150984e+00 3.029209898369178075e-02
5.324120603015074948e+02 2.335277621037209261e+00 3.088031364488914160e-02
5.380653266331657960e+02 2.315124310003034314e+00 3.127047514107635096e-02
5.437185929648240972e+02 2.300926559491118351e+00 3.156074882268453119e-02
5.493718592964823983e+02 2.290114355799583556e+00 3.177776990252178385e-02
5.550251256281406995e+02 2.281511198700697296e+00 3.192869717938252860e-02
5.606783919597990007e+02 2.274473254612925821e+00 3.201014468185357092e-02
5.663316582914573019e+02 2.268612131100907980e+00 3.200868947375693635e-02
5.719849246231156030e+02 2.263682817910857903e+00 3.189654256039885921e-02
5.776381909547739042e+02 2.259534835170447398e+00 3.162001040742298125e-02
5.832914572864322054e+02 2.256096585046036385e+00 3.107189052253373635e-02
5.889447236180903928e+02 2.253385993259571229e+00 3.002603584628142988e-02
5.945979899497488077e+02 2.251516626806500554e+00 2.803212147974947291e-02
6.002512562814069952e+02 2.250363879663463518e+00 2.485857242602136641e-02
6.059045226130652964e+02 2.248960656129469715e+00 2.222007587929603761e-02
6.115577889447235975e+02 2.247099020607895792e+00 2.098440341393107561e-02
6.172110552763818987e+02 2.245160310686323601e+00 2.041874112511818731e-02
6.228643216080401999e+02 2.243294563612849402e+00 2.012245377888251946e-02
6.285175879396985010e+02 2.241539011400334847e+00 1.994972673445264549e-02
6.341708542713568022e+02 2.239898341959452477e+00 1.984161630917576427e-02
6.398241206030151034e+02 2.238367519063545252e+00 1.977078635428134584e-02
6.454773869346734045e+02 2.236938681305450149e+00 1.972307195822432455e-02
6.511306532663315920e+02 2.235603469930163900e+00 1.969047983980125663e-02
6.567839195979900069e+02 2.234353858674467119e+00 1.966819146531498946e-02
6.624371859296481944e+02 2.233182436565488871e+00 1.965314698633639778e-02
6.680904522613064955e+02 2.232082476648646008e+00 1.964332057751108640e-02
6.737437185929647967e+02 2.231047918971984512e+00 1.963732466197700213e-02
6.793969849246230979e+02 2.230073320774155210e+00 1.963418181623821299e-02
6.850502512562813990e+02 2.229153796629256057e+00 1.963318725710111456e-02
6.907035175879397002e+02 2.228284958413619510e+00 1.963382271177542895e-02
6.963567839195980014e+02 2.227462859206042367e+00 1.963570067674053066e-02
7.020100502512563025e+02 2.226683942597377008e+00 1.963852730744326119e-02
7.076633165829146037e+02 2.225944997674707881e+00 1.964207709373725838e-02
7.133165829145727912e+02 2.225243119406607573e+00 1.964617519855185734e-02
7.189698492462312061e+02 2.224575673939804155e+00 1.965068490177080893e-02
7.246231155778893935e+02 2.223940268256270336e+00 1.965549851986425969e-02
7.302763819095478084e+02 2.223334723650965739e+00 1.966053073769258308e-02
7.359296482412059959e+02 2.222757052533203659e+00 1.966571364400253319e-02
7.415829145728642970e+02 2.222205438108548314e+00 1.967099298931500317e-02
7.472361809045225982e+02 2.221678216553299112e+00 1.967632533323786237e-02
7.528894472361808994e+02 2.221173861345427714e+00 1.968167584777410009e-02
7.585427135678392006e+02 2.220690969462414621e+00 1.968701660980572143e-02
7.641959798994975017e+02 2.220228249197348180e+00 1.969232526277861842e-02
7.698492462311558029e+02 2.219784509380032134e+00 1.969758395949719812e-02
7.755025125628139904e+02 2.219358649820245333e+00 1.970277852114235562e-02
7.811557788944724052e+02 2.218949652816234686e+00 1.970789776396125390e-02
7.868090452261305927e+02 2.218556575593636282e+00 1.971293295698122242e-02
7.924623115577890076e+02 2.218178543558825488e+00 1.971787738294482686e-02
7.981155778894471950e+02 2.217814744266713767e+00 1.972272598096587101e-02
8.037688442211054962e+02 2.217464422016621750e+00 1.972747505447473848e-02
8.094221105527637974e+02 2.217126873001504350e+00 1.973212203151811228e-02
8.150753768844220986e+02 2.216801440945697532e+00 1.973666526727152482e-02
8.207286432160803997e+02 2.216487513174862922e+00 1.974110388081525003e-02
8.263819095477387009e+02 2.216184517069054838e+00 1.974543761977088155e-02
8.320351758793970021e+02 2.215891916856091104e+00 1.974966674782668505e-02
8.376884422110551895e+02 2.215609210707774945e+00 1.975379195100085764e-02
8.433417085427136044e+02 2.215335928106128893e+00 1.975781425932160440e-02
8.489949748743717919e+02 2.215071627450816205e+00 1.976173498142002466e-02
8.546482412060302067e+02 2.214815893882381204e+00 1.976555564968367901e-02
8.603015075376883942e+02 2.214568337298937539e+00 1.976927797428702435e-02
8.659547738693468091e+02 2.214328590546538855e+00 1.977290380460981767e-02
8.716080402010049966e+02 2.214096307765757388e+00 1.977643509688371132e-02
8.772613065326632977e+02 2.213871162878953136e+00 1.977987388704478822e-02
8.829145728643215989e+02 2.213652848204471724e+00 1.978322226791802765e-02
8.885678391959799001e+02 2.213441073185515418e+00 1.978648237010854558e-02
8.942211055276382012e+02 2.213235563222774260e+00 1.978965634607698920e-02
8.998743718592965024e+02 2.213036058601062450e+00 1.979274635674293029e-02
9.055276381909548036e+02 2.212842313501258040e+00 1.979575456039902800e-02
9.111809045226129911e+02 2.212654095089731765e+00 1.979868310348366703e-02
9.168341708542714059e+02 2.212471182678281689e+00 1.980153411294014940e-02
9.224874371859295934e+02 2.212293366948276940e+00 1.980430969003686356e-02
9.281407035175880083e+02 2.212120449233364372e+00 1.980701190518680682e-02
9.337939698492461957e+02 2.211952240855654228e+00 1.980964279391089072e-02
9.394472361809044969e+02 2.211788562510781375e+00 1.981220435354020398e-02
9.451005025125627981e+02 2.211629243697706748e+00 1.981469854066766553e-02
9.507537688442210992e+02 2.211474122189509117e+00 1.981712726920259460e-02
9.564070351758794004e+02 2.211323043541767674e+00 1.981949240887085142e-02
9.620603015075377016e+02 2.211175860635468116e+00 1.982179578431701381e-02
9.677135678391960028e+02 2.211032433251629570e+00 1.982403917433770910e-02
9.733668341708543039e+02 2.210892627675128175e+00 1.982622431167171961e-02
9.790201005025126051e+02 2.210756316325398707e+00 1.982835288283132241e-02
9.846733668341707926e+02 2.210623377411918167e+00 1.983042652829979796e-02
9.903266331658290937e+02 2.210493694612556848e+00 1.983244684287096757e-02
9.959798994974873949e+02 2.210367156773040520e+00 1.983441537610841632e-02
1.001633165829145696e+03 2.210243657625940106e+00 1.983633363295811414e-02
1.007286432160803997e+03 2.210123095527714021e+00 1.983820307443607753e-02
1.012939698492462298e+03 2.210005373212474034e+00 1.984002511846952657e-02
1.018592964824120600e+03 2.209890397561248498e+00 1.984180114072373741e-02
1.024246231155778787e+03 2.209778079385615879e+00 1.984353247550425803e-02
1.029899497487437202e+03 2.209668333224683145e+00 1.984522041670104542e-02
1.035552763819095617e+03 2.209561077154451603e+00 1.984686621880815335e-02
1.041206030150753804e+03 2.209456232608711268e+00 1.984847109787367045e-02
1.046859296482411992e+03 2.209353724210645353e+00 1.985003623250312238e-02
1.052512562814070407e+03 2.209253479614423199e+00 1.985156276492761745e-02
1.058165829145728594e+03 2.209155429356085332e+00 1.985305180195782657e-02
1.063819095477386782e+03 2.209059506713099807e+00 1.985450441601419383e-02
1.069472361809045196e+03 2.208965647572005864e+00 1.985592164616622329e-02
1.075125628140703611e+03 2.208873790303612417e+00 1.985730449903569395e-02
1.080778894472361799e+03 2.208783875645244255e+00 1.985865394988812691e-02
1.086432160804019986e+03 2.208695846589592726e+00 1.985997094347654798e-02
1.092085427135678401e+03 2.208609648279726834e+00 1.986125639505132573e-02
1.097738693467336816e+03 2.208525227909888144e+00 1.986251119126787243e-02
1.103391959798995003e+03 2.208442534631684939e+00 1.986373619110403180e-02
1.109045226130653191e+03 2.208361519465365852e+00 1.986493222669789838e-02
1.114698492462311606e+03 2.208282135215834163e+00 1.986610010422901196e-02
1.120351758793969793e+03 2.208204336393136291e+00 1.986724060478719037e-02
1.126005025125627981e+03 2.208128079137123390e+00 1.986835448510606422e-02
1.131658291457286396e+03 2.208053321146055126e+00 1.986944247846321107e-02
1.137311557788944810e+03 2.207980021608895171e+00 1.987050529532217308e-02
1.142964824120602998e+03 2.207908141141082137e+00 1.987154362418590975e-02
1.148618090452261185e+03 2.207837641723572553e+00 1.987255813225932352e-02
1.154271356783919600e+03 2.207768486644961392e+00 1.987354946616682466e-02
1.159924623115578015e+03 2.207700640446497609e+00 1.987451825262441518e-02
1.165577889447236203e+03 2.207634068869837929e+00 1.987546509913332496e-02
1.171231155778894390e+03 2.207568738807370146e+00 1.987639059452772639e-02
1.176884422110552805e+03 2.207504618254966910e+00 1.987729530970052880e-02
1.182537688442210992e+03 2.207441676267032360e+00 1.987817979810509519e-02
1.188190954773869180e+03 2.207379882913713676e+00 1.987904459642392957e-02
1.193844221105527595e+03 2.207319209240149682e+00 1.987989022501341838e-02
1.199497487437186010e+03 2.207259627227660559e+00 1.988071718853791706e-02
1.205150753768844197e+03 2.207201109756755653e+00 1.988152597644695513e-02
1.210804020100502385e+03 2.207143630571871018e+00 1.988231706348550162e-02
1.216457286432160799e+03 2.207087164247739430e+00 1.988309091015911384e-02
1.222110552763819214e+03 2.207031686157310268e+00 1.988384796325448969e-02
1.227763819095477402e+03 2.206977172441128232e+00 1.988458865621448024e-02
1.233417085427135589e+03 2.206923599978105166e+00 1.988531340966904343e-02
1.239070351758794004e+03 2.206870946357604613e+00 1.988602263176486237e-02
1.244723618090452419e+03 2.206819189852770258e+00 1.988671671865096732e-02
1.250376884422110379e+03 2.206768309395044092e+00 1.988739605479655434e-02
1.256030150753768794e+03 2.206718284549798348e+00 1.988806101344250260e-02
1.261683417085427209e+03 2.206669095493040800e+00 1.988871195692978183e-02
1.267336683417085396e+03 2.206620722989123706e+00 1.988934923704996707e-02
1.272989949748743584e+03 2.206573148369420867e+00 1.988997319540662320e-02
1.278643216080401999e+03 2.206526353511912841e+00 1.989058416370952792e-02
1.284296482412060413e+03 2.206480320821641694e+00 1.989118246416909583e-02
1.289949748743718601e+03 2.206435033211992636e+00 1.989176840970087110e-02
1.295603015075376788e+03 2.206390474086759035e+00 1.989234230431954908e-02
1.301256281407035203e+03 2.206346627322955722e+00 1.989290444333192270e-02
1.306909547738693618e+03 2.206303477254344614e+00 1.989345511369708039e-02
1.312562814070351806e+03 2.206261008655635791e+00 1.989399459424131753e-02
1.318216080402009993e+03 2.206219206727335180e+00 1.989452315595104798e-02
1.323869346733668408e+03 2.206178057081207289e+00 1.989504106218742407e-02
1.329522613065326595e+03 2.206137545726323701e+00 1.989554856893430840e-02
1.335175879396984783e+03 2.206097659055671567e+00 1.989604592505727493e-02
1.340829145728643198e+03 2.206058383833294556e+00 1.989653337249553192e-02
1.346482412060301613e+03 2.206019707181940515e+00 1.989701114649834041e-02
1.352135678391959800e+03 2.205981616571198511e+00 1.989747947581672546e-02
1.357788944723617988e+03 2.205944099806097292e+00 1.989793858292851839e-02
1.363442211055276402e+03 2.205907145016144710e+00 1.989838868420754081e-02
1.369095477386934817e+03 2.205870740644794825e+00 1.989882999012613715e-02
1.374748743718593005e+03 2.205834875439312892e+00 1.989926270544649725e-02
1.380402010050251192e+03 2.205799538441030272e+00 1.989968702938954212e-02
1.386055276381909607e+03 2.205764718975968819e+00 1.990010315575912667e-02
1.391708542713567795e+03 2.205730406645816988e+00 1.990051127321119245e-02
1.397361809045225982e+03 2.205696591319242117e+00 1.990091156528856972e-02
1.403015075376884397e+03 2.205663263123530893e+00 1.990130421066767241e-02
1.408668341708542812e+03 2.205630412436533128e+00 1.990168938328243028e-02
1.414321608040200999e+03 2.205598029878906186e+00 1.990206725241464719e-02
1.419974874371859187e+03 2.205566106306640073e+00 1.990243798291823490e-02
1.425628140703517602e+03 2.205534632803856976e+00 1.990280173528716223e-02
1.431281407035176017e+03 2.205503600675867482e+00 1.990315866583492951e-02
1.436934673366834204e+03 2.205473001442479930e+00 1.990350892676242753e-02
1.442587939698492391e+03 2.205442826831545133e+00 1.990385266632616751e-02
1.448241206030150806e+03 2.205413068772734242e+00 1.990419002892835840e-02
1.453894472361808994e+03 2.205383719391532882e+00 1.990452115526272422e-02
1.459547738693467409e+03 2.205354771003449788e+00 1.990484618238221384e-02
1.465201005025125596e+03 2.205326216108421278e+00 1.990516524381126182e-02
1.470854271356784011e+03 2.205298047385421345e+00 1.990547846971381374e-02
1.476507537688442198e+03 2.205270257687244051e+00 1.990578598688282075e-02
1.482160804020100386e+03 2.205242840035477325e+00 1.990608791893051441e-02
1.487814070351758801e+03 2.205215787615640188e+00 1.990638438632244892e-02
1.493467336683416988e+03 2.205189093772491837e+00 1.990667550650078790e-02
1.499120603015075403e+03 2.205162752005491722e+00 1.990696139397406250e-02
1.504773869346733591e+03 2.205136755964419493e+00 1.990724216035117192e-02
1.510427135678392006e+03 2.205111099445137945e+00 1.990751791448686775e-02
1.516080402010050193e+03 2.205085776385495411e+00 1.990778876252684987e-02
1.521733668341708608e+03 2.205060780861369363e+00 1.990805480799743774e-02
1.527386934673366795e+03 2.205036107082832153e+00 1.990831615185061423e-02
1.533040201005025210e+03 2.205011749390449971e+00 1.990857289257598126e-02
1.538693467336683398e+03 2.204987702251699044e+00 1.990882512625690923e-02
1.544346733668341585e+03 2.204963960257495970e+00 1.990907294661552196e-02
1.550000000000000000e+03 2.204940518118842618e+00 1.990931644510228124e-02
