4.250000000000000000e+02 1.868145462117164479e+00 3.846494740629959885e-01
4.306532663316583012e+02 1.976152704629973611e+00 3.612925956172597930e-01
4.363065326633166023e+02 2.033231328133243032e+00 3.482615628657117490e-01
4.419597989949749035e+02 2.074664545270267002e+00 3.378213712397735713e-01
4.476130653266331478e+02 2.108933296645046696e+00 3.282078004706845964e-01
4.532663316582914490e+02 2.139344954723223946e+00 3.187311231703608971e-01
4.589195979899497502e+02 2.167519942783127540e+00 3.090346999421546559e-01
4.645728643216080513e+02 2.194367405396869142e+00 2.988923687960811093e-01
4.702261306532663525e+02 2.220444727019253772e+00 2.881329001695235315e-01
4.758793969849245968e+02 2.246114333814253516e+00 2.766040611650645298e-01
4.815326633165828980e+02 2.271619876069573607e+00 2.641501941651192564e-01
4.871859296482411992e+02 2.297125195810888254e+00 2.505926911211019403e-01
4.928391959798995003e+02 2.322732943822995999e+00 2.357063556574145458e-01
4.984924623115578015e+02 2.348488097885298664e+00 2.191827922843453125e-01
5.041457286432161027e+02 2.374362313430646410e+00 2.005628684743959722e-01
5.097989949748744039e+02 2.400195255432241215e+00 1.790906153164811554e-01
5.154522613065327050e+02 2.425487632255509229e+00 1.533263856115044121e-01
5.211055276381910062e+02 2.448369695601046114e+00 1.197064402721629561e-01
5.267587939698491937e+02 2.440613298696043820e+00 5.730553018712319230e-02
5.324120603015074948e+02 2.400930602606803355e+00 3.072960065721492412e-02
5.380653266331657960e+02 2.366261361831846877e+00 3.134930049064645757e-02
5.437185929648240972e+02 2.345118103541427690e+00 3.177832386450037822e-02
5.493718592964823983e+02 2.329949310905985449e+00 3.209900205416897634e-02
5.550251256281406995e+02 2.318284360589759174e+00 3.232397546723882881e-02
5.606783919597990007e+02 2.308975658094476024e+00 3.242884204221768013e-02
5.663316582914573019e+02 2.301441641076307665e+00 3.231761347298136439e-02
5.719849246231156030e+02 2.295564074055346016e+00 3.160049732373296227e-02
5.776381909547739042e+02 2.292931546314398439e+00 2.732810316832232772e-02
5.832914572864322054e+02 2.291503793022001467e+00 2.032934461653359073e-02
5.889447236180903928e+02 2.287354281111921850e+00 1.958007800787568004e-02
5.945979899497488077e+02 2.283460179134869428e+00 1.940392813584160964e-02
6.002512562814069952e+02 2.279930968607696062e+00 1.934723775521407854e-02
6.059045226130652964e+02 2.276734607036099867e+00 1.933263076830224816e-02
6.115577889447235975e+02 2.273829946529800861e+00 1.933661248492821172e-02
6.172110552763818987e+02 2.271179802845077145e+00 1.934978961585541099e-02
6.228643216080401999e+02 2.268752373223894558e+00 1.936775162738204811e-02
6.285175879396985010e+02 2.266520750011734364e+00 1.938820138912167659e-02
6.341708542713568022e+02 2.264462151138355139e+00 1.940985568424059490e-02
6.398241206030151034e+02 2.262557203931584660e+00 1.943196267452818385e-02
6.454773869346734045e+02 2.260789344691952252e+00 1.945406798893172320e-02
6.511306532663315920e+02 2.259144330609291096e+00 1.947589238646328658e-02
6.567839195979900069e+02 2.257609846240281382e+00 1.949726383507418073e-02
6.624371859296481944e+02 2.256175186099813601e+00 1.951807794852256431e-02
6.680904522613064955e+02 2.254830997625558719e+00 1.953827402102481514e-02
6.737437185929647967e+02 2.253569071891273534e+00 1.955782003414337916e-02
6.793969849246230979e+02 2.252382172169133945e+00 1.957670302216311595e-02
6.850502512562813990e+02 2.251263892632353159e+00 1.959492274140379325e-02
6.907035175879397002e+02 2.250208541195652945e+00 1.961248743341196740e-02
6.963567839195980014e+02 2.249211041804186628e+00 1.962941094632417866e-02
7.020100502512563025e+02 2.248266852489125167e+00 1.964571075568339459e-02
7.076633165829146037e+02 2.247371896282571058e+00 1.966140659115840281e-02
7.133165829145727912e+02 2.246522502682145817e+00 1.967651947796153142e-02
7.189698492462312061e+02 2.245715357819179303e+00 1.969107106573797852e-02
7.246231155778893935e+02 2.244947461846143355e+00 1.970508315892200574e-02
7.302763819095478084e+02 2.244216092342781188e+00 1.971857738967819698e-02
7.359296482412059959e+02 2.243518772764534930e+00 1.973157499261664685e-02
7.415829145728642970e+02 2.242853245134822870e+00 1.974409665240888997e-02
7.472361809045225982e+02 2.242217446324902497e+00 1.975616240400815057e-02
7.528894472361808994e+02 2.241609487379244037e+00 1.976779157081242147e-02
7.585427135678392006e+02 2.241027635436545484e+00 1.977900273023326660e-02
7.641959798994975017e+02 2.240470297871375305e+00 1.978981369906650592e-02
7.698492462311558029e+02 2.239936008342484186e+00 1.980024153305023210e-02
7.755025125628139904e+02 2.239423414483843633e+00 1.981030253639664424e-02
7.811557788944724052e+02 2.238931267015703774e+00 1.982001227845196084e-02
7.868090452261305927e+02 2.238458410086979988e+00 1.982938561508971673e-02
7.924623115577890076e+02 2.238003772688593518e+00 1.983843671330412506e-02
7.981155778894471950e+02 2.237566361000944415e+00 1.984717907769961709e-02
8.037688442211054962e+02 2.237145251558437575e+00 1.985562557809130574e-02
8.094221105527637974e+02 2.236739585130538277e+00 1.986378847737668013e-02
8.150753768844220986e+02 2.236348561232800236e+00 1.987167945937672042e-02
8.207286432160803997e+02 2.235971433193126412e+00 1.987930965631037189e-02
8.263819095477387009e+02 2.235607503708520571e+00 1.988668967539841681e-02
8.320351758793970021e+02 2.235256120836126570e+00 1.989382962486273623e-02
8.376884422110551895e+02 2.234916674369633149e+00 1.990073913875899797e-02
8.433417085427136044e+02 2.234588592558326425e+00 1.990742740091737406e-02
8.489949748743717919e+02 2.234271339131454148e+00 1.991390316781785352e-02
8.546482412060302067e+02 2.233964410595130179e+00 1.992017479034830299e-02
8.603015075376883942e+02 2.233667333773014185e+00 1.992625023455964553e-02
8.659547738693468091e+02 2.233379663565408180e+00 1.993213710135285574e-02
8.716080402010049966e+02 2.233100980904409560e+00 1.993784264516510266e-02
8.772613065326632977e+02 2.232830890885337816e+00 1.994337379171040939e-02
8.829145728643215989e+02 2.232569021056919567e+00 1.994873715469537914e-02
8.885678391959799001e+02 2.232315019854668847e+00 1.995393905175279689e-02
8.942211055276382012e+02 2.232068555163644330e+00 1.995898551940081256e-02
8.998743718592965024e+02 2.231829312998251602e+00 1.996388232732446838e-02
9.055276381909548036e+02 2.231596996288106372e+00 1.996863499170810352e-02
9.111809045226129911e+02 2.231371323760130920e+00 1.997324878803646842e-02
9.168341708542714059e+02 2.231152028908082841e+00 1.997772876299188510e-02
9.224874371859295934e+02 2.230938859041634359e+00 1.998207974587520863e-02
9.281407035175880083e+02 2.230731574407923468e+00 1.998630635931049337e-02
9.337939698492461957e+02 2.230529947379193523e+00 1.999041302937116030e-02
9.394472361809044969e+02 2.230333761700803663e+00 1.999440399518693026e-02
9.451005025125627981e+02 2.230142811794423086e+00 1.999828331802402243e-02
9.507537688442210992e+02 2.229956902111746242e+00 2.000205488981956353e-02
9.564070351758794004e+02 2.229775846534499451e+00 2.000572244138417929e-02
9.620603015075377016e+02 2.229599467816918867e+00 2.000928954997561321e-02
9.677135678391960028e+02 2.229427597067229705e+00 2.001275964667883003e-02
9.733668341708543039e+02 2.229260073264977660e+00 2.001613602320627058e-02
9.790201005025126051e+02 2.229096742811363718e+00 2.001942183848662293e-02
9.846733668341707926e+02 2.228937459109963992e+00 2.002262012481086442e-02
9.903266331658290937e+02 2.228782082175480017e+00 2.002573379367050127e-02
9.959798994974873949e+02 2.228630478268352366e+00 2.002876564136717510e-02
1.001633165829145696e+03 2.228482519553264041e+00 2.003171835420651872e-02
1.007286432160803997e+03 2.228338083779736412e+00 2.003459451354373463e-02
1.012939698492462298e+03 2.228197053983165699e+00 2.003739660050472479e-02
1.018592964824120600e+03 2.228059318204793193e+00 2.004012700045033207e-02
1.024246231155778787e+03 2.227924769229226776e+00 2.004278800731776680e-02
1.029899497487437202e+03 2.227793304338240965e+00 2.004538182757418380e-02
1.035552763819095617e+03 2.227664825079695543e+00 2.004791058414887722e-02
1.041206030150753804e+03 2.227539237050501608e+00 2.005037632007904483e-02
1.046859296482411992e+03 2.227416449692645184e+00 2.005278100191409951e-02
1.052512562814070407e+03 2.227296376101369102e+00 2.005512652313402866e-02
1.058165829145728594e+03 2.227178932844673387e+00 2.005741470719469774e-02
1.063819095477386782e+03 2.227064039793360983e+00 2.005964731058832579e-02
1.069472361809045196e+03 2.226951619960928053e+00 2.006182602564280174e-02
1.075125628140703611e+03 2.226841599352627821e+00 2.006395248327067296e-02
1.080778894472361799e+03 2.226733906823114673e+00 2.006602825549119035e-02
1.086432160804019986e+03 2.226628473942095177e+00 2.006805485795816468e-02
1.092085427135678401e+03 2.226525234867473557e+00 2.007003375226168104e-02
1.097738693467336816e+03 2.226424126225507560e+00 2.007196634814786135e-02
1.103391959798995003e+03 2.226325086997526626e+00 2.007385400566802716e-02
1.109045226130653191e+03 2.226228058412797139e+00 2.007569803720230667e-02
1.114698492462311606e+03 2.226132983847154634e+00 2.007749970939108966e-02
1.120351758793969793e+03 2.226039808727040548e+00 2.007926024496356834e-02
1.126005025125627981e+03 2.225948480438611377e+00 2.008098082456312439e-02
1.131658291457286396e+03 2.225858948241613788e+00 2.008266258830437162e-02
1.137311557788944810e+03 2.225771163187734825e+00 2.008430663751544290e-02
1.142964824120602998e+03 2.225685078043158516e+00 2.008591403617917756e-02
1.148618090452261185e+03 2.225600647215084660e+00 2.008748581241617467e-02
1.154271356783919600e+03 2.225517826681967293e+00 2.008902295992136267e-02
1.159924623115578015e+03 2.225436573927261019e+00 2.009052643925481399e-02
1.165577889447236203e+03 2.225356847876472255e+00 2.009199717911954591e-02
1.171231155778894390e+03 2.225278608837322647e+00 2.009343607764857778e-02
1.176884422110552805e+03 2.225201818442847479e+00 2.009484400346923244e-02
1.182537688442210992e+03 2.225126439597266526e+00 2.009622179693162231e-02
1.188190954773869180e+03 2.225052436424465263e+00 2.009757027108151350e-02
1.193844221105527595e+03 2.224979774218946993e+00 2.009889021275330923e-02
1.199497487437186010e+03 2.224908419399118209e+00 2.010018238351812467e-02
1.205150753768844197e+03 2.224838339462772652e+00 2.010144752065271337e-02
1.210804020100502385e+03 2.224769502944668798e+00 2.010268633797471227e-02
1.216457286432160799e+03 2.224701879376069336e+00 2.010389952679830089e-02
1.222110552763819214e+03 2.224635439246152036e+00 2.010508775664585426e-02
1.227763819095477402e+03 2.224570153965188535e+00 2.010625167616852602e-02
1.233417085427135589e+03 2.224505995829392901e+00 2.010739191380083585e-02
1.239070351758794004e+03 2.224442937987353819e+00 2.010850907853596256e-02
1.244723618090452419e+03 2.224380954407981559e+00 2.010960376060083946e-02
1.250376884422110379e+03 2.224320019849864938e+00 2.011067653216363355e-02
1.256030150753768794e+03 2.224260109831991628e+00 2.011172794791908983e-02
1.261683417085427209e+03 2.224201200605748774e+00 2.011275854576157276e-02
1.267336683417085396e+03 2.224143269128142641e+00 2.011376884736913034e-02
1.272989949748743584e+03 2.224086293036172446e+00 2.011475935869870904e-02
1.278643216080401999e+03 2.224030250622310856e+00 2.011573057063535327e-02
1.284296482412060413e+03 2.223975120811023665e+00 2.011668295944222390e-02
1.289949748743718601e+03 2.223920883136284665e+00 2.011761698730943695e-02
1.295603015075376788e+03 2.223867517720041320e+00 2.011853310281421989e-02
1.301256281407035203e+03 2.223815005251569499e+00 2.011943174136952492e-02
1.306909547738693618e+03 2.223763326967697296e+00 2.012031332571647194e-02
1.312562814070351806e+03 2.223712464633830432e+00 2.012117826631702050e-02
1.318216080402009993e+03 2.223662400525768579e+00 2.012202696179046443e-02
1.323869346733668408e+03 2.223613117412247320e+00 2.012285979927234264e-02
1.329522613065326595e+03 2.223564598538197323e+00 2.012367715485028144e-02
1.335175879396984783e+03 2.223516827608668756e+00 2.012447939388916501e-02
1.340829145728643198e+03 2.223469788773396516e+00 2.012526687141122719e-02
1.346482412060301613e+03 2.223423466611983201e+00 2.012603993240967559e-02
1.352135678391959800e+03 2.223377846119659385e+00 2.012679891221719891e-02
1.357788944723617988e+03 2.223332912693604335e+00 2.012754413678601029e-02
1.363442211055276402e+03 2.223288652119797426e+00 2.012827592298971693e-02
1.369095477386934817e+03 2.223245050560379799e+00 2.012899457893600405e-02
1.374748743718593005e+03 2.223202094541499196e+00 2.012970040426810547e-02
1.380402010050251192e+03 2.223159770941618874e+00 2.013039369036677753e-02
1.386055276381909607e+03 2.223118066980271479e+00 2.013107472068449699e-02
1.391708542713567795e+03 2.223076970207238823e+00 2.013174377098017609e-02
1.397361809045225982e+03 2.223036468492131323e+00 2.013240110950964556e-02
1.403015075376884397e+03 2.222996550014361361e+00 2.013304699733725611e-02
1.408668341708542812e+03 2.222957203253486558e+00 2.013368168851504061e-02
1.414321608040200999e+03 2.222918416979907441e+00 2.013430543032787567e-02
1.419974874371859187e+03 2.222880180245907056e+00 2.013491846345029021e-02
1.425628140703517602e+03 2.222842482377015649e+00 2.013552102223551549e-02
1.431281407035176017e+03 2.222805312963689328e+00 2.013611333483896620e-02
1.436934673366834204e+03 2.222768661853285366e+00 2.013669562342986288e-02
1.442587939698492391e+03 2.222732519142328389e+00 2.013726810438066714e-02
1.448241206030150806e+03 2.222696875169047903e+00 2.013783098843439576e-02
1.453894472361808994e+03 2.222661720506182270e+00 2.013838448089387209e-02
1.459547738693467409e+03 2.222627045954034930e+00 2.013892878176678017e-02
1.465201005025125596e+03 2.222592842533772650e+00 2.013946408589963044e-02
1.470854271356784011e+03 2.222559101480958699e+00 2.013999058321085459e-02
1.476507537688442198e+03 2.222525814239308950e+00 2.014050845874743034e-02
1.482160804020100386e+03 2.222492972454659377e+00 2.014101789287373045e-02
1.487814070351758801e+03 2.222460567969147149e+00 2.014151906142723492e-02
1.493467336683416988e+03 2.222428592815583581e+00 2.014201213579699251e-02
1.499120603015075403e+03 2.222397039212018477e+00 2.014249728312330484e-02
1.504773869346733591e+03 2.222365899556490110e+00 2.014297466634299219e-02
1.510427135678392006e+03 2.222335166421947950e+00 2.014344444437794410e-02
1.516080402010050193e+03 2.222304832551346365e+00 2.014390677221335191e-02
1.521733668341708608e+03 2.222274890852902196e+00 2.014436180104204818e-02
1.527386934673366795e+03 2.222245334395502425e+00 2.014480967832060071e-02
1.533040201005025210e+03 2.222216156404269505e+00 2.014525054793559963e-02
1.538693467336683398e+03 2.222187350256268346e+00 2.014568455025966820e-02
1.544346733668341585e+03 2.222158909476352306e+00 2.014611182228459585e-02
1.550000000000000000e+03 2.222130827733143299e+00 2.014653249771033300e-02
