4.250000000000000000e+02 1.859466188463321679e+00 4.033492156694297170e-01
4.306532663316583012e+02 1.973746929475317380e+00 3.774369891778402430e-01
4.363065326633166023e+02 2.034008497235403556e+00 3.631189736426074233e-01
4.419597989949749035e+02 2.077690232415911442e+00 3.517263309419998984e-01
4.476130653266331478e+02 2.113780028270575873e+00 3.412948957200607758e-01
4.532663316582914490e+02 2.145780478903370092e+00 3.310608665115316041e-01
4.589195979899497502e+02 2.175406742969534513e+00 3.206319280600914978e-01
4.645728643216080513e+02 2.203620664817280250e+00 3.097614809308323891e-01
4.702261306532663525e+02 2.231011663486861973e+00 2.982647787185339627e-01
4.758793969849245968e+02 2.257962802153944182e+00 2.859793048917301239e-01
4.815326633165828980e+02 2.284731456530283644e+00 2.727403560857580289e-01
4.871859296482411992e+02 2.311490575218898780e+00 2.583601282130369436e-01
4.928391959798995003e+02 2.338348398443200082e+00 2.426027461589760625e-01
4.984924623115578015e+02 2.365352198268381390e+00 2.251458899035093941e-01
5.041457286432161027e+02 2.392471724021501878e+00 2.055102657337088690e-01
5.097989949748744039e+02 2.419537037735547180e+00 1.829073497222096223e-01
5.154522613065327050e+02 2.446018859139628354e+00 1.558370297656812842e-01
5.211055276381910062e+02 2.469931938419312800e+00 1.205946116483194025e-01
5.267587939698491937e+02 2.462418156788575008e+00 5.581830843164753420e-02
5.324120603015074948e+02 2.421148466516279463e+00 2.666036463295382367e-02
5.380653266331657960e+02 2.384313827357367632e+00 2.723963383573770394e-02
5.437185929648240972e+02 2.361887591363919903e+00 2.764967797090424340e-02
5.493718592964823983e+02 2.345788273203485375e+00 2.796844491665416779e-02
5.550251256281406995e+02 2.333383997928564213e+00 2.821156656043744340e-02
5.606783919597990007e+02 2.323448786130463350e+00 2.836429471847878858e-02
5.663316582914573019e+02 2.315349246288823437e+00 2.835216325262775519e-02
5.719849246231156030e+02 2.308952745192981215e+00 2.780107139798764296e-02
5.776381909547739042e+02 2.307317783540922207e+00 2.139606972677002283e-02
5.832914572864322054e+02 2.304037468992861992e+00 1.710613446710286534e-02
5.889447236180903928e+02 2.299424075328675876e+00 1.684360143872397353e-02
5.945979899497488077e+02 2.295246180127676894e+00 1.678911988469095409e-02
6.002512562814069952e+02 2.291484616971047661e+00 1.678393738635482885e-02
6.059045226130652964e+02 2.288085403894795533e+00 1.679651818472503721e-02
6.115577889447235975e+02 2.284999326358729377e+00 1.681662747329931359e-02
6.172110552763818987e+02 2.282184871028237971e+00 1.684005511885932477e-02
6.228643216080401999e+02 2.279607400336574941e+00 1.686481498540577315e-02
6.285175879396985010e+02 2.277237940027760477e+00 1.688988811986408961e-02
6.341708542713568022e+02 2.275052106760222070e+00 1.691472533726890576e-02
6.398241206030151034e+02 2.273029240112538929e+00 1.693902421581468254e-02
6.454773869346734045e+02 2.271151715086270784e+00 1.696261953822190971e-02
6.511306532663315920e+02 2.269404398928341671e+00 1.698542558709807693e-02
6.567839195979900069e+02 2.267774220181920874e+00 1.700740405761723070e-02
6.624371859296481944e+02 2.266249824508038913e+00 1.702854543353854097e-02
6.680904522613064955e+02 2.264821297762507069e+00 1.704885780318304844e-02
6.737437185929647967e+02 2.263479941506852278e+00 1.706835995982405527e-02
6.793969849246230979e+02 2.262218089691248490e+00 1.708707705572746691e-02
6.850502512562813990e+02 2.261028957911211279e+00 1.710503782222435459e-02
6.907035175879397002e+02 2.259906518630004246e+00 1.712227277367665834e-02
6.963567839195980014e+02 2.258845397250883291e+00 1.713881304210360806e-02
7.020100502512563025e+02 2.257840785048577104e+00 1.715468962244510315e-02
7.076633165829146037e+02 2.256888365823961351e+00 1.716993288923738398e-02
7.133165829145727912e+02 2.255984253799609540e+00 1.718457229402969508e-02
7.189698492462312061e+02 2.255124940777729847e+00 1.719863618444112535e-02
7.246231155778893935e+02 2.254307250973139887e+00 1.721215170494898652e-02
7.302763819095478084e+02 2.253528302239723669e+00 1.722514475305676404e-02
7.359296482412059959e+02 2.252785472649551757e+00 1.723763997234726078e-02
7.415829145728642970e+02 2.252076371574541547e+00 1.724966077017899696e-02
7.472361809045225982e+02 2.251398814572595164e+00 1.726122935137574740e-02
7.528894472361808994e+02 2.250750801502072740e+00 1.727236676181220440e-02
7.585427135678392006e+02 2.250130497386798822e+00 1.728309293800668611e-02
7.641959798994975017e+02 2.249536215633512803e+00 1.729342675968607163e-02
7.698492462311558029e+02 2.248966403268672476e+00 1.730338610346811648e-02
7.755025125628139904e+02 2.248419627914690633e+00 1.731298789629828749e-02
7.811557788944724052e+02 2.247894566269500682e+00 1.732224816767677714e-02
7.868090452261305927e+02 2.247389993889483684e+00 1.733118210017177419e-02
7.924623115577890076e+02 2.246904776105840273e+00 1.733980407791666997e-02
7.981155778894471950e+02 2.246437859929477199e+00 1.734812773273412476e-02
8.037688442211054962e+02 2.245988266820420076e+00 1.735616598787193682e-02
8.094221105527637974e+02 2.245555086215323293e+00 1.736393109934413967e-02
8.150753768844220986e+02 2.245137469721441459e+00 1.737143469494351750e-02
8.207286432160803997e+02 2.244734625897945701e+00 1.737868781084729239e-02
8.263819095477387009e+02 2.244345815556082702e+00 1.738570092605399783e-02
8.320351758793970021e+02 2.243970347518686292e+00 1.739248399469434450e-02
8.376884422110551895e+02 2.243607574787279457e+00 1.739904647629430048e-02
8.433417085427136044e+02 2.243256891071591319e+00 1.740539736421912315e-02
8.489949748743717919e+02 2.242917727641950520e+00 1.741154521221819837e-02
8.546482412060302067e+02 2.242589550469937798e+00 1.741749815937126272e-02
8.603015075376883942e+02 2.242271857626827902e+00 1.742326395342820924e-02
8.659547738693468091e+02 2.241964176913028961e+00 1.742884997271155686e-02
8.716080402010049966e+02 2.241666063694851996e+00 1.743426324660869026e-02
8.772613065326632977e+02 2.241377098927700207e+00 1.743951047476890309e-02
8.829145728643215989e+02 2.241096887347143962e+00 1.744459804514427240e-02
8.885678391959799001e+02 2.240825055811436428e+00 1.744953205093580789e-02
8.942211055276382012e+02 2.240561251780841978e+00 1.745431830640348236e-02
8.998743718592965024e+02 2.240305141920748699e+00 1.745896236179062325e-02
9.055276381909548036e+02 2.240056410816948063e+00 1.746346951730673100e-02
9.111809045226129911e+02 2.239814759792680299e+00 1.746784483625204651e-02
9.168341708542714059e+02 2.239579905818154693e+00 1.747209315743013941e-02
9.224874371859295934e+02 2.239351580504198580e+00 1.747621910670160011e-02
9.281407035175880083e+02 2.239129529172552147e+00 1.748022710795110388e-02
9.337939698492461957e+02 2.238913509996069084e+00 1.748412139337072319e-02
9.394472361809044969e+02 2.238703293202761735e+00 1.748790601315282703e-02
9.451005025125627981e+02 2.238498660338219093e+00 1.749158484460905383e-02
9.507537688442210992e+02 2.238299403581459845e+00 1.749516160082052046e-02
9.564070351758794004e+02 2.238105325109755572e+00 1.749863983867009157e-02
9.620603015075377016e+02 2.237916236508372680e+00 1.750202296658968579e-02
9.677135678391960028e+02 2.237731958221576001e+00 1.750531425169525590e-02
9.733668341708543039e+02 2.237552319041561599e+00 1.750851682673061280e-02
9.790201005025126051e+02 2.237377155632298553e+00 1.751163369640360359e-02
9.846733668341707926e+02 2.237206312085519677e+00 1.751466774352263694e-02
9.903266331658290937e+02 2.237039639506368527e+00 1.751762173475772399e-02
9.959798994974873949e+02 2.236876995626412068e+00 1.752049832614190061e-02
1.001633165829145696e+03 2.236718244441925130e+00 1.752330006811166768e-02
1.007286432160803997e+03 2.236563255875557932e+00 1.752602941048089086e-02
1.012939698492462298e+03 2.236411905459632088e+00 1.752868870707047222e-02
1.018592964824120600e+03 2.236264074039468142e+00 1.753128022000776179e-02
1.024246231155778787e+03 2.236119647495294238e+00 1.753380612400078434e-02
1.029899497487437202e+03 2.235978516481375244e+00 1.753626851011962084e-02
1.035552763819095617e+03 2.235840576181151285e+00 1.753866938970639888e-02
1.041206030150753804e+03 2.235705726077238165e+00 1.754101069778158523e-02
1.046859296482411992e+03 2.235573869735250074e+00 1.754329429647913038e-02
1.052512562814070407e+03 2.235444914600495991e+00 1.754552197821996479e-02
1.058165829145728594e+03 2.235318771806652727e+00 1.754769546876377290e-02
1.063819095477386782e+03 2.235195355995607258e+00 1.754981643003834108e-02
1.069472361809045196e+03 2.235074585147716064e+00 1.755188646298751209e-02
1.075125628140703611e+03 2.234956380421782463e+00 1.755390711005858431e-02
1.080778894472361799e+03 2.234840666004115128e+00 1.755587985778518656e-02
1.086432160804019986e+03 2.234727368966066940e+00 1.755780613906114673e-02
1.092085427135678401e+03 2.234616419129509257e+00 1.755968733544731666e-02
1.097738693467336816e+03 2.234507748939732252e+00 1.756152477928408367e-02
1.103391959798995003e+03 2.234401293345291695e+00 1.756331975577422183e-02
1.109045226130653191e+03 2.234296989684369628e+00 1.756507350482154270e-02
1.114698492462311606e+03 2.234194777577244828e+00 1.756678722299222228e-02
1.120351758793969793e+03 2.234094598824481803e+00 1.756846206521980522e-02
1.126005025125627981e+03 2.233996397310498150e+00 1.757009914650699972e-02
1.131658291457286396e+03 2.233900118912181654e+00 1.757169954351066668e-02
1.137311557788944810e+03 2.233805711412246708e+00 1.757326429611139398e-02
1.142964824120602998e+03 2.233713124417046281e+00 1.757479440882877414e-02
1.148618090452261185e+03 2.233622309278586293e+00 1.757629085224689247e-02
1.154271356783919600e+03 2.233533219020476857e+00 1.757775456433645356e-02
1.159924623115578015e+03 2.233445808267604971e+00 1.757918645173684249e-02
1.165577889447236203e+03 2.233360033179307980e+00 1.758058739097307852e-02
1.171231155778894390e+03 2.233275851385846611e+00 1.758195822958244156e-02
1.176884422110552805e+03 2.233193221927987082e+00 1.758329978730255316e-02
1.182537688442210992e+03 2.233112105199523967e+00 1.758461285705570712e-02
1.188190954773869180e+03 2.233032462892569292e+00 1.758589820599486611e-02
1.193844221105527595e+03 2.232954257945462206e+00 1.758715657649770336e-02
1.199497487437186010e+03 2.232877454493151781e+00 1.758838868708353584e-02
1.205150753768844197e+03 2.232802017819912610e+00 1.758959523326590613e-02
1.210804020100502385e+03 2.232727914314274198e+00 1.759077688849235155e-02
1.216457286432160799e+03 2.232655111426041561e+00 1.759193430485582466e-02
1.222110552763819214e+03 2.232583577625292470e+00 1.759306811398185511e-02
1.227763819095477402e+03 2.232513282363250529e+00 1.759417892770012357e-02
1.233417085427135589e+03 2.232444196034931050e+00 1.759526733880348651e-02
1.239070351758794004e+03 2.232376289943471814e+00 1.759633392171782926e-02
1.244723618090452419e+03 2.232309536266056771e+00 1.759737923317111069e-02
1.250376884422110379e+03 2.232243908021350975e+00 1.759840381284900890e-02
1.256030150753768794e+03 2.232179379038373934e+00 1.759940818394895024e-02
1.261683417085427209e+03 2.232115923926732748e+00 1.760039285382179741e-02
1.267336683417085396e+03 2.232053518048147112e+00 1.760135831448671889e-02
1.272989949748743584e+03 2.231992137489206662e+00 1.760230504319596975e-02
1.278643216080401999e+03 2.231931759035289176e+00 1.760323350296123801e-02
1.284296482412060413e+03 2.231872360145596978e+00 1.760414414297859637e-02
1.289949748743718601e+03 2.231813918929241414e+00 1.760503739922952490e-02
1.295603015075376788e+03 2.231756414122332277e+00 1.760591369477877699e-02
1.301256281407035203e+03 2.231699825066025156e+00 1.760677344038711137e-02
1.306909547738693618e+03 2.231644131685474264e+00 1.760761703475788656e-02
1.312562814070351806e+03 2.231589314469653473e+00 1.760844486511114332e-02
1.318216080402009993e+03 2.231535354452001130e+00 1.760925730744207843e-02
1.323869346733668408e+03 2.231482233191848241e+00 1.761005472695569354e-02
1.329522613065326595e+03 2.231429932756601175e+00 1.761083747842548050e-02
1.335175879396984783e+03 2.231378435704630903e+00 1.761160590652659230e-02
1.340829145728643198e+03 2.231327725068851020e+00 1.761236034619390739e-02
1.346482412060301613e+03 2.231277784340939263e+00 1.761310112291682509e-02
1.352135678391959800e+03 2.231228597456180740e+00 1.761382855304637757e-02
1.357788944723617988e+03 2.231180148778906691e+00 1.761454294411473123e-02
1.363442211055276402e+03 2.231132423088493244e+00 1.761524459512922233e-02
1.369095477386934817e+03 2.231085405565904622e+00 1.761593379679057478e-02
1.374748743718593005e+03 2.231039081780747946e+00 1.761661083184953153e-02
1.380402010050251192e+03 2.230993437678825408e+00 1.761727597526163702e-02
1.386055276381909607e+03 2.230948459570155418e+00 1.761792949454352164e-02
1.391708542713567795e+03 2.230904134117444926e+00 1.761857164988948898e-02
1.397361809045225982e+03 2.230860448324992085e+00 1.761920269451486970e-02
1.403015075376884397e+03 2.230817389528005457e+00 1.761982287481010656e-02
1.408668341708542812e+03 2.230774945382311802e+00 1.762043243057034858e-02
1.414321608040200999e+03 2.230733103854448895e+00 1.762103159519970083e-02
1.419974874371859187e+03 2.230691853212114495e+00 1.762162059590272403e-02
1.425628140703517602e+03 2.230651182014966150e+00 1.762219965388841375e-02
1.431281407035176017e+03 2.230611079105750516e+00 1.762276898459928104e-02
1.436934673366834204e+03 2.230571533601753753e+00 1.762332879773867433e-02
1.442587939698492391e+03 2.230532534886554785e+00 1.762387929765085390e-02
1.448241206030150806e+03 2.230494072602071221e+00 1.762442068331030592e-02
1.453894472361808994e+03 2.230456136640890819e+00 1.762495314858821341e-02
1.459547738693467409e+03 2.230418717138862750e+00 1.762547688234239809e-02
1.465201005025125596e+03 2.230381804467957085e+00 1.762599206863318946e-02
1.470854271356784011e+03 2.230345389229366759e+00 1.762649888678803622e-02
1.476507537688442198e+03 2.230309462246847563e+00 1.762699751162978209e-02
1.482160804020100386e+03 2.230274014560289064e+00 1.762748811352852704e-02
1.487814070351758801e+03 2.230239037419503134e+00 1.762797085856680421e-02
1.493467336683416988e+03 2.230204522278225632e+00 1.762844590870465966e-02
1.499120603015075403e+03 2.230170460788314823e+00 1.762891342180611040e-02
1.504773869346733591e+03 2.230136844794155415e+00 1.762937355186712171e-02
1.510427135678392006e+03 2.230103666327237111e+00 1.762982644905452742e-02
1.516080402010050193e+03 2.230070917600921021e+00 1.763027225982051124e-02
1.521733668341708608e+03 2.230038591005378379e+00 1.763071112705482529e-02
1.527386934673366795e+03 2.230006679102693123e+00 1.763114319013615525e-02
1.533040201005025210e+03 2.229975174622127021e+00 1.763156858505906047e-02
1.538693467336683398e+03 2.229944070455536220e+00 1.763198744454824024e-02
1.544346733668341585e+03 2.229913359652939686e+00 1.763239989807201952e-02
1.550000000000000000e+03 2.229883035418227966e+00 1.763280607205727768e-02
