4.250000000000000000e+02 1.791940355966491927e+00 4.463045689534911320e-01
4.306532663316583012e+02 1.923048809980655527e+00 4.128115574496324935e-01
4.363065326633166023e+02 1.991501955136671276e+00 3.949515227105146464e-01
4.419597989949749035e+02 2.040783352352255164e+00 3.810847763813340339e-01
4.476130653266331478e+02 2.081291155891562994e+00 3.686297619545973459e-01
4.532663316582914490e+02 2.117068527545468815e+00 3.565994970811608988e-01
4.589195979899497502e+02 2.150092252359737888e+00 3.444978452483017373e-01
4.645728643216080513e+02 2.181469639550769113e+00 3.320222260812191739e-01
4.702261306532663525e+02 2.211878784409365917e+00 3.189547180917113867e-01
4.758793969849245968e+02 2.241760414137629720e+00 3.051120191248732905e-01
4.815326633165828980e+02 2.271411177782922675e+00 2.903163328083829264e-01
4.871859296482411992e+02 2.301031669713534011e+00 2.743725758879350107e-01
4.928391959798995003e+02 2.330750077372882423e+00 2.570436004097151894e-01
4.984924623115578015e+02 2.360628519474061715e+00 2.380148024939880980e-01
5.041457286432161027e+02 2.390649001667924711e+00 2.168327553654733064e-01
5.097989949748744039e+02 2.420656664283182824e+00 1.927805346292413569e-01
5.154522613065327050e+02 2.450164628474832629e+00 1.645749477120135584e-01
5.211055276381910062e+02 2.477467748832989258e+00 1.294039662273076263e-01
5.267587939698491937e+02 2.490589495473471526e+00 7.745695734405301514e-02
5.324120603015074948e+02 2.456619912895815272e+00 7.319430349767714825e-03
5.380653266331657960e+02 2.403732508439321514e+00 7.713992775516266033e-03
5.437185929648240972e+02 2.373814337533609375e+00 8.049597911385047641e-03
5.493718592964823983e+02 2.352906284770311718e+00 8.363384495223398496e-03
5.550251256281406995e+02 2.336967154117176815e+00 8.665920717987374983e-03
5.606783919597990007e+02 2.324206790609019357e+00 8.961747224051208952e-03
5.663316582914573019e+02 2.313660037107487355e+00 9.253204307954107644e-03
5.719849246231156030e+02 2.304742713349969385e+00 9.541620640042144941e-03
5.776381909547739042e+02 2.297072982473821856e+00 9.827790094955218478e-03
5.832914572864322054e+02 2.290387147501121490e+00 1.011219593241656153e-02
5.889447236180903928e+02 2.284495390406394488e+00 1.039512841197935862e-02
5.945979899497488077e+02 2.279256569264833665e+00 1.067675169809622661e-02
6.002512562814069952e+02 2.274562958593225659e+00 1.095714436940265456e-02
6.059045226130652964e+02 2.270330548898716660e+00 1.123632519534859334e-02
6.115577889447235975e+02 2.266492630945476705e+00 1.151427021327950523e-02
6.172110552763818987e+02 2.262995410617581804e+00 1.179092442286455364e-02
6.228643216080401999e+02 2.259794927356670868e+00 1.206621001334530485e-02
6.285175879396985010e+02 2.256854836649422325e+00 1.234003227745541879e-02
6.341708542713568022e+02 2.254144781187293223e+00 1.261228393040053283e-02
6.398241206030151034e+02 2.251639172774533737e+00 1.288284829424051620e-02
6.454773869346734045e+02 2.249316266905411865e+00 1.315160164950188344e-02
6.511306532663315920e+02 2.247157449782064553e+00 1.341841495449669699e-02
6.567839195979900069e+02 2.245146682115202186e+00 1.368315506686676800e-02
6.624371859296481944e+02 2.243270060373754315e+00 1.394568555578351750e-02
6.680904522613064955e+02 2.241515467222128688e+00 1.420586716141224518e-02
6.737437185929647967e+02 2.239872290537062050e+00 1.446355793370113219e-02
6.793969849246230979e+02 2.238331195777882421e+00 1.471861306215022612e-02
6.850502512562813990e+02 2.236883940329869258e+00 1.497088439049101480e-02
6.907035175879397002e+02 2.235523221231166424e+00 1.522021959238239325e-02
6.963567839195980014e+02 2.234242549750096174e+00 1.546646096376251729e-02
7.020100502512563025e+02 2.233036147819821515e+00 1.570944376464719280e-02
7.076633165829146037e+02 2.231898862512744497e+00 1.594899401198110120e-02
7.133165829145727912e+02 2.230826095655886299e+00 1.618492558580079260e-02
7.189698492462312061e+02 2.229813746431157817e+00 1.641703645514671142e-02
7.246231155778893935e+02 2.228858165433976080e+00 1.664510375315818996e-02
7.302763819095478084e+02 2.227956119234789423e+00 1.686887731930437895e-02
7.359296482412059959e+02 2.227104765054380486e+00 1.708807116446757479e-02
7.415829145728642970e+02 2.226301635786752442e+00 1.730235207318780999e-02
7.472361809045225982e+02 2.225544636363446571e+00 1.751132419084432471e-02
7.528894472361808994e+02 2.224832053467957316e+00 1.771450787758696577e-02
7.585427135678392006e+02 2.224162582062495286e+00 1.791131021642122442e-02
7.641959798994975017e+02 2.223535374384594032e+00 1.810098311722381850e-02
7.698492462311558029e+02 2.222950120523231377e+00 1.828256256412475605e-02
7.755025125628139904e+02 2.222407175295525672e+00 1.845477847635328822e-02
7.811557788944724052e+02 2.221907755532634088e+00 1.861591750597155898e-02
7.868090452261305927e+02 2.221454247999233633e+00 1.876360816630412778e-02
7.924623115577890076e+02 2.221050696453592543e+00 1.889447350731793263e-02
7.981155778894471950e+02 2.220703586698801857e+00 1.900354982022949002e-02
8.037688442211054962e+02 2.220423137614425890e+00 1.908327684784725045e-02
8.094221105527637974e+02 2.220225454734900961e+00 1.912167718926464574e-02
8.150753768844220986e+02 2.220136090434922327e+00 1.909897563086596778e-02
8.207286432160803997e+02 2.220195428625177492e+00 1.898133396890400518e-02
8.263819095477387009e+02 2.220463642869275223e+00 1.871058404672502895e-02
8.320351758793970021e+02 2.221007560879109999e+00 1.819796990322032973e-02
8.376884422110551895e+02 2.221806618157133428e+00 1.737916759718939261e-02
8.433417085427136044e+02 2.222587840165332729e+00 1.640974743470387937e-02
8.489949748743717919e+02 2.223036136257112716e+00 1.562593257890799309e-02
8.546482412060302067e+02 2.223158871224139688e+00 1.512884267423401756e-02
8.603015075376883942e+02 2.223093479705470443e+00 1.483132775544096331e-02
8.659547738693468091e+02 2.222932787242402508e+00 1.464938958648741990e-02
8.716080402010049966e+02 2.222724023801901705e+00 1.453434807487044220e-02
8.772613065326632977e+02 2.222490911478095299e+00 1.445982260790467343e-02
8.829145728643215989e+02 2.222245957284052942e+00 1.441108706785442645e-02
8.885678391959799001e+02 2.221996123729614858e+00 1.437950216623539411e-02
8.942211055276382012e+02 2.221745468830143455e+00 1.435974299192303155e-02
8.998743718592965024e+02 2.221496440042810772e+00 1.434837998104768544e-02
9.055276381909548036e+02 2.221250545959195133e+00 1.434311906776747358e-02
9.111809045226129911e+02 2.221008724219912356e+00 1.434237537578894779e-02
9.168341708542714059e+02 2.220771552859874376e+00 1.434502343188083680e-02
9.224874371859295934e+02 2.220539376846343504e+00 1.435024499083745533e-02
9.281407035175880083e+02 2.220312386601572374e+00 1.435743306428345287e-02
9.337939698492461957e+02 2.220090668257549638e+00 1.436612951320267485e-02
9.394472361809044969e+02 2.219874236686180335e+00 1.437598334980751125e-02
9.451005025125627981e+02 2.219663057710807852e+00 1.438672219658732911e-02
9.507537688442210992e+02 2.219457063338090563e+00 1.439813232561265761e-02
9.564070351758794004e+02 2.219256162378924646e+00 1.441004442683340228e-02
9.620603015075377016e+02 2.219060247958515752e+00 1.442232328340879027e-02
9.677135678391960028e+02 2.218869202888121617e+00 1.443486016283345059e-02
9.733668341708543039e+02 2.218682903542396723e+00 1.444756712960738008e-02
9.790201005025126051e+02 2.218501222676899864e+00 1.446037273838538841e-02
9.846733668341707926e+02 2.218324031484123271e+00 1.447321873414111892e-02
9.903266331658290937e+02 2.218151201096121738e+00 1.448605749630641447e-02
9.959798994974873949e+02 2.217982603680917375e+00 1.449885003941156839e-02
1.001633165829145696e+03 2.217818113238139155e+00 1.451156443481409902e-02
1.007286432160803997e+03 2.217657606170344131e+00 1.452417455424248431e-02
1.012939698492462298e+03 2.217500961686036387e+00 1.453665906192527259e-02
1.018592964824120600e+03 2.217348062075804815e+00 1.454900060015801820e-02
1.024246231155778787e+03 2.217198792892509651e+00 1.456118512687185756e-02
1.029899497487437202e+03 2.217053043058746287e+00 1.457320137360651122e-02
1.035552763819095617e+03 2.216910704919210495e+00 1.458504039933912824e-02
1.041206030150753804e+03 2.216771674251354796e+00 1.459669522142869116e-02
1.046859296482411992e+03 2.216635850244621064e+00 1.460816050874841170e-02
1.052512562814070407e+03 2.216503135456149298e+00 1.461943232544212108e-02
1.058165829145728594e+03 2.216373435749063425e+00 1.463050791601980087e-02
1.063819095477386782e+03 2.216246660218061937e+00 1.464138552445223666e-02
1.069472361809045196e+03 2.216122721105988180e+00 1.465206424141655972e-02
1.075125628140703611e+03 2.216001533714218930e+00 1.466254387462858841e-02
1.080778894472361799e+03 2.215883016309098785e+00 1.467282483888394246e-02
1.086432160804019986e+03 2.215767090026134589e+00 1.468290806201704747e-02
1.092085427135678401e+03 2.215653678773275903e+00 1.469279490487296856e-02
1.097738693467336816e+03 2.215542709134315391e+00 1.470248709245121355e-02
1.103391959798995003e+03 2.215434110273192037e+00 1.471198665501529182e-02
1.109045226130653191e+03 2.215327813839789162e+00 1.472129587741411415e-02
1.114698492462311606e+03 2.215223753877677559e+00 1.473041725540137105e-02
1.120351758793969793e+03 2.215121866734133249e+00 1.473935345801932750e-02
1.126005025125627981e+03 2.215022090972655899e+00 1.474810729513574038e-02
1.131658291457286396e+03 2.214924367288157114e+00 1.475668168940982850e-02
1.137311557788944810e+03 2.214828638424910956e+00 1.476507965199862910e-02
1.142964824120602998e+03 2.214734849097329761e+00 1.477330426159054882e-02
1.148618090452261185e+03 2.214642945913575467e+00 1.478135864637112988e-02
1.154271356783919600e+03 2.214552877302006895e+00 1.478924596824388732e-02
1.159924623115578015e+03 2.214464593440420792e+00 1.479696940939831916e-02
1.165577889447236203e+03 2.214378046188048899e+00 1.480453216055279374e-02
1.171231155778894390e+03 2.214293189020245745e+00 1.481193741092316080e-02
1.176884422110552805e+03 2.214209976965795246e+00 1.481918833957882042e-02
1.182537688442210992e+03 2.214128366546765037e+00 1.482628810792479233e-02
1.188190954773869180e+03 2.214048315720824167e+00 1.483323985342402916e-02
1.193844221105527595e+03 2.213969783825940230e+00 1.484004668416552541e-02
1.199497487437186010e+03 2.213892731527371094e+00 1.484671167413979982e-02
1.205150753768844197e+03 2.213817120766866875e+00 1.485323785950276240e-02
1.210804020100502385e+03 2.213742914713995535e+00 1.485962823518172625e-02
1.216457286432160799e+03 2.213670077719505525e+00 1.486588575224031920e-02
1.222110552763819214e+03 2.213598575270642854e+00 1.487201331559666675e-02
1.227763819095477402e+03 2.213528373948349337e+00 1.487801378222792549e-02
1.233417085427135589e+03 2.213459441386247839e+00 1.488388995974043900e-02
1.239070351758794004e+03 2.213391746231353263e+00 1.488964460525972998e-02
1.244723618090452419e+03 2.213325258106426219e+00 1.489528042456507266e-02
1.250376884422110379e+03 2.213259947573896991e+00 1.490080007152772348e-02
1.256030150753768794e+03 2.213195786101300300e+00 1.490620614777776048e-02
1.261683417085427209e+03 2.213132746028142694e+00 1.491150120246515463e-02
1.267336683417085396e+03 2.213070800534146620e+00 1.491668773229377735e-02
1.272989949748743584e+03 2.213009923608808993e+00 1.492176818164935373e-02
1.278643216080401999e+03 2.212950090022215655e+00 1.492674494283636674e-02
1.284296482412060413e+03 2.212891275297050875e+00 1.493162035648345522e-02
1.289949748743718601e+03 2.212833455681757933e+00 1.493639671196859108e-02
1.295603015075376788e+03 2.212776608124792599e+00 1.494107624793863422e-02
1.301256281407035203e+03 2.212720710249923339e+00 1.494566115301255473e-02
1.306909547738693618e+03 2.212665740332528497e+00 1.495015356632664952e-02
1.312562814070351806e+03 2.212611677276852706e+00 1.495455557832333672e-02
1.318216080402009993e+03 2.212558500594172806e+00 1.495886923147163317e-02
1.323869346733668408e+03 2.212506190381837712e+00 1.496309652105332934e-02
1.329522613065326595e+03 2.212454727303140078e+00 1.496723939604474758e-02
1.335175879396984783e+03 2.212404092567989977e+00 1.497129975984206642e-02
1.340829145728643198e+03 2.212354267914341310e+00 1.497527947121633611e-02
1.346482412060301613e+03 2.212305235590355412e+00 1.497918034505333479e-02
1.352135678391959800e+03 2.212256978337258317e+00 1.498300415339766725e-02
1.357788944723617988e+03 2.212209479372861498e+00 1.498675262617853339e-02
1.363442211055276402e+03 2.212162722375723867e+00 1.499042745219572072e-02
1.369095477386934817e+03 2.212116691469920848e+00 1.499403027986209724e-02
1.374748743718593005e+03 2.212071371210397430e+00 1.499756271828070475e-02
1.380402010050251192e+03 2.212026746568881652e+00 1.500102633793081765e-02
1.386055276381909607e+03 2.211982802920327007e+00 1.500442267162981243e-02
1.391708542713567795e+03 2.211939526029874425e+00 1.500775321535631479e-02
1.397361809045225982e+03 2.211896902040296098e+00 1.501101942911261741e-02
1.403015075376884397e+03 2.211854917459914027e+00 1.501422273779687809e-02
1.408668341708542812e+03 2.211813559150966224e+00 1.501736453190789626e-02
1.414321608040200999e+03 2.211772814318400115e+00 1.502044616849680832e-02
1.419974874371859187e+03 2.211732670499087394e+00 1.502346897189255591e-02
1.425628140703517602e+03 2.211693115551422117e+00 1.502643423451196364e-02
1.431281407035176017e+03 2.211654137645309603e+00 1.502934321762148910e-02
1.436934673366834204e+03 2.211615725252508380e+00 1.503219715209517908e-02
1.442587939698492391e+03 2.211577867137329179e+00 1.503499723915425156e-02
1.448241206030150806e+03 2.211540552347663890e+00 1.503774465116225478e-02
1.453894472361808994e+03 2.211503770206332931e+00 1.504044053219540621e-02
1.459547738693467409e+03 2.211467510302746575e+00 1.504308599890512993e-02
1.465201005025125596e+03 2.211431762484856289e+00 1.504568214109700507e-02
1.470854271356784011e+03 2.211396516851390270e+00 1.504823002242496911e-02
1.476507537688442198e+03 2.211361763744363440e+00 1.505073068106800062e-02
1.482160804020100386e+03 2.211327493741846784e+00 1.505318513034512723e-02
1.487814070351758801e+03 2.211293697650985823e+00 1.505559435937221975e-02
1.493467336683416988e+03 2.211260366501264674e+00 1.505795933359835824e-02
1.499120603015075403e+03 2.211227491537998802e+00 1.506028099551692118e-02
1.504773869346733591e+03 2.211195064216048056e+00 1.506256026515325613e-02
1.510427135678392006e+03 2.211163076193748633e+00 1.506479804065352646e-02
1.516080402010050193e+03 2.211131519327047101e+00 1.506699519887153352e-02
1.521733668341708608e+03 2.211100385663831602e+00 1.506915259586522407e-02
1.527386934673366795e+03 2.211069667438456676e+00 1.507127106745032377e-02
1.533040201005025210e+03 2.211039357066447053e+00 1.507335142973749952e-02
1.538693467336683398e+03 2.211009447139379080e+00 1.507539447957947573e-02
1.544346733668341585e+03 2.210979930419930906e+00 1.507740099506079019e-02
1.550000000000000000e+03 2.210950799837096969e+00 1.507937173603021708e-02
