4.250000000000000000e+02 1.874760430859803151e+00 4.033828829113593195e-01
4.306532663316583012e+02 1.991703600975485600e+00 3.759237717003088286e-01
4.363065326633166023e+02 2.053913820956898117e+00 3.601047740839586342e-01
4.419597989949749035e+02 2.099320494625335431e+00 3.471578801041283469e-01
4.476130653266331478e+02 2.137034633508286596e+00 3.350826163221793941e-01
4.532663316582914490e+02 2.170607344408446604e+00 3.230879725538097214e-01
4.589195979899497502e+02 2.201775903732686945e+00 3.107534293767720279e-01
4.645728643216080513e+02 2.231511263614935014e+00 2.977982961486304592e-01
4.702261306532663525e+02 2.260403108527456517e+00 2.839930955537358637e-01
4.758793969849245968e+02 2.288826168640166969e+00 2.691132413122045985e-01
4.815326633165828980e+02 2.317017882843876553e+00 2.529034730775115980e-01
4.871859296482411992e+02 2.345111394885571521e+00 2.350363976045862502e-01
4.928391959798995003e+02 2.373134622961900142e+00 2.150457251257192060e-01
4.984924623115578015e+02 2.400956769817551795e+00 1.921916877176454985e-01
5.041457286432161027e+02 2.428076301014668648e+00 1.651260598978024630e-01
5.097989949748744039e+02 2.452588403435535636e+00 1.307632779348564533e-01
5.154522613065327050e+02 2.458105749147129870e+00 7.652744569207556302e-02
5.211055276381910062e+02 2.424970773136716051e+00 2.348975495973703795e-02
5.267587939698491937e+02 2.382442076975785472e+00 2.406865100907646521e-02
5.324120603015074948e+02 2.358146666653274881e+00 2.446745780261479208e-02
5.380653266331657960e+02 2.341193796184674714e+00 2.478583035036156790e-02
5.437185929648240972e+02 2.328336310793888142e+00 2.505351889740011287e-02
5.493718592964823983e+02 2.318112353171501105e+00 2.528365683559085156e-02
5.550251256281406995e+02 2.309726395733739057e+00 2.548298006187568743e-02
5.606783919597990007e+02 2.302694451927385977e+00 2.565502932341154341e-02
5.663316582914573019e+02 2.296699517032934956e+00 2.580138742844889296e-02
5.719849246231156030e+02 2.291522832272162358e+00 2.592216774679828584e-02
5.776381909547739042e+02 2.287007579805730995e+00 2.601612515196242287e-02
5.832914572864322054e+02 2.283038223193500915e+00 2.608049547780858651e-02
5.889447236180903928e+02 2.279528139999767333e+00 2.611054419515729946e-02
5.945979899497488077e+02 2.276412045355498570e+00 2.609869456787370853e-02
6.002512562814069952e+02 2.273641488716727110e+00 2.603293704517775642e-02
6.059045226130652964e+02 2.271182676818718882e+00 2.589389158072016167e-02
6.115577889447235975e+02 2.269016570656106957e+00 2.564919268517890441e-02
6.172110552763818987e+02 2.267141854441287574e+00 2.524240289061407266e-02
6.228643216080401999e+02 2.265581428317289703e+00 2.457145618767349673e-02
6.285175879396985010e+02 2.264386401585787301e+00 2.345718748484664981e-02
6.341708542713568022e+02 2.263583468583345137e+00 2.169136706411370352e-02
6.398241206030151034e+02 2.262940552671483196e+00 1.954246479942015405e-02
6.454773869346734045e+02 2.262049671722242472e+00 1.795406378626260638e-02
6.511306532663315920e+02 2.260928955506579463e+00 1.710206108183827053e-02
6.567839195979900069e+02 2.259743157863537188e+00 1.664947664977309630e-02
6.624371859296481944e+02 2.258571068583364205e+00 1.638748617140312058e-02
6.680904522613064955e+02 2.257440842241945855e+00 1.622314799667600935e-02
6.737437185929647967e+02 2.256361521304663942e+00 1.611363101117398514e-02
6.793969849246230979e+02 2.255334880590659452e+00 1.603735656830016648e-02
6.850502512562813990e+02 2.254359784769320196e+00 1.598250281725428767e-02
6.907035175879397002e+02 2.253433922158281089e+00 1.594212553692895759e-02
6.963567839195980014e+02 2.252554549365529013e+00 1.591190756262885267e-02
7.020100502512563025e+02 2.251718828797095284e+00 1.588903781633941095e-02
7.076633165829146037e+02 2.250923985316120479e+00 1.587161478600583597e-02
7.133165829145727912e+02 2.250167377611510755e+00 1.585831075810443386e-02
7.189698492462312061e+02 2.249446527577740884e+00 1.584817359115421945e-02
7.246231155778893935e+02 2.248759128496993220e+00 1.584050482182343747e-02
7.302763819095478084e+02 2.248103042476813584e+00 1.583478203209649771e-02
7.359296482412059959e+02 2.247476292585405933e+00 1.583060787659509513e-02
7.415829145728642970e+02 2.246877052585971590e+00 1.582767571083520605e-02
7.472361809045225982e+02 2.246303635835036783e+00 1.582574586377046358e-02
7.528894472361808994e+02 2.245754484185859212e+00 1.582462891376416186e-02
7.585427135678392006e+02 2.245228157337283204e+00 1.582417368074310465e-02
7.641959798994975017e+02 2.244723322843436897e+00 1.582425845969280889e-02
7.698492462311558029e+02 2.244238746872690093e+00 1.582478452455306217e-02
7.755025125628139904e+02 2.243773285733053680e+00 1.582567124856231258e-02
7.811557788944724052e+02 2.243325878142147012e+00 1.582685239392267115e-02
7.868090452261305927e+02 2.242895538199562111e+00 1.582827325849259920e-02
7.924623115577890076e+02 2.242481349010071678e+00 1.582988845939792624e-02
7.981155778894471950e+02 2.242082456903116139e+00 1.583166019479896949e-02
8.037688442211054962e+02 2.241698066194580452e+00 1.583355686919760488e-02
8.094221105527637974e+02 2.241327434439426725e+00 1.583555199744408545e-02
8.150753768844220986e+02 2.240969868127292486e+00 1.583762332450118146e-02
8.207286432160803997e+02 2.240624718777100899e+00 1.583975211379134301e-02
8.263819095477387009e+02 2.240291379390751736e+00 1.584192256822355982e-02
8.320351758793970021e+02 2.239969281229813092e+00 1.584412135627665669e-02
8.376884422110551895e+02 2.239657890882788216e+00 1.584633722215091772e-02
8.433417085427136044e+02 2.239356707593874507e+00 1.584856066339253647e-02
8.489949748743717919e+02 2.239065260827176829e+00 1.585078366298469862e-02
8.546482412060302067e+02 2.238783108043104431e+00 1.585299946591888984e-02
8.603015075376883942e+02 2.238509832666129462e+00 1.585520239186834560e-02
8.659547738693468091e+02 2.238245042225323722e+00 1.585738767778415229e-02
8.716080402010049966e+02 2.237988366651022076e+00 1.585955134496324498e-02
8.772613065326632977e+02 2.237739456712752428e+00 1.586169008649746318e-02
8.829145728643215989e+02 2.237497982585104239e+00 1.586380117177040375e-02
8.885678391959799001e+02 2.237263632529605140e+00 1.586588236493663429e-02
8.942211055276382012e+02 2.237036111681907080e+00 1.586793185556545707e-02
8.998743718592965024e+02 2.236815140934676815e+00 1.586994819896106121e-02
9.055276381909548036e+02 2.236600455907558072e+00 1.587193026522611822e-02
9.111809045226129911e+02 2.236391805996450710e+00 1.587387719528334309e-02
9.168341708542714059e+02 2.236188953495103604e+00 1.587578836306439631e-02
9.224874371859295934e+02 2.235991672782732920e+00 1.587766334285261455e-02
9.281407035175880083e+02 2.235799749571971695e+00 1.587950188110274705e-02
9.337939698492461957e+02 2.235612980212010825e+00 1.588130387192180151e-02
9.394472361809044969e+02 2.235431171042291165e+00 1.588306933596930065e-02
9.451005025125627981e+02 2.235254137792531459e+00 1.588479840204626986e-02
9.507537688442210992e+02 2.235081705025281362e+00 1.588649129113232222e-02
9.564070351758794004e+02 2.234913705617534330e+00 1.588814830244893173e-02
9.620603015075377016e+02 2.234749980278258885e+00 1.588976980143476381e-02
9.677135678391960028e+02 2.234590377098986558e+00 1.589135620921192094e-02
9.733668341708543039e+02 2.234434751134852348e+00 1.589290799341568083e-02
9.790201005025126051e+02 2.234282964013713624e+00 1.589442566017674335e-02
9.846733668341707926e+02 2.234134883571187391e+00 1.589590974721284689e-02
9.903266331658290937e+02 2.233990383509622202e+00 1.589736081776330426e-02
9.959798994974873949e+02 2.233849343079209682e+00 1.589877945526776970e-02
1.001633165829145696e+03 2.233711646779564131e+00 1.590016625880250750e-02
1.007286432160803997e+03 2.233577184080279388e+00 1.590152183909188111e-02
1.012939698492462298e+03 2.233445849159055641e+00 1.590284681502474387e-02
1.018592964824120600e+03 2.233317540656134970e+00 1.590414181060543358e-02
1.024246231155778787e+03 2.233192161443872337e+00 1.590540745240878739e-02
1.029899497487437202e+03 2.233069618410369106e+00 1.590664436725958142e-02
1.035552763819095617e+03 2.232949822256178329e+00 1.590785318033161380e-02
1.041206030150753804e+03 2.232832687303176300e+00 1.590903451344278033e-02
1.046859296482411992e+03 2.232718131314757493e+00 1.591018898362973194e-02
1.052512562814070407e+03 2.232606075326584172e+00 1.591131720190421678e-02
1.058165829145728594e+03 2.232496443487172133e+00 1.591241977224682261e-02
1.063819095477386782e+03 2.232389162907660207e+00 1.591349729072631322e-02
1.069472361809045196e+03 2.232284163520145359e+00 1.591455034471656385e-02
1.075125628140703611e+03 2.232181377944031819e+00 1.591557951236457005e-02
1.080778894472361799e+03 2.232080741359860010e+00 1.591658536197448209e-02
1.086432160804019986e+03 2.231982191390142312e+00 1.591756845178208743e-02
1.092085427135678401e+03 2.231885667986752253e+00 1.591852932946390478e-02
1.097738693467336816e+03 2.231791113324451459e+00 1.591946853199477027e-02
1.103391959798995003e+03 2.231698471700174657e+00 1.592038658544923935e-02
1.109045226130653191e+03 2.231607689437701936e+00 1.592128400485849291e-02
1.114698492462311606e+03 2.231518714797402492e+00 1.592216129417842185e-02
1.120351758793969793e+03 2.231431497890723481e+00 1.592301894621554748e-02
1.126005025125627981e+03 2.231345990599145068e+00 1.592385744273384224e-02
1.131658291457286396e+03 2.231262146497331678e+00 1.592467725433810433e-02
1.137311557788944810e+03 2.231179920780224979e+00 1.592547884070554670e-02
1.142964824120602998e+03 2.231099270193852124e+00 1.592626265058001006e-02
1.148618090452261185e+03 2.231020152969623638e+00 1.592702912194708317e-02
1.154271356783919600e+03 2.230942528761925114e+00 1.592777868211127379e-02
1.159924623115578015e+03 2.230866358588806886e+00 1.592851174789834678e-02
1.165577889447236203e+03 2.230791604775594017e+00 1.592922872578761417e-02
1.171231155778894390e+03 2.230718230901260757e+00 1.592993001208573359e-02
1.176884422110552805e+03 2.230646201747397139e+00 1.593061599312808885e-02
1.182537688442210992e+03 2.230575483249635393e+00 1.593128704543806534e-02
1.188190954773869180e+03 2.230506042451398496e+00 1.593194353589997073e-02
1.193844221105527595e+03 2.230437847459834089e+00 1.593258582205713675e-02
1.199497487437186010e+03 2.230370867403826285e+00 1.593321425215887127e-02
1.205150753768844197e+03 2.230305072393964139e+00 1.593382916549986039e-02
1.210804020100502385e+03 2.230240433484364182e+00 1.593443089253631859e-02
1.216457286432160799e+03 2.230176922636249781e+00 1.593501975512735466e-02
1.222110552763819214e+03 2.230114512683190053e+00 1.593559606672036513e-02
1.227763819095477402e+03 2.230053177297916633e+00 1.593616013256407907e-02
1.233417085427135589e+03 2.229992890960631247e+00 1.593671224987962959e-02
1.239070351758794004e+03 2.229933628928725042e+00 1.593725270812893988e-02
1.244723618090452419e+03 2.229875367207846626e+00 1.593778178910179241e-02
1.250376884422110379e+03 2.229818082524238410e+00 1.593829976721174504e-02
1.256030150753768794e+03 2.229761752298282662e+00 1.593880690963859342e-02
1.261683417085427209e+03 2.229706354619197306e+00 1.593930347649855084e-02
1.267336683417085396e+03 2.229651868220821509e+00 1.593978972108393843e-02
1.272989949748743584e+03 2.229598272458436892e+00 1.594026588997734736e-02
1.278643216080401999e+03 2.229545547286571505e+00 1.594073222330496739e-02
1.284296482412060413e+03 2.229493673237748386e+00 1.594118895479476258e-02
1.289949748743718601e+03 2.229442631402115182e+00 1.594163631211312909e-02
1.295603015075376788e+03 2.229392403407930878e+00 1.594207451683925247e-02
1.301256281407035203e+03 2.229342971402853202e+00 1.594250378481545244e-02
1.306909547738693618e+03 2.229294318035999645e+00 1.594292432614919514e-02
1.312562814070351806e+03 2.229246426440739004e+00 1.594333634546570705e-02
1.318216080402009993e+03 2.229199280218177481e+00 1.594374004202123857e-02
1.323869346733668408e+03 2.229152863421319797e+00 1.594413560985798867e-02
1.329522613065326595e+03 2.229107160539852028e+00 1.594452323795894633e-02
1.335175879396984783e+03 2.229062156485539958e+00 1.594490311033304811e-02
1.340829145728643198e+03 2.229017836578198963e+00 1.594527540626732368e-02
1.346482412060301613e+03 2.228974186532217239e+00 1.594564030030047250e-02
1.352135678391959800e+03 2.228931192443603937e+00 1.594599796251668089e-02
1.357788944723617988e+03 2.228888840777540015e+00 1.594634855854688144e-02
1.363442211055276402e+03 2.228847118356410473e+00 1.594669224976495367e-02
1.369095477386934817e+03 2.228806012348291787e+00 1.594702919335851468e-02
1.374748743718593005e+03 2.228765510255882099e+00 1.594735954248320195e-02
1.380402010050251192e+03 2.228725599905846178e+00 1.594768344636119869e-02
1.386055276381909607e+03 2.228686269438561851e+00 1.594800105035187529e-02
1.391708542713567795e+03 2.228647507298255004e+00 1.594831249614767424e-02
1.397361809045225982e+03 2.228609302223492517e+00 1.594861792178895246e-02
1.403015075376884397e+03 2.228571643238034916e+00 1.594891746181801434e-02
1.408668341708542812e+03 2.228534519642019429e+00 1.594921124734955190e-02
1.414321608040200999e+03 2.228497921003466331e+00 1.594949940616890646e-02
1.419974874371859187e+03 2.228461837150096159e+00 1.594978206285811717e-02
1.425628140703517602e+03 2.228426258161438689e+00 1.595005933881056201e-02
1.431281407035176017e+03 2.228391174361228355e+00 1.595033135242656525e-02
1.436934673366834204e+03 2.228356576310066117e+00 1.595059821908619349e-02
1.442587939698492391e+03 2.228322454798349561e+00 1.595086005130302506e-02
1.448241206030150806e+03 2.228288800839444139e+00 1.595111695876651192e-02
1.453894472361808994e+03 2.228255605663100436e+00 1.595136904846782694e-02
1.459547738693467409e+03 2.228222860709095698e+00 1.595161642471433147e-02
1.465201005025125596e+03 2.228190557621100965e+00 1.595185918922753868e-02
1.470854271356784011e+03 2.228158688240755581e+00 1.595209744124104906e-02
1.476507537688442198e+03 2.228127244601949108e+00 1.595233127752885421e-02
1.482160804020100386e+03 2.228096218925293748e+00 1.595256079247539538e-02
1.487814070351758801e+03 2.228065603612789047e+00 1.595278607818733860e-02
1.493467336683416988e+03 2.228035391242662921e+00 1.595300722452184031e-02
1.499120603015075403e+03 2.228005574564388080e+00 1.595322431908691510e-02
1.504773869346733591e+03 2.227976146493864107e+00 1.595343744743670314e-02
1.510427135678392006e+03 2.227947100108760736e+00 1.595364669300220958e-02
1.516080402010050193e+03 2.227918428644013016e+00 1.595385213724475823e-02
1.521733668341708608e+03 2.227890125487465678e+00 1.595405385962848921e-02
1.527386934673366795e+03 2.227862184175661397e+00 1.595425193771807595e-02
1.533040201005025210e+03 2.227834598389763165e+00 1.595444644724864497e-02
1.538693467336683398e+03 2.227807361951609000e+00 1.595463746209819025e-02
1.544346733668341585e+03 2.227780468819898552e+00 1.595482505441312912e-02
1.550000000000000000e+03 2.227753913086494730e+00 1.595500929466421927e-02
