4.250000000000000000e+02 1.848756988924281863e+00 4.266429754846232103e-01
4.306532663316583012e+02 1.972970419904954031e+00 3.956891340826648173e-01
4.363065326633166023e+02 2.038874916225608125e+00 3.781207124488935589e-01
4.419597989949749035e+02 2.086895277514780656e+00 3.638845395755468393e-01
4.476130653266331478e+02 2.126728200261085444e+00 3.507073281202067738e-01
4.532663316582914490e+02 2.162150036590738011e+00 3.376974492465315558e-01
4.589195979899497502e+02 2.195007225885779345e+00 3.243860503634438119e-01
4.645728643216080513e+02 2.226331337399142463e+00 3.104647395334040882e-01
4.702261306532663525e+02 2.256748788831901997e+00 2.956855893827505244e-01
4.758793969849245968e+02 2.286657827426990419e+00 2.798097171025750174e-01
4.815326633165828980e+02 2.316311313342895417e+00 2.625688676083119399e-01
4.871859296482411992e+02 2.345852245117260981e+00 2.436218222145269119e-01
4.928391959798995003e+02 2.375313840273264976e+00 2.224853829120872206e-01
4.984924623115578015e+02 2.404565672807897236e+00 1.983966397565007922e-01
5.041457286432161027e+02 2.433099101748593007e+00 1.699732124135837075e-01
5.097989949748744039e+02 2.458991464455545728e+00 1.340841788767442033e-01
5.154522613065327050e+02 2.466475325086178394e+00 7.844551246430403468e-02
5.211055276381910062e+02 2.432477972224847296e+00 1.947453861772025299e-02
5.267587939698491937e+02 2.386708489431215607e+00 1.998058106029881875e-02
5.324120603015074948e+02 2.360681446207804957e+00 2.032719208286632231e-02
5.380653266331657960e+02 2.342544750336194692e+00 2.060416334277872033e-02
5.437185929648240972e+02 2.328792026726125730e+00 2.083844417498386531e-02
5.493718592964823983e+02 2.317851418578569689e+00 2.104223973154334057e-02
5.550251256281406995e+02 2.308869588177564935e+00 2.122221834085484884e-02
5.606783919597990007e+02 2.301327958654862282e+00 2.138243230264355588e-02
5.663316582914573019e+02 2.294886832208605565e+00 2.152550750507084554e-02
5.719849246231156030e+02 2.289311392496697906e+00 2.165320748956185357e-02
5.776381909547739042e+02 2.284432605461962140e+00 2.176672903608097356e-02
5.832914572864322054e+02 2.280124869972561363e+00 2.186686748470564531e-02
5.889447236180903928e+02 2.276292448225510245e+00 2.195411245060695238e-02
5.945979899497488077e+02 2.272860823277726983e+00 2.202870304352727571e-02
6.002512562814069952e+02 2.269770976744711177e+00 2.209065742429268744e-02
6.059045226130652964e+02 2.266975476449037963e+00 2.213978445173492293e-02
6.115577889447235975e+02 2.264435728802083325e+00 2.217568133644877079e-02
6.172110552763818987e+02 2.262120005168265280e+00 2.219771891523412977e-02
6.228643216080401999e+02 2.260001997180210775e+00 2.220501458768805655e-02
6.285175879396985010e+02 2.258059742719316088e+00 2.219639171058185312e-02
6.341708542713568022e+02 2.256274817662647703e+00 2.217032311250119112e-02
6.398241206030151034e+02 2.254631722271205341e+00 2.212485528406031229e-02
6.454773869346734045e+02 2.253117412860821123e+00 2.205750876895150314e-02
6.511306532663315920e+02 2.251720943377765405e+00 2.196514963241942217e-02
6.567839195979900069e+02 2.250433189852460991e+00 2.184382747441368511e-02
6.624371859296481944e+02 2.249246634029341774e+00 2.168857936260308247e-02
6.680904522613064955e+02 2.248155179769476764e+00 2.149321103301324656e-02
6.737437185929647967e+02 2.247153963979003688e+00 2.125009703229648744e-02
6.793969849246230979e+02 2.246239096972601601e+00 2.095011096242233029e-02
6.850502512562813990e+02 2.245407217929286769e+00 2.058294222316282146e-02
6.907035175879397002e+02 2.244654680891696064e+00 2.013831989926170504e-02
6.963567839195980014e+02 2.243976145732114347e+00 1.960901567191783088e-02
7.020100502512563025e+02 2.243362529030266561e+00 1.899653626029177214e-02
7.076633165829146037e+02 2.242799053294698197e+00 1.831888801677541631e-02
7.133165829145727912e+02 2.242265520077420859e+00 1.761533932643487982e-02
7.189698492462312061e+02 2.241740970327270599e+00 1.693932385017880154e-02
7.246231155778893935e+02 2.241210846548046032e+00 1.633844351303147951e-02
7.302763819095478084e+02 2.240670622854397553e+00 1.583699446062630453e-02
7.359296482412059959e+02 2.240123408803077254e+00 1.543497185859327506e-02
7.415829145728642970e+02 2.239575272807229567e+00 1.511854404807541283e-02
7.472361809045225982e+02 2.239032040471364393e+00 1.487022589179182348e-02
7.528894472361808994e+02 2.238498118986849139e+00 1.467416918455501963e-02
7.585427135678392006e+02 2.237976442703251578e+00 1.451773696617204498e-02
7.641959798994975017e+02 2.237468784604866645e+00 1.439138834889402800e-02
7.698492462311558029e+02 2.236976095597619008e+00 1.428806603596243473e-02
7.755025125628139904e+02 2.236498773253460470e+00 1.420256746758267498e-02
7.811557788944724052e+02 2.236036852647649731e+00 1.413103700865571237e-02
7.868090452261305927e+02 2.235590135963230196e+00 1.407058974470427534e-02
7.924623115577890076e+02 2.235158278970523771e+00 1.401904215301300570e-02
7.981155778894471950e+02 2.234740848413792946e+00 1.397472144290070814e-02
8.037688442211054962e+02 2.234337360073556322e+00 1.393633056952236007e-02
8.094221105527637974e+02 2.233947304026786540e+00 1.390285208928900701e-02
8.150753768844220986e+02 2.233570161395689091e+00 1.387347905870112141e-02
8.207286432160803997e+02 2.233205415402116145e+00 1.384756484600810876e-02
8.263819095477387009e+02 2.232852558585411984e+00 1.382458627284040113e-02
8.320351758793970021e+02 2.232511097418275803e+00 1.380411624170390338e-02
8.376884422110551895e+02 2.232180555148518319e+00 1.378580318452957837e-02
8.433417085427136044e+02 2.231860473427110136e+00 1.376935546845229480e-02
8.489949748743717919e+02 2.231550413105277908e+00 1.375452944328558677e-02
8.546482412060302067e+02 2.231249954464307628e+00 1.374112019150693434e-02
8.603015075376883942e+02 2.230958697060949625e+00 1.372895430477806891e-02
8.659547738693468091e+02 2.230676259316113796e+00 1.371788419391288191e-02
8.716080402010049966e+02 2.230402277936360811e+00 1.370778357084271454e-02
8.772613065326632977e+02 2.230136407231113171e+00 1.369854383317703657e-02
8.829145728643215989e+02 2.229878318369857837e+00 1.369007115056834756e-02
8.885678391959799001e+02 2.229627698610388009e+00 1.368228410027236101e-02
8.942211055276382012e+02 2.229384250519781396e+00 1.367511173641403413e-02
8.998743718592965024e+02 2.229147691203072768e+00 1.366849200355294870e-02
9.055276381909548036e+02 2.228917751549809090e+00 1.366237042592862057e-02
9.111809045226129911e+02 2.228694175505199659e+00 1.365669901833566589e-02
9.168341708542714059e+02 2.228476719370090731e+00 1.365143537685168176e-02
9.224874371859295934e+02 2.228265151132249322e+00 1.364654191572648237e-02
9.281407035175880083e+02 2.228059249830122379e+00 1.364198522419068742e-02
9.337939698492461957e+02 2.227858804949375493e+00 1.363773552188485109e-02
9.394472361809044969e+02 2.227663615851865675e+00 1.363376619592977790e-02
9.451005025125627981e+02 2.227473491236268366e+00 1.363005340577665495e-02
9.507537688442210992e+02 2.227288248629296863e+00 1.362657574473644280e-02
9.564070351758794004e+02 2.227107713906256947e+00 1.362331394889277660e-02
9.620603015075377016e+02 2.226931720839584905e+00 1.362025064611408452e-02
9.677135678391960028e+02 2.226760110673937643e+00 1.361737013877279204e-02
9.733668341708543039e+02 2.226592731726427132e+00 1.361465821502919234e-02
9.790201005025126051e+02 2.226429439010566558e+00 1.361210198468568860e-02
9.846733668341707926e+02 2.226270093882555923e+00 1.360968973571460676e-02
9.903266331658290937e+02 2.226114563708576632e+00 1.360741080866182014e-02
9.959798994974873949e+02 2.225962721551808521e+00 1.360525548651580867e-02
1.001633165829145696e+03 2.225814445877956960e+00 1.360321489756630142e-02
1.007286432160803997e+03 2.225669620278136751e+00 1.360128092997099462e-02
1.012939698492462298e+03 2.225528133208016790e+00 1.359944615600404590e-02
1.018592964824120600e+03 2.225389877742206757e+00 1.359770376511024691e-02
1.024246231155778787e+03 2.225254751342915061e+00 1.359604750429442392e-02
1.029899497487437202e+03 2.225122655641971647e+00 1.359447162523519555e-02
1.035552763819095617e+03 2.224993496235376345e+00 1.359297083701796124e-02
1.041206030150753804e+03 2.224867182489569828e+00 1.359154026401506246e-02
1.046859296482411992e+03 2.224743627358690023e+00 1.359017540812779319e-02
1.052512562814070407e+03 2.224622747212126495e+00 1.358887211496171039e-02
1.058165829145728594e+03 2.224504461671713784e+00 1.358762654345566957e-02
1.063819095477386782e+03 2.224388693457973964e+00 1.358643513863033031e-02
1.069472361809045196e+03 2.224275368244832407e+00 1.358529460687537063e-02
1.075125628140703611e+03 2.224164414522292521e+00 1.358420189386339537e-02
1.080778894472361799e+03 2.224055763466569413e+00 1.358315416445857876e-02
1.086432160804019986e+03 2.223949348817232163e+00 1.358214878459186245e-02
1.092085427135678401e+03 2.223845106760918622e+00 1.358118330479603404e-02
1.097738693467336816e+03 2.223742975821235923e+00 1.358025544532224550e-02
1.103391959798995003e+03 2.223642896754462139e+00 1.357936308261195428e-02
1.109045226130653191e+03 2.223544812450711117e+00 1.357850423696322327e-02
1.114698492462311606e+03 2.223448667840230097e+00 1.357767706129532105e-02
1.120351758793969793e+03 2.223354409804526366e+00 1.357687983101347681e-02
1.126005025125627981e+03 2.223261987092044922e+00 1.357611093455012539e-02
1.131658291457286396e+03 2.223171350238124511e+00 1.357536886494376330e-02
1.137311557788944810e+03 2.223082451488991307e+00 1.357465221196596690e-02
1.142964824120602998e+03 2.222995244729551345e+00 1.357395965504287760e-02
1.148618090452261185e+03 2.222909685414766745e+00 1.357328995669398498e-02
1.154271356783919600e+03 2.222825730504421671e+00 1.357264195647259371e-02
1.159924623115578015e+03 2.222743338401065305e+00 1.357201456555588021e-02
1.165577889447236203e+03 2.222662468890980847e+00 1.357140676157611928e-02
1.171231155778894390e+03 2.222583083087987355e+00 1.357081758398806862e-02
1.176884422110552805e+03 2.222505143379940762e+00 1.357024612982572591e-02
1.182537688442210992e+03 2.222428613377763984e+00 1.356969154965247115e-02
1.188190954773869180e+03 2.222353457866889315e+00 1.356915304401586607e-02
1.193844221105527595e+03 2.222279642760966123e+00 1.356862985994919737e-02
1.199497487437186010e+03 2.222207135057722827e+00 1.356812128799460455e-02
1.205150753768844197e+03 2.222135902796863682e+00 1.356762665922437751e-02
1.210804020100502385e+03 2.222065915019892035e+00 1.356714534260424106e-02
1.216457286432160799e+03 2.221997141731763659e+00 1.356667674253521881e-02
1.222110552763819214e+03 2.221929553864268048e+00 1.356622029657418918e-02
1.227763819095477402e+03 2.221863123241051952e+00 1.356577547325146620e-02
1.233417085427135589e+03 2.221797822544202106e+00 1.356534177021465927e-02
1.239070351758794004e+03 2.221733625282304114e+00 1.356491871228975021e-02
1.244723618090452419e+03 2.221670505759901548e+00 1.356450584985230585e-02
1.250376884422110379e+03 2.221608439048287753e+00 1.356410275719791003e-02
1.256030150753768794e+03 2.221547400957565532e+00 1.356370903110834872e-02
1.261683417085427209e+03 2.221487368009904984e+00 1.356332428949900103e-02
1.267336683417085396e+03 2.221428317413942644e+00 1.356294817009841454e-02
1.272989949748743584e+03 2.221370227040271761e+00 1.356258032927469548e-02
1.278643216080401999e+03 2.221313075397961523e+00 1.356222044091054402e-02
1.284296482412060413e+03 2.221256841612061272e+00 1.356186819545797569e-02
1.289949748743718601e+03 2.221201505402037757e+00 1.356152329881254656e-02
1.295603015075376788e+03 2.221147047061109880e+00 1.356118547158018280e-02
1.301256281407035203e+03 2.221093447436423229e+00 1.356085444813084212e-02
1.306909547738693618e+03 2.221040687910039946e+00 1.356052997579925735e-02
1.312562814070351806e+03 2.220988750380695098e+00 1.356021181424913943e-02
1.318216080402009993e+03 2.220937617246289797e+00 1.355989973465704553e-02
1.323869346733668408e+03 2.220887271387084638e+00 1.355959351914163245e-02
1.329522613065326595e+03 2.220837696149559726e+00 1.355929296012722308e-02
1.335175879396984783e+03 2.220788875330913736e+00 1.355899785980543316e-02
1.340829145728643198e+03 2.220740793164172278e+00 1.355870802958026623e-02
1.346482412060301613e+03 2.220693434303872227e+00 1.355842328954580053e-02
1.352135678391959800e+03 2.220646783812311398e+00 1.355814346802925244e-02
1.357788944723617988e+03 2.220600827146318235e+00 1.355786840119940079e-02
1.363442211055276402e+03 2.220555550144531320e+00 1.355759793257665762e-02
1.369095477386934817e+03 2.220510939015166496e+00 1.355733191267402202e-02
1.374748743718593005e+03 2.220466980324241835e+00 1.355707019863796117e-02
1.380402010050251192e+03 2.220423660984251590e+00 1.355681265392193885e-02
1.386055276381909607e+03 2.220380968243254483e+00 1.355655914786159377e-02
1.391708542713567795e+03 2.220338889674379423e+00 1.355630955552828559e-02
1.397361809045225982e+03 2.220297413165709610e+00 1.355606375728773787e-02
1.403015075376884397e+03 2.220256526910541872e+00 1.355582163863707119e-02
1.408668341708542812e+03 2.220216219398001289e+00 1.355558308987797611e-02
1.414321608040200999e+03 2.220176479403999092e+00 1.355534800590448702e-02
1.419974874371859187e+03 2.220137295982509862e+00 1.355511628595794903e-02
1.425628140703517602e+03 2.220098658457173357e+00 1.355488783348021177e-02
1.431281407035176017e+03 2.220060556413183672e+00 1.355466255580298901e-02
1.436934673366834204e+03 2.220022979689475484e+00 1.355444036400096051e-02
1.442587939698492391e+03 2.219985918371181643e+00 1.355422117276124279e-02
1.448241206030150806e+03 2.219949362782357216e+00 1.355400490012175115e-02
1.453894472361808994e+03 2.219913303478955324e+00 1.355379146740612675e-02
1.459547738693467409e+03 2.219877731242049901e+00 1.355358079894566220e-02
1.465201005025125596e+03 2.219842637071290259e+00 1.355337282207968314e-02
1.470854271356784011e+03 2.219808012178580370e+00 1.355316746686104599e-02
1.476507537688442198e+03 2.219773847981976189e+00 1.355296466612200199e-02
1.482160804020100386e+03 2.219740136099785932e+00 1.355276435513048938e-02
1.487814070351758801e+03 2.219706868344874184e+00 1.355256647163958356e-02
1.493467336683416988e+03 2.219674036719154309e+00 1.355237095569118352e-02
1.499120603015075403e+03 2.219641633408267811e+00 1.355217774955074471e-02
1.504773869346733591e+03 2.219609650776436904e+00 1.355198679759285312e-02
1.510427135678392006e+03 2.219578081361488486e+00 1.355179804618677174e-02
1.516080402010050193e+03 2.219546917870045100e+00 1.355161144364751095e-02
1.521733668341708608e+03 2.219516153172869988e+00 1.355142694013773859e-02
1.527386934673366795e+03 2.219485780300361810e+00 1.355124448756967262e-02
1.533040201005025210e+03 2.219455792438201236e+00 1.355106403952334275e-02
1.538693467336683398e+03 2.219426182923132096e+00 1.355088555119761569e-02
1.544346733668341585e+03 2.219396945238881091e+00 1.355070897934482210e-02
1.550000000000000000e+03 2.219368073012205844e+00 1.355053428217260422e-02
