4.250000000000000000e+02 1.709475603449135184e+00 3.907941644834391215e-01
4.306532663316583012e+02 1.822021345450522967e+00 3.633795129783016220e-01
4.363065326633166023e+02 1.881420861019799551e+00 3.480633422119745468e-01
4.419597989949749035e+02 1.924518244926628263e+00 3.358017907270254288e-01
4.476130653266331478e+02 1.960149836345314700e+00 3.245552451304120622e-01
4.532663316582914490e+02 1.991757320600329839e+00 3.135307060749191188e-01
4.589195979899497502e+02 2.021024921440164324e+00 3.023191859657622382e-01
4.645728643216080513e+02 2.048895886751245232e+00 2.906609346894732937e-01
4.702261306532663525e+02 2.075946502222855816e+00 2.783577660472711934e-01
4.758793969849245968e+02 2.102548677495538421e+00 2.652307537009577776e-01
4.815326633165828980e+02 2.128948083283318304e+00 2.510927419602798083e-01
4.871859296482411992e+02 2.155302450567880612e+00 2.357226376996481021e-01
4.928391959798995003e+02 2.181696076667215323e+00 2.188315818427596648e-01
4.984924623115578015e+02 2.208131649745133540e+00 2.000060297274828813e-01
5.041457286432161027e+02 2.234480309324914149e+00 1.785927141094821313e-01
5.097989949748744039e+02 2.260300465776798884e+00 1.534175139638632723e-01
5.154522613065327050e+02 2.283995140182844885e+00 1.218765794695255839e-01
5.211055276381910062e+02 2.293689659167369221e+00 7.449579241445407340e-02
5.267587939698491937e+02 2.263797934655271238e+00 1.613758476123950542e-02
5.324120603015074948e+02 2.219872203989318837e+00 1.647796977236586427e-02
5.380653266331657960e+02 2.195051237823799628e+00 1.668415466391769478e-02
5.437185929648240972e+02 2.177765231248273814e+00 1.683523871176619002e-02
5.493718592964823983e+02 2.164640524866513260e+00 1.695480009342279631e-02
5.550251256281406995e+02 2.154176934174256708e+00 1.705352106731573836e-02
5.606783919597990007e+02 2.145563983201338676e+00 1.713727799290163181e-02
5.663316582914573019e+02 2.138310624234200041e+00 1.720969616912381220e-02
5.719849246231156030e+02 2.132095784628004420e+00 1.727318982782475101e-02
5.776381909547739042e+02 2.126697752782650941e+00 1.732945748266988967e-02
5.832914572864322054e+02 2.121956997572792325e+00 1.737974478832398154e-02
5.889447236180903928e+02 2.117754971554107524e+00 1.742499554963765004e-02
5.945979899497488077e+02 2.114001266041224625e+00 1.746594392856961470e-02
6.002512562814069952e+02 2.110625441095322685e+00 1.750317353961802075e-02
6.059045226130652964e+02 2.107571620133100065e+00 1.753715684889066428e-02
6.115577889447235975e+02 2.104794794691391857e+00 1.756828231827049780e-02
6.172110552763818987e+02 2.102258227530643175e+00 1.759687363375573438e-02
6.228643216080401999e+02 2.099931583943210445e+00 1.762320365531251654e-02
6.285175879396985010e+02 2.097789559239326973e+00 1.764750474925691828e-02
6.341708542713568022e+02 2.095810852433366733e+00 1.766997658205525165e-02
6.398241206030151034e+02 2.093977386566098442e+00 1.769079209488412865e-02
6.454773869346734045e+02 2.092273707996617826e+00 1.771010215012255168e-02
6.511306532663315920e+02 2.090686517709900105e+00 1.772803919214670926e-02
6.567839195979900069e+02 2.089204301447697532e+00 1.774472016555432227e-02
6.624371859296481944e+02 2.087817034804266836e+00 1.776024886658659346e-02
6.680904522613064955e+02 2.086515945877114753e+00 1.777471785609660224e-02
6.737437185929647967e+02 2.085293322593642973e+00 1.778821003020258917e-02
6.793969849246230979e+02 2.084142355066522345e+00 1.780079992018130178e-02
6.850502512562813990e+02 2.083057005668425887e+00 1.781255477684144661e-02
6.907035175879397002e+02 2.082031901229504989e+00 1.782353548122362838e-02
6.963567839195980014e+02 2.081062243030566528e+00 1.783379731475362093e-02
7.020100502512563025e+02 2.080143731216339553e+00 1.784339061421303177e-02
7.076633165829146037e+02 2.079272500973319282e+00 1.785236133224749402e-02
7.133165829145727912e+02 2.078445068366919113e+00 1.786075151936223834e-02
7.189698492462312061e+02 2.077658284156664426e+00 1.786859974059784584e-02
7.246231155778893935e+02 2.076909294237680115e+00 1.787594143729573370e-02
7.302763819095478084e+02 2.076195505614666370e+00 1.788280924275797990e-02
7.359296482412059959e+02 2.075514557017983819e+00 1.788923325863873287e-02
7.415829145728642970e+02 2.074864293432937767e+00 1.789524129785938916e-02
7.472361809045225982e+02 2.074242743942385392e+00 1.790085909917498580e-02
7.528894472361808994e+02 2.073648102386450365e+00 1.790611051693996938e-02
7.585427135678392006e+02 2.073078710426948579e+00 1.791101768976838954e-02
7.641959798994975017e+02 2.072533042672210613e+00 1.791560119082266297e-02
7.698492462311558029e+02 2.072009693573614530e+00 1.791988016209610304e-02
7.755025125628139904e+02 2.071507365850775439e+00 1.792387243470372135e-02
7.811557788944724052e+02 2.071024860239966792e+00 1.792759463694966471e-02
7.868090452261305927e+02 2.070561066391507499e+00 1.793106229168493423e-02
7.924623115577890076e+02 2.070114954767758420e+00 1.793428990410627505e-02
7.981155778894471950e+02 2.069685569414993154e+00 1.793729104125796336e-02
8.037688442211054962e+02 2.069272021500536241e+00 1.794007840401644349e-02
8.094221105527637974e+02 2.068873483521810108e+00 1.794266389257624314e-02
8.150753768844220986e+02 2.068489184106776957e+00 1.794505866591556906e-02
8.207286432160803997e+02 2.068118403336183686e+00 1.794727319610945476e-02
8.263819095477387009e+02 2.067760468527249262e+00 1.794931731780839701e-02
8.320351758793970021e+02 2.067414750426328052e+00 1.795120027367813273e-02
8.376884422110551895e+02 2.067080659764830575e+00 1.795293075582531095e-02
8.433417085427136044e+02 2.066757644138437655e+00 1.795451694389842839e-02
8.489949748743717919e+02 2.066445185174641708e+00 1.795596654016695312e-02
8.546482412060302067e+02 2.066142795957889966e+00 1.795728680153283949e-02
8.603015075376883942e+02 2.065850018685333023e+00 1.795848456939121845e-02
8.659547738693468091e+02 2.065566422529360846e+00 1.795956629682052275e-02
8.716080402010049966e+02 2.065291601685901313e+00 1.796053807391647175e-02
8.772613065326632977e+02 2.065025173589860596e+00 1.796140565110596055e-02
8.829145728643215989e+02 2.064766777281209276e+00 1.796217446074565779e-02
8.885678391959799001e+02 2.064516071907046335e+00 1.796284963711125907e-02
8.942211055276382012e+02 2.064272735346592835e+00 1.796343603501847352e-02
8.998743718592965024e+02 2.064036462947484107e+00 1.796393824699458672e-02
9.055276381909548036e+02 2.063806966362971895e+00 1.796436061927732253e-02
9.111809045226129911e+02 2.063583972480742545e+00 1.796470726674409199e-02
9.168341708542714059e+02 2.063367222435027681e+00 1.796498208668873692e-02
9.224874371859295934e+02 2.063156470694543554e+00 1.796518877180746168e-02
9.281407035175880083e+02 2.062951484219536002e+00 1.796533082213724875e-02
9.337939698492461957e+02 2.062752041681903847e+00 1.796541155634480066e-02
9.394472361809044969e+02 2.062557932742950406e+00 1.796543412217041155e-02
9.451005025125627981e+02 2.062368957383852841e+00 1.796540150623889692e-02
9.507537688442210992e+02 2.062184925284413772e+00 1.796531654314042700e-02
9.564070351758794004e+02 2.062005655246075708e+00 1.796518192411642942e-02
9.620603015075377016e+02 2.061830974655567417e+00 1.796500020494415720e-02
9.677135678391960028e+02 2.061660718985871110e+00 1.796477381354012401e-02
9.733668341708543039e+02 2.061494731331528829e+00 1.796450505697452446e-02
9.790201005025126051e+02 2.061332861975549324e+00 1.796419612803351606e-02
9.846733668341707926e+02 2.061174967985448081e+00 1.796384911146615970e-02
9.903266331658290937e+02 2.061020912836151631e+00 1.796346598979313425e-02
9.959798994974873949e+02 2.060870566057710018e+00 1.796304864876443336e-02
1.001633165829145696e+03 2.060723802905934487e+00 1.796259888250366019e-02
1.007286432160803997e+03 2.060580504054234652e+00 1.796211839833946819e-02
1.012939698492462298e+03 2.060440555305090182e+00 1.796160882133694334e-02
1.018592964824120600e+03 2.060303847319707060e+00 1.796107169865294659e-02
1.024246231155778787e+03 2.060170275364533676e+00 1.796050850344380403e-02
1.029899497487437202e+03 2.060039739073436404e+00 1.795992063882018847e-02
1.035552763819095617e+03 2.059912142224403109e+00 1.795930944126836876e-02
1.041206030150753804e+03 2.059787392529761618e+00 1.795867618419335482e-02
1.046859296482411992e+03 2.059665401438966370e+00 1.795802208099071470e-02
1.052512562814070407e+03 2.059546083953081919e+00 1.795734828807995717e-02
1.058165829145728594e+03 2.059429358450169278e+00 1.795665590781314602e-02
1.063819095477386782e+03 2.059315146520826367e+00 1.795594599109811423e-02
1.069472361809045196e+03 2.059203372813211086e+00 1.795521953993430356e-02
1.075125628140703611e+03 2.059093964886912431e+00 1.795447750986127813e-02
1.080778894472361799e+03 2.058986853075082557e+00 1.795372081217170082e-02
1.086432160804019986e+03 2.058881970354299096e+00 1.795295031616086362e-02
1.092085427135678401e+03 2.058779252221649703e+00 1.795216685101716503e-02
1.097738693467336816e+03 2.058678636578584964e+00 1.795137120788533464e-02
1.103391959798995003e+03 2.058580063621097356e+00 1.795056414159547017e-02
1.109045226130653191e+03 2.058483475735845669e+00 1.794974637245364338e-02
1.114698492462311606e+03 2.058388817401835436e+00 1.794891858782207347e-02
1.120351758793969793e+03 2.058296035097327170e+00 1.794808144374862927e-02
1.126005025125627981e+03 2.058205077211642475e+00 1.794723556637357192e-02
1.131658291457286396e+03 2.058115893961574461e+00 1.794638155336096205e-02
1.137311557788944810e+03 2.058028437312125369e+00 1.794551997521871486e-02
1.142964824120602998e+03 2.057942660901311172e+00 1.794465137654439532e-02
1.148618090452261185e+03 2.057858519968794209e+00 1.794377627728340266e-02
1.154271356783919600e+03 2.057775971288117844e+00 1.794289517373972437e-02
1.159924623115578015e+03 2.057694973102331737e+00 1.794200853980948071e-02
1.165577889447236203e+03 2.057615485062817662e+00 1.794111682789277518e-02
1.171231155778894390e+03 2.057537468171124928e+00 1.794022046990465663e-02
1.176884422110552805e+03 2.057460884723650185e+00 1.793931987821186999e-02
1.182537688442210992e+03 2.057385698258998641e+00 1.793841544654499465e-02
1.188190954773869180e+03 2.057311873507875255e+00 1.793750755073737421e-02
1.193844221105527595e+03 2.057239376345371351e+00 1.793659654963744923e-02
1.199497487437186010e+03 2.057168173745507644e+00 1.793568278581078243e-02
1.205150753768844197e+03 2.057098233737912452e+00 1.793476658626693906e-02
1.210804020100502385e+03 2.057029525366524503e+00 1.793384826314936217e-02
1.216457286432160799e+03 2.056962018650204005e+00 1.793292811441297638e-02
1.222110552763819214e+03 2.056895684545154701e+00 1.793200642446476922e-02
1.227763819095477402e+03 2.056830494909055673e+00 1.793108346464354630e-02
1.233417085427135589e+03 2.056766422466825617e+00 1.793015949398457307e-02
1.239070351758794004e+03 2.056703440777915670e+00 1.792923475957572746e-02
1.244723618090452419e+03 2.056641524205065963e+00 1.792830949716141611e-02
1.250376884422110379e+03 2.056580647884446833e+00 1.792738393167232075e-02
1.256030150753768794e+03 2.056520787697110109e+00 1.792645827761903468e-02
1.261683417085427209e+03 2.056461920241688723e+00 1.792553273954770529e-02
1.267336683417085396e+03 2.056404022808279830e+00 1.792460751253297305e-02
1.272989949748743584e+03 2.056347073353451460e+00 1.792368278253476943e-02
1.278643216080401999e+03 2.056291050476318105e+00 1.792275872676758405e-02
1.284296482412060413e+03 2.056235933395632820e+00 1.792183551414419304e-02
1.289949748743718601e+03 2.056181701927845218e+00 1.792091330557078407e-02
1.295603015075376788e+03 2.056128336466074735e+00 1.791999225432896331e-02
1.301256281407035203e+03 2.056075817959966745e+00 1.791907250635867838e-02
1.306909547738693618e+03 2.056024127896372899e+00 1.791815420057844485e-02
1.312562814070351806e+03 2.055973248280829058e+00 1.791723746925521360e-02
1.318216080402009993e+03 2.055923161619786832e+00 1.791632243815128450e-02
1.323869346733668408e+03 2.055873850903565891e+00 1.791540922690672624e-02
1.329522613065326595e+03 2.055825299589993271e+00 1.791449794927321704e-02
1.335175879396984783e+03 2.055777491588692829e+00 1.791358871332312391e-02
1.340829145728643198e+03 2.055730411246003975e+00 1.791268162175785328e-02
1.346482412060301613e+03 2.055684043330494148e+00 1.791177677203032587e-02
1.352135678391959800e+03 2.055638373019036180e+00 1.791087425666585548e-02
1.357788944723617988e+03 2.055593385883434543e+00 1.790997416343435497e-02
1.363442211055276402e+03 2.055549067877564973e+00 1.790907657553500454e-02
1.369095477386934817e+03 2.055505405325010138e+00 1.790818157175616890e-02
1.374748743718593005e+03 2.055462384907170925e+00 1.790728922675937501e-02
1.380402010050251192e+03 2.055419993651825816e+00 1.790639961114017312e-02
1.386055276381909607e+03 2.055378218922125910e+00 1.790551279168744667e-02
1.391708542713567795e+03 2.055337048406001621e+00 1.790462883145674602e-02
1.397361809045225982e+03 2.055296470105966833e+00 1.790374779001733738e-02
1.403015075376884397e+03 2.055256472329297424e+00 1.790286972350083744e-02
1.408668341708542812e+03 2.055217043678577937e+00 1.790199468483594583e-02
1.414321608040200999e+03 2.055178173042591983e+00 1.790112272380959407e-02
1.419974874371859187e+03 2.055139849587541256e+00 1.790025388723974140e-02
1.425628140703517602e+03 2.055102062748590974e+00 1.789938821908624092e-02
1.431281407035176017e+03 2.055064802221713727e+00 1.789852576056169889e-02
1.436934673366834204e+03 2.055028057955826437e+00 1.789766655024239983e-02
1.442587939698492391e+03 2.054991820145210646e+00 1.789681062422890032e-02
1.448241206030150806e+03 2.054956079222198362e+00 1.789595801615776957e-02
1.453894472361808994e+03 2.054920825850117261e+00 1.789510875738705570e-02
1.459547738693467409e+03 2.054886050916478801e+00 1.789426287704532978e-02
1.465201005025125596e+03 2.054851745526413254e+00 1.789342040214277410e-02
1.470854271356784011e+03 2.054817900996319668e+00 1.789258135766991914e-02
1.476507537688442198e+03 2.054784508847745883e+00 1.789174576662194011e-02
1.482160804020100386e+03 2.054751560801470589e+00 1.789091365018430010e-02
1.487814070351758801e+03 2.054719048771788792e+00 1.789008502770747175e-02
1.493467336683416988e+03 2.054686964860996223e+00 1.788925991686783970e-02
1.499120603015075403e+03 2.054655301354049612e+00 1.788843833364242922e-02
1.504773869346733591e+03 2.054624050713417027e+00 1.788762029250711566e-02
1.510427135678392006e+03 2.054593205574089865e+00 1.788680580637417444e-02
1.516080402010050193e+03 2.054562758738769368e+00 1.788599488671605009e-02
1.521733668341708608e+03 2.054532703173203245e+00 1.788518754367671854e-02
1.527386934673366795e+03 2.054503032001685270e+00 1.788438378602173751e-02
1.533040201005025210e+03 2.054473738502688995e+00 1.788358362124962617e-02
1.538693467336683398e+03 2.054444816104658234e+00 1.788278705570334540e-02
1.544346733668341585e+03 2.054416258381919658e+00 1.788199409449550692e-02
1.550000000000000000e+03 2.054388059050737514e+00 1.788120474168194279e-02
