4.250000000000000000e+02 1.707508031752396072e+00 3.865540362114224804e-01
4.306532663316583012e+02 1.819478705215128445e+00 3.594892298305607525e-01
4.363065326633166023e+02 1.878576859421533518e+00 3.443385259155309353e-01
4.419597989949749035e+02 1.921457970908862833e+00 3.321920403572136138e-01
4.476130653266331478e+02 1.956913009062559716e+00 3.210392946507200640e-01
4.532663316582914490e+02 1.988365978437971027e+00 3.100980463779619556e-01
4.589195979899497502e+02 2.017492431764260186e+00 2.989643646481147110e-01
4.645728643216080513e+02 2.045230728348050864e+00 2.873812291443051947e-01
4.702261306532663525e+02 2.072154116971370197e+00 2.751520516332574551e-01
4.758793969849245968e+02 2.098632468805415208e+00 2.620988672603362102e-01
4.815326633165828980e+02 2.124909977524700455e+00 2.480350559696436474e-01
4.871859296482411992e+02 2.151143188117925487e+00 2.327396873122681287e-01
4.928391959798995003e+02 2.177415264271622242e+00 2.159235929330518278e-01
4.984924623115578015e+02 2.203727446192683459e+00 1.971720717890923236e-01
5.041457286432161027e+02 2.229948174681775086e+00 1.758287215106246471e-01
5.097989949748744039e+02 2.255628398669673462e+00 1.507103951061808389e-01
5.154522613065327050e+02 2.279137779913391171e+00 1.191792764882183137e-01
5.211055276381910062e+02 2.288104477880567256e+00 7.147171082755444937e-02
5.267587939698491937e+02 2.258043492327232560e+00 1.457717225664776316e-02
5.324120603015074948e+02 2.214693291353110105e+00 1.488113880617087000e-02
5.380653266331657960e+02 2.190133081236722123e+00 1.506557549326355966e-02
5.437185929648240972e+02 2.173007396083537213e+00 1.520079591807819291e-02
5.493718592964823983e+02 2.159994468465418205e+00 1.530782066491507935e-02
5.550251256281406995e+02 2.149614363737860412e+00 1.539619011348121284e-02
5.606783919597990007e+02 2.141066535891044342e+00 1.547115850731701700e-02
5.663316582914573019e+02 2.133865519854716730e+00 1.553596989010908383e-02
5.719849246231156030e+02 2.127693682019275112e+00 1.559278579448746156e-02
5.776381909547739042e+02 2.122331572732212734e+00 1.564312754944490944e-02
5.832914572864322054e+02 2.117621223690571153e+00 1.568811118022350737e-02
5.889447236180903928e+02 2.113445209427096572e+00 1.572858244212238521e-02
5.945979899497488077e+02 2.109713951832661749e+00 1.576519931560820334e-02
6.002512562814069952e+02 2.106357641447390350e+00 1.579848490049912818e-02
6.059045226130652964e+02 2.103320890379254404e+00 1.582886269316927802e-02
6.115577889447235975e+02 2.100559075703615886e+00 1.585668089848027082e-02
6.172110552763818987e+02 2.098035768973220527e+00 1.588222965602445816e-02
6.228643216080401999e+02 2.095720886060981947e+00 1.590575354023538238e-02
6.285175879396985010e+02 2.093589327957477320e+00 1.592746082066823915e-02
6.341708542713568022e+02 2.091619964211369531e+00 1.594753044823272320e-02
6.398241206030151034e+02 2.089794860526551723e+00 1.596611741115741209e-02
6.454773869346734045e+02 2.088098683565632996e+00 1.598335690102280562e-02
6.511306532663315920e+02 2.086518236492008072e+00 1.599936759524645327e-02
6.567839195979900069e+02 2.085042092395339441e+00 1.601425427388836545e-02
6.624371859296481944e+02 2.083660301979875840e+00 1.602810992827768607e-02
6.680904522613064955e+02 2.082364158276538646e+00 1.604101747660120411e-02
6.737437185929647967e+02 2.081146005624006978e+00 1.605305117247729160e-02
6.793969849246230979e+02 2.079999083363432089e+00 1.606427777072877081e-02
6.850502512562813990e+02 2.078917397006037948e+00 1.607475749984988225e-02
6.907035175879397002e+02 2.077895611328869130e+00 1.608454487884211637e-02
6.963567839195980014e+02 2.076928961111287997e+00 1.609368940770183540e-02
7.020100502512563025e+02 2.076013176167196939e+00 1.610223615502610547e-02
7.076633165829146037e+02 2.075144418041280137e+00 1.611022626043918243e-02
7.133165829145727912e+02 2.074319226282683726e+00 1.611769736692815480e-02
7.189698492462312061e+02 2.073534472629675829e+00 1.612468399443386588e-02
7.246231155778893935e+02 2.072787321765301893e+00 1.613121786421879006e-02
7.302763819095478084e+02 2.072075197559718696e+00 1.613732818188687648e-02
7.359296482412059959e+02 2.071395753916440707e+00 1.614304188513656160e-02
7.415829145728642970e+02 2.070746849499822684e+00 1.614838386167393239e-02
7.472361809045225982e+02 2.070126525748958723e+00 1.615337714133389252e-02
7.528894472361808994e+02 2.069532987685962500e+00 1.615804306637233165e-02
7.585427135678392006e+02 2.068964587109666020e+00 1.616240144252550567e-02
7.641959798994975017e+02 2.068419807833287383e+00 1.616647067376684316e-02
7.698492462311558029e+02 2.067897252679756104e+00 1.617026788261599624e-02
7.755025125628139904e+02 2.067395631993639959e+00 1.617380901791261316e-02
7.811557788944724052e+02 2.066913753465918546e+00 1.617710895174057431e-02
7.868090452261305927e+02 2.066450513098760933e+00 1.618018156651230416e-02
7.924623115577890076e+02 2.066004887163134907e+00 1.618303983377171809e-02
7.981155778894471950e+02 2.065575925023548365e+00 1.618569588535651721e-02
8.037688442211054962e+02 2.065162742722165490e+00 1.618816107786666056e-02
8.094221105527637974e+02 2.064764517229696228e+00 1.619044605133633866e-02
8.150753768844220986e+02 2.064380481283177193e+00 1.619256078249235037e-02
8.207286432160803997e+02 2.064009918741601890e+00 1.619451463340124131e-02
8.263819095477387009e+02 2.063652160399511715e+00 1.619631639583630003e-02
8.320351758793970021e+02 2.063306580206497376e+00 1.619797433182855809e-02
8.376884422110551895e+02 2.062972591847238135e+00 1.619949621087612285e-02
8.433417085427136044e+02 2.062649645642440355e+00 1.620088934406370071e-02
8.489949748743717919e+02 2.062337225735958235e+00 1.620216061532807339e-02
8.546482412060302067e+02 2.062034847537628668e+00 1.620331651036338583e-02
8.603015075376883942e+02 2.061742055395017204e+00 1.620436314305524067e-02
8.659547738693468091e+02 2.061458420470444697e+00 1.620530628008471155e-02
8.716080402010049966e+02 2.061183538802424664e+00 1.620615136343751816e-02
8.772613065326632977e+02 2.060917029533042122e+00 1.620690353130616740e-02
8.829145728643215989e+02 2.060658533284887017e+00 1.620756763750170679e-02
8.885678391959799001e+02 2.060407710672997883e+00 1.620814826920328328e-02
8.942211055276382012e+02 2.060164240938858526e+00 1.620864976377703326e-02
8.998743718592965024e+02 2.059927820694907208e+00 1.620907622395671016e-02
9.055276381909548036e+02 2.059698162769240337e+00 1.620943153237658016e-02
9.111809045226129911e+02 2.059474995141293618e+00 1.620971936472057409e-02
9.168341708542714059e+02 2.059258059960235254e+00 1.620994320220320653e-02
9.224874371859295934e+02 2.059047112638656696e+00 1.621010634309750370e-02
9.281407035175880083e+02 2.058841921014899157e+00 1.621021191344937384e-02
9.337939698492461957e+02 2.058642264578018910e+00 1.621026287717247660e-02
9.394472361809044969e+02 2.058447933749992576e+00 1.621026204540219895e-02
9.451005025125627981e+02 2.058258729220279193e+00 1.621021208522006873e-02
9.507537688442210992e+02 2.058074461328338600e+00 1.621011552788712701e-02
9.564070351758794004e+02 2.057894949490119085e+00 1.620997477643689594e-02
9.620603015075377016e+02 2.057720021664898535e+00 1.620979211293048505e-02
9.677135678391960028e+02 2.057549513859207035e+00 1.620956970508725600e-02
9.733668341708543039e+02 2.057383269664855074e+00 1.620930961264811093e-02
9.790201005025126051e+02 2.057221139828361078e+00 1.620901379322564270e-02
9.846733668341707926e+02 2.057062981849316685e+00 1.620868410788849426e-02
9.903266331658290937e+02 2.056908659605444889e+00 1.620832232632981457e-02
9.959798994974873949e+02 2.056758043002306913e+00 1.620793013179855704e-02
1.001633165829145696e+03 2.056611007645785527e+00 1.620750912567077082e-02
1.007286432160803997e+03 2.056467434535636407e+00 1.620706083172982967e-02
1.012939698492462298e+03 2.056327209778547438e+00 1.620658670032044252e-02
1.018592964824120600e+03 2.056190224319265791e+00 1.620608811213017017e-02
1.024246231155778787e+03 2.056056373688487593e+00 1.620556638173571359e-02
1.029899497487437202e+03 2.055925557766301814e+00 1.620502276116097748e-02
1.035552763819095617e+03 2.055797680560075502e+00 1.620445844291270102e-02
1.041206030150753804e+03 2.055672649995774925e+00 1.620387456308308022e-02
1.046859296482411992e+03 2.055550377721774513e+00 1.620327220421816442e-02
1.052512562814070407e+03 2.055430778924291157e+00 1.620265239797954657e-02
1.058165829145728594e+03 2.055313772153660068e+00 1.620201612768172247e-02
1.063819095477386782e+03 2.055199279160702552e+00 1.620136433067789067e-02
1.069472361809045196e+03 2.055087224742519592e+00 1.620069790071759774e-02
1.075125628140703611e+03 2.054977536597083265e+00 1.620001768997484520e-02
1.080778894472361799e+03 2.054870145186039831e+00 1.619932451117162692e-02
1.086432160804019986e+03 2.054764983605196882e+00 1.619861913942687026e-02
1.092085427135678401e+03 2.054661987462198525e+00 1.619790231413247364e-02
1.097738693467336816e+03 2.054561094760919193e+00 1.619717474066452098e-02
1.103391959798995003e+03 2.054462245792159969e+00 1.619643709197090414e-02
1.109045226130653191e+03 2.054365383030245962e+00 1.619569001017244839e-02
1.114698492462311606e+03 2.054270451035157929e+00 1.619493410798568747e-02
1.120351758793969793e+03 2.054177396359856189e+00 1.619416997013180953e-02
1.126005025125627981e+03 2.054086167462480628e+00 1.619339815466327645e-02
1.131658291457286396e+03 2.053996714623127495e+00 1.619261919418071502e-02
1.137311557788944810e+03 2.053908989864930312e+00 1.619183359706347775e-02
1.142964824120602998e+03 2.053822946879185096e+00 1.619104184852199549e-02
1.148618090452261185e+03 2.053738540954288982e+00 1.619024441178722185e-02
1.154271356783919600e+03 2.053655728908253320e+00 1.618944172898477071e-02
1.159924623115578015e+03 2.053574469024596727e+00 1.618863422221476431e-02
1.165577889447236203e+03 2.053494720991419165e+00 1.618782229439863149e-02
1.171231155778894390e+03 2.053416445843471383e+00 1.618700633018083437e-02
1.176884422110552805e+03 2.053339605907053222e+00 1.618618669676208724e-02
1.182537688442210992e+03 2.053264164747580001e+00 1.618536374465037384e-02
1.188190954773869180e+03 2.053190087119671325e+00 1.618453780845323028e-02
1.193844221105527595e+03 2.053117338919611790e+00 1.618370920760150294e-02
1.199497487437186010e+03 2.053045887140070302e+00 1.618287824694978130e-02
1.205150753768844197e+03 2.052975699826937728e+00 1.618204521751408914e-02
1.210804020100502385e+03 2.052906746038177577e+00 1.618121039703136060e-02
1.216457286432160799e+03 2.052838995804581401e+00 1.618037405060134340e-02
1.222110552763819214e+03 2.052772420092321859e+00 1.617953643115020712e-02
1.227763819095477402e+03 2.052706990767211970e+00 1.617869778005895029e-02
1.233417085427135589e+03 2.052642680560583965e+00 1.617785832762724113e-02
1.239070351758794004e+03 2.052579463036694918e+00 1.617701829355108756e-02
1.244723618090452419e+03 2.052517312561588092e+00 1.617617788744179011e-02
1.250376884422110379e+03 2.052456204273330087e+00 1.617533730916656184e-02
1.256030150753768794e+03 2.052396114053554488e+00 1.617449674935398859e-02
1.261683417085427209e+03 2.052337018500250299e+00 1.617365638974856135e-02
1.267336683417085396e+03 2.052278894901724549e+00 1.617281640363399040e-02
1.272989949748743584e+03 2.052221721211686223e+00 1.617197695613303843e-02
1.278643216080401999e+03 2.052165476025396451e+00 1.617113820465846188e-02
1.284296482412060413e+03 2.052110138556824115e+00 1.617030029910320951e-02
1.289949748743718601e+03 2.052055688616771345e+00 1.616946338230528663e-02
1.295603015075376788e+03 2.052002106591908515e+00 1.616862759025185226e-02
1.301256281407035203e+03 2.051949373424682754e+00 1.616779305242069947e-02
1.306909547738693618e+03 2.051897470594054695e+00 1.616695989202569100e-02
1.312562814070351806e+03 2.051846380097027911e+00 1.616612822628975266e-02
1.318216080402009993e+03 2.051796084430923983e+00 1.616529816673168210e-02
1.323869346733668408e+03 2.051746566576383657e+00 1.616446981934314270e-02
1.329522613065326595e+03 2.051697809981044784e+00 1.616364328487562146e-02
1.335175879396984783e+03 2.051649798543874859e+00 1.616281865904504317e-02
1.340829145728643198e+03 2.051602516600123938e+00 1.616199603273646770e-02
1.346482412060301613e+03 2.051555948906873539e+00 1.616117549220881522e-02
1.352135678391959800e+03 2.051510080629148636e+00 1.616035711932718028e-02
1.357788944723617988e+03 2.051464897326571002e+00 1.615954099164404814e-02
1.363442211055276402e+03 2.051420384940532138e+00 1.615872718270039768e-02
1.369095477386934817e+03 2.051376529781854696e+00 1.615791576213454137e-02
1.374748743718593005e+03 2.051333318518929971e+00 1.615710679581845721e-02
1.380402010050251192e+03 2.051290738166302141e+00 1.615630034610412644e-02
1.386055276381909607e+03 2.051248776073684610e+00 1.615549647185005391e-02
1.391708542713567795e+03 2.051207419915391128e+00 1.615469522868145241e-02
1.397361809045225982e+03 2.051166657680156380e+00 1.615389666903057492e-02
1.403015075376884397e+03 2.051126477661339376e+00 1.615310084236954227e-02
1.408668341708542812e+03 2.051086868447482114e+00 1.615230779522325993e-02
1.414321608040200999e+03 2.051047818913218190e+00 1.615151757137483005e-02
1.419974874371859187e+03 2.051009318210512244e+00 1.615073021193355260e-02
1.425628140703517602e+03 2.050971355760214720e+00 1.614994575548542310e-02
1.431281407035176017e+03 2.050933921243921265e+00 1.614916423816120661e-02
1.436934673366834204e+03 2.050897004596126116e+00 1.614838569374577731e-02
1.442587939698492391e+03 2.050860595996649050e+00 1.614761015381499173e-02
1.448241206030150806e+03 2.050824685863336772e+00 1.614683764777635755e-02
1.453894472361808994e+03 2.050789264845017446e+00 1.614606820299223019e-02
1.459547738693467409e+03 2.050754323814700797e+00 1.614530184480677394e-02
1.465201005025125596e+03 2.050719853863018471e+00 1.614453859673798536e-02
1.470854271356784011e+03 2.050685846291888659e+00 1.614377848047720762e-02
1.476507537688442198e+03 2.050652292608398319e+00 1.614302151594368406e-02
1.482160804020100386e+03 2.050619184518897242e+00 1.614226772144916611e-02
1.487814070351758801e+03 2.050586513923290610e+00 1.614151711368374403e-02
1.493467336683416988e+03 2.050554272909526077e+00 1.614076970782548498e-02
1.499120603015075403e+03 2.050522453748266472e+00 1.614002551755381459e-02
1.504773869346733591e+03 2.050491048887740142e+00 1.613928455524175562e-02
1.510427135678392006e+03 2.050460050948762714e+00 1.613854683180425062e-02
1.516080402010050193e+03 2.050429452719925827e+00 1.613781235694547803e-02
1.521733668341708608e+03 2.050399247152941307e+00 1.613708113917231360e-02
1.527386934673366795e+03 2.050369427358139873e+00 1.613635318572523292e-02
1.533040201005025210e+03 2.050339986600116848e+00 1.613562850278444510e-02
1.538693467336683398e+03 2.050310918293517304e+00 1.613490709542832885e-02
1.544346733668341585e+03 2.050282215998961988e+00 1.613418896774329592e-02
1.550000000000000000e+03 2.050253873419094930e+00 1.613347412276850204e-02
