4.250000000000000000e+02 1.741641829461268109e+00 3.848811214882063014e-01
4.306532663316583012e+02 1.854048422527763806e+00 3.582482896040707909e-01
4.363065326633166023e+02 1.913393384996171953e+00 3.432709875752387174e-01
4.419597989949749035e+02 1.956462829708101481e+00 3.312251791574222226e-01
4.476130653266331478e+02 1.992080491675392695e+00 3.201386284450670749e-01
4.532663316582914490e+02 2.023683514029481767e+00 3.092425305448031625e-01
4.589195979899497502e+02 2.052954027537629678e+00 2.981388244213387662e-01
4.645728643216080513e+02 2.080834150849995901e+00 2.865732601706466043e-01
4.702261306532663525e+02 2.107899473379953204e+00 2.743504610415467004e-01
4.758793969849245968e+02 2.134521401380878203e+00 2.612927235471552700e-01
4.815326633165828980e+02 2.160945147653480891e+00 2.472129663340962846e-01
4.871859296482411992e+02 2.187327885103008906e+00 2.318890874721711015e-01
4.928391959798995003e+02 2.213753015263359547e+00 2.150298489329610374e-01
4.984924623115578015e+02 2.240221451173454614e+00 1.962170724895826168e-01
5.041457286432161027e+02 2.266600117116249091e+00 1.747882144897620893e-01
5.097989949748744039e+02 2.292434917819814011e+00 1.495477508938087285e-01
5.154522613065327050e+02 2.316074178801725392e+00 1.178251942477648168e-01
5.211055276381910062e+02 2.324889124904718773e+00 6.967349503170305880e-02
5.267587939698491937e+02 2.294595023466189154e+00 1.287292681810904560e-02
5.324120603015074948e+02 2.251147523402918349e+00 1.313748083652743932e-02
5.380653266331657960e+02 2.226510696458803285e+00 1.329801529006327532e-02
5.437185929648240972e+02 2.209324102281690738e+00 1.341569261603767042e-02
5.493718592964823983e+02 2.196261069821095813e+00 1.350881177257263685e-02
5.550251256281406995e+02 2.185838591323203239e+00 1.358568141759725761e-02
5.606783919597990007e+02 2.177254153867660857e+00 1.365087849780823905e-02
5.663316582914573019e+02 2.170020974397302460e+00 1.370722923484614733e-02
5.719849246231156030e+02 2.163820498470389708e+00 1.375661687647638382e-02
5.776381909547739042e+02 2.158432610134338514e+00 1.380036691592803795e-02
5.832914572864322054e+02 2.153698844689831304e+00 1.383945171000327060e-02
5.889447236180903928e+02 2.149501397685072757e+00 1.387460811992913615e-02
5.945979899497488077e+02 2.145750395585527492e+00 1.390640938728764445e-02
6.002512562814069952e+02 2.142375794486037766e+00 1.393531122239144264e-02
6.059045226130652964e+02 2.139322017526129383e+00 1.396168254354381022e-02
6.115577889447235975e+02 2.136544287373193463e+00 1.398582666240542546e-02
6.172110552763818987e+02 2.134006047875005585e+00 1.400799629508569719e-02
6.228643216080401999e+02 2.131677108136250887e+00 1.402840445494987591e-02
6.285175879396985010e+02 2.129532279011199236e+00 1.404723252226411714e-02
6.341708542713568022e+02 2.127550353280758699e+00 1.406463633212172784e-02
6.398241206030151034e+02 2.125713330741491269e+00 1.408075084176165989e-02
6.454773869346734045e+02 2.124005821057327825e+00 1.409569376087657470e-02
6.511306532663315920e+02 2.122414577765574073e+00 1.410956841193848968e-02
6.567839195979900069e+02 2.120928130480971063e+00 1.412246601055170553e-02
6.624371859296481944e+02 2.119536491603569495e+00 1.413446750275834315e-02
6.680904522613064955e+02 2.118230920236924497e+00 1.414564506009531077e-02
6.737437185929647967e+02 2.117003730521151539e+00 1.415606330671480111e-02
6.793969849246230979e+02 2.115848134794716451e+00 1.416578033544428801e-02
6.850502512562813990e+02 2.114758114320710369e+00 1.417484855489142999e-02
6.907035175879397002e+02 2.113728312014744315e+00 1.418331540119334953e-02
6.963567839195980014e+02 2.112753942872979351e+00 1.419122393972416414e-02
7.020100502512563025e+02 2.111830718744172941e+00 1.419861337686627832e-02
7.076633165829146037e+02 2.110954784805327833e+00 1.420551949792204019e-02
7.133165829145727912e+02 2.110122665647359952e+00 1.421197504359609023e-02
7.189698492462312061e+02 2.109331219298763660e+00 1.421801003558506409e-02
7.246231155778893935e+02 2.108577597842776097e+00 1.422365205904193609e-02
7.302763819095478084e+02 2.107859213540058452e+00 1.422892650918364948e-02
7.359296482412059959e+02 2.107173709571152020e+00 1.423385680704178542e-02
7.415829145728642970e+02 2.106518934673570875e+00 1.423846458934170840e-02
7.472361809045225982e+02 2.105892921076691238e+00 1.424276987579522168e-02
7.528894472361808994e+02 2.105293865240723594e+00 1.424679121740153945e-02
7.585427135678392006e+02 2.104720110989410919e+00 1.425054582801693094e-02
7.641959798994975017e+02 2.104170134693829297e+00 1.425404970179545462e-02
7.698492462311558029e+02 2.103642532220002082e+00 1.425731771778339547e-02
7.755025125628139904e+02 2.103136007398433982e+00 1.426036373395707553e-02
7.811557788944724052e+02 2.102649361811125051e+00 1.426320067144908575e-02
7.868090452261305927e+02 2.102181485722608656e+00 1.426584059051927943e-02
7.924623115577890076e+02 2.101731350007340460e+00 1.426829475908267253e-02
7.981155778894471950e+02 2.101297998947304180e+00 1.427057371465884766e-02
8.037688442211054962e+02 2.100880543791701527e+00 1.427268732052120771e-02
8.094221105527637974e+02 2.100478156985800648e+00 1.427464481678622325e-02
8.150753768844220986e+02 2.100090066988790305e+00 1.427645486675692237e-02
8.207286432160803997e+02 2.099715553611345875e+00 1.427812559920329377e-02
8.263819095477387009e+02 2.099353943812820145e+00 1.427966464710243508e-02
8.320351758793970021e+02 2.099004607905820219e+00 1.428107918281345222e-02
8.376884422110551895e+02 2.098666956122638094e+00 1.428237595056107770e-02
8.433417085427136044e+02 2.098340435503760926e+00 1.428356129602641363e-02
8.489949748743717919e+02 2.098024527073617751e+00 1.428464119361851775e-02
8.546482412060302067e+02 2.097718743272989794e+00 1.428562127162544618e-02
8.603015075376883942e+02 2.097422625621181869e+00 1.428650683516203244e-02
8.659547738693468091e+02 2.097135742584247620e+00 1.428730288760745627e-02
8.716080402010049966e+02 2.096857687628315592e+00 1.428801415022970533e-02
8.772613065326632977e+02 2.096588077439487385e+00 1.428864508029919697e-02
8.829145728643215989e+02 2.096326550293860169e+00 1.428919988796180547e-02
8.885678391959799001e+02 2.096072764563075452e+00 1.428968255181446191e-02
8.942211055276382012e+02 2.095826397342394287e+00 1.429009683331225466e-02
8.998743718592965024e+02 2.095587143189707291e+00 1.429044629021315391e-02
9.055276381909548036e+02 2.095354712965137534e+00 1.429073428895512310e-02
9.111809045226129911e+02 2.095128832761974369e+00 1.429096401637277962e-02
9.168341708542714059e+02 2.094909242920646175e+00 1.429113849033680599e-02
9.224874371859295934e+02 2.094695697118292177e+00 1.429126056983131242e-02
9.281407035175880083e+02 2.094487961527244035e+00 1.429133296434697067e-02
9.337939698492461957e+02 2.094285814036400240e+00 1.429135824252963927e-02
9.394472361809044969e+02 2.094089043530070526e+00 1.429133884041244688e-02
9.451005025125627981e+02 2.093897449219396911e+00 1.429127706898417928e-02
9.507537688442210992e+02 2.093710840021921538e+00 1.429117512126618951e-02
9.564070351758794004e+02 2.093529033985314758e+00 1.429103507903878648e-02
9.620603015075377016e+02 2.093351857751616585e+00 1.429085891904721684e-02
9.677135678391960028e+02 2.093179146058727458e+00 1.429064851878135423e-02
9.733668341708543039e+02 2.093010741276137843e+00 1.429040566204739862e-02
9.790201005025126051e+02 2.092846492972200156e+00 1.429013204402154041e-02
9.846733668341707926e+02 2.092686257510460557e+00 1.428982927609696342e-02
9.903266331658290937e+02 2.092529897672799510e+00 1.428949889040041776e-02
9.959798994974873949e+02 2.092377282307330777e+00 1.428914234400993979e-02
1.001633165829145696e+03 2.092228285999175430e+00 1.428876102304506290e-02
1.007286432160803997e+03 2.092082788762402501e+00 1.428835624625695785e-02
1.012939698492462298e+03 2.091940675751557954e+00 1.428792926872489086e-02
1.018592964824120600e+03 2.091801836991351138e+00 1.428748128508429763e-02
1.024246231155778787e+03 2.091666167123176656e+00 1.428701343270636671e-02
1.029899497487437202e+03 2.091533565167262410e+00 1.428652679459620212e-02
1.035552763819095617e+03 2.091403934299327361e+00 1.428602240222737532e-02
1.041206030150753804e+03 2.091277181640737837e+00 1.428550123817320071e-02
1.046859296482411992e+03 2.091153218061207131e+00 1.428496423851929008e-02
1.052512562814070407e+03 2.091031957993185753e+00 1.428441229524409113e-02
1.058165829145728594e+03 2.090913319257133196e+00 1.428384625847426911e-02
1.063819095477386782e+03 2.090797222896940699e+00 1.428326693844403882e-02
1.069472361809045196e+03 2.090683593024821096e+00 1.428267510759381222e-02
1.075125628140703611e+03 2.090572356675036492e+00 1.428207150234187504e-02
1.080778894472361799e+03 2.090463443665889542e+00 1.428145682490229371e-02
1.086432160804019986e+03 2.090356786469428130e+00 1.428083174493143849e-02
1.092085427135678401e+03 2.090252320088374915e+00 1.428019690114312908e-02
1.097738693467336816e+03 2.090149981939814161e+00 1.427955290269031750e-02
1.103391959798995003e+03 2.090049711745212146e+00 1.427890033071760670e-02
1.109045226130653191e+03 2.089951451426367512e+00 1.427823973961820855e-02
1.114698492462311606e+03 2.089855145006926929e+00 1.427757165836851874e-02
1.120351758793969793e+03 2.089760738519119254e+00 1.427689659162936081e-02
1.126005025125627981e+03 2.089668179915392443e+00 1.427621502100269620e-02
1.131658291457286396e+03 2.089577418984652102e+00 1.427552740603946213e-02
1.137311557788944810e+03 2.089488407272827253e+00 1.427483418532519283e-02
1.142964824120602998e+03 2.089401098007502622e+00 1.427413577736342913e-02
1.148618090452261185e+03 2.089315446026384304e+00 1.427343258166139002e-02
1.154271356783919600e+03 2.089231407709361221e+00 1.427272497942679366e-02
1.159924623115578015e+03 2.089148940913967412e+00 1.427201333454473572e-02
1.165577889447236203e+03 2.089068004914036880e+00 1.427129799429019061e-02
1.171231155778894390e+03 2.088988560341378253e+00 1.427057929011834106e-02
1.176884422110552805e+03 2.088910569130292050e+00 1.426985753842390132e-02
1.182537688442210992e+03 2.088833994464767585e+00 1.426913304109823748e-02
1.188190954773869180e+03 2.088758800728222731e+00 1.426840608631997111e-02
1.193844221105527595e+03 2.088684953455627991e+00 1.426767694912785440e-02
1.199497487437186010e+03 2.088612419287898980e+00 1.426694589194702628e-02
1.205150753768844197e+03 2.088541165928426313e+00 1.426621316522430800e-02
1.210804020100502385e+03 2.088471162101626089e+00 1.426547900793910528e-02
1.216457286432160799e+03 2.088402377513404851e+00 1.426474364809882447e-02
1.222110552763819214e+03 2.088334782813441315e+00 1.426400730324997417e-02
1.227763819095477402e+03 2.088268349559176951e+00 1.426327018091152511e-02
1.233417085427135589e+03 2.088203050181439924e+00 1.426253247903950215e-02
1.239070351758794004e+03 2.088138857951603367e+00 1.426179438641383274e-02
1.244723618090452419e+03 2.088075746950212253e+00 1.426105608308757614e-02
1.250376884422110379e+03 2.088013692036989166e+00 1.426031774071168795e-02
1.256030150753768794e+03 2.087952668822163460e+00 1.425957952293772056e-02
1.261683417085427209e+03 2.087892653639042528e+00 1.425884158577390981e-02
1.267336683417085396e+03 2.087833623517773685e+00 1.425810407786350271e-02
1.272989949748743584e+03 2.087775556160232693e+00 1.425736714084100722e-02
1.278643216080401999e+03 2.087718429915979890e+00 1.425663090965740946e-02
1.284296482412060413e+03 2.087662223759238600e+00 1.425589551281201267e-02
1.289949748743718601e+03 2.087606917266841666e+00 1.425516107263108574e-02
1.295603015075376788e+03 2.087552490597096355e+00 1.425442770560888563e-02
1.301256281407035203e+03 2.087498924469529005e+00 1.425369552256186209e-02
1.306909547738693618e+03 2.087446200145466335e+00 1.425296462892309754e-02
1.312562814070351806e+03 2.087394299409405019e+00 1.425223512495895316e-02
1.318216080402009993e+03 2.087343204551149967e+00 1.425150710600135706e-02
1.323869346733668408e+03 2.087292898348661829e+00 1.425078066261783495e-02
1.329522613065326595e+03 2.087243364051605266e+00 1.425005588082835055e-02
1.335175879396984783e+03 2.087194585365544253e+00 1.424933284236894714e-02
1.340829145728643198e+03 2.087146546436768890e+00 1.424861162476848651e-02
1.346482412060301613e+03 2.087099231837717284e+00 1.424789230155007816e-02
1.352135678391959800e+03 2.087052626552969858e+00 1.424717494246375074e-02
1.357788944723617988e+03 2.087006715965788128e+00 1.424645961354774337e-02
1.363442211055276402e+03 2.086961485845169939e+00 1.424574637739245246e-02
1.369095477386934817e+03 2.086916922333406976e+00 1.424503529320183572e-02
1.374748743718593005e+03 2.086873011934114786e+00 1.424432641694834550e-02
1.380402010050251192e+03 2.086829741500715318e+00 1.424361980152794027e-02
1.386055276381909607e+03 2.086787098225357795e+00 1.424291549691512199e-02
1.391708542713567795e+03 2.086745069628249460e+00 1.424221355020891151e-02
1.397361809045225982e+03 2.086703643547388687e+00 1.424151400581915444e-02
1.403015075376884397e+03 2.086662808128674662e+00 1.424081690555933574e-02
1.408668341708542812e+03 2.086622551816383453e+00 1.424012228875502079e-02
1.414321608040200999e+03 2.086582863343990457e+00 1.423943019233674633e-02
1.419974874371859187e+03 2.086543731725329032e+00 1.423874065093292535e-02
1.425628140703517602e+03 2.086505146246065312e+00 1.423805369702518982e-02
1.431281407035176017e+03 2.086467096455484338e+00 1.423736936096340298e-02
1.436934673366834204e+03 2.086429572158565726e+00 1.423668767107426694e-02
1.442587939698492391e+03 2.086392563408343115e+00 1.423600865381675386e-02
1.448241206030150806e+03 2.086356060498531839e+00 1.423533233373482088e-02
1.453894472361808994e+03 2.086320053956416842e+00 1.423465873364409238e-02
1.459547738693467409e+03 2.086284534535991497e+00 1.423398787466259932e-02
1.465201005025125596e+03 2.086249493211328687e+00 1.423331977627274869e-02
1.470854271356784011e+03 2.086214921170186365e+00 1.423265445639889694e-02
1.476507537688442198e+03 2.086180809807831604e+00 1.423199193150056184e-02
1.482160804020100386e+03 2.086147150721073373e+00 1.423133221658765685e-02
1.487814070351758801e+03 2.086113935702501365e+00 1.423067532531373074e-02
1.493467336683416988e+03 2.086081156734917119e+00 1.423002127000684916e-02
1.499120603015075403e+03 2.086048805985953880e+00 1.422937006176288113e-02
1.504773869346733591e+03 2.086016875802876314e+00 1.422872171050761948e-02
1.510427135678392006e+03 2.085985358707549864e+00 1.422807622494967443e-02
1.516080402010050193e+03 2.085954247391582861e+00 1.422743361272064098e-02
1.521733668341708608e+03 2.085923534711623173e+00 1.422679388043726449e-02
1.527386934673366795e+03 2.085893213684810288e+00 1.422615703366999010e-02
1.533040201005025210e+03 2.085863277484377498e+00 1.422552307705197104e-02
1.538693467336683398e+03 2.085833719435392197e+00 1.422489201424763025e-02
1.544346733668341585e+03 2.085804533010639616e+00 1.422426384813976763e-02
1.550000000000000000e+03 2.085775711826632239e+00 1.422363858062642740e-02
