4.250000000000000000e+02 1.704840874107143245e+00 4.090214357505990717e-01
4.306532663316583012e+02 1.823247620183664708e+00 3.789652206732303519e-01
4.363065326633166023e+02 1.885604179228858701e+00 3.623529955499076305e-01
4.419597989949749035e+02 1.930782343960215197e+00 3.491485593228882967e-01
4.476130653266331478e+02 1.968095124080054159e+00 3.371027605367881708e-01
4.532663316582914490e+02 2.001167657108898545e+00 3.253455860708504566e-01
4.589195979899497502e+02 2.031773165552358318e+00 3.134312346966343643e-01
4.645728643216080513e+02 2.060904433203076813e+00 3.010790733755964177e-01
4.702261306532663525e+02 2.089167933293797574e+00 2.880773040769665228e-01
4.758793969849245968e+02 2.116955161864585211e+00 2.742368604111025121e-01
4.815326633165828980e+02 2.144525055117457502e+00 2.593619100623643647e-01
4.871859296482411992e+02 2.172044565622497814e+00 2.432228203093018404e-01
4.928391959798995003e+02 2.199604456722223045e+00 2.255211683003671974e-01
4.984924623115578015e+02 2.227211920335702811e+00 2.058314740901840412e-01
5.041457286432161027e+02 2.254741372712267822e+00 1.834842981801618200e-01
5.097989949748744039e+02 2.281755506397789457e+00 1.572827846582823819e-01
5.154522613065327050e+02 2.306680947650121105e+00 1.245979142071218515e-01
5.211055276381910062e+02 2.318233704997262556e+00 7.615066050051196023e-02
5.267587939698491937e+02 2.287696348144033109e+00 1.263538996692165246e-02
5.324120603015074948e+02 2.240945652680604638e+00 1.290843488536864980e-02
5.380653266331657960e+02 2.214622559812709390e+00 1.307084641325615207e-02
5.437185929648240972e+02 2.196312348684211546e+00 1.318832772898786976e-02
5.493718592964823983e+02 2.182415250796605921e+00 1.328036138481913757e-02
5.550251256281406995e+02 2.171335862123877636e+00 1.335573655711456802e-02
5.606783919597990007e+02 2.162214123787930209e+00 1.341926843679600023e-02
5.663316582914573019e+02 2.154529721276984500e+00 1.347391479306156784e-02
5.719849246231156030e+02 2.147942808682060445e+00 1.352163597320786038e-02
5.776381909547739042e+02 2.142218895719008032e+00 1.356380395547324494e-02
5.832914572864322054e+02 2.137189356485665215e+00 1.360141917537394107e-02
5.889447236180903928e+02 2.132728941717655147e+00 1.363523496955598192e-02
5.945979899497488077e+02 2.128742164511825408e+00 1.366583349192284497e-02
6.002512562814069952e+02 2.125154647731455793e+00 1.369367432150201888e-02
6.059045226130652964e+02 2.121907403057746944e+00 1.371912683528779889e-02
6.115577889447235975e+02 2.118952922175382003e+00 1.374249248489632647e-02
6.172110552763818987e+02 2.116252431057317196e+00 1.376402055482506270e-02
6.228643216080401999e+02 2.113773914971809997e+00 1.378391957658763219e-02
6.285175879396985010e+02 2.111490668389745196e+00 1.380236576722439733e-02
6.341708542713568022e+02 2.109380210982409576e+00 1.381950938117734555e-02
6.398241206030151034e+02 2.107423464330993035e+00 1.383547956784684368e-02
6.454773869346734045e+02 2.105604117759495075e+00 1.385038813939023020e-02
6.511306532663315920e+02 2.103908133633666022e+00 1.386433253027591524e-02
6.567839195979900069e+02 2.102323357034259654e+00 1.387739814922083793e-02
6.624371859296481944e+02 2.100839204588170528e+00 1.388966026720162700e-02
6.680904522613064955e+02 2.099446414061643118e+00 1.390118554796538827e-02
6.737437185929647967e+02 2.098136841110283424e+00 1.391203329940243066e-02
6.793969849246230979e+02 2.096903292996981527e+00 1.392225650474987475e-02
6.850502512562813990e+02 2.095739391559468423e+00 1.393190267889967034e-02
6.907035175879397002e+02 2.094639459518830460e+00 1.394101458424625191e-02
6.963567839195980014e+02 2.093598425561463028e+00 1.394963083283293388e-02
7.020100502512563025e+02 2.092611744631738713e+00 1.395778639608032806e-02
7.076633165829146037e+02 2.091675330633110619e+00 1.396551303851390098e-02
7.133165829145727912e+02 2.090785499316263341e+00 1.397283968865633587e-02
7.189698492462312061e+02 2.089938919580564214e+00 1.397979275807834099e-02
7.246231155778893935e+02 2.089132571762830626e+00 1.398639641663374303e-02
7.302763819095478084e+02 2.088363711759657182e+00 1.399267283137282936e-02
7.359296482412059959e+02 2.087629840044221918e+00 1.399864237435781422e-02
7.415829145728642970e+02 2.086928674808848694e+00 1.400432380448352575e-02
7.472361809045225982e+02 2.086258128600714024e+00 1.400973442687161036e-02
7.528894472361808994e+02 2.085616287927477774e+00 1.401489023320180716e-02
7.585427135678392006e+02 2.085001395397987789e+00 1.401980602562430053e-02
7.641959798994975017e+02 2.084411834035051037e+00 1.402449552653418398e-02
7.698492462311558029e+02 2.083846113455902316e+00 1.402897147608426522e-02
7.755025125628139904e+02 2.083302857664137697e+00 1.403324571902333368e-02
7.811557788944724052e+02 2.082780794236565924e+00 1.403732928238295152e-02
7.868090452261305927e+02 2.082278744721259400e+00 1.404123244481030562e-02
7.924623115577890076e+02 2.081795616090440948e+00 1.404496479904563007e-02
7.981155778894471950e+02 2.081330393114594113e+00 1.404853530802076429e-02
8.037688442211054962e+02 2.080882131543343672e+00 1.405195235538027505e-02
8.094221105527637974e+02 2.080449951994682412e+00 1.405522379126740787e-02
8.150753768844220986e+02 2.080033034467696940e+00 1.405835697361107126e-02
8.207286432160803997e+02 2.079630613405430761e+00 1.406135880574617934e-02
8.263819095477387009e+02 2.079241973244275954e+00 1.406423577046897640e-02
8.320351758793970021e+02 2.078866444394585233e+00 1.406699396108399350e-02
8.376884422110551895e+02 2.078503399604318513e+00 1.406963910975950714e-02
8.433417085427136044e+02 2.078152250663613199e+00 1.407217661328512802e-02
8.489949748743717919e+02 2.077812445413404152e+00 1.407461155679668938e-02
8.546482412060302067e+02 2.077483465025730780e+00 1.407694873544785945e-02
8.603015075376883942e+02 2.077164821527256677e+00 1.407919267424328526e-02
8.659547738693468091e+02 2.076856055540910351e+00 1.408134764626260173e-02
8.716080402010049966e+02 2.076556734223475420e+00 1.408341768958227581e-02
8.772613065326632977e+02 2.076266449379510881e+00 1.408540662260210873e-02
8.829145728643215989e+02 2.075984815734207345e+00 1.408731805836558292e-02
8.885678391959799001e+02 2.075711469349715177e+00 1.408915541778433568e-02
8.942211055276382012e+02 2.075446066171194648e+00 1.409092194170816215e-02
8.998743718592965024e+02 2.075188280690321907e+00 1.409262070226999751e-02
9.055276381909548036e+02 2.074937804715299094e+00 1.409425461327287743e-02
9.111809045226129911e+02 2.074694346237569320e+00 1.409582643990558125e-02
9.168341708542714059e+02 2.074457628386464858e+00 1.409733880766359491e-02
9.224874371859295934e+02 2.074227388463904198e+00 1.409879421076135758e-02
9.281407035175880083e+02 2.074003377052071606e+00 1.410019501984887021e-02
9.337939698492461957e+02 2.073785357187697631e+00 1.410154348923933938e-02
9.394472361809044969e+02 2.073573103597212253e+00 1.410284176364953214e-02
9.451005025125627981e+02 2.073366401987578822e+00 1.410409188447009181e-02
9.507537688442210992e+02 2.073165048388140086e+00 1.410529579564587591e-02
9.564070351758794004e+02 2.072968848539226361e+00 1.410645534904159289e-02
9.620603015075377016e+02 2.072777617323702248e+00 1.410757230970311610e-02
9.677135678391960028e+02 2.072591178237960019e+00 1.410864836052741489e-02
9.733668341708543039e+02 2.072409362899202634e+00 1.410968510675129732e-02
9.790201005025126051e+02 2.072232010586145368e+00 1.411068408021243226e-02
9.846733668341707926e+02 2.072058967810507024e+00 1.411164674317882256e-02
9.903266331658290937e+02 2.071890087916921974e+00 1.411257449212502402e-02
9.959798994974873949e+02 2.071725230709085430e+00 1.411346866109374279e-02
1.001633165829145696e+03 2.071564262100146880e+00 1.411433052503670987e-02
1.007286432160803997e+03 2.071407053785542463e+00 1.411516130280486385e-02
1.012939698492462298e+03 2.071253482936591617e+00 1.411596216005573876e-02
1.018592964824120600e+03 2.071103431913345450e+00 1.411673421193682283e-02
1.024246231155778787e+03 2.070956787995285264e+00 1.411747852562391173e-02
1.029899497487437202e+03 2.070813443128590059e+00 1.411819612271473894e-02
1.035552763819095617e+03 2.070673293688797489e+00 1.411888798149391576e-02
1.041206030150753804e+03 2.070536240257771166e+00 1.411955503906941155e-02
1.046859296482411992e+03 2.070402187413982631e+00 1.412019819339653537e-02
1.052512562814070407e+03 2.070271043535187871e+00 1.412081830506385118e-02
1.058165829145728594e+03 2.070142720612653253e+00 1.412141619925003956e-02
1.063819095477386782e+03 2.070017134076145737e+00 1.412199266728580115e-02
1.069472361809045196e+03 2.069894202628975055e+00 1.412254846832413160e-02
1.075125628140703611e+03 2.069773848092411495e+00 1.412308433078893199e-02
1.080778894472361799e+03 2.069655995258872672e+00 1.412360095386935160e-02
1.086432160804019986e+03 2.069540571753301084e+00 1.412409900885560135e-02
1.092085427135678401e+03 2.069427507902207974e+00 1.412457914039496297e-02
1.097738693467336816e+03 2.069316736609894125e+00 1.412504196771525132e-02
1.103391959798995003e+03 2.069208193241392824e+00 1.412548808580010341e-02
1.109045226130653191e+03 2.069101815511710463e+00 1.412591806646899990e-02
1.114698492462311606e+03 2.068997543380978854e+00 1.412633245940928678e-02
1.120351758793969793e+03 2.068895318955147555e+00 1.412673179312879702e-02
1.126005025125627981e+03 2.068795086391886695e+00 1.412711657595489868e-02
1.131658291457286396e+03 2.068696791811376556e+00 1.412748729687570391e-02
1.137311557788944810e+03 2.068600383211694815e+00 1.412784442639634930e-02
1.142964824120602998e+03 2.068505810388526545e+00 1.412818841730042844e-02
1.148618090452261185e+03 2.068413024858943405e+00 1.412851970550517595e-02
1.154271356783919600e+03 2.068321979789012222e+00 1.412883871066471578e-02
1.159924623115578015e+03 2.068232629925008226e+00 1.412914583694572374e-02
1.165577889447236203e+03 2.068144931528032249e+00 1.412944147362981198e-02
1.171231155778894390e+03 2.068058842311831569e+00 1.412972599580981231e-02
1.176884422110552805e+03 2.067974321383644565e+00 1.412999976488141067e-02
1.182537688442210992e+03 2.067891329187899085e+00 1.413026312917588408e-02
1.188190954773869180e+03 2.067809827452608662e+00 1.413051642451396660e-02
1.193844221105527595e+03 2.067729779138311574e+00 1.413075997466514341e-02
1.199497487437186010e+03 2.067651148389416438e+00 1.413099409185381884e-02
1.205150753768844197e+03 2.067573900487825522e+00 1.413121907724954399e-02
1.210804020100502385e+03 2.067498001808710129e+00 1.413143522140986735e-02
1.216457286432160799e+03 2.067423419778317228e+00 1.413164280466013521e-02
1.222110552763819214e+03 2.067350122833715886e+00 1.413184209758307566e-02
1.227763819095477402e+03 2.067278080384355565e+00 1.413203336130395248e-02
1.233417085427135589e+03 2.067207262775371479e+00 1.413221684796409951e-02
1.239070351758794004e+03 2.067137641252517977e+00 1.413239280100575014e-02
1.244723618090452419e+03 2.067069187928665119e+00 1.413256145550386214e-02
1.250376884422110379e+03 2.067001875751767415e+00 1.413272303856065969e-02
1.256030150753768794e+03 2.066935678474238980e+00 1.413287776954292967e-02
1.261683417085427209e+03 2.066870570623652537e+00 1.413302586042919189e-02
1.267336683417085396e+03 2.066806527474708499e+00 1.413316751601535401e-02
1.272989949748743584e+03 2.066743525022398664e+00 1.413330293430880603e-02
1.278643216080401999e+03 2.066681539956316982e+00 1.413343230665533613e-02
1.284296482412060413e+03 2.066620549636050796e+00 1.413355581808590188e-02
1.289949748743718601e+03 2.066560532067606815e+00 1.413367364752194516e-02
1.295603015075376788e+03 2.066501465880818067e+00 1.413378596796490555e-02
1.301256281407035203e+03 2.066443330307688342e+00 1.413389294674851498e-02
1.306909547738693618e+03 2.066386105161621245e+00 1.413399474580673797e-02
1.312562814070351806e+03 2.066329770817505462e+00 1.413409152173741162e-02
1.318216080402009993e+03 2.066274308192598941e+00 1.413418342611720557e-02
1.323869346733668408e+03 2.066219698728190668e+00 1.413427060561229208e-02
1.329522613065326595e+03 2.066165924371992091e+00 1.413435320221463794e-02
1.335175879396984783e+03 2.066112967561232416e+00 1.413443135333688518e-02
1.340829145728643198e+03 2.066060811206416936e+00 1.413450519206426934e-02
1.346482412060301613e+03 2.066009438675729282e+00 1.413457484723369510e-02
1.352135678391959800e+03 2.065958833780035864e+00 1.413464044359133420e-02
1.357788944723617988e+03 2.065908980758479618e+00 1.413470210199730369e-02
1.363442211055276402e+03 2.065859864264618651e+00 1.413475993953606201e-02
1.369095477386934817e+03 2.065811469353105778e+00 1.413481406956394390e-02
1.374748743718593005e+03 2.065763781466868121e+00 1.413486460199230021e-02
1.380402010050251192e+03 2.065716786424773410e+00 1.413491164325642382e-02
1.386055276381909607e+03 2.065670470409763038e+00 1.413495529656723197e-02
1.391708542713567795e+03 2.065624819957421643e+00 1.413499566192726736e-02
1.397361809045225982e+03 2.065579821944979244e+00 1.413503283628808616e-02
1.403015075376884397e+03 2.065535463580712605e+00 1.413506691361334465e-02
1.408668341708542812e+03 2.065491732393740065e+00 1.413509798503614565e-02
1.414321608040200999e+03 2.065448616224185407e+00 1.413512613889068327e-02
1.419974874371859187e+03 2.065406103213702327e+00 1.413515146090096181e-02
1.425628140703517602e+03 2.065364181796334631e+00 1.413517403413387143e-02
1.431281407035176017e+03 2.065322840689711725e+00 1.413519393923500650e-02
1.436934673366834204e+03 2.065282068886549194e+00 1.413521125438171183e-02
1.442587939698492391e+03 2.065241855646459346e+00 1.413522605545603980e-02
1.448241206030150806e+03 2.065202190488043321e+00 1.413523841604490648e-02
1.453894472361808994e+03 2.065163063181264747e+00 1.413524840759730963e-02
1.459547738693467409e+03 2.065124463740084515e+00 1.413525609942446574e-02
1.465201005025125596e+03 2.065086382415356692e+00 1.413526155882560351e-02
1.470854271356784011e+03 2.065048809687964670e+00 1.413526485108806789e-02
1.476507537688442198e+03 2.065011736262193143e+00 1.413526603959739357e-02
1.482160804020100386e+03 2.064975153059327440e+00 1.413526518593165304e-02
1.487814070351758801e+03 2.064939051211466925e+00 1.413526234981441441e-02
1.493467336683416988e+03 2.064903422055553772e+00 1.413525758930334053e-02
1.499120603015075403e+03 2.064868257127590034e+00 1.413525096071171702e-02
1.504773869346733591e+03 2.064833548157059440e+00 1.413524251878132271e-02
1.510427135678392006e+03 2.064799287061526822e+00 1.413523231666678412e-02
1.516080402010050193e+03 2.064765465941420519e+00 1.413522040598277039e-02
1.521733668341708608e+03 2.064732077074979522e+00 1.413520683688258839e-02
1.527386934673366795e+03 2.064699112913373380e+00 1.413519165810536368e-02
1.533040201005025210e+03 2.064666566075974874e+00 1.413517491696038471e-02
1.538693467336683398e+03 2.064634429345785449e+00 1.413515665948423226e-02
1.544346733668341585e+03 2.064602695665014753e+00 1.413513693033085876e-02
1.550000000000000000e+03 2.064571358130789847e+00 1.413511577297584670e-02
