4.250000000000000000e+02 1.674841132629021345e+00 4.181062546342466102e-01
4.306532663316583012e+02 1.795565755391327567e+00 3.864275953723063650e-01
4.363065326633166023e+02 1.859075173163565742e+00 3.690647319488379874e-01
4.419597989949749035e+02 1.905055240630631586e+00 3.553400758973120910e-01
4.476130653266331478e+02 1.943008905290071420e+00 3.428712399413868517e-01
4.532663316582914490e+02 1.976633958082905540e+00 3.307400328642169374e-01
4.589195979899497502e+02 2.007738674303576332e+00 3.184781667664757232e-01
4.645728643216080513e+02 2.037335237598251858e+00 3.057927298759771095e-01
4.702261306532663525e+02 2.066041866653128611e+00 2.924643822965075635e-01
4.758793969849245968e+02 2.094257615459616861e+00 2.782988980628367526e-01
4.815326633165828980e+02 2.122246481226523152e+00 2.630964762794401057e-01
4.871859296482411992e+02 2.150178875099140630e+00 2.466239868849170180e-01
4.928391959798995003e+02 2.178147915295245873e+00 2.285794292111376635e-01
4.984924623115578015e+02 2.206162334240046707e+00 2.085330983448374087e-01
5.041457286432161027e+02 2.234097490358283089e+00 1.858099341228986179e-01
5.097989949748744039e+02 2.261516983355233545e+00 1.592050230679772915e-01
5.154522613065327050e+02 2.286853277286353681e+00 1.260791029475332725e-01
5.211055276381910062e+02 2.298982854992905001e+00 7.719939290492106032e-02
5.267587939698491937e+02 2.268164246128696604e+00 1.196025959769468280e-02
5.324120603015074948e+02 2.220432101385457102e+00 1.222670309636744550e-02
5.380653266331657960e+02 2.193580669530538874e+00 1.238527393997906727e-02
5.437185929648240972e+02 2.174908631779938872e+00 1.250006903368452299e-02
5.493718592964823983e+02 2.160738437747029561e+00 1.259007779969886255e-02
5.550251256281406995e+02 2.149441579925620349e+00 1.266386273925179315e-02
5.606783919597990007e+02 2.140140612613918858e+00 1.272611361880764992e-02
5.663316582914573019e+02 2.132304884095520325e+00 1.277971074068762029e-02
5.719849246231156030e+02 2.125587876695625766e+00 1.282656293976268749e-02
5.776381909547739042e+02 2.119750534721688950e+00 1.286800606097779180e-02
5.832914572864322054e+02 2.114620968218840158e+00 1.290501414253322938e-02
5.889447236180903928e+02 2.110071513282770983e+00 1.293832060814058098e-02
5.945979899497488077e+02 2.106004847226151888e+00 1.296849219465056810e-02
6.002512562814069952e+02 2.102345165562185869e+00 1.299597628578232772e-02
6.059045226130652964e+02 2.099032349181684687e+00 1.302113243576350984e-02
6.115577889447235975e+02 2.096017979541040965e+00 1.304425406188363008e-02
6.172110552763818987e+02 2.093262539811227452e+00 1.306558378960407350e-02
6.228643216080401999e+02 2.090733401807671310e+00 1.308532456749606637e-02
6.285175879396985010e+02 2.088403348024880479e+00 1.310364788473613804e-02
6.341708542713568022e+02 2.086249466848880907e+00 1.312069995652115177e-02
6.398241206030151034e+02 2.084252313511022692e+00 1.313660645426402256e-02
6.454773869346734045e+02 2.082395263803105134e+00 1.315147617462207943e-02
6.511306532663315920e+02 2.080664009934728220e+00 1.316540392141956825e-02
6.567839195979900069e+02 2.079046162763718009e+00 1.317847279559069759e-02
6.624371859296481944e+02 2.077530934697758624e+00 1.319075603370273818e-02
6.680904522613064955e+02 2.076108884518143238e+00 1.320231849798759668e-02
6.737437185929647967e+02 2.074771710259588620e+00 1.321321789454615522e-02
6.793969849246230979e+02 2.073512079762313665e+00 1.322350577735008532e-02
6.850502512562813990e+02 2.072323491030629850e+00 1.323322838164943394e-02
6.907035175879397002e+02 2.071200156376636237e+00 1.324242732081799649e-02
6.963567839195980014e+02 2.070136905694437424e+00 1.325114017227625902e-02
7.020100502512563025e+02 2.069129105234315702e+00 1.325940097361187099e-02
7.076633165829146037e+02 2.068172589021251007e+00 1.326724064447278549e-02
7.133165829145727912e+02 2.067263600654146494e+00 1.327468734755271954e-02
7.189698492462312061e+02 2.066398743678305117e+00 1.328176679883913414e-02
7.246231155778893935e+02 2.065574939078058669e+00 1.328850253539870518e-02
7.302763819095478084e+02 2.064789388713897722e+00 1.329491614765006269e-02
7.359296482412059959e+02 2.064039543747159033e+00 1.330102748154095467e-02
7.415829145728642970e+02 2.063323077268963246e+00 1.330685481523738965e-02
7.472361809045225982e+02 2.062637860488779395e+00 1.331241501420476342e-02
7.528894472361808994e+02 2.061981941949444952e+00 1.331772366744548436e-02
7.585427135678392006e+02 2.061353529325547385e+00 1.332279520810359004e-02
7.641959798994975017e+02 2.060750973435251154e+00 1.332764302001441734e-02
7.698492462311558029e+02 2.060172754155430663e+00 1.333227953255348985e-02
7.755025125628139904e+02 2.059617467979003802e+00 1.333671630500122586e-02
7.811557788944724052e+02 2.059083816993791505e+00 1.334096410185719658e-02
7.868090452261305927e+02 2.058570599095716158e+00 1.334503296044035892e-02
7.924623115577890076e+02 2.058076699276975674e+00 1.334893225141770001e-02
7.981155778894471950e+02 2.057601081853059455e+00 1.335267073326095941e-02
8.037688442211054962e+02 2.057142783511963557e+00 1.335625660143982367e-02
8.094221105527637974e+02 2.056700907085306618e+00 1.335969753273779162e-02
8.150753768844220986e+02 2.056274615954895246e+00 1.336300072547057065e-02
8.207286432160803997e+02 2.055863129019963598e+00 1.336617293596647701e-02
8.263819095477387009e+02 2.055465716160277179e+00 1.336922051154830135e-02
8.320351758793970021e+02 2.055081694138729542e+00 1.337214942078447308e-02
8.376884422110551895e+02 2.054710422894341804e+00 1.337496528094367712e-02
8.433417085427136044e+02 2.054351302182724659e+00 1.337767338311654682e-02
8.489949748743717919e+02 2.054003768526451612e+00 1.338027871506733760e-02
8.546482412060302067e+02 2.053667292442344472e+00 1.338278598239141769e-02
8.603015075376883942e+02 2.053341375916658773e+00 1.338519962773945457e-02
8.659547738693468091e+02 2.053025550102597574e+00 1.338752384854857182e-02
8.716080402010049966e+02 2.052719373217556598e+00 1.338976261337099759e-02
8.772613065326632977e+02 2.052422428620105155e+00 1.339191967682348654e-02
8.829145728643215989e+02 2.052134323048974363e+00 1.339399859354486674e-02
8.885678391959799001e+02 2.051854685008297707e+00 1.339600273083520025e-02
8.942211055276382012e+02 2.051583163285081390e+00 1.339793528064440672e-02
8.998743718592965024e+02 2.051319425586411338e+00 1.339979927031748064e-02
9.055276381909548036e+02 2.051063157285228034e+00 1.340159757292875599e-02
9.111809045226129911e+02 2.050814060264685601e+00 1.340333291649562809e-02
9.168341708542714059e+02 2.050571851852151628e+00 1.340500789282034200e-02
9.224874371859295934e+02 2.050336263834816819e+00 1.340662496553145754e-02
9.281407035175880083e+02 2.050107041549705134e+00 1.340818647767516580e-02
9.337939698492461957e+02 2.049883943041584722e+00 1.340969465864311205e-02
9.394472361809044969e+02 2.049666738282937661e+00 1.341115163080282453e-02
9.451005025125627981e+02 2.049455208450702948e+00 1.341255941555082043e-02
9.507537688442210992e+02 2.049249145255019666e+00 1.341391993900506105e-02
9.564070351758794004e+02 2.049048350315657352e+00 1.341523503730493276e-02
9.620603015075377016e+02 2.048852634582220222e+00 1.341650646161918203e-02
9.677135678391960028e+02 2.048661817794573015e+00 1.341773588273042703e-02
9.733668341708543039e+02 2.048475727980269667e+00 1.341892489546196374e-02
9.790201005025126051e+02 2.048294200986052527e+00 1.342007502269946216e-02
9.846733668341707926e+02 2.048117080040757099e+00 1.342118771920687570e-02
9.903266331658290937e+02 2.047944215347185626e+00 1.342226437525375835e-02
9.959798994974873949e+02 2.047775463700736154e+00 1.342330631993881446e-02
1.001633165829145696e+03 2.047610688132762036e+00 1.342431482435907548e-02
1.007286432160803997e+03 2.047449757576805141e+00 1.342529110464177680e-02
1.012939698492462298e+03 2.047292546556010340e+00 1.342623632464086392e-02
1.018592964824120600e+03 2.047138934890170070e+00 1.342715159862936311e-02
1.024246231155778787e+03 2.046988807420975665e+00 1.342803799373986848e-02
1.029899497487437202e+03 2.046842053754160506e+00 1.342889653233541106e-02
1.035552763819095617e+03 2.046698568017348396e+00 1.342972819419523643e-02
1.041206030150753804e+03 2.046558248632487587e+00 1.343053391856540747e-02
1.046859296482411992e+03 2.046420998101871724e+00 1.343131460614058713e-02
1.052512562814070407e+03 2.046286722806792913e+00 1.343207112092764319e-02
1.058165829145728594e+03 2.046155332817979122e+00 1.343280429194167180e-02
1.063819095477386782e+03 2.046026741717013930e+00 1.343351491488344387e-02
1.069472361809045196e+03 2.045900866428003173e+00 1.343420375373228712e-02
1.075125628140703611e+03 2.045777627058810832e+00 1.343487154215538930e-02
1.080778894472361799e+03 2.045656946751230887e+00 1.343551898498163144e-02
1.086432160804019986e+03 2.045538751539524913e+00 1.343614675940947405e-02
1.092085427135678401e+03 2.045422970216771663e+00 1.343675551641182984e-02
1.097738693467336816e+03 2.045309534208542335e+00 1.343734588182564534e-02
1.103391959798995003e+03 2.045198377453429472e+00 1.343791845744035998e-02
1.109045226130653191e+03 2.045089436290004503e+00 1.343847382218442757e-02
1.114698492462311606e+03 2.044982649349804671e+00 1.343901253306298976e-02
1.120351758793969793e+03 2.044877957455969675e+00 1.343953512611116216e-02
1.126005025125627981e+03 2.044775303527195387e+00 1.344004211736300226e-02
1.131658291457286396e+03 2.044674632486676469e+00 1.344053400363795850e-02
1.137311557788944810e+03 2.044575891175733240e+00 1.344101126345876619e-02
1.142964824120602998e+03 2.044479028271856791e+00 1.344147435778694083e-02
1.148618090452261185e+03 2.044383994210898337e+00 1.344192373070811526e-02
1.154271356783919600e+03 2.044290741113168330e+00 1.344235981029849591e-02
1.159924623115578015e+03 2.044199222713219743e+00 1.344278300909434662e-02
1.165577889447236203e+03 2.044109394293094351e+00 1.344319372497393764e-02
1.171231155778894390e+03 2.044021212618844174e+00 1.344359234152697931e-02
1.176884422110552805e+03 2.043934635880138018e+00 1.344397922882006359e-02
1.182537688442210992e+03 2.043849623632779444e+00 1.344435474386439060e-02
1.188190954773869180e+03 2.043766136743975892e+00 1.344471923114920996e-02
1.193844221105527595e+03 2.043684137340205709e+00 1.344507302317491694e-02
1.199497487437186010e+03 2.043603588757540557e+00 1.344541644093629092e-02
1.205150753768844197e+03 2.043524455494290404e+00 1.344574979435588478e-02
1.210804020100502385e+03 2.043446703165844092e+00 1.344607338271715941e-02
1.216457286432160799e+03 2.043370298461589574e+00 1.344638749514689285e-02
1.222110552763819214e+03 2.043295209103803245e+00 1.344669241093221675e-02
1.227763819095477402e+03 2.043221403808401337e+00 1.344698839995303943e-02
1.233417085427135589e+03 2.043148852247460123e+00 1.344727572304819582e-02
1.239070351758794004e+03 2.043077525013409890e+00 1.344755463231536198e-02
1.244723618090452419e+03 2.043007393584817422e+00 1.344782537150987500e-02
1.250376884422110379e+03 2.042938430293675278e+00 1.344808817632778958e-02
1.256030150753768794e+03 2.042870608294122814e+00 1.344834327473831345e-02
1.261683417085427209e+03 2.042803901532522559e+00 1.344859088721705141e-02
1.267336683417085396e+03 2.042738284718828012e+00 1.344883122709466215e-02
1.272989949748743584e+03 2.042673733299178007e+00 1.344906450077333268e-02
1.278643216080401999e+03 2.042610223429652816e+00 1.344929090804217360e-02
1.284296482412060413e+03 2.042547731951141810e+00 1.344951064221090731e-02
1.289949748743718601e+03 2.042486236365264052e+00 1.344972389052411822e-02
1.295603015075376788e+03 2.042425714811289428e+00 1.344993083417917248e-02
1.301256281407035203e+03 2.042366146044015007e+00 1.345013164870726211e-02
1.306909547738693618e+03 2.042307509412552680e+00 1.345032650410671674e-02
1.312562814070351806e+03 2.042249784839980542e+00 1.345051556502577413e-02
1.318216080402009993e+03 2.042192952803818073e+00 1.345069899102781762e-02
1.323869346733668408e+03 2.042136994317290455e+00 1.345087693669145580e-02
1.329522613065326595e+03 2.042081890911341180e+00 1.345104955180959419e-02
1.335175879396984783e+03 2.042027624617357873e+00 1.345121698162145274e-02
1.340829145728643198e+03 2.041974177950583336e+00 1.345137936686295957e-02
1.346482412060301613e+03 2.041921533894178076e+00 1.345153684403166232e-02
1.352135678391959800e+03 2.041869675883898783e+00 1.345168954545353235e-02
1.357788944723617988e+03 2.041818587793377660e+00 1.345183759944874012e-02
1.363442211055276402e+03 2.041768253919963527e+00 1.345198113053041461e-02
1.369095477386934817e+03 2.041718658971108269e+00 1.345212025943829173e-02
1.374748743718593005e+03 2.041669788051267975e+00 1.345225510330437350e-02
1.380402010050251192e+03 2.041621626649301025e+00 1.345238577583506012e-02
1.386055276381909607e+03 2.041574160626339118e+00 1.345251238731168079e-02
1.391708542713567795e+03 2.041527376204111288e+00 1.345263504483857828e-02
1.397361809045225982e+03 2.041481259953701333e+00 1.345275385231057413e-02
1.403015075376884397e+03 2.041435798784719591e+00 1.345286891064448320e-02
1.408668341708542812e+03 2.041390979934873950e+00 1.345298031779604102e-02
1.414321608040200999e+03 2.041346790959916113e+00 1.345308816889233781e-02
1.419974874371859187e+03 2.041303219723958673e+00 1.345319255631471748e-02
1.425628140703517602e+03 2.041260254390135476e+00 1.345329356979815816e-02
1.431281407035176017e+03 2.041217883411601708e+00 1.345339129649762017e-02
1.436934673366834204e+03 2.041176095522848399e+00 1.345348582110388914e-02
1.442587939698492391e+03 2.041134879731331786e+00 1.345357722587688445e-02
1.448241206030150806e+03 2.041094225309389554e+00 1.345366559076146586e-02
1.453894472361808994e+03 2.041054121786449294e+00 1.345375099348671867e-02
1.459547738693467409e+03 2.041014558941496748e+00 1.345383350954969942e-02
1.465201005025125596e+03 2.040975526795817618e+00 1.345391321236420572e-02
1.470854271356784011e+03 2.040937015605978733e+00 1.345399017329400142e-02
1.476507537688442198e+03 2.040899015857054799e+00 1.345406446171905010e-02
1.482160804020100386e+03 2.040861518256085194e+00 1.345413614510171038e-02
1.487814070351758801e+03 2.040824513725751022e+00 1.345420528906945794e-02
1.493467336683416988e+03 2.040787993398266664e+00 1.345427195744805168e-02
1.499120603015075403e+03 2.040751948609474731e+00 1.345433621226171071e-02
1.504773869346733591e+03 2.040716370893139509e+00 1.345439811391480230e-02
1.510427135678392006e+03 2.040681251975426047e+00 1.345445772112597617e-02
1.516080402010050193e+03 2.040646583769566202e+00 1.345451509107683900e-02
1.521733668341708608e+03 2.040612358370695212e+00 1.345457027936257030e-02
1.527386934673366795e+03 2.040578568050858355e+00 1.345462334009106357e-02
1.533040201005025210e+03 2.040545205254181482e+00 1.345467432594906962e-02
1.538693467336683398e+03 2.040512262592194315e+00 1.345472328818578603e-02
1.544346733668341585e+03 2.040479732839305615e+00 1.345477027672849733e-02
1.550000000000000000e+03 2.040447608928422252e+00 1.345481534013315966e-02
