4.250000000000000000e+02 1.648309212436347204e+00 4.286558721988566467e-01
4.306532663316583012e+02 1.771718958546051770e+00 3.951196718456721491e-01
4.363065326633166023e+02 1.836585957259457391e+00 3.768807598865120956e-01
4.419597989949749035e+02 1.883521781727198530e+00 3.625370661007168982e-01
4.476130653266331478e+02 1.922246635547352200e+00 3.495556013007115603e-01
4.532663316582914490e+02 1.956541604253473343e+00 3.369634177506543593e-01
4.589195979899497502e+02 1.988255137619950652e+00 3.242663042012063901e-01
4.645728643216080513e+02 2.018421549939109827e+00 3.111567470570743565e-01
4.702261306532663525e+02 2.047672273813501587e+00 2.974058760588794703e-01
4.758793969849245968e+02 2.076414571518961250e+00 2.828122182828428088e-01
4.815326633165828980e+02 2.104917460233177717e+00 2.671694383301276288e-01
4.871859296482411992e+02 2.133353964646687917e+00 2.502373602627722682e-01
4.928391959798995003e+02 2.161817453692907343e+00 2.317049990133197290e-01
4.984924623115578015e+02 2.190313603131221143e+00 2.111293498551390646e-01
5.041457286432161027e+02 2.218708045671509588e+00 1.878125846091780460e-01
5.097989949748744039e+02 2.246535665107026070e+00 1.605032579523646696e-01
5.154522613065327050e+02 2.272116174198408611e+00 1.264353942522779273e-01
5.211055276381910062e+02 2.283133534856296887e+00 7.566082182408129242e-02
5.267587939698491937e+02 2.251107161242362320e+00 1.138958195969242380e-02
5.324120603015074948e+02 2.203126400543581109e+00 1.164810500232390036e-02
5.380653266331657960e+02 2.176010353015600529e+00 1.180331378198162806e-02
5.437185929648240972e+02 2.157112443177657823e+00 1.191634508133699970e-02
5.493718592964823983e+02 2.142751338782745485e+00 1.200540770750892910e-02
5.550251256281406995e+02 2.131291474670081065e+00 1.207874028060857731e-02
5.606783919597990007e+02 2.121849619001543452e+00 1.214086608808902408e-02
5.663316582914573019e+02 2.113890744343817740e+00 1.219456825626298764e-02
5.719849246231156030e+02 2.107065037340762448e+00 1.224169388740946156e-02
5.776381909547739042e+02 2.101130928790694075e+00 1.228353716586382503e-02
5.832914572864322054e+02 2.095914580807227257e+00 1.232104271185905167e-02
5.889447236180903928e+02 2.091286795707024027e+00 1.235492243261554837e-02
5.945979899497488077e+02 2.087149025253204560e+00 1.238572688114419028e-02
6.002512562814069952e+02 2.083424472611903777e+00 1.241389098831415135e-02
6.059045226130652964e+02 2.080052205528827081e+00 1.243976454541886184e-02
6.115577889447235975e+02 2.076983132004130983e+00 1.246363319502300296e-02
6.172110552763818987e+02 2.074177172067380059e+00 1.248573328961877053e-02
6.228643216080401999e+02 2.071601222545422782e+00 1.250626265983154767e-02
6.285175879396985010e+02 2.069227662146792213e+00 1.252538857987103849e-02
6.341708542713568022e+02 2.067033233546826665e+00 1.254325376566923882e-02
6.398241206030151034e+02 2.064998194057662495e+00 1.255998096393581842e-02
6.454773869346734045e+02 2.063105661201979135e+00 1.257567651263850374e-02
6.511306532663315920e+02 2.061341102062552721e+00 1.259043313895297396e-02
6.567839195979900069e+02 2.059691930264244686e+00 1.260433218286610181e-02
6.624371859296481944e+02 2.058147184608003499e+00 1.261744538292405848e-02
6.680904522613064955e+02 2.056697270398067268e+00 1.262983632403052656e-02
6.737437185929647967e+02 2.055333749436774049e+00 1.264156162120958632e-02
6.793969849246230979e+02 2.054049168180577922e+00 1.265267189541281756e-02
6.850502512562813990e+02 2.052836916096484110e+00 1.266321258388627795e-02
6.907035175879397002e+02 2.051691108123183671e+00 1.267322461759706753e-02
6.963567839195980014e+02 2.050606486523706806e+00 1.268274499121074123e-02
7.020100502512563025e+02 2.049578338452522352e+00 1.269180724554865199e-02
7.076633165829146037e+02 2.048602426344269034e+00 1.270044187804821034e-02
7.133165829145727912e+02 2.047674928830533148e+00 1.270867669412976270e-02
7.189698492462312061e+02 2.046792390352957902e+00 1.271653710892745905e-02
7.246231155778893935e+02 2.045951677999835905e+00 1.272404640813810592e-02
7.302763819095478084e+02 2.045149944374327955e+00 1.273122597402881646e-02
7.359296482412059959e+02 2.044384595524052717e+00 1.273809548233659217e-02
7.415829145728642970e+02 2.043653263137694243e+00 1.274467307437020767e-02
7.472361809045225982e+02 2.042953780354832105e+00 1.275097550800454414e-02
7.528894472361808994e+02 2.042284160648168090e+00 1.275701829049318871e-02
7.585427135678392006e+02 2.041642579328617035e+00 1.276281579593254757e-02
7.641959798994975017e+02 2.041027357297951372e+00 1.276838136923762537e-02
7.698492462311558029e+02 2.040436946734267121e+00 1.277372741844650349e-02
7.755025125628139904e+02 2.039869918445291308e+00 1.277886549707900332e-02
7.811557788944724052e+02 2.039324950665557967e+00 1.278380637770066067e-02
7.868090452261305927e+02 2.038800819107428719e+00 1.278856011770723895e-02
7.924623115577890076e+02 2.038296388104180235e+00 1.279313611850659352e-02
7.981155778894471950e+02 2.037810602706950469e+00 1.279754317869129243e-02
8.037688442211054962e+02 2.037342481617085088e+00 1.280178954204768023e-02
8.094221105527637974e+02 2.036891110852065534e+00 1.280588294087549144e-02
8.150753768844220986e+02 2.036455638057185880e+00 1.280983063525975400e-02
8.207286432160803997e+02 2.036035267387067194e+00 1.281363944875820587e-02
8.263819095477387009e+02 2.035629254891150541e+00 1.281731580072054989e-02
8.320351758793970021e+02 2.035236904345926856e+00 1.282086573579915498e-02
8.376884422110551895e+02 2.034857563484015586e+00 1.282429495087820948e-02
8.433417085427136044e+02 2.034490620576490105e+00 1.282760881957671281e-02
8.489949748743717919e+02 2.034135501330265328e+00 1.283081241482474100e-02
8.546482412060302067e+02 2.033791666067043646e+00 1.283391052943905729e-02
8.603015075376883942e+02 2.033458607154321029e+00 1.283690769503815707e-02
8.659547738693468091e+02 2.033135846662475821e+00 1.283980819944490447e-02
8.716080402010049966e+02 2.032822934224967515e+00 1.284261610263724186e-02
8.772613065326632977e+02 2.032519445081322207e+00 1.284533525158313046e-02
8.829145728643215989e+02 2.032224978284896899e+00 1.284796929381069007e-02
8.885678391959799001e+02 2.031939155059386160e+00 1.285052168990972327e-02
8.942211055276382012e+02 2.031661617289838073e+00 1.285299572528086388e-02
8.998743718592965024e+02 2.031392026135463436e+00 1.285539452080858118e-02
9.055276381909548036e+02 2.031130060752889932e+00 1.285772104287691807e-02
9.111809045226129911e+02 2.030875417119709425e+00 1.285997811261057819e-02
9.168341708542714059e+02 2.030627806949225178e+00 1.286216841446558533e-02
9.224874371859295934e+02 2.030386956688229105e+00 1.286429450429321143e-02
9.281407035175880083e+02 2.030152606590480691e+00 1.286635881668985251e-02
9.337939698492461957e+02 2.029924509859283521e+00 1.286836367199774463e-02
9.394472361809044969e+02 2.029702431853203759e+00 1.287031128271686788e-02
9.451005025125627981e+02 2.029486149349568613e+00 1.287220375957153981e-02
9.507537688442210992e+02 2.029275449860882485e+00 1.287404311712980060e-02
9.564070351758794004e+02 2.029070130999779398e+00 1.287583127908063611e-02
9.620603015075377016e+02 2.028869999888519793e+00 1.287757008308412256e-02
9.677135678391960028e+02 2.028674872609436797e+00 1.287926128554064097e-02
9.733668341708543039e+02 2.028484573693036808e+00 1.288090656572839741e-02
9.790201005025126051e+02 2.028298935640789669e+00 1.288250753000001747e-02
9.846733668341707926e+02 2.028117798479879941e+00 1.288406571545285331e-02
9.903266331658290937e+02 2.027941009347457690e+00 1.288558259360825763e-02
9.959798994974873949e+02 2.027768422102120827e+00 1.288705957372129028e-02
1.001633165829145696e+03 2.027599896960577741e+00 1.288849800585948301e-02
1.007286432160803997e+03 2.027435300157600206e+00 1.288989918402690289e-02
1.012939698492462298e+03 2.027274503627540359e+00 1.289126434878272616e-02
1.018592964824120600e+03 2.027117384705838798e+00 1.289259468995783593e-02
1.024246231155778787e+03 2.026963825849065870e+00 1.289389134914253714e-02
1.029899497487437202e+03 2.026813714372171393e+00 1.289515542196306881e-02
1.035552763819095617e+03 2.026666942201722499e+00 1.289638796031950148e-02
1.041206030150753804e+03 2.026523405643998910e+00 1.289758997446482751e-02
1.046859296482411992e+03 2.026383005166921603e+00 1.289876243497719080e-02
1.052512562814070407e+03 2.026245645194850287e+00 1.289990627459111985e-02
1.058165829145728594e+03 2.026111233915383725e+00 1.290102238993970016e-02
1.063819095477386782e+03 2.025979683097342665e+00 1.290211164325953674e-02
1.069472361809045196e+03 2.025850907919193311e+00 1.290317486393822467e-02
1.075125628140703611e+03 2.025724826807214551e+00 1.290421285000782799e-02
1.080778894472361799e+03 2.025601361282775237e+00 1.290522636949851046e-02
1.086432160804019986e+03 2.025480435818124647e+00 1.290621616191056469e-02
1.092085427135678401e+03 2.025361977700147698e+00 1.290718293928883043e-02
1.097738693467336816e+03 2.025245916901579957e+00 1.290812738760505930e-02
1.103391959798995003e+03 2.025132185959208631e+00 1.290905016777738577e-02
1.109045226130653191e+03 2.025020719858621199e+00 1.290995191684311989e-02
1.114698492462311606e+03 2.024911455925091808e+00 1.291083324883773864e-02
1.120351758793969793e+03 2.024804333720239935e+00 1.291169475596498639e-02
1.126005025125627981e+03 2.024699294944089178e+00 1.291253700937019210e-02
1.131658291457286396e+03 2.024596283342218861e+00 1.291336056013604218e-02
1.137311557788944810e+03 2.024495244617691370e+00 1.291416594000218548e-02
1.142964824120602998e+03 2.024396126347472791e+00 1.291495366227301406e-02
1.148618090452261185e+03 2.024298877903087490e+00 1.291572422253540152e-02
1.154271356783919600e+03 2.024203450375249513e+00 1.291647809934123523e-02
1.159924623115578015e+03 2.024109796502250536e+00 1.291721575499230230e-02
1.165577889447236203e+03 2.024017870601880542e+00 1.291793763608378026e-02
1.171231155778894390e+03 2.023927628506683618e+00 1.291864417421896387e-02
1.176884422110552805e+03 2.023839027502359222e+00 1.291933578660300723e-02
1.182537688442210992e+03 2.023752026269129090e+00 1.292001287653295714e-02
1.188190954773869180e+03 2.023666584825912995e+00 1.292067583404193747e-02
1.193844221105527595e+03 2.023582664477148629e+00 1.292132503633655095e-02
1.199497487437186010e+03 2.023500227762116133e+00 1.292196084837129652e-02
1.205150753768844197e+03 2.023419238406629628e+00 1.292258362323350958e-02
1.210804020100502385e+03 2.023339661276968293e+00 1.292319370266534033e-02
1.216457286432160799e+03 2.023261462335927963e+00 1.292379141749942090e-02
1.222110552763819214e+03 2.023184608600875567e+00 1.292437708797389805e-02
1.227763819095477402e+03 2.023109068103710495e+00 1.292495102427046461e-02
1.233417085427135589e+03 2.023034809852620963e+00 1.292551352677718569e-02
1.239070351758794004e+03 2.022961803795553681e+00 1.292606488652280755e-02
1.244723618090452419e+03 2.022890020785297782e+00 1.292660538549053086e-02
1.250376884422110379e+03 2.022819432546109297e+00 1.292713529694870106e-02
1.256030150753768794e+03 2.022750011641792689e+00 1.292765488578123331e-02
1.261683417085427209e+03 2.022681731445167497e+00 1.292816440873193612e-02
1.267336683417085396e+03 2.022614566108849488e+00 1.292866411485470504e-02
1.272989949748743584e+03 2.022548490537282362e+00 1.292915424562000003e-02
1.278643216080401999e+03 2.022483480359958730e+00 1.292963503522723788e-02
1.284296482412060413e+03 2.022419511905767298e+00 1.293010671095134838e-02
1.289949748743718601e+03 2.022356562178420081e+00 1.293056949326587546e-02
1.295603015075376788e+03 2.022294608832897023e+00 1.293102359613767897e-02
1.301256281407035203e+03 2.022233630152869388e+00 1.293146922732144911e-02
1.306909547738693618e+03 2.022173605029042420e+00 1.293190658839652417e-02
1.312562814070351806e+03 2.022114512938393283e+00 1.293233587519849494e-02
1.318216080402009993e+03 2.022056333924235449e+00 1.293275727782142344e-02
1.323869346733668408e+03 2.021999048577099334e+00 1.293317098094616362e-02
1.329522613065326595e+03 2.021942638016366089e+00 1.293357716394536588e-02
1.335175879396984783e+03 2.021887083872641266e+00 1.293397600112573473e-02
1.340829145728643198e+03 2.021832368270812363e+00 1.293436766184998844e-02
1.346482412060301613e+03 2.021778473813785393e+00 1.293475231071023607e-02
1.352135678391959800e+03 2.021725383566840062e+00 1.293513010768410423e-02
1.357788944723617988e+03 2.021673081042603570e+00 1.293550120832509705e-02
1.363442211055276402e+03 2.021621550186593730e+00 1.293586576388421061e-02
1.369095477386934817e+03 2.021570775363320749e+00 1.293622392137998636e-02
1.374748743718593005e+03 2.021520741342912597e+00 1.293657582387446395e-02
1.380402010050251192e+03 2.021471433288251074e+00 1.293692161050876387e-02
1.386055276381909607e+03 2.021422836742585716e+00 1.293726141660725588e-02
1.391708542713567795e+03 2.021374937617611778e+00 1.293759537388466420e-02
1.397361809045225982e+03 2.021327722181991859e+00 1.293792361053294412e-02
1.403015075376884397e+03 2.021281177050298972e+00 1.293824625125664443e-02
1.408668341708542812e+03 2.021235289172365501e+00 1.293856341747983037e-02
1.414321608040200999e+03 2.021190045823019865e+00 1.293887522743281289e-02
1.419974874371859187e+03 2.021145434592194867e+00 1.293918179617019500e-02
1.425628140703517602e+03 2.021101443375396212e+00 1.293948323579481932e-02
1.431281407035176017e+03 2.021058060364501419e+00 1.293977965544139581e-02
1.436934673366834204e+03 2.021015274038902021e+00 1.294007116144887427e-02
1.442587939698492391e+03 2.020973073156944189e+00 1.294035785736117640e-02
1.448241206030150806e+03 2.020931446747681548e+00 1.294063984411663627e-02
1.453894472361808994e+03 2.020890384102908666e+00 1.294091722003151354e-02
1.459547738693467409e+03 2.020849874769479193e+00 1.294119008090357202e-02
1.465201005025125596e+03 2.020809908541881583e+00 1.294145852014995379e-02
1.470854271356784011e+03 2.020770475455078152e+00 1.294172262879059176e-02
1.476507537688442198e+03 2.020731565777584837e+00 1.294198249556886837e-02
1.482160804020100386e+03 2.020693170004785877e+00 1.294223820703791807e-02
1.487814070351758801e+03 2.020655278852476755e+00 1.294248984757829374e-02
1.493467336683416988e+03 2.020617883250625191e+00 1.294273749943275487e-02
1.499120603015075403e+03 2.020580974337338187e+00 1.294298124291259899e-02
1.504773869346733591e+03 2.020544543453032471e+00 1.294322115627801091e-02
1.510427135678392006e+03 2.020508582134796338e+00 1.294345731589287112e-02
1.516080402010050193e+03 2.020473082110938901e+00 1.294368979629379260e-02
1.521733668341708608e+03 2.020438035295715196e+00 1.294391867017332699e-02
1.527386934673366795e+03 2.020403433784228930e+00 1.294414400851758538e-02
1.533040201005025210e+03 2.020369269847492877e+00 1.294436588057226549e-02
1.538693467336683398e+03 2.020335535927653581e+00 1.294458435392876160e-02
1.544346733668341585e+03 2.020302224633370169e+00 1.294479949457594779e-02
1.550000000000000000e+03 2.020269328735337488e+00 1.294501136696909159e-02
