4.250000000000000000e+02 1.619494310202288512e+00 4.322972349898125399e-01
4.306532663316583012e+02 1.743593286253268371e+00 3.978200209579494384e-01
4.363065326633166023e+02 1.808787450483211989e+00 3.791657337516806114e-01
4.419597989949749035e+02 1.855941575844787694e+00 3.645458764698270571e-01
4.476130653266331478e+02 1.894834311658336823e+00 3.513487335466121686e-01
4.532663316582914490e+02 1.929268820959974429e+00 3.385733220172760238e-01
4.589195979899497502e+02 1.961104071289542006e+00 3.257125934023805125e-01
4.645728643216080513e+02 1.991380114410561175e+00 3.124522267789056063e-01
4.702261306532663525e+02 2.020731791279615219e+00 2.985593646980493343e-01
4.758793969849245968e+02 2.049568496016963781e+00 2.838300045309854469e-01
4.815326633165828980e+02 2.078160605884761480e+00 2.680560670058824702e-01
4.871859296482411992e+02 2.106681988193428001e+00 2.509960313955493794e-01
4.928391959798995003e+02 2.135226452212676040e+00 2.323376872407471039e-01
4.984924623115578015e+02 2.163799711271589654e+00 2.116366341551607910e-01
5.041457286432161027e+02 2.192266839982480064e+00 1.881930160611358649e-01
5.097989949748744039e+02 2.220160767770501309e+00 1.607516427293192718e-01
5.154522613065327050e+02 2.245793773055883680e+00 1.265373039637419927e-01
5.211055276381910062e+02 2.256782415953064280e+00 7.555881791047529272e-02
5.267587939698491937e+02 2.224617094741060175e+00 1.113408154545064352e-02
5.324120603015074948e+02 2.176476260605494595e+00 1.139028823726983240e-02
5.380653266331657960e+02 2.149258675669386776e+00 1.154406668470780127e-02
5.437185929648240972e+02 2.130285381830595792e+00 1.165600454662447591e-02
5.493718592964823983e+02 2.115864451037538618e+00 1.174415812831122209e-02
5.550251256281406995e+02 2.104355249670124550e+00 1.181670060896006930e-02
5.606783919597990007e+02 2.094871655251007603e+00 1.187812087280660026e-02
5.663316582914573019e+02 2.086876811895686856e+00 1.193118161580417232e-02
5.719849246231156030e+02 2.080019667329795485e+00 1.197771675682443582e-02
5.776381909547739042e+02 2.074057770537406142e+00 1.201901143625332818e-02
5.832914572864322054e+02 2.068816632280478629e+00 1.205600376798945245e-02
5.889447236180903928e+02 2.064166559590149941e+00 1.208940079593480259e-02
5.945979899497488077e+02 2.060008618707272809e+00 1.211974932107776591e-02
6.002512562814069952e+02 2.056265706871449606e+00 1.214748130170369318e-02
6.059045226130652964e+02 2.052876645097838182e+00 1.217294411995243839e-02
6.115577889447235975e+02 2.049792139625278065e+00 1.219642142770057357e-02
6.172110552763818987e+02 2.046971943508119729e+00 1.221814790443324396e-02
6.228643216080401999e+02 2.044382813931411302e+00 1.223831995427152389e-02
6.285175879396985010e+02 2.041997011734979495e+00 1.225710361945892002e-02
6.341708542713568022e+02 2.039791179279740962e+00 1.227464054015876480e-02
6.398241206030151034e+02 2.037745487868899197e+00 1.229105251444898364e-02
6.454773869346734045e+02 2.035842980786664480e+00 1.230644503681089900e-02
6.511306532663315920e+02 2.034069060646239713e+00 1.232091007865497578e-02
6.567839195979900069e+02 2.032411084774531140e+00 1.233452829841707142e-02
6.624371859296481944e+02 2.030858042559160026e+00 1.234737081647839518e-02
6.680904522613064955e+02 2.029400295729530068e+00 1.235950065408752269e-02
6.737437185929647967e+02 2.028029367494428747e+00 1.237097391006553374e-02
6.793969849246230979e+02 2.026737769990434757e+00 1.238184073073905246e-02
6.850502512562813990e+02 2.025518862050246227e+00 1.239214611528628891e-02
6.907035175879397002e+02 2.024366731171925338e+00 1.240193058912773295e-02
6.963567839195980014e+02 2.023276094957739080e+00 1.241123077039587089e-02
7.020100502512563025e+02 2.022242218331210761e+00 1.242007984932961065e-02
7.076633165829146037e+02 2.021260843628232884e+00 1.242850799635533340e-02
7.133165829145727912e+02 2.020328131259599758e+00 1.243654271101577759e-02
7.189698492462312061e+02 2.019440609105936701e+00 1.244420912192917283e-02
7.246231155778893935e+02 2.018595129166282032e+00 1.245153024592229180e-02
7.302763819095478084e+02 2.017788830263637756e+00 1.245852721244511581e-02
7.359296482412059959e+02 2.017019105833298465e+00 1.246521945925810858e-02
7.415829145728642970e+02 2.016283575996340005e+00 1.247162490341345402e-02
7.472361809045225982e+02 2.015580063261789956e+00 1.247776009095621398e-02
7.528894472361808994e+02 2.014906571314405426e+00 1.248364032913063491e-02
7.585427135678392006e+02 2.014261266436658371e+00 1.248927980271765520e-02
7.641959798994975017e+02 2.013642461188033472e+00 1.249469167739744070e-02
7.698492462311558029e+02 2.013048600025590940e+00 1.249988819126048555e-02
7.755025125628139904e+02 2.012478246599688880e+00 1.250488073668994463e-02
7.811557788944724052e+02 2.011930072499932276e+00 1.250967993318471971e-02
7.868090452261305927e+02 2.011402847260516324e+00 1.251429569270943488e-02
7.924623115577890076e+02 2.010895429462496331e+00 1.251873727836337255e-02
7.981155778894471950e+02 2.010406758794165416e+00 1.252301335711524487e-02
8.037688442211054962e+02 2.009935848950585857e+00 1.252713204741336475e-02
8.094221105527637974e+02 2.009481781269991441e+00 1.253110096210126138e-02
8.150753768844220986e+02 2.009043699018862927e+00 1.253492724739988483e-02
8.207286432160803997e+02 2.008620802249418080e+00 1.253861761821608266e-02
8.263819095477387009e+02 2.008212343163375380e+00 1.254217839015723222e-02
8.320351758793970021e+02 2.007817621924494755e+00 1.254561550882303360e-02
8.376884422110551895e+02 2.007435982869779423e+00 1.254893457642875833e-02
8.433417085427136044e+02 2.007066811075552071e+00 1.255214087609528642e-02
8.489949748743717919e+02 2.006709529240044976e+00 1.255523939413886320e-02
8.546482412060302067e+02 2.006363594848848741e+00 1.255823484051454310e-02
8.603015075376883942e+02 2.006028497593591808e+00 1.256113166751283636e-02
8.659547738693468091e+02 2.005703757017752942e+00 1.256393408694910993e-02
8.716080402010049966e+02 2.005388920366531380e+00 1.256664608599561590e-02
8.772613065326632977e+02 2.005083560620365191e+00 1.256927144178730110e-02
8.829145728643215989e+02 2.004787274693989207e+00 1.257181373487864864e-02
8.885678391959799001e+02 2.004499681784948528e+00 1.257427636162802495e-02
8.942211055276382012e+02 2.004220421857247469e+00 1.257666254576197441e-02
8.998743718592965024e+02 2.003949154247371744e+00 1.257897534894734069e-02
9.055276381909548036e+02 2.003685556381276989e+00 1.258121768065784823e-02
9.111809045226129911e+02 2.003429322592153117e+00 1.258339230740925137e-02
9.168341708542714059e+02 2.003180163029813166e+00 1.258550186113678755e-02
9.224874371859295934e+02 2.002937802653522059e+00 1.258754884714144082e-02
9.281407035175880083e+02 2.002701980300877871e+00 1.258953565144860058e-02
9.337939698492461957e+02 2.002472447826130875e+00 1.259146454761675242e-02
9.394472361809044969e+02 2.002248969301946069e+00 1.259333770317458585e-02
9.451005025125627981e+02 2.002031320279220150e+00 1.259515718551198343e-02
9.507537688442210992e+02 2.001819287100081723e+00 1.259692496745578975e-02
9.564070351758794004e+02 2.001612666259654283e+00 1.259864293249653155e-02
9.620603015075377016e+02 2.001411263812585162e+00 1.260031287956164467e-02
9.677135678391960028e+02 2.001214894820718904e+00 1.260193652770656009e-02
9.733668341708543039e+02 2.001023382838616360e+00 1.260351552017834401e-02
9.790201005025126051e+02 2.000836559433924133e+00 1.260505142859305247e-02
9.846733668341707926e+02 2.000654263739868988e+00 1.260654575655801093e-02
9.903266331658290937e+02 2.000476342037391664e+00 1.260799994323320850e-02
9.959798994974873949e+02 2.000302647364652131e+00 1.260941536663868871e-02
1.001633165829145696e+03 2.000133039151832381e+00 1.261079334676143242e-02
1.007286432160803997e+03 1.999967382879348943e+00 1.261213514840952080e-02
1.012939698492462298e+03 1.999805549757738943e+00 1.261344198403421650e-02
1.018592964824120600e+03 1.999647416427628333e+00 1.261471501630910541e-02
1.024246231155778787e+03 1.999492864678333648e+00 1.261595536051963833e-02
1.029899497487437202e+03 1.999341781183754607e+00 1.261716408690426172e-02
1.035552763819095617e+03 1.999194057254333634e+00 1.261834222279788892e-02
1.041206030150753804e+03 1.999049588603950767e+00 1.261949075470124824e-02
1.046859296482411992e+03 1.998908275130715895e+00 1.262061063017963676e-02
1.052512562814070407e+03 1.998770020710701534e+00 1.262170275971452593e-02
1.058165829145728594e+03 1.998634733003732178e+00 1.262276801842027868e-02
1.063819095477386782e+03 1.998502323270416436e+00 1.262380724767024273e-02
1.069472361809045196e+03 1.998372706199671889e+00 1.262482125668513804e-02
1.075125628140703611e+03 1.998245799746043661e+00 1.262581082389052645e-02
1.080778894472361799e+03 1.998121524976176566e+00 1.262677669843043603e-02
1.086432160804019986e+03 1.997999805923846184e+00 1.262771960137124179e-02
1.092085427135678401e+03 1.997880569452996413e+00 1.262864022701806060e-02
1.097738693467336816e+03 1.997763745128271040e+00 1.262953924406239048e-02
1.103391959798995003e+03 1.997649265092569904e+00 1.263041729669303961e-02
1.109045226130653191e+03 1.997537063951183800e+00 1.263127500568802380e-02
1.114698492462311606e+03 1.997427078662106004e+00 1.263211296940842769e-02
1.120351758793969793e+03 1.997319248432130934e+00 1.263293176472949676e-02
1.126005025125627981e+03 1.997213514618398245e+00 1.263373194801452153e-02
1.131658291457286396e+03 1.997109820635043054e+00 1.263451405592944284e-02
1.137311557788944810e+03 1.997008111864652102e+00 1.263527860625647363e-02
1.142964824120602998e+03 1.996908335574236526e+00 1.263602609875072273e-02
1.148618090452261185e+03 1.996810440835456335e+00 1.263675701580263024e-02
1.154271356783919600e+03 1.996714378448850358e+00 1.263747182318748080e-02
1.159924623115578015e+03 1.996620100871834280e+00 1.263817097076144758e-02
1.165577889447236203e+03 1.996527562150253399e+00 1.263885489306027995e-02
1.171231155778894390e+03 1.996436717853288245e+00 1.263952400995007469e-02
1.176884422110552805e+03 1.996347525011519908e+00 1.264017872719835900e-02
1.182537688442210992e+03 1.996259942057981407e+00 1.264081943702705102e-02
1.188190954773869180e+03 1.996173928772025485e+00 1.264144651866488597e-02
1.193844221105527595e+03 1.996089446225856046e+00 1.264206033884664529e-02
1.199497487437186010e+03 1.996006456733576018e+00 1.264266125229436197e-02
1.205150753768844197e+03 1.995924923802613771e+00 1.264324960217174700e-02
1.210804020100502385e+03 1.995844812087401499e+00 1.264382572055577046e-02
1.216457286432160799e+03 1.995766087345184792e+00 1.264438992886396558e-02
1.222110552763819214e+03 1.995688716393848150e+00 1.264494253819355499e-02
1.227763819095477402e+03 1.995612667071652524e+00 1.264548384980074963e-02
1.233417085427135589e+03 1.995537908198784072e+00 1.264601415540412589e-02
1.239070351758794004e+03 1.995464409540617989e+00 1.264653373758427637e-02
1.244723618090452419e+03 1.995392141772611705e+00 1.264704287005152285e-02
1.250376884422110379e+03 1.995321076446744391e+00 1.264754181808893339e-02
1.256030150753768794e+03 1.995251185959418416e+00 1.264803083873173792e-02
1.261683417085427209e+03 1.995182443520758131e+00 1.264851018116599536e-02
1.267336683417085396e+03 1.995114823125227144e+00 1.264898008696023826e-02
1.272989949748743584e+03 1.995048299523505264e+00 1.264944079035838255e-02
1.278643216080401999e+03 1.994982848195556713e+00 1.264989251853734092e-02
1.284296482412060413e+03 1.994918445324837641e+00 1.265033549185566771e-02
1.289949748743718601e+03 1.994855067773581681e+00 1.265076992409327333e-02
1.295603015075376788e+03 1.994792693059114441e+00 1.265119602269098101e-02
1.301256281407035203e+03 1.994731299331148122e+00 1.265161398898116338e-02
1.306909547738693618e+03 1.994670865350005373e+00 1.265202401835679828e-02
1.312562814070351806e+03 1.994611370465734446e+00 1.265242630053694216e-02
1.318216080402009993e+03 1.994552794598067447e+00 1.265282101971798578e-02
1.323869346733668408e+03 1.994495118217187057e+00 1.265320835475991154e-02
1.329522613065326595e+03 1.994438322325259749e+00 1.265358847941630734e-02
1.335175879396984783e+03 1.994382388438706188e+00 1.265396156245897526e-02
1.340829145728643198e+03 1.994327298571167972e+00 1.265432776785510235e-02
1.346482412060301613e+03 1.994273035217143164e+00 1.265468725495311718e-02
1.352135678391959800e+03 1.994219581336260649e+00 1.265504017859824665e-02
1.357788944723617988e+03 1.994166920338161786e+00 1.265538668930066626e-02
1.363442211055276402e+03 1.994115036067965585e+00 1.265572693341231701e-02
1.369095477386934817e+03 1.994063912792286564e+00 1.265606105317207235e-02
1.374748743718593005e+03 1.994013535185787500e+00 1.265638918696137399e-02
1.380402010050251192e+03 1.993963888318238231e+00 1.265671146933172557e-02
1.386055276381909607e+03 1.993914957642059171e+00 1.265702803114615409e-02
1.391708542713567795e+03 1.993866728980332015e+00 1.265733899976448536e-02
1.397361809045225982e+03 1.993819188515254526e+00 1.265764449904434666e-02
1.403015075376884397e+03 1.993772322777018102e+00 1.265794464957018320e-02
1.408668341708542812e+03 1.993726118633096789e+00 1.265823956865417578e-02
1.414321608040200999e+03 1.993680563277924644e+00 1.265852937052128549e-02
1.419974874371859187e+03 1.993635644222946368e+00 1.265881416634518156e-02
1.425628140703517602e+03 1.993591349287027636e+00 1.265909406437179877e-02
1.431281407035176017e+03 1.993547666587207612e+00 1.265936917001657565e-02
1.436934673366834204e+03 1.993504584529780521e+00 1.265963958593531447e-02
1.442587939698492391e+03 1.993462091801693647e+00 1.265990541211257578e-02
1.448241206030150806e+03 1.993420177362247525e+00 1.266016674595001577e-02
1.453894472361808994e+03 1.993378830435086790e+00 1.266042368233715951e-02
1.459547738693467409e+03 1.993338040500468145e+00 1.266067631374846215e-02
1.465201005025125596e+03 1.993297797287798101e+00 1.266092473026140044e-02
1.470854271356784011e+03 1.993258090768426083e+00 1.266116901970608735e-02
1.476507537688442198e+03 1.993218911148684436e+00 1.266140926767455287e-02
1.482160804020100386e+03 1.993180248863164916e+00 1.266164555760014229e-02
1.487814070351758801e+03 1.993142094568224110e+00 1.266187797083691453e-02
1.493467336683416988e+03 1.993104439135703565e+00 1.266210658671267954e-02
1.499120603015075403e+03 1.993067273646866644e+00 1.266233148258204266e-02
1.504773869346733591e+03 1.993030589386529661e+00 1.266255273387941784e-02
1.510427135678392006e+03 1.992994377837394415e+00 1.266277041419832002e-02
1.516080402010050193e+03 1.992958630674561915e+00 1.266298459531804699e-02
1.521733668341708608e+03 1.992923339760229284e+00 1.266319534727416811e-02
1.527386934673366795e+03 1.992888497138558312e+00 1.266340273841146634e-02
1.533040201005025210e+03 1.992854095030709427e+00 1.266360683540180242e-02
1.538693467336683398e+03 1.992820125830038425e+00 1.266380770333208963e-02
1.544346733668341585e+03 1.992786582097445525e+00 1.266400540571335429e-02
1.550000000000000000e+03 1.992753456556871638e+00 1.266420000456869831e-02
