4.250000000000000000e+02 1.505561352343159021e+00 4.817657285725455152e-01
4.306532663316583012e+02 1.638005283108534771e+00 4.398365538143648168e-01
4.363065326633166023e+02 1.706885589459124830e+00 4.185279801624705032e-01
4.419597989949749035e+02 1.756294917765856223e+00 4.025597408206634253e-01
4.476130653266331478e+02 1.796777979068851172e+00 3.886160118643815498e-01
4.532663316582914490e+02 1.832432464665451066e+00 3.754534660964504167e-01
4.589195979899497502e+02 1.865260918376214549e+00 3.624635362229882141e-01
4.645728643216080513e+02 1.896385071235934028e+00 3.492895525107211907e-01
4.702261306532663525e+02 1.926492503503652198e+00 3.356885832238164502e-01
4.758793969849245968e+02 1.956031480075477669e+00 3.214698976255627172e-01
4.815326633165828980e+02 1.985306145400403954e+00 3.064615629341050917e-01
4.871859296482411992e+02 2.014526416817828292e+00 2.904873549501920671e-01
4.928391959798995003e+02 2.043834415561325279e+00 2.733452421690290013e-01
4.984924623115578015e+02 2.073316251176516634e+00 2.547805059328459576e-01
5.041457286432161027e+02 2.103000762392750467e+00 2.344436764451288124e-01
5.097989949748744039e+02 2.132838524205903585e+00 2.118126657801600587e-01
5.154522613065327050e+02 2.162632742602339952e+00 1.860238798313543218e-01
5.211055276381910062e+02 2.191800492419201607e+00 1.554233738790862795e-01
5.267587939698491937e+02 2.218185204227703711e+00 1.158847732583677542e-01
5.324120603015074948e+02 2.207782220843071297e+00 4.245861110908264596e-02
5.380653266331657960e+02 2.159704000835110271e+00 1.221724016399255465e-02
5.437185929648240972e+02 2.118003445551553288e+00 1.246728283531036569e-02
5.493718592964823983e+02 2.092179670393642166e+00 1.263028737161137581e-02
5.550251256281406995e+02 2.073421034321786482e+00 1.275328593670362401e-02
5.606783919597990007e+02 2.058805138076041263e+00 1.285216723182924271e-02
5.663316582914573019e+02 2.046937917858481448e+00 1.293464432936814595e-02
5.719849246231156030e+02 2.037031745409295880e+00 1.300514805317994765e-02
5.776381909547739042e+02 2.028594178159116357e+00 1.306649285160459660e-02
5.832914572864322054e+02 2.021295551503531129e+00 1.312059161457965889e-02
5.889447236180903928e+02 2.014903960368324309e+00 1.316880974528752274e-02
5.945979899497488077e+02 2.009249996725966714e+00 1.321215884951230587e-02
6.002512562814069952e+02 2.004206167395242488e+00 1.325141075044834749e-02
6.059045226130652964e+02 1.999674178884600861e+00 1.328716851077666773e-02
6.115577889447235975e+02 1.995576718331553590e+00 1.331991271556198092e-02
6.172110552763818987e+02 1.991851940216265549e+00 1.335003276587596113e-02
6.228643216080401999e+02 1.988449652043920768e+00 1.337784869826457237e-02
6.285175879396985010e+02 1.985328605433950733e+00 1.340362679955278691e-02
6.341708542713568022e+02 1.982454528508416303e+00 1.342759103397562701e-02
6.398241206030151034e+02 1.979798668526995264e+00 1.344993156986046094e-02
6.454773869346734045e+02 1.977336693792207667e+00 1.347081125127472592e-02
6.511306532663315920e+02 1.975047853617451388e+00 1.349037058471489088e-02
6.567839195979900069e+02 1.972914326967133647e+00 1.350873163351399599e-02
6.624371859296481944e+02 1.970920711230992772e+00 1.352600109623614683e-02
6.680904522613064955e+02 1.969053616567915999e+00 1.354227276674060780e-02
6.737437185929647967e+02 1.967301340805550192e+00 1.355762951968194144e-02
6.793969849246230979e+02 1.965653606528180442e+00 1.357214492758318861e-02
6.850502512562813990e+02 1.964101346685759975e+00 1.358588458878752514e-02
6.907035175879397002e+02 1.962636528430709237e+00 1.359890722637155554e-02
6.963567839195980014e+02 1.961252007343503356e+00 1.361126560391108346e-02
7.020100502512563025e+02 1.959941406015948129e+00 1.362300729370993259e-02
7.076633165829146037e+02 1.958699012307956622e+00 1.363417532511517274e-02
7.133165829145727912e+02 1.957519693607821853e+00 1.364480873468814671e-02
7.189698492462312061e+02 1.956398824197086661e+00 1.365494303579830628e-02
7.246231155778893935e+02 1.955332223412810322e+00 1.366461062114372217e-02
7.302763819095478084e+02 1.954316102757907680e+00 1.367384110957463143e-02
7.359296482412059959e+02 1.953347020467386175e+00 1.368266164613625782e-02
7.415829145728642970e+02 1.952421842318973644e+00 1.369109716284014344e-02
7.472361809045225982e+02 1.951537707698729696e+00 1.369917060605662165e-02
7.528894472361808994e+02 1.950692000109147894e+00 1.370690313552093247e-02
7.585427135678392006e+02 1.949882321449067035e+00 1.371431429928387201e-02
7.641959798994975017e+02 1.949106469509011674e+00 1.372142218779771362e-02
7.698492462311558029e+02 1.948362418218280601e+00 1.372824357018136501e-02
7.755025125628139904e+02 1.947648300255609755e+00 1.373479401510902670e-02
7.811557788944724052e+02 1.946962391697104833e+00 1.374108799823216785e-02
7.868090452261305927e+02 1.946303098426031886e+00 1.374713899799342477e-02
7.924623115577890076e+02 1.945668944071130779e+00 1.375295958131286279e-02
7.981155778894471950e+02 1.945058559275036902e+00 1.375856148035020654e-02
8.037688442211054962e+02 1.944470672123520094e+00 1.376395566143465837e-02
8.094221105527637974e+02 1.943904099590597179e+00 1.376915238716847588e-02
8.150753768844220986e+02 1.943357739875044565e+00 1.377416127242550407e-02
8.207286432160803997e+02 1.942830565521082242e+00 1.377899133497327566e-02
8.263819095477387009e+02 1.942321617230583719e+00 1.378365104134293695e-02
8.320351758793970021e+02 1.941829998286553005e+00 1.378814834846829249e-02
8.376884422110551895e+02 1.941354869518140402e+00 1.379249074147298644e-02
8.433417085427136044e+02 1.940895444746469245e+00 1.379668526821385688e-02
8.489949748743717919e+02 1.940450986658250443e+00 1.380073857064513694e-02
8.546482412060302067e+02 1.940020803060777288e+00 1.380465691357215738e-02
8.603015075376883942e+02 1.939604243477588641e+00 1.380844621096583187e-02
8.659547738693468091e+02 1.939200696049008465e+00 1.381211204999897163e-02
8.716080402010049966e+02 1.938809584706023381e+00 1.381565971321261146e-02
8.772613065326632977e+02 1.938430366589656284e+00 1.381909419880062752e-02
8.829145728643215989e+02 1.938062529691198188e+00 1.382242023932897870e-02
8.885678391959799001e+02 1.937705590691464863e+00 1.382564231896348667e-02
8.942211055276382012e+02 1.937359092979685338e+00 1.382876468935114768e-02
8.998743718592965024e+02 1.937022604834769846e+00 1.383179138433920062e-02
9.055276381909548036e+02 1.936695717753579737e+00 1.383472623352244128e-02
9.111809045226129911e+02 1.936378044912471230e+00 1.383757287483346546e-02
9.168341708542714059e+02 1.936069219749838366e+00 1.384033476618098252e-02
9.224874371859295934e+02 1.935768894658656647e+00 1.384301519628530763e-02
9.281407035175880083e+02 1.935476739779164790e+00 1.384561729465898575e-02
9.337939698492461957e+02 1.935192441882822578e+00 1.384814404102502339e-02
9.394472361809044969e+02 1.934915703339568527e+00 1.385059827391931127e-02
9.451005025125627981e+02 1.934646241161194435e+00 1.385298269881704569e-02
9.507537688442210992e+02 1.934383786114353798e+00 1.385529989567346916e-02
9.564070351758794004e+02 1.934128081897343199e+00 1.385755232592940020e-02
9.620603015075377016e+02 1.933878884375361817e+00 1.385974233911994348e-02
9.677135678391960028e+02 1.933635960869445336e+00 1.386187217896002813e-02
9.733668341708543039e+02 1.933399089494720835e+00 1.386394398912486892e-02
9.790201005025126051e+02 1.933168058544029844e+00 1.386595981861466105e-02
9.846733668341707926e+02 1.932942665913323310e+00 1.386792162676905860e-02
9.903266331658290937e+02 1.932722718565556441e+00 1.386983128800472857e-02
9.959798994974873949e+02 1.932508032030102907e+00 1.387169059622105939e-02
1.001633165829145696e+03 1.932298429934967254e+00 1.387350126895514624e-02
1.007286432160803997e+03 1.932093743569313071e+00 1.387526495131896458e-02
1.012939698492462298e+03 1.931893811474033384e+00 1.387698321962354923e-02
1.018592964824120600e+03 1.931698479058288065e+00 1.387865758482700884e-02
1.024246231155778787e+03 1.931507598240103540e+00 1.388028949579906378e-02
1.029899497487437202e+03 1.931321027109288213e+00 1.388188034240269569e-02
1.035552763819095617e+03 1.931138629611064861e+00 1.388343145832154207e-02
1.041206030150753804e+03 1.930960275248943869e+00 1.388494412379354809e-02
1.046859296482411992e+03 1.930785838805490595e+00 1.388641956820329398e-02
1.052512562814070407e+03 1.930615200079732530e+00 1.388785897244554195e-02
1.058165829145728594e+03 1.930448243640069839e+00 1.388926347126026931e-02
1.063819095477386782e+03 1.930284858591622799e+00 1.389063415534767809e-02
1.069472361809045196e+03 1.930124938357047348e+00 1.389197207345535534e-02
1.075125628140703611e+03 1.929968380469909928e+00 1.389327823423809963e-02
1.080778894472361799e+03 1.929815086379800038e+00 1.389455360815441791e-02
1.086432160804019986e+03 1.929664961268398926e+00 1.389579912916816436e-02
1.092085427135678401e+03 1.929517913875800517e+00 1.389701569635950866e-02
1.097738693467336816e+03 1.929373856336418225e+00 1.389820417550930755e-02
1.103391959798995003e+03 1.929232704023870371e+00 1.389936540056123729e-02
1.109045226130653191e+03 1.929094375404273309e+00 1.390050017500978931e-02
1.114698492462311606e+03 1.928958791897416702e+00 1.390160927323827109e-02
1.120351758793969793e+03 1.928825877745330430e+00 1.390269344175104442e-02
1.126005025125627981e+03 1.928695559887789956e+00 1.390375340039600068e-02
1.131658291457286396e+03 1.928567767844334924e+00 1.390478984348154923e-02
1.137311557788944810e+03 1.928442433602406414e+00 1.390580344085214602e-02
1.142964824120602998e+03 1.928319491511239159e+00 1.390679483891447445e-02
1.148618090452261185e+03 1.928198878181163423e+00 1.390776466163035942e-02
1.154271356783919600e+03 1.928080532387998591e+00 1.390871351142061729e-02
1.159924623115578015e+03 1.927964394982241148e+00 1.390964197005976379e-02
1.165577889447236203e+03 1.927850408802769255e+00 1.391055059952175758e-02
1.171231155778894390e+03 1.927738518594802608e+00 1.391143994276884677e-02
1.176884422110552805e+03 1.927628670931878174e+00 1.391231052451556011e-02
1.182537688442210992e+03 1.927520814141610916e+00 1.391316285196786059e-02
1.188190954773869180e+03 1.927414898235029650e+00 1.391399741552955781e-02
1.193844221105527595e+03 1.927310874839288202e+00 1.391481468940423440e-02
1.199497487437186010e+03 1.927208697133565574e+00 1.391561513232412312e-02
1.205150753768844197e+03 1.927108319787979696e+00 1.391639918803893629e-02
1.210804020100502385e+03 1.927009698905353119e+00 1.391716728601153329e-02
1.216457286432160799e+03 1.926912791965673888e+00 1.391791984186566654e-02
1.222110552763819214e+03 1.926817557773108591e+00 1.391865725797678671e-02
1.227763819095477402e+03 1.926723956405433924e+00 1.391937992394268186e-02
1.233417085427135589e+03 1.926631949165755087e+00 1.392008821706957993e-02
1.239070351758794004e+03 1.926541498536395558e+00 1.392078250285781055e-02
1.244723618090452419e+03 1.926452568134842114e+00 1.392146313539132686e-02
1.250376884422110379e+03 1.926365122671642949e+00 1.392213045781457055e-02
1.256030150753768794e+03 1.926279127910152322e+00 1.392278480268135943e-02
1.261683417085427209e+03 1.926194550628037572e+00 1.392342649239911717e-02
1.267336683417085396e+03 1.926111358580449462e+00 1.392405583952127483e-02
1.272989949748743584e+03 1.926029520464779932e+00 1.392467314718289460e-02
1.278643216080401999e+03 1.925949005886924414e+00 1.392527870937652033e-02
1.284296482412060413e+03 1.925869785328976569e+00 1.392587281133939210e-02
1.289949748743718601e+03 1.925791830118282810e+00 1.392645572977297026e-02
1.295603015075376788e+03 1.925715112397793138e+00 1.392702773324559946e-02
1.301256281407035203e+03 1.925639605097643425e+00 1.392758908241155912e-02
1.306909547738693618e+03 1.925565281907911208e+00 1.392814003030167468e-02
1.312562814070351806e+03 1.925492117252488589e+00 1.392868082258979373e-02
1.318216080402009993e+03 1.925420086264018282e+00 1.392921169785112274e-02
1.323869346733668408e+03 1.925349164759845522e+00 1.392973288780441528e-02
1.329522613065326595e+03 1.925279329218935853e+00 1.393024461753010479e-02
1.335175879396984783e+03 1.925210556759713310e+00 1.393074710572811924e-02
1.340829145728643198e+03 1.925142825118779433e+00 1.393124056487990078e-02
1.346482412060301613e+03 1.925076112630471847e+00 1.393172520151391217e-02
1.352135678391959800e+03 1.925010398207220641e+00 1.393220121637534295e-02
1.357788944723617988e+03 1.924945661320671908e+00 1.393266880460369318e-02
1.363442211055276402e+03 1.924881881983539822e+00 1.393312815595802376e-02
1.369095477386934817e+03 1.924819040732157038e+00 1.393357945493852237e-02
1.374748743718593005e+03 1.924757118609691009e+00 1.393402288103544502e-02
1.380402010050251192e+03 1.924696097149996454e+00 1.393445860879469200e-02
1.386055276381909607e+03 1.924635958362079347e+00 1.393488680806655514e-02
1.391708542713567795e+03 1.924576684715140873e+00 1.393530764409501611e-02
1.397361809045225982e+03 1.924518259124180508e+00 1.393572127769460503e-02
1.403015075376884397e+03 1.924460664936130216e+00 1.393612786538734639e-02
1.408668341708542812e+03 1.924403885916502688e+00 1.393652755953164735e-02
1.414321608040200999e+03 1.924347906236523631e+00 1.393692050845909622e-02
1.419974874371859187e+03 1.924292710460737466e+00 1.393730685660322065e-02
1.425628140703517602e+03 1.924238283535055549e+00 1.393768674459631117e-02
1.431281407035176017e+03 1.924184610775239834e+00 1.393806030942991783e-02
1.436934673366834204e+03 1.924131677855794198e+00 1.393842768453562933e-02
1.442587939698492391e+03 1.924079470799252123e+00 1.393878899989765136e-02
1.448241206030150806e+03 1.924027975965843185e+00 1.393914438217331610e-02
1.453894472361808994e+03 1.923977180043521695e+00 1.393949395476572380e-02
1.459547738693467409e+03 1.923927070038345288e+00 1.393983783796008680e-02
1.465201005025125596e+03 1.923877633265186127e+00 1.394017614898832545e-02
1.470854271356784011e+03 1.923828857338764076e+00 1.394050900212547885e-02
1.476507537688442198e+03 1.923780730164987407e+00 1.394083650878609297e-02
1.482160804020100386e+03 1.923733239932590378e+00 1.394115877762055165e-02
1.487814070351758801e+03 1.923686375105052582e+00 1.394147591453970443e-02
1.493467336683416988e+03 1.923640124412795194e+00 1.394178802289077271e-02
1.499120603015075403e+03 1.923594476845635226e+00 1.394209520343412181e-02
1.504773869346733591e+03 1.923549421645496027e+00 1.394239755448724999e-02
1.510427135678392006e+03 1.923504948299356476e+00 1.394269517194928788e-02
1.516080402010050193e+03 1.923461046532436436e+00 1.394298814942898646e-02
1.521733668341708608e+03 1.923417706301604690e+00 1.394327657822935947e-02
1.527386934673366795e+03 1.923374917789003158e+00 1.394356054749154236e-02
1.533040201005025210e+03 1.923332671395878268e+00 1.394384014421122878e-02
1.538693467336683398e+03 1.923290957736612183e+00 1.394411545330285704e-02
1.544346733668341585e+03 1.923249767632947194e+00 1.394438655767970756e-02
1.550000000000000000e+03 1.923209092108394414e+00 1.394465353829415707e-02
