4.250000000000000000e+02 1.660965253918864182e+00 3.685947295091225873e-01
4.306532663316583012e+02 1.767308850402471210e+00 3.437112750868939748e-01
4.363065326633166023e+02 1.823197848259341614e+00 3.299642613840348404e-01
4.419597989949749035e+02 1.863612955043970842e+00 3.190461665233274569e-01
4.476130653266331478e+02 1.896942544619897975e+00 3.090838739511929667e-01
4.532663316582914490e+02 1.926453729255080960e+00 2.993519344616487055e-01
4.589195979899497502e+02 1.953745788668471040e+00 2.894797917104940388e-01
4.645728643216080513e+02 1.979715346733056380e+00 2.792364360087220554e-01
4.702261306532663525e+02 2.004911703663903033e+00 2.684507363840730743e-01
4.758793969849245968e+02 2.029691693900353311e+00 2.569741420941119570e-01
4.815326633165828980e+02 2.054294859343569701e+00 2.446581487151652246e-01
4.871859296482411992e+02 2.078881838042126784e+00 2.313355890319910568e-01
4.928391959798995003e+02 2.103552602356988821e+00 2.167990145228212706e-01
4.984924623115578015e+02 2.128349662136789444e+00 2.007683555846753731e-01
5.041457286432161027e+02 2.153242037514849994e+00 1.828328798351931683e-01
5.097989949748744039e+02 2.178066019845542378e+00 1.623292481604633741e-01
5.154522613065327050e+02 2.202318332613510510e+00 1.380317858859635427e-01
5.211055276381910062e+02 2.224156840909348176e+00 1.070863329837042910e-01
5.267587939698491937e+02 2.226748731619800914e+00 5.718632504865707455e-02
5.324120603015074948e+02 2.194460576108014482e+00 1.325382755716563582e-02
5.380653266331657960e+02 2.155373901662164471e+00 1.350337408810874280e-02
5.437185929648240972e+02 2.132606631186607427e+00 1.365635718518665512e-02
5.493718592964823983e+02 2.116510600544969645e+00 1.376865975008201987e-02
5.550251256281406995e+02 2.104170352351382167e+00 1.385748272456371194e-02
5.606783919597990007e+02 2.094261797852686513e+00 1.393076032364865859e-02
5.663316582914573019e+02 2.086059430442993801e+00 1.399290277905108036e-02
5.719849246231156030e+02 2.079119157524943695e+00 1.404664659129421442e-02
5.776381909547739042e+02 2.073148309693358726e+00 1.409381885421887547e-02
5.832914572864322054e+02 2.067943503451671550e+00 1.413570539166084800e-02
5.889447236180903928e+02 2.063357622160081561e+00 1.417324782197790754e-02
5.945979899497488077e+02 2.059280850706143084e+00 1.420715755651019013e-02
6.002512562814069952e+02 2.055629111103553175e+00 1.423798579505886584e-02
6.059045226130652964e+02 2.052336667926753844e+00 1.426616858568916998e-02
6.115577889447235975e+02 2.049351213501517499e+00 1.429205697187874678e-02
6.172110552763818987e+02 2.046630494489571461e+00 1.431593781868998293e-02
6.228643216080401999e+02 2.044139932650478997e+00 1.433804859480933454e-02
6.285175879396985010e+02 2.041850907248834890e+00 1.435858811054724869e-02
6.341708542713568022e+02 2.039739489822979479e+00 1.437772447688517863e-02
6.398241206030151034e+02 2.037785495556113435e+00 1.439560110952537580e-02
6.454773869346734045e+02 2.035971760833386490e+00 1.441234132941171531e-02
6.511306532663315920e+02 2.034283585354750734e+00 1.442805193695861736e-02
6.567839195979900069e+02 2.032708295922303066e+00 1.444282602389259686e-02
6.624371859296481944e+02 2.031234901513165880e+00 1.445674521026361556e-02
6.680904522613064955e+02 2.029853817743695998e+00 1.446988144237677625e-02
6.737437185929647967e+02 2.028556644713976009e+00 1.448229845149515312e-02
6.793969849246230979e+02 2.027335986364141363e+00 1.449405294725380350e-02
6.850502512562813990e+02 2.026185302435444147e+00 1.450519560192514018e-02
6.907035175879397002e+02 2.025098786275228768e+00 1.451577186803184802e-02
6.963567839195980014e+02 2.024071263300344814e+00 1.452582266202134126e-02
7.020100502512563025e+02 2.023098106103338623e+00 1.453538493963352218e-02
7.076633165829146037e+02 2.022175163063860914e+00 1.454449218291235107e-02
7.133165829145727912e+02 2.021298697993418880e+00 1.455317481478140412e-02
7.189698492462312061e+02 2.020465338850994108e+00 1.456146055335041586e-02
7.246231155778893935e+02 2.019672033960215440e+00 1.456937471688183293e-02
7.302763819095478084e+02 2.018916014464656072e+00 1.457694048669387794e-02
7.359296482412059959e+02 2.018194761997681663e+00 1.458417913536496323e-02
7.415829145728642970e+02 2.017505980732604787e+00 1.459111022530592064e-02
7.472361809045225982e+02 2.016847573129418425e+00 1.459775178216538710e-02
7.528894472361808994e+02 2.016217618814770685e+00 1.460412044706735184e-02
7.585427135678392006e+02 2.015614356128685003e+00 1.461023161049442888e-02
7.641959798994975017e+02 2.015036165949934066e+00 1.461609953041309584e-02
7.698492462311558029e+02 2.014481557475698015e+00 1.462173743691961257e-02
7.755025125628139904e+02 2.013949155683287806e+00 1.462715762519069436e-02
7.811557788944724052e+02 2.013437690244515021e+00 1.463237153820048410e-02
7.868090452261305927e+02 2.012945985698633589e+00 1.463738984061943062e-02
7.924623115577890076e+02 2.012472952719061681e+00 1.464222248491829290e-02
7.981155778894471950e+02 2.012017580333469891e+00 1.464687877065964580e-02
8.037688442211054962e+02 2.011578928977184155e+00 1.465136739790479266e-02
8.094221105527637974e+02 2.011156124276939572e+00 1.465569651524722440e-02
8.150753768844220986e+02 2.010748351476389306e+00 1.465987376331121146e-02
8.207286432160803997e+02 2.010354850426931961e+00 1.466390631389724412e-02
8.263819095477387009e+02 2.009974911077702320e+00 1.466780090580013796e-02
8.320351758793970021e+02 2.009607869407324277e+00 1.467156387701910522e-02
8.376884422110551895e+02 2.009253103747496105e+00 1.467520119430299613e-02
8.433417085427136044e+02 2.008910031454842038e+00 1.467871847998667052e-02
8.489949748743717919e+02 2.008578105892961041e+00 1.468212103646618534e-02
8.546482412060302067e+02 2.008256813691299492e+00 1.468541386861292944e-02
8.603015075376883942e+02 2.007945672251531644e+00 1.468860170434947016e-02
8.659547738693468091e+02 2.007644227475657850e+00 1.469168901348754178e-02
8.716080402010049966e+02 2.007352051693054751e+00 1.469468002495770073e-02
8.772613065326632977e+02 2.007068741766369069e+00 1.469757874277064814e-02
8.829145728643215989e+02 2.006793917358431489e+00 1.470038896062605266e-02
8.885678391959799001e+02 2.006527219344400592e+00 1.470311427550712209e-02
8.942211055276382012e+02 2.006268308355067642e+00 1.470575810005449874e-02
8.998743718592965024e+02 2.006016863438822018e+00 1.470832367413192100e-02
9.055276381909548036e+02 2.005772580831116869e+00 1.471081407552712710e-02
9.111809045226129911e+02 2.005535172821450551e+00 1.471323222979162640e-02
9.168341708542714059e+02 2.005304366708953179e+00 1.471558091941877269e-02
9.224874371859295934e+02 2.005079903838563382e+00 1.471786279236290268e-02
9.281407035175880083e+02 2.004861538710620561e+00 1.472008036994737132e-02
9.337939698492461957e+02 2.004649038157413798e+00 1.472223605419389035e-02
9.394472361809044969e+02 2.004442180580866761e+00 1.472433213469588088e-02
9.451005025125627981e+02 2.004240755246121886e+00 1.472637079499237132e-02
9.507537688442210992e+02 2.004044561626283194e+00 1.472835411850438592e-02
9.564070351758794004e+02 2.003853408794046942e+00 1.473028409414084243e-02
9.620603015075377016e+02 2.003667114856332088e+00 1.473216262140938405e-02
9.677135678391960028e+02 2.003485506428411167e+00 1.473399151536502159e-02
9.733668341708543039e+02 2.003308418144348568e+00 1.473577251103582765e-02
9.790201005025126051e+02 2.003135692200845863e+00 1.473750726780896983e-02
9.846733668341707926e+02 2.002967177931872733e+00 1.473919737329568679e-02
9.903266331658290937e+02 2.002802731411669868e+00 1.474084434717322888e-02
9.959798994974873949e+02 2.002642215083943800e+00 1.474244964461276543e-02
1.001633165829145696e+03 2.002485497415259719e+00 1.474401465961023942e-02
1.007286432160803997e+03 2.002332452570803056e+00 1.474554072807013165e-02
1.012939698492462298e+03 2.002182960110842291e+00 1.474702913077816958e-02
1.018592964824120600e+03 2.002036904706369747e+00 1.474848109600751175e-02
1.024246231155778787e+03 2.001894175872517501e+00 1.474989780227076858e-02
1.029899497487437202e+03 2.001754667718462333e+00 1.475128038060094168e-02
1.035552763819095617e+03 2.001618278712648191e+00 1.475262991690366038e-02
1.041206030150753804e+03 2.001484911462233285e+00 1.475394745418529864e-02
1.046859296482411992e+03 2.001354472505775917e+00 1.475523399444655590e-02
1.052512562814070407e+03 2.001226872118228695e+00 1.475649050075354858e-02
1.058165829145728594e+03 2.001102024127411116e+00 1.475771789892976922e-02
1.063819095477386782e+03 2.000979845741163832e+00 1.475891707941091695e-02
1.069472361809045196e+03 2.000860257384484253e+00 1.476008889878127096e-02
1.075125628140703611e+03 2.000743182545957843e+00 1.476123418130781927e-02
1.080778894472361799e+03 2.000628547632888221e+00 1.476235372042714565e-02
1.086432160804019986e+03 2.000516281834550103e+00 1.476344828018521377e-02
1.092085427135678401e+03 2.000406316993033951e+00 1.476451859640462438e-02
1.097738693467336816e+03 2.000298587481205814e+00 1.476556537804571412e-02
1.103391959798995003e+03 2.000193030087324519e+00 1.476658930835555127e-02
1.109045226130653191e+03 2.000089583905886759e+00 1.476759104595533161e-02
1.114698492462311606e+03 1.999988190234333718e+00 1.476857122590389398e-02
1.120351758793969793e+03 1.999888792475232435e+00 1.476953046073742684e-02
1.126005025125627981e+03 1.999791336043611700e+00 1.477046934140278413e-02
1.131658291457286396e+03 1.999695768279131647e+00 1.477138843815964039e-02
1.137311557788944810e+03 1.999602038362798595e+00 1.477228830145159953e-02
1.142964824120602998e+03 1.999510097237952033e+00 1.477316946275381015e-02
1.148618090452261185e+03 1.999419897535269719e+00 1.477403243530697741e-02
1.154271356783919600e+03 1.999331393501557752e+00 1.477487771490318055e-02
1.159924623115578015e+03 1.999244540932101133e+00 1.477570578057324155e-02
1.165577889447236203e+03 1.999159297106371413e+00 1.477651709527337716e-02
1.171231155778894390e+03 1.999075620726899372e+00 1.477731210651862109e-02
1.176884422110552805e+03 1.998993471861129745e+00 1.477809124700809641e-02
1.182537688442210992e+03 1.998912811886093710e+00 1.477885493521215350e-02
1.188190954773869180e+03 1.998833603435737238e+00 1.477960357592141873e-02
1.193844221105527595e+03 1.998755810350762330e+00 1.478033756075777111e-02
1.199497487437186010e+03 1.998679397630839460e+00 1.478105726875245801e-02
1.205150753768844197e+03 1.998604331389061795e+00 1.478176306675851696e-02
1.210804020100502385e+03 1.998530578808521474e+00 1.478245530995292607e-02
1.216457286432160799e+03 1.998458108100893416e+00 1.478313434226325059e-02
1.222110552763819214e+03 1.998386888466916034e+00 1.478380049681647483e-02
1.227763819095477402e+03 1.998316890058674078e+00 1.478445409631987985e-02
1.233417085427135589e+03 1.998248083943584552e+00 1.478509545346416015e-02
1.239070351758794004e+03 1.998180442069996454e+00 1.478572487126614786e-02
1.244723618090452419e+03 1.998113937234325510e+00 1.478634264347884579e-02
1.250376884422110379e+03 1.998048543049637082e+00 1.478694905487354383e-02
1.256030150753768794e+03 1.997984233915613528e+00 1.478754438158927202e-02
1.261683417085427209e+03 1.997920984989823845e+00 1.478812889145949237e-02
1.267336683417085396e+03 1.997858772160242546e+00 1.478870284430102051e-02
1.272989949748743584e+03 1.997797572018942258e+00 1.478926649215772660e-02
1.278643216080401999e+03 1.997737361836915193e+00 1.478982007965661677e-02
1.284296482412060413e+03 1.997678119539957775e+00 1.479036384420611382e-02
1.289949748743718601e+03 1.997619823685568230e+00 1.479089801626921365e-02
1.295603015075376788e+03 1.997562453440813179e+00 1.479142281960646454e-02
1.301256281407035203e+03 1.997505988561111723e+00 1.479193847151129455e-02
1.306909547738693618e+03 1.997450409369891267e+00 1.479244518302265388e-02
1.312562814070351806e+03 1.997395696739080462e+00 1.479294315914505761e-02
1.318216080402009993e+03 1.997341832070392620e+00 1.479343259906847063e-02
1.323869346733668408e+03 1.997288797277366967e+00 1.479391369633556615e-02
1.329522613065326595e+03 1.997236574768129547e+00 1.479438663905387370e-02
1.335175879396984783e+03 1.997185147428842233e+00 1.479485161005530090e-02
1.340829145728643198e+03 1.997134498607808117e+00 1.479530878712309767e-02
1.346482412060301613e+03 1.997084612100202605e+00 1.479575834308362835e-02
1.352135678391959800e+03 1.997035472133399381e+00 1.479620044604065474e-02
1.357788944723617988e+03 1.996987063352870351e+00 1.479663525947444956e-02
1.363442211055276402e+03 1.996939370808628045e+00 1.479706294243837532e-02
1.369095477386934817e+03 1.996892379942188489e+00 1.479748364967285387e-02
1.374748743718593005e+03 1.996846076574033013e+00 1.479789753174177991e-02
1.380402010050251192e+03 1.996800446891542569e+00 1.479830473519885836e-02
1.386055276381909607e+03 1.996755477437389459e+00 1.479870540267886649e-02
1.391708542713567795e+03 1.996711155098362722e+00 1.479909967302636339e-02
1.397361809045225982e+03 1.996667467094608961e+00 1.479948768145434614e-02
1.403015075376884397e+03 1.996624400969272406e+00 1.479986955961282331e-02
1.408668341708542812e+03 1.996581944578514456e+00 1.480024543570986062e-02
1.414321608040200999e+03 1.996540086081900478e+00 1.480061543464006660e-02
1.419974874371859187e+03 1.996498813933133443e+00 1.480097967806802937e-02
1.425628140703517602e+03 1.996458116871124178e+00 1.480133828451920229e-02
1.431281407035176017e+03 1.996417983911381588e+00 1.480169136953076760e-02
1.436934673366834204e+03 1.996378404337710855e+00 1.480203904563742907e-02
1.442587939698492391e+03 1.996339367694206945e+00 1.480238142258219133e-02
1.448241206030150806e+03 1.996300863777527468e+00 1.480271860730959094e-02
1.453894472361808994e+03 1.996262882629443514e+00 1.480305070410889261e-02
1.459547738693467409e+03 1.996225414529643194e+00 1.480337781464475394e-02
1.465201005025125596e+03 1.996188449988789859e+00 1.480370003807786675e-02
1.470854271356784011e+03 1.996151979741817906e+00 1.480401747111054905e-02
1.476507537688442198e+03 1.996115994741460176e+00 1.480433020806983316e-02
1.482160804020100386e+03 1.996080486151993627e+00 1.480463834098300763e-02
1.487814070351758801e+03 1.996045445343201052e+00 1.480494195962314165e-02
1.493467336683416988e+03 1.996010863884534636e+00 1.480524115160708649e-02
1.499120603015075403e+03 1.995976733539473580e+00 1.480553600243345556e-02
1.504773869346733591e+03 1.995943046260075127e+00 1.480582659552807413e-02
1.510427135678392006e+03 1.995909794181702557e+00 1.480611301236441080e-02
1.516080402010050193e+03 1.995876969617928820e+00 1.480639533244150659e-02
1.521733668341708608e+03 1.995844565055607589e+00 1.480667363341184838e-02
1.527386934673366795e+03 1.995812573150105740e+00 1.480694799105927197e-02
1.533040201005025210e+03 1.995780986720691041e+00 1.480721847943430002e-02
1.538693467336683398e+03 1.995749798746068171e+00 1.480748517083200523e-02
1.544346733668341585e+03 1.995719002360059280e+00 1.480774813587482606e-02
1.550000000000000000e+03 1.995688590847423560e+00 1.480800744355039410e-02
