4.250000000000000000e+02 1.734449517000928642e+00 3.715193465393722416e-01
4.306532663316583012e+02 1.842325204795722815e+00 3.469881372259983610e-01
4.363065326633166023e+02 1.899083872141387630e+00 3.333227203256909910e-01
4.419597989949749035e+02 1.940161124765462430e+00 3.224070224890160374e-01
4.476130653266331478e+02 1.974058714048011920e+00 3.124045917478777690e-01
4.532663316582914490e+02 2.004088958628110984e+00 3.026017605406086108e-01
4.589195979899497502e+02 2.031873677529304256e+00 2.926322268789069425e-01
4.645728643216080513e+02 2.058322340247881854e+00 2.822660241838030326e-01
4.702261306532663525e+02 2.083992241369983844e+00 2.713312293396513697e-01
4.758793969849245968e+02 2.109245487090384508e+00 2.596770787340967335e-01
4.815326633165828980e+02 2.134325200291285363e+00 2.471513899894099697e-01
4.871859296482411992e+02 2.159394417254183463e+00 2.335814363379013492e-01
4.928391959798995003e+02 2.184554515259109486e+00 2.187513990498821392e-01
4.984924623115578015e+02 2.209848294086641740e+00 2.023681237210680495e-01
5.041457286432161027e+02 2.235243252094315292e+00 1.839989274732332925e-01
5.097989949748744039e+02 2.260569915978406286e+00 1.629393037366188568e-01
5.154522613065327050e+02 2.285304846855633620e+00 1.378710126879131304e-01
5.211055276381910062e+02 2.307500227714804453e+00 1.056467198209761205e-01
5.267587939698491937e+02 2.306436769532240749e+00 5.115329398880121697e-02
5.324120603015074948e+02 2.271399035413626866e+00 1.289190891178658253e-02
5.380653266331657960e+02 2.233548811776886467e+00 1.311868611817025576e-02
5.437185929648240972e+02 2.211126596446820081e+00 1.325966667802754191e-02
5.493718592964823983e+02 2.195162561640390475e+00 1.336368268577548327e-02
5.550251256281406995e+02 2.182875952848777779e+00 1.344613441749530243e-02
5.606783919597990007e+02 2.172986138290327940e+00 1.351422129530301282e-02
5.663316582914573019e+02 2.164785302001621670e+00 1.357197865667075266e-02
5.719849246231156030e+02 2.157837617862587543e+00 1.362192455515933397e-02
5.776381909547739042e+02 2.151854642397054818e+00 1.366574704177150185e-02
5.832914572864322054e+02 2.146635288268113673e+00 1.370463768106663059e-02
5.889447236180903928e+02 2.142033738897526352e+00 1.373947110069183644e-02
5.945979899497488077e+02 2.137940934437525975e+00 1.377090931938414718e-02
6.002512562814069952e+02 2.134273240822958329e+00 1.379946603240755562e-02
6.059045226130652964e+02 2.130965182579110273e+00 1.382554811547618070e-02
6.115577889447235975e+02 2.127964600534214767e+00 1.384948345937583696e-02
6.172110552763818987e+02 2.125229321143537575e+00 1.387154023749836464e-02
6.228643216080401999e+02 2.122724803153363204e+00 1.389194060481527097e-02
6.285175879396985010e+02 2.120422436064568483e+00 1.391087066413982526e-02
6.341708542713568022e+02 2.118298285034380779e+00 1.392848786231766153e-02
6.398241206030151034e+02 2.116332148730348806e+00 1.394492657626114802e-02
6.454773869346734045e+02 2.114506841074794696e+00 1.396030239711408896e-02
6.511306532663315920e+02 2.112807636076680318e+00 1.397471546193926675e-02
6.567839195979900069e+02 2.111221833385356295e+00 1.398825307669875756e-02
6.624371859296481944e+02 2.109738414504779946e+00 1.400099180449011771e-02
6.680904522613064955e+02 2.108347767985320420e+00 1.401299914510275614e-02
6.737437185929647967e+02 2.107041467720324412e+00 1.402433489843729446e-02
6.793969849246230979e+02 2.105812092570496841e+00 1.403505228056998316e-02
6.850502512562813990e+02 2.104653078470127170e+00 1.404519884472678164e-02
6.907035175879397002e+02 2.103558596295539651e+00 1.405481724661008201e-02
6.963567839195980014e+02 2.102523450338203315e+00 1.406394588467850190e-02
7.020100502512563025e+02 2.101542993385863145e+00 1.407261943931193381e-02
7.076633165829146037e+02 2.100613055287077646e+00 1.408086932912682061e-02
7.133165829145727912e+02 2.099729882536142345e+00 1.408872409966138023e-02
7.189698492462312061e+02 2.098890086921914921e+00 1.409620975588445069e-02
7.246231155778893935e+02 2.098090601675280720e+00 1.410335004805121813e-02
7.302763819095478084e+02 2.097328643854528440e+00 1.411016671856754785e-02
7.359296482412059959e+02 2.096601681946812068e+00 1.411667971618047086e-02
7.415829145728642970e+02 2.095907407852563686e+00 1.412290738239613958e-02
7.472361809045225982e+02 2.095243712569789363e+00 1.412886661436722410e-02
7.528894472361808994e+02 2.094608665015253557e+00 1.413457300790746558e-02
7.585427135678392006e+02 2.094000493516199324e+00 1.414004098322992932e-02
7.641959798994975017e+02 2.093417569584508087e+00 1.414528389600569307e-02
7.698492462311558029e+02 2.092858393648834969e+00 1.415031413570127551e-02
7.755025125628139904e+02 2.092321582472345121e+00 1.415514321297535807e-02
7.811557788944724052e+02 2.091805858026448917e+00 1.415978183744319441e-02
7.868090452261305927e+02 2.091310037626254115e+00 1.416423998710342885e-02
7.924623115577890076e+02 2.090833025162729619e+00 1.416852697058483893e-02
7.981155778894471950e+02 2.090373803290959565e+00 1.417265148295331935e-02
8.037688442211054962e+02 2.089931426454227026e+00 1.417662165578053440e-02
8.094221105527637974e+02 2.089505014640766323e+00 1.418044510252929220e-02
8.150753768844220986e+02 2.089093747784408706e+00 1.418412895930241252e-02
8.207286432160803997e+02 2.088696860732507599e+00 1.418767992179648628e-02
8.263819095477387009e+02 2.088313638714820453e+00 1.419110427896871224e-02
8.320351758793970021e+02 2.087943413255812786e+00 1.419440794332710483e-02
8.376884422110551895e+02 2.087585558480296477e+00 1.419759647872208784e-02
8.433417085427136044e+02 2.087239487768726587e+00 1.420067512565410285e-02
8.489949748743717919e+02 2.086904650723965471e+00 1.420364882423536847e-02
8.546482412060302067e+02 2.086580530416028534e+00 1.420652223538004279e-02
8.603015075376883942e+02 2.086266640875410694e+00 1.420929976006046931e-02
8.659547738693468091e+02 2.085962524809104490e+00 1.421198555706023464e-02
8.716080402010049966e+02 2.085667751516465440e+00 1.421458355924708900e-02
8.772613065326632977e+02 2.085381914984749230e+00 1.421709748852857842e-02
8.829145728643215989e+02 2.085104632146418613e+00 1.421953086968366642e-02
8.885678391959799001e+02 2.084835541282376692e+00 1.422188704296607764e-02
8.942211055276382012e+02 2.084574300556997883e+00 1.422416917596804747e-02
8.998743718592965024e+02 2.084320586672410602e+00 1.422638027438919567e-02
9.055276381909548036e+02 2.084074093630807312e+00 1.422852319207325821e-02
9.111809045226129911e+02 2.083834531594785044e+00 1.423060064033133953e-02
9.168341708542714059e+02 2.083601625836732918e+00 1.423261519653884304e-02
9.224874371859295934e+02 2.083375115769240171e+00 1.423456931219581681e-02
9.281407035175880083e+02 2.083154754049311386e+00 1.423646532023449887e-02
9.337939698492461957e+02 2.082940305749890975e+00 1.423830544209082893e-02
9.394472361809044969e+02 2.082731547592861610e+00 1.424009179402687883e-02
9.451005025125627981e+02 2.082528267238246134e+00 1.424182639312698145e-02
9.507537688442210992e+02 2.082330262624858985e+00 1.424351116303122604e-02
9.564070351758794004e+02 2.082137341358097249e+00 1.424514793897102907e-02
9.620603015075377016e+02 2.081949320140989990e+00 1.424673847274718352e-02
9.677135678391960028e+02 2.081766024244960267e+00 1.424828443729278526e-02
9.733668341708543039e+02 2.081587287017116150e+00 1.424978743089990590e-02
9.790201005025126051e+02 2.081412949421138858e+00 1.425124898125113004e-02
9.846733668341707926e+02 2.081242859609135021e+00 1.425267054911642794e-02
9.903266331658290937e+02 2.081076872522034549e+00 1.425405353190303120e-02
9.959798994974873949e+02 2.080914849516337650e+00 1.425539926693426135e-02
1.001633165829145696e+03 2.080756658015198379e+00 1.425670903453576423e-02
1.007286432160803997e+03 2.080602171182023064e+00 1.425798406096080197e-02
1.012939698492462298e+03 2.080451267614888522e+00 1.425922552110833220e-02
1.018592964824120600e+03 2.080303831060261732e+00 1.426043454106542575e-02
1.024246231155778787e+03 2.080159750144602082e+00 1.426161220055228128e-02
1.029899497487437202e+03 2.080018918122558347e+00 1.426275953523899361e-02
1.035552763819095617e+03 2.079881232640576894e+00 1.426387753884097304e-02
1.041206030150753804e+03 2.079746595514828211e+00 1.426496716511790365e-02
1.046859296482411992e+03 2.079614912522451231e+00 1.426602932988539803e-02
1.052512562814070407e+03 2.079486093205192176e+00 1.426706491271270347e-02
1.058165829145728594e+03 2.079360050684586181e+00 1.426807475869585652e-02
1.063819095477386782e+03 2.079236701487903183e+00 1.426905968004181340e-02
1.069472361809045196e+03 2.079115965384125353e+00 1.427002045760385543e-02
1.075125628140703611e+03 2.078997765229292582e+00 1.427095784225949730e-02
1.080778894472361799e+03 2.078882026820600526e+00 1.427187255641111305e-02
1.086432160804019986e+03 2.078768678758670330e+00 1.427276529511151137e-02
1.092085427135678401e+03 2.078657652317471349e+00 1.427363672740587092e-02
1.097738693467336816e+03 2.078548881321396369e+00 1.427448749746999465e-02
1.103391959798995003e+03 2.078442302029042121e+00 1.427531822566952859e-02
1.109045226130653191e+03 2.078337853023267012e+00 1.427612950958688509e-02
1.114698492462311606e+03 2.078235475107134800e+00 1.427692192514038762e-02
1.120351758793969793e+03 2.078135111205388519e+00 1.427769602731353109e-02
1.126005025125627981e+03 2.078036706271098932e+00 1.427845235128770082e-02
1.131658291457286396e+03 2.077940207197188638e+00 1.427919141307632325e-02
1.137311557788944810e+03 2.077845562732529405e+00 1.427991371048477690e-02
1.142964824120602998e+03 2.077752723402344071e+00 1.428061972374299569e-02
1.148618090452261185e+03 2.077661641432650530e+00 1.428130991637060858e-02
1.154271356783919600e+03 2.077572270678520461e+00 1.428198473576152046e-02
1.159924623115578015e+03 2.077484566555922285e+00 1.428264461393893153e-02
1.165577889447236203e+03 2.077398485976945874e+00 1.428328996809211451e-02
1.171231155778894390e+03 2.077313987288210484e+00 1.428392120122148543e-02
1.176884422110552805e+03 2.077231030212284058e+00 1.428453870273654544e-02
1.182537688442210992e+03 2.077149575791930491e+00 1.428514284891345063e-02
1.188190954773869180e+03 2.077069586337041418e+00 1.428573400353868109e-02
1.193844221105527595e+03 2.076991025374090416e+00 1.428631251828806417e-02
1.199497487437186010e+03 2.076913857597981750e+00 1.428687873324530934e-02
1.205150753768844197e+03 2.076838048826152860e+00 1.428743297742019434e-02
1.210804020100502385e+03 2.076763565954818258e+00 1.428797556903328193e-02
1.216457286432160799e+03 2.076690376917230463e+00 1.428850681608008662e-02
1.222110552763819214e+03 2.076618450643856750e+00 1.428902701658413092e-02
1.227763819095477402e+03 2.076547757024369112e+00 1.428953645911392074e-02
1.233417085427135589e+03 2.076478266871346623e+00 1.429003542301994327e-02
1.239070351758794004e+03 2.076409951885611616e+00 1.429052417887344793e-02
1.244723618090452419e+03 2.076342784623101068e+00 1.429100298868746233e-02
1.250376884422110379e+03 2.076276738463209703e+00 1.429147210640174283e-02
1.256030150753768794e+03 2.076211787578513768e+00 1.429193177794802795e-02
1.261683417085427209e+03 2.076147906905821294e+00 1.429238224178120374e-02
1.267336683417085396e+03 2.076085072118466712e+00 1.429282372899082741e-02
1.272989949748743584e+03 2.076023259599801385e+00 1.429325646362997713e-02
1.278643216080401999e+03 2.075962446417810359e+00 1.429368066293522366e-02
1.284296482412060413e+03 2.075902610300806916e+00 1.429409653762410935e-02
1.289949748743718601e+03 2.075843729614144983e+00 1.429450429208377511e-02
1.295603015075376788e+03 2.075785783337911639e+00 1.429490412462157758e-02
1.301256281407035203e+03 2.075728751045534448e+00 1.429529622762240257e-02
1.306909547738693618e+03 2.075672612883282309e+00 1.429568078783012043e-02
1.312562814070351806e+03 2.075617349550594515e+00 1.429605798652021538e-02
1.318216080402009993e+03 2.075562942281216294e+00 1.429642799965678140e-02
1.323869346733668408e+03 2.075509372825094179e+00 1.429679099808048304e-02
1.329522613065326595e+03 2.075456623430997016e+00 1.429714714775856717e-02
1.335175879396984783e+03 2.075404676829831097e+00 1.429749660984840076e-02
1.340829145728643198e+03 2.075353516218616079e+00 1.429783954091626286e-02
1.346482412060301613e+03 2.075303125245090197e+00 1.429817609307837932e-02
1.352135678391959800e+03 2.075253487992918533e+00 1.429850641415745215e-02
1.357788944723617988e+03 2.075204588967476838e+00 1.429883064782356585e-02
1.363442211055276402e+03 2.075156413082180684e+00 1.429914893370399023e-02
1.369095477386934817e+03 2.075108945645344871e+00 1.429946140758609277e-02
1.374748743718593005e+03 2.075062172347537537e+00 1.429976820146490468e-02
1.380402010050251192e+03 2.075016079249420553e+00 1.430006944371487246e-02
1.386055276381909607e+03 2.074970652770038892e+00 1.430036525916838878e-02
1.391708542713567795e+03 2.074925879675559415e+00 1.430065576927190205e-02
1.397361809045225982e+03 2.074881747068416882e+00 1.430094109219542248e-02
1.403015075376884397e+03 2.074838242376873421e+00 1.430122134287986103e-02
1.408668341708542812e+03 2.074795353344950577e+00 1.430149663320854671e-02
1.414321608040200999e+03 2.074753068022738400e+00 1.430176707205449947e-02
1.419974874371859187e+03 2.074711374757050475e+00 1.430203276540530088e-02
1.425628140703517602e+03 2.074670262182419567e+00 1.430229381645686110e-02
1.431281407035176017e+03 2.074629719212416568e+00 1.430255032564507929e-02
1.436934673366834204e+03 2.074589735031278526e+00 1.430280239083270288e-02
1.442587939698492391e+03 2.074550299085831995e+00 1.430305010726330012e-02
1.448241206030150806e+03 2.074511401077708150e+00 1.430329356774806895e-02
1.453894472361808994e+03 2.074473030955821251e+00 1.430353286269737609e-02
1.459547738693467409e+03 2.074435178909117994e+00 1.430376808018331454e-02
1.465201005025125596e+03 2.074397835359575115e+00 1.430399930601778009e-02
1.470854271356784011e+03 2.074360990955437689e+00 1.430422662384602840e-02
1.476507537688442198e+03 2.074324636564691904e+00 1.430445011517813593e-02
1.482160804020100386e+03 2.074288763268758551e+00 1.430466985948251196e-02
1.487814070351758801e+03 2.074253362356401009e+00 1.430488593418628024e-02
1.493467336683416988e+03 2.074218425317840175e+00 1.430509841483085416e-02
1.499120603015075403e+03 2.074183943839065680e+00 1.430530737504122352e-02
1.504773869346733591e+03 2.074149909796337177e+00 1.430551288666597788e-02
1.510427135678392006e+03 2.074116315250869036e+00 1.430571501970000214e-02
1.516080402010050193e+03 2.074083152443688682e+00 1.430591384248655791e-02
1.521733668341708608e+03 2.074050413790667236e+00 1.430610942165546490e-02
1.527386934673366795e+03 2.074018091877710912e+00 1.430630182224755347e-02
1.533040201005025210e+03 2.073986179456104750e+00 1.430649110771490574e-02
1.538693467336683398e+03 2.073954669438016207e+00 1.430667733998319119e-02
1.544346733668341585e+03 2.073923554892134202e+00 1.430686057943637499e-02
1.550000000000000000e+03 2.073892829039454266e+00 1.430704088508767680e-02
