4.250000000000000000e+02 1.696435907294877143e+00 3.718372098316001795e-01
4.306532663316583012e+02 1.803308862401827861e+00 3.466612011283737860e-01
4.363065326633166023e+02 1.859756296027718525e+00 3.324621505234895968e-01
4.419597989949749035e+02 1.900729776422720008e+00 3.210275593995002841e-01
4.476130653266331478e+02 1.934618261912134374e+00 3.104959960716078826e-01
4.532663316582914490e+02 1.964690685962353633e+00 3.001407066365594511e-01
4.589195979899497502e+02 1.992547322479169658e+00 2.895849164056368830e-01
4.645728643216080513e+02 2.019084724593600111e+00 2.785877356404996008e-01
4.702261306532663525e+02 2.044850876646906901e+00 2.669639839251709001e-01
4.758793969849245968e+02 2.070199625032833612e+00 2.545453144948838231e-01
4.815326633165828980e+02 2.095364929947008292e+00 2.411547439460594022e-01
4.871859296482411992e+02 2.120497310664948287e+00 2.265826111966814105e-01
4.928391959798995003e+02 2.145677764638877605e+00 2.105547626783931259e-01
4.984924623115578015e+02 2.170910349452516375e+00 1.926789528126284234e-01
5.041457286432161027e+02 2.196075784323519464e+00 1.723366964448098115e-01
5.097989949748744039e+02 2.220763339739454612e+00 1.484200190537579844e-01
5.154522613065327050e+02 2.243494049382993349e+00 1.184868872205088741e-01
5.211055276381910062e+02 2.253513295898196933e+00 7.381983062474412050e-02
5.267587939698491937e+02 2.225304061956679291e+00 1.679190459038347460e-02
5.324120603015074948e+02 2.182952842613015587e+00 1.712898164716473298e-02
5.380653266331657960e+02 2.159087092865961122e+00 1.732914202300477741e-02
5.437185929648240972e+02 2.142484073688579738e+00 1.747377040988095515e-02
5.493718592964823983e+02 2.129883734971810050e+00 1.758700500489038254e-02
5.550251256281406995e+02 2.119839794861899662e+00 1.767973138694258969e-02
5.606783919597990007e+02 2.111572143536359913e+00 1.775790854092608798e-02
5.663316582914573019e+02 2.104608680546510957e+00 1.782519288232071314e-02
5.719849246231156030e+02 2.098640995209844373e+00 1.788400473233602017e-02
5.776381909547739042e+02 2.093456267520232839e+00 1.793603560804910013e-02
5.832914572864322054e+02 2.088901449658837617e+00 1.798251709330732709e-02
5.889447236180903928e+02 2.084862863543432532e+00 1.802437511805079356e-02
5.945979899497488077e+02 2.081253846346256431e+00 1.806232404444782155e-02
6.002512562814069952e+02 2.078006897362030703e+00 1.809692688456680798e-02
6.059045226130652964e+02 2.075068485097216975e+00 1.812863538607890207e-02
6.115577889447235975e+02 2.072395498982882778e+00 1.815781760146385065e-02
6.172110552763818987e+02 2.069952756799570359e+00 1.818477737872152208e-02
6.228643216080401999e+02 2.067711211727000009e+00 1.820976846951816511e-02
6.285175879396985010e+02 2.065646635903435335e+00 1.823300495239537147e-02
6.341708542713568022e+02 2.063738636339874422e+00 1.825466907243080555e-02
6.398241206030151034e+02 2.061969907527392287e+00 1.827491723190647829e-02
6.454773869346734045e+02 2.060325655746789497e+00 1.829388463291393638e-02
6.511306532663315920e+02 2.058793149997679706e+00 1.831168892103410967e-02
6.567839195979900069e+02 2.057361367687074338e+00 1.832843307790896561e-02
6.624371859296481944e+02 2.056020712182965671e+00 1.834420774131275897e-02
6.680904522613064955e+02 2.054762785530855229e+00 1.835909308369645943e-02
6.737437185929647967e+02 2.053580203980624574e+00 1.837316034660720770e-02
6.793969849246230979e+02 2.052466447073033162e+00 1.838647310384280975e-02
6.850502512562813990e+02 2.051415733278338038e+00 1.839908830898830810e-02
6.907035175879397002e+02 2.050422916822562502e+00 1.841105717024455954e-02
6.963567839195980014e+02 2.049483401554669015e+00 1.842242588550600801e-02
7.020100502512563025e+02 2.048593068620180091e+00 1.843323626360624662e-02
7.076633165829146037e+02 2.047748215397257265e+00 1.844352625249280619e-02
7.133165829145727912e+02 2.046945503678625489e+00 1.845333039034675882e-02
7.189698492462312061e+02 2.046181915489182934e+00 1.846268019297762908e-02
7.246231155778893935e+02 2.045454715244834798e+00 1.847160448777036140e-02
7.302763819095478084e+02 2.044761417205287479e+00 1.848012970302494173e-02
7.359296482412059959e+02 2.044099757368370796e+00 1.848828011949742167e-02
7.415829145728642970e+02 2.043467669108170348e+00 1.849607809006133946e-02
7.472361809045225982e+02 2.042863261982784007e+00 1.850354423207968904e-02
7.528894472361808994e+02 2.042284803236827262e+00 1.851069759651997187e-02
7.585427135678392006e+02 2.041730701604031140e+00 1.851755581715314875e-02
7.641959798994975017e+02 2.041199493080494420e+00 1.852413524249490670e-02
7.698492462311558029e+02 2.040689828392366678e+00 1.853045105295136191e-02
7.755025125628139904e+02 2.040200461925449904e+00 1.853651736496093883e-02
7.811557788944724052e+02 2.039730241920203024e+00 1.854234732392949156e-02
7.868090452261305927e+02 2.039278101765457762e+00 1.854795318746428612e-02
7.924623115577890076e+02 2.038843052248945575e+00 1.855334639972918906e-02
7.981155778894471950e+02 2.038424174643427289e+00 1.855853765864291099e-02
8.037688442211054962e+02 2.038020614524562291e+00 1.856353697602873554e-02
8.094221105527637974e+02 2.037631576231228703e+00 1.856835373213398810e-02
8.150753768844220986e+02 2.037256317891316115e+00 1.857299672491355413e-02
8.207286432160803997e+02 2.036894146946438333e+00 1.857747421453886244e-02
8.263819095477387009e+02 2.036544416117854084e+00 1.858179396400766806e-02
8.320351758793970021e+02 2.036206519763432254e+00 1.858596327596105657e-02
8.376884422110551895e+02 2.035879890581950402e+00 1.858998902616970303e-02
8.433417085427136044e+02 2.035563996626518879e+00 1.859387769426806142e-02
8.489949748743717919e+02 2.035258338593699978e+00 1.859763539169155891e-02
8.546482412060302067e+02 2.034962447358950488e+00 1.860126788724797073e-02
8.603015075376883942e+02 2.034675881732579850e+00 1.860478063070433383e-02
8.659547738693468091e+02 2.034398226413450583e+00 1.860817877432770218e-02
8.716080402010049966e+02 2.034129090120325500e+00 1.861146719259147014e-02
8.772613065326632977e+02 2.033868103883064382e+00 1.861465050059186652e-02
8.829145728643215989e+02 2.033614919477888083e+00 1.861773307072789665e-02
8.885678391959799001e+02 2.033369207992704375e+00 1.862071904829501121e-02
8.942211055276382012e+02 2.033130658510011290e+00 1.862361236578290169e-02
8.998743718592965024e+02 2.032898976896262866e+00 1.862641675614455997e-02
9.055276381909548036e+02 2.032673884687760779e+00 1.862913576506449245e-02
9.111809045226129911e+02 2.032455118064200761e+00 1.863177276234898733e-02
9.168341708542714059e+02 2.032242426901899712e+00 1.863433095248935578e-02
9.224874371859295934e+02 2.032035573899576342e+00 1.863681338443681085e-02
9.281407035175880083e+02 2.031834333770261125e+00 1.863922296075841770e-02
9.337939698492461957e+02 2.031638492493564208e+00 1.864156244612868996e-02
9.394472361809044969e+02 2.031447846623097409e+00 1.864383447515899003e-02
9.451005025125627981e+02 2.031262202644353643e+00 1.864604155986432713e-02
9.507537688442210992e+02 2.031081376378798709e+00 1.864818609645952155e-02
9.564070351758794004e+02 2.030905192430339401e+00 1.865027037181971048e-02
9.620603015075377016e+02 2.030733483670686290e+00 1.865229656946364167e-02
9.677135678391960028e+02 2.030566090760458131e+00 1.865426677519188212e-02
9.733668341708543039e+02 2.030402861703157757e+00 1.865618298229772959e-02
9.790201005025126051e+02 2.030243651429421980e+00 1.865804709650656715e-02
9.846733668341707926e+02 2.030088321409166507e+00 1.865986094060878217e-02
9.903266331658290937e+02 2.029936739289466274e+00 1.866162625876326489e-02
9.959798994974873949e+02 2.029788778556201656e+00 1.866334472055556498e-02
1.001633165829145696e+03 2.029644318217669330e+00 1.866501792482315111e-02
1.007286432160803997e+03 2.029503242508508887e+00 1.866664740324848124e-02
1.012939698492462298e+03 2.029365440612440175e+00 1.866823462374410728e-02
1.018592964824120600e+03 2.029230806402433807e+00 1.866978099355901324e-02
1.024246231155778787e+03 2.029099238197044741e+00 1.867128786236827917e-02
1.029899497487437202e+03 2.028970638531752524e+00 1.867275652500152705e-02
1.035552763819095617e+03 2.028844913944236161e+00 1.867418822416738733e-02
1.041206030150753804e+03 2.028721974772607073e+00 1.867558415288879392e-02
1.046859296482411992e+03 2.028601734965694181e+00 1.867694545697058325e-02
1.052512562814070407e+03 2.028484111904554243e+00 1.867827323710723186e-02
1.058165829145728594e+03 2.028369026234431161e+00 1.867956855107093250e-02
1.063819095477386782e+03 2.028256401706472367e+00 1.868083241569488961e-02
1.069472361809045196e+03 2.028146165028529513e+00 1.868206580875904008e-02
1.075125628140703611e+03 2.028038245724463451e+00 1.868326967077841433e-02
1.080778894472361799e+03 2.027932576001369558e+00 1.868444490667052135e-02
1.086432160804019986e+03 2.027829090624228225e+00 1.868559238734949710e-02
1.092085427135678401e+03 2.027727726797492469e+00 1.868671295131843144e-02
1.097738693467336816e+03 2.027628424053166789e+00 1.868780740599857923e-02
1.103391959798995003e+03 2.027531124144974939e+00 1.868887652918775968e-02
1.109045226130653191e+03 2.027435770948222249e+00 1.868992107031531083e-02
1.114698492462311606e+03 2.027342310365011890e+00 1.869094175161254909e-02
1.120351758793969793e+03 2.027250690234472685e+00 1.869193926942456022e-02
1.126005025125627981e+03 2.027160860247698704e+00 1.869291429515256356e-02
1.131658291457286396e+03 2.027072771867116874e+00 1.869386747643280583e-02
1.137311557788944810e+03 2.026986378250008602e+00 1.869479943807687145e-02
1.142964824120602998e+03 2.026901634175945599e+00 1.869571078304671854e-02
1.148618090452261185e+03 2.026818495977905865e+00 1.869660209332196787e-02
1.154271356783919600e+03 2.026736921476853581e+00 1.869747393082576634e-02
1.159924623115578015e+03 2.026656869919583492e+00 1.869832683821926259e-02
1.165577889447236203e+03 2.026578301919638392e+00 1.869916133964789548e-02
1.171231155778894390e+03 2.026501179401127395e+00 1.869997794154642026e-02
1.176884422110552805e+03 2.026425465545282467e+00 1.870077713331268904e-02
1.182537688442210992e+03 2.026351124739590226e+00 1.870155938796901410e-02
1.188190954773869180e+03 2.026278122529368009e+00 1.870232516289424551e-02
1.193844221105527595e+03 2.026206425571635883e+00 1.870307490032973793e-02
1.199497487437186010e+03 2.026136001591170466e+00 1.870380902802739470e-02
1.205150753768844197e+03 2.026066819338612657e+00 1.870452795983784666e-02
1.210804020100502385e+03 2.025998848550523590e+00 1.870523209616770099e-02
1.216457286432160799e+03 2.025932059911279559e+00 1.870592182456696714e-02
1.222110552763819214e+03 2.025866425016716654e+00 1.870659752019743216e-02
1.227763819095477402e+03 2.025801916339418529e+00 1.870725954627696502e-02
1.233417085427135589e+03 2.025738507195576688e+00 1.870790825453539155e-02
1.239070351758794004e+03 2.025676171713330476e+00 1.870854398569379504e-02
1.244723618090452419e+03 2.025614884802514393e+00 1.870916706981302219e-02
1.250376884422110379e+03 2.025554622125739002e+00 1.870977782668937009e-02
1.256030150753768794e+03 2.025495360070741491e+00 1.871037656628567539e-02
1.261683417085427209e+03 2.025437075723936164e+00 1.871096358903161228e-02
1.267336683417085396e+03 2.025379746845106244e+00 1.871153918620684087e-02
1.272989949748743584e+03 2.025323351843183239e+00 1.871210364025279946e-02
1.278643216080401999e+03 2.025267869753057060e+00 1.871265722506052984e-02
1.284296482412060413e+03 2.025213280213365330e+00 1.871320020636514300e-02
1.289949748743718601e+03 2.025159563445217525e+00 1.871373284192655653e-02
1.295603015075376788e+03 2.025106700231805057e+00 1.871425538189987886e-02
1.301256281407035203e+03 2.025054671898857350e+00 1.871476806902771031e-02
1.306909547738693618e+03 2.025003460295900837e+00 1.871527113897467412e-02
1.312562814070351806e+03 2.024953047778286219e+00 1.871576482049569848e-02
1.318216080402009993e+03 2.024903417189942267e+00 1.871624933572284960e-02
1.323869346733668408e+03 2.024854551846830830e+00 1.871672490038083642e-02
1.329522613065326595e+03 2.024806435521058212e+00 1.871719172399056302e-02
1.335175879396984783e+03 2.024759052425626482e+00 1.871765001012003216e-02
1.340829145728643198e+03 2.024712387199780306e+00 1.871809995654023437e-02
1.346482412060301613e+03 2.024666424894937755e+00 1.871854175542840212e-02
1.352135678391959800e+03 2.024621150961165128e+00 1.871897559357119795e-02
1.357788944723617988e+03 2.024576551234180233e+00 1.871940165254407443e-02
1.363442211055276402e+03 2.024532611922853054e+00 1.871982010886683034e-02
1.369095477386934817e+03 2.024489319597191805e+00 1.872023113415912515e-02
1.374748743718593005e+03 2.024446661176778406e+00 1.872063489534333755e-02
1.380402010050251192e+03 2.024404623919653368e+00 1.872103155477621017e-02
1.386055276381909607e+03 2.024363195411604810e+00 1.872142127035670775e-02
1.391708542713567795e+03 2.024322363555871362e+00 1.872180419574057467e-02
1.397361809045225982e+03 2.024282116563218104e+00 1.872218048042434066e-02
1.403015075376884397e+03 2.024242442942388198e+00 1.872255026990047796e-02
1.408668341708542812e+03 2.024203331490895597e+00 1.872291370575317887e-02
1.414321608040200999e+03 2.024164771286162789e+00 1.872327092584898794e-02
1.419974874371859187e+03 2.024126751676974312e+00 1.872362206436132409e-02
1.425628140703517602e+03 2.024089262275244661e+00 1.872396725197289502e-02
1.431281407035176017e+03 2.024052292948072207e+00 1.872430661592387052e-02
1.436934673366834204e+03 2.024015833810090648e+00 1.872464028015489654e-02
1.442587939698492391e+03 2.023979875216076252e+00 1.872496836537893006e-02
1.448241206030150806e+03 2.023944407753828667e+00 1.872529098920046667e-02
1.453894472361808994e+03 2.023909422237294642e+00 1.872560826618731300e-02
1.459547738693467409e+03 2.023874909699932001e+00 1.872592030802532406e-02
1.465201005025125596e+03 2.023840861388308987e+00 1.872622722350710672e-02
1.470854271356784011e+03 2.023807268755915434e+00 1.872652911869855663e-02
1.476507537688442198e+03 2.023774123457196428e+00 1.872682609699865761e-02
1.482160804020100386e+03 2.023741417341780480e+00 1.872711825918741205e-02
1.487814070351758801e+03 2.023709142448909759e+00 1.872740570353299827e-02
1.493467336683416988e+03 2.023677291002056844e+00 1.872768852589893826e-02
1.499120603015075403e+03 2.023645855403718219e+00 1.872796681973266583e-02
1.504773869346733591e+03 2.023614828230388518e+00 1.872824067619634214e-02
1.510427135678392006e+03 2.023584202227695084e+00 1.872851018422654057e-02
1.516080402010050193e+03 2.023553970305697725e+00 1.872877543058203142e-02
1.521733668341708608e+03 2.023524125534341245e+00 1.872903649989156316e-02
1.527386934673366795e+03 2.023494661139055850e+00 1.872929347478461196e-02
1.533040201005025210e+03 2.023465570496501886e+00 1.872954643586799417e-02
1.538693467336683398e+03 2.023436847130451799e+00 1.872979546183288144e-02
1.544346733668341585e+03 2.023408484707804433e+00 1.873004062945508516e-02
1.550000000000000000e+03 2.023380477034726788e+00 1.873028201373761609e-02
