4.250000000000000000e+02 1.662118485958530512e+00 3.784044006775397206e-01
4.306532663316583012e+02 1.769171372453844038e+00 3.522848162653226534e-01
4.363065326633166023e+02 1.825738011049102827e+00 3.376039079576328428e-01
4.419597989949749035e+02 1.866810393895355080e+00 3.258120037591593077e-01
4.476130653266331478e+02 1.900786623151433208e+00 3.149749152363243709e-01
4.532663316582914490e+02 1.930938884664501476e+00 3.043385214618071766e-01
4.589195979899497502e+02 1.958868739372702450e+00 2.935123821731611127e-01
4.645728643216080513e+02 1.985473083340536959e+00 2.822471378310870138e-01
4.702261306532663525e+02 2.011299597468953149e+00 2.703511295408249637e-01
4.758793969849245968e+02 2.036701187847193228e+00 2.576498717946902883e-01
4.815326633165828980e+02 2.061910028260405259e+00 2.439593057386021946e-01
4.871859296482411992e+02 2.087073474344905755e+00 2.290602164501840399e-01
4.928391959798995003e+02 2.112266764500839500e+00 2.126638228340039238e-01
4.984924623115578015e+02 2.137482584650296502e+00 1.943527754395227292e-01
5.041457286432161027e+02 2.162575933785666038e+00 1.734595430144433847e-01
5.097989949748744039e+02 2.187063498441395915e+00 1.487611187417802183e-01
5.154522613065327050e+02 2.209156612425111188e+00 1.174436877448007399e-01
5.211055276381910062e+02 2.213289406390245961e+00 6.787160241219149237e-02
5.267587939698491937e+02 2.182001560838565002e+00 2.071947102150082168e-02
5.324120603015074948e+02 2.142566579989956477e+00 2.111437442671457165e-02
5.380653266331657960e+02 2.119832576192429485e+00 2.135377877849365877e-02
5.437185929648240972e+02 2.103857152421689136e+00 2.152829666510465770e-02
5.493718592964823983e+02 2.091663941808970417e+00 2.166558162984084587e-02
5.550251256281406995e+02 2.081908953621947500e+00 2.177832151249887993e-02
5.606783919597990007e+02 2.073858800277039727e+00 2.187354185018060976e-02
5.663316582914573019e+02 2.067066017226138808e+00 2.195558866146113397e-02
5.719849246231156030e+02 2.061236513430467987e+00 2.202735620478691800e-02
5.776381909547739042e+02 2.056166403069979776e+00 2.209087669181755698e-02
5.832914572864322054e+02 2.051708521582613631e+00 2.214763525269635921e-02
5.889447236180903928e+02 2.047753233639066917e+00 2.219875179000612569e-02
5.945979899497488077e+02 2.044216752023637174e+00 2.224509245056707080e-02
6.002512562814069952e+02 2.041033680783471027e+00 2.228734127734715437e-02
6.059045226130652964e+02 2.038152066536469853e+00 2.232604808092803275e-02
6.115577889447235975e+02 2.035530006597091823e+00 2.236166146698546214e-02
6.172110552763818987e+02 2.033133259903419976e+00 2.239455224931097971e-02
6.228643216080401999e+02 2.030933524506741250e+00 2.242503043782486175e-02
6.285175879396985010e+02 2.028907170254095060e+00 2.245335781560661020e-02
6.341708542713568022e+02 2.027034289701635128e+00 2.247975741647381329e-02
6.398241206030151034e+02 2.025297976135452149e+00 2.250442077918242412e-02
6.454773869346734045e+02 2.023683766649084781e+00 2.252751357779850944e-02
6.511306532663315920e+02 2.022179207144652047e+00 2.254918004653866381e-02
6.567839195979900069e+02 2.020773508718214817e+00 2.256954649677311159e-02
6.624371859296481944e+02 2.019457273446229717e+00 2.258872414110098606e-02
6.680904522613064955e+02 2.018222273510900333e+00 2.260681138233357548e-02
6.737437185929647967e+02 2.017061271768078257e+00 2.262389568484064056e-02
6.793969849246230979e+02 2.015967874837017337e+00 2.264005511634962012e-02
6.850502512562813990e+02 2.014936411946286920e+00 2.265535962772165235e-02
6.907035175879397002e+02 2.013961834350727731e+00 2.266987212229561871e-02
6.963567839195980014e+02 2.013039631307190991e+00 2.268364935503947369e-02
7.020100502512563025e+02 2.012165759476518989e+00 2.269674269310808373e-02
7.076633165829146037e+02 2.011336583285718849e+00 2.270919876255500167e-02
7.133165829145727912e+02 2.010548824293890480e+00 2.272106000116987101e-02
7.189698492462312061e+02 2.009799517998571261e+00 2.273236513328171643e-02
7.246231155778893935e+02 2.009085976824766639e+00 2.274314957943685683e-02
7.302763819095478084e+02 2.008405758278412723e+00 2.275344581132880684e-02
7.359296482412059959e+02 2.007756637434954250e+00 2.276328366057693564e-02
7.415829145728642970e+02 2.007136583083777293e+00 2.277269058834425347e-02
7.472361809045225982e+02 2.006543736969245817e+00 2.278169192165902662e-02
7.528894472361808994e+02 2.005976395665502565e+00 2.279031106116695404e-02
7.585427135678392006e+02 2.005432994700257154e+00 2.279856966448130101e-02
7.641959798994975017e+02 2.004912094606144723e+00 2.280648780834002715e-02
7.698492462311558029e+02 2.004412368630102748e+00 2.281408413260836016e-02
7.755025125628139904e+02 2.003932591873716973e+00 2.282137596836784216e-02
7.811557788944724052e+02 2.003471631672588682e+00 2.282837945220306947e-02
7.868090452261305927e+02 2.003028439051843357e+00 2.283510962852535950e-02
7.924623115577890076e+02 2.002602041119059706e+00 2.284158054121213435e-02
7.981155778894471950e+02 2.002191534276097418e+00 2.284780531604216694e-02
8.037688442211054962e+02 2.001796078148223135e+00 2.285379623490957704e-02
8.094221105527637974e+02 2.001414890143163205e+00 2.285956480286848932e-02
8.150753768844220986e+02 2.001047240564744811e+00 2.286512180871248454e-02
8.207286432160803997e+02 2.000692448215946939e+00 2.287047737986448379e-02
8.263819095477387009e+02 2.000349876434861063e+00 2.287564103226955026e-02
8.320351758793970021e+02 2.000018929514407517e+00 2.288062171577462736e-02
8.376884422110551895e+02 1.999699049462975387e+00 2.288542785536381782e-02
8.433417085427136044e+02 1.999389713068552510e+00 2.289006738891062251e-02
8.489949748743717919e+02 1.999090429233550292e+00 2.289454780164458178e-02
8.546482412060302067e+02 1.998800736551549440e+00 2.289887615764891332e-02
8.603015075376883942e+02 1.998520201100631555e+00 2.290305912881509046e-02
8.659547738693468091e+02 1.998248414430975561e+00 2.290710302136817270e-02
8.716080402010049966e+02 1.997984991726990289e+00 2.291101380027889961e-02
8.772613065326632977e+02 1.997729570126523857e+00 2.291479711169299577e-02
8.829145728643215989e+02 1.997481807181663793e+00 2.291845830368622466e-02
8.885678391959799001e+02 1.997241379447367349e+00 2.292200244529431913e-02
8.942211055276382012e+02 1.997007981185677794e+00 2.292543434421650400e-02
8.998743718592965024e+02 1.996781323174602329e+00 2.292875856308682417e-02
9.055276381909548036e+02 1.996561131611902740e+00 2.293197943462820659e-02
9.111809045226129911e+02 1.996347147105070441e+00 2.293510107561620368e-02
9.168341708542714059e+02 1.996139123739668175e+00 2.293812739990326241e-02
9.224874371859295934e+02 1.995936828219025516e+00 2.294106213045375015e-02
9.281407035175880083e+02 1.995740039068978122e+00 2.294390881060102971e-02
9.337939698492461957e+02 1.995548545901981941e+00 2.294667081445668846e-02
9.394472361809044969e+02 1.995362148735481123e+00 2.294935135663418377e-02
9.451005025125627981e+02 1.995180657359920229e+00 2.295195350134713111e-02
9.507537688442210992e+02 1.995003890752221176e+00 2.295448017080685757e-02
9.564070351758794004e+02 1.994831676530958608e+00 2.295693415316766781e-02
9.620603015075377016e+02 1.994663850449806652e+00 2.295931810987640598e-02
9.677135678391960028e+02 1.994500255926155097e+00 2.296163458259692369e-02
9.733668341708543039e+02 1.994340743602082133e+00 2.296388599964314242e-02
9.790201005025126051e+02 1.994185170935111717e+00 2.296607468203306843e-02
9.846733668341707926e+02 1.994033401816433404e+00 2.296820284917445998e-02
9.903266331658290937e+02 1.993885306214448816e+00 2.297027262418312871e-02
9.959798994974873949e+02 1.993740759841711174e+00 2.297228603884442222e-02
1.001633165829145696e+03 1.993599643843484426e+00 2.297424503833463832e-02
1.007286432160803997e+03 1.993461844506301484e+00 2.297615148561128751e-02
1.012939698492462298e+03 1.993327252985041431e+00 2.297800716556945913e-02
1.018592964824120600e+03 1.993195765047161894e+00 2.297981378891659002e-02
1.024246231155778787e+03 1.993067280832851784e+00 2.298157299587729602e-02
1.029899497487437202e+03 1.992941704629949129e+00 2.298328635962241379e-02
1.035552763819095617e+03 1.992818944662584579e+00 2.298495538955802955e-02
1.041206030150753804e+03 1.992698912892578500e+00 2.298658153436854840e-02
1.046859296482411992e+03 1.992581524832703455e+00 2.298816618495432007e-02
1.052512562814070407e+03 1.992466699370999850e+00 2.298971067714815700e-02
1.058165829145728594e+03 1.992354358605380238e+00 2.299121629431255878e-02
1.063819095477386782e+03 1.992244427687835273e+00 2.299268426978402086e-02
1.069472361809045196e+03 1.992136834677592061e+00 2.299411578919858395e-02
1.075125628140703611e+03 1.992031510402634265e+00 2.299551199266012397e-02
1.080778894472361799e+03 1.991928388329032407e+00 2.299687397683860407e-02
1.086432160804019986e+03 1.991827404437578108e+00 2.299820279691633385e-02
1.092085427135678401e+03 1.991728497107248641e+00 2.299949946844520934e-02
1.097738693467336816e+03 1.991631607005065252e+00 2.300076496912476648e-02
1.103391959798995003e+03 1.991536676981943810e+00 2.300200024046252303e-02
1.109045226130653191e+03 1.991443651974156070e+00 2.300320618936993119e-02
1.114698492462311606e+03 1.991352478910056956e+00 2.300438368965054131e-02
1.120351758793969793e+03 1.991263106621751433e+00 2.300553358343846930e-02
1.126005025125627981e+03 1.991175485761398134e+00 2.300665668257761629e-02
1.131658291457286396e+03 1.991089568721870373e+00 2.300775376985966791e-02
1.137311557788944810e+03 1.991005309561511005e+00 2.300882560031401736e-02
1.142964824120602998e+03 1.990922663932738867e+00 2.300987290231808202e-02
1.148618090452261185e+03 1.990841589014278989e+00 2.301089637875969318e-02
1.154271356783919600e+03 1.990762043446801632e+00 2.301189670802965617e-02
1.159924623115578015e+03 1.990683987271776312e+00 2.301287454509549912e-02
1.165577889447236203e+03 1.990607381873352733e+00 2.301383052241033969e-02
1.171231155778894390e+03 1.990532189923095219e+00 2.301476525084515667e-02
1.176884422110552805e+03 1.990458375327412543e+00 2.301567932055278987e-02
1.182537688442210992e+03 1.990385903177525728e+00 2.301657330180236286e-02
1.188190954773869180e+03 1.990314739701837032e+00 2.301744774576966468e-02
1.193844221105527595e+03 1.990244852220566019e+00 2.301830318528356664e-02
1.199497487437186010e+03 1.990176209102526350e+00 2.301914013554776442e-02
1.205150753768844197e+03 1.990108779723928745e+00 2.301995909484275821e-02
1.210804020100502385e+03 1.990042534429098842e+00 2.302076054516465770e-02
1.216457286432160799e+03 1.989977444493009617e+00 2.302154495285387709e-02
1.222110552763819214e+03 1.989913482085527541e+00 2.302231276919936703e-02
1.227763819095477402e+03 1.989850620237286760e+00 2.302306443102312625e-02
1.233417085427135589e+03 1.989788832807102503e+00 2.302380036120168366e-02
1.239070351758794004e+03 1.989728094450843310e+00 2.302452096920172206e-02
1.244723618090452419e+03 1.989668380591689933e+00 2.302522665159608198e-02
1.250376884422110379e+03 1.989609667391706083e+00 2.302591779251197956e-02
1.256030150753768794e+03 1.989551931724655054e+00 2.302659476412234271e-02
1.261683417085427209e+03 1.989495151150002528e+00 2.302725792705491784e-02
1.267336683417085396e+03 1.989439303888038912e+00 2.302790763083488457e-02
1.272989949748743584e+03 1.989384368796073943e+00 2.302854421427904391e-02
1.278643216080401999e+03 1.989330325345642470e+00 2.302916800588494448e-02
1.284296482412060413e+03 1.989277153600677694e+00 2.302977932420054510e-02
1.289949748743718601e+03 1.989224834196600789e+00 2.303037847816476538e-02
1.295603015075376788e+03 1.989173348320283363e+00 2.303096576747676663e-02
1.301256281407035203e+03 1.989122677690844165e+00 2.303154148290241510e-02
1.306909547738693618e+03 1.989072804541231143e+00 2.303210590658057166e-02
1.312562814070351806e+03 1.989023711600564237e+00 2.303265931233889827e-02
1.318216080402009993e+03 1.988975382077190490e+00 2.303320196598057645e-02
1.323869346733668408e+03 1.988927799642427718e+00 2.303373412555644734e-02
1.329522613065326595e+03 1.988880948414955885e+00 2.303425604162739893e-02
1.335175879396984783e+03 1.988834812945837527e+00 2.303476795753144415e-02
1.340829145728643198e+03 1.988789378204124159e+00 2.303527010961211804e-02
1.346482412060301613e+03 1.988744629563035327e+00 2.303576272746608866e-02
1.352135678391959800e+03 1.988700552786673903e+00 2.303624603418099465e-02
1.357788944723617988e+03 1.988657134017261408e+00 2.303672024652019673e-02
1.363442211055276402e+03 1.988614359762863160e+00 2.303718557516044180e-02
1.369095477386934817e+03 1.988572216885587274e+00 2.303764222489090505e-02
1.374748743718593005e+03 1.988530692590231741e+00 2.303809039478805706e-02
1.380402010050251192e+03 1.988489774413363609e+00 2.303853027841935158e-02
1.386055276381909607e+03 1.988449450212808722e+00 2.303896206402279018e-02
1.391708542713567795e+03 1.988409708157535372e+00 2.303938593467190835e-02
1.397361809045225982e+03 1.988370536717915860e+00 2.303980206844558412e-02
1.403015075376884397e+03 1.988331924656346006e+00 2.304021063858327154e-02
1.408668341708542812e+03 1.988293861018211706e+00 2.304061181364504274e-02
1.414321608040200999e+03 1.988256335123185892e+00 2.304100575766673820e-02
1.419974874371859187e+03 1.988219336556841021e+00 2.304139263028132448e-02
1.425628140703517602e+03 1.988182855162564655e+00 2.304177258688361665e-02
1.431281407035176017e+03 1.988146881033768132e+00 2.304214577874189734e-02
1.436934673366834204e+03 1.988111404506369251e+00 2.304251235313364149e-02
1.442587939698492391e+03 1.988076416151545844e+00 2.304287245347632837e-02
1.448241206030150806e+03 1.988041906768744704e+00 2.304322621943898780e-02
1.453894472361808994e+03 1.988007867378933646e+00 2.304357378705369080e-02
1.459547738693467409e+03 1.987974289218092272e+00 2.304391528883182119e-02
1.465201005025125596e+03 1.987941163730927885e+00 2.304425085387069513e-02
1.470854271356784011e+03 1.987908482564806789e+00 2.304458060796494775e-02
1.476507537688442198e+03 1.987876237563897419e+00 2.304490467368417936e-02
1.482160804020100386e+03 1.987844420763510866e+00 2.304522317049393851e-02
1.487814070351758801e+03 1.987813024384634142e+00 2.304553621482848327e-02
1.493467336683416988e+03 1.987782040828649066e+00 2.304584392019245337e-02
1.499120603015075403e+03 1.987751462672228575e+00 2.304614639725284173e-02
1.504773869346733591e+03 1.987721282662402666e+00 2.304644375390689851e-02
1.510427135678392006e+03 1.987691493711789326e+00 2.304673609536926279e-02
1.516080402010050193e+03 1.987662088893983769e+00 2.304702352425425441e-02
1.521733668341708608e+03 1.987633061439097348e+00 2.304730614065333624e-02
1.527386934673366795e+03 1.987604404729443663e+00 2.304758404219328996e-02
1.533040201005025210e+03 1.987576112295367681e+00 2.304785732412327134e-02
1.538693467336683398e+03 1.987548177811203631e+00 2.304812607938259289e-02
1.544346733668341585e+03 1.987520595091371245e+00 2.304839039864920239e-02
1.550000000000000000e+03 1.987493358086589446e+00 2.304865037042670706e-02
