4.250000000000000000e+02 1.838516569121449118e+00 3.582641051612150407e-01
4.306532663316583012e+02 1.941511438500272746e+00 3.360742396093228113e-01
4.363065326633166023e+02 1.996212000730304137e+00 3.231402423573555005e-01
4.419597989949749035e+02 2.036068998675618857e+00 3.124963647476798889e-01
4.476130653266331478e+02 2.069131440123699317e+00 3.025399830987224870e-01
4.532663316582914490e+02 2.098540506064552780e+00 2.926357267643142634e-01
4.589195979899497502e+02 2.125835704955139960e+00 2.824466810075129675e-01
4.645728643216080513e+02 2.151880381287350374e+00 2.717503004619880591e-01
4.702261306532663525e+02 2.177202632332621235e+00 2.603683672437965280e-01
4.758793969849245968e+02 2.202143591044922744e+00 2.481317182208810090e-01
4.815326633165828980e+02 2.226928639745918481e+00 2.348553416409386585e-01
4.871859296482411992e+02 2.251702117903138678e+00 2.203124928702394347e-01
4.928391959798995003e+02 2.276539920698807951e+00 2.041974904937922664e-01
4.984924623115578015e+02 2.301440267377841131e+00 1.860589210236443247e-01
5.041457286432161027e+02 2.326272376965227817e+00 1.651562293819866800e-01
5.097989949748744039e+02 2.350586278261979523e+00 1.400801104991713508e-01
5.154522613065327050e+02 2.372656904457929983e+00 1.073337030492184652e-01
5.211055276381910062e+02 2.365084662594369558e+00 4.590337368410318808e-02
5.267587939698491937e+02 2.327290292795334725e+00 2.092021060754691714e-02
5.324120603015074948e+02 2.294824179615993387e+00 2.123118307864864732e-02
5.380653266331657960e+02 2.274951589771016192e+00 2.143101014443744498e-02
5.437185929648240972e+02 2.260646080480290365e+00 2.158035365523167798e-02
5.493718592964823983e+02 2.249584616886397548e+00 2.169957189605814518e-02
5.550251256281406995e+02 2.240663026930000079e+00 2.179847845348300769e-02
5.606783919597990007e+02 2.233259814422656753e+00 2.188267159473746698e-02
5.663316582914573019e+02 2.226987886191147403e+00 2.195568350376927644e-02
5.719849246231156030e+02 2.221589085715953704e+00 2.201989965076956920e-02
5.776381909547739042e+02 2.216882488792511374e+00 2.207701262125109920e-02
5.832914572864322054e+02 2.212736412012060505e+00 2.212826947006332756e-02
5.889447236180903928e+02 2.209052105643213970e+00 2.217461677383182617e-02
5.945979899497488077e+02 2.205753699621854746e+00 2.221679063716474820e-02
6.002512562814069952e+02 2.202781718077750028e+00 2.225537511739688126e-02
6.059045226130652964e+02 2.200088738136639854e+00 2.229084157356380977e-02
6.115577889447235975e+02 2.197636392967985852e+00 2.232357599562555250e-02
6.172110552763818987e+02 2.195393247993806085e+00 2.235389848747960581e-02
6.228643216080401999e+02 2.193333261650666000e+00 2.238207747137844345e-02
6.285175879396985010e+02 2.191434647805952096e+00 2.240834024802283372e-02
6.341708542713568022e+02 2.189679020481759331e+00 2.243288098306080863e-02
6.398241206030151034e+02 2.188050740995580057e+00 2.245586683975918721e-02
6.454773869346734045e+02 2.186536412822047026e+00 2.247744275249170809e-02
6.511306532663315920e+02 2.185124485973561015e+00 2.249773518794378688e-02
6.567839195979900069e+02 2.183804943736382675e+00 2.251685514159826665e-02
6.624371859296481944e+02 2.182569052134655241e+00 2.253490054914538548e-02
6.680904522613064955e+02 2.181409157732098869e+00 2.255195824488419321e-02
6.737437185929647967e+02 2.180318523080319704e+00 2.256810556579374322e-02
6.793969849246230979e+02 2.179291191774310743e+00 2.258341167550738035e-02
6.850502512562813990e+02 2.178321877002225904e+00 2.259793866512136915e-02
6.907035175879397002e+02 2.177405868893638630e+00 2.261174247441776614e-02
6.963567839195980014e+02 2.176538957024890308e+00 2.262487366777685485e-02
7.020100502512563025e+02 2.175717365232928469e+00 2.263737809136647308e-02
7.076633165829146037e+02 2.174937696491051398e+00 2.264929743279441021e-02
7.133165829145727912e+02 2.174196886061256606e+00 2.266066970025827979e-02
7.189698492462312061e+02 2.173492161494356090e+00 2.267152963454592204e-02
7.246231155778893935e+02 2.172821008326720538e+00 2.268190906507023055e-02
7.302763819095478084e+02 2.172181140540423439e+00 2.269183721868722747e-02
7.359296482412059959e+02 2.171570475025749403e+00 2.270134098873784895e-02
7.415829145728642970e+02 2.170987109422055639e+00 2.271044517032048959e-02
7.472361809045225982e+02 2.170429302822593165e+00 2.271917266664035331e-02
7.528894472361808994e+02 2.169895458917211251e+00 2.272754467077915674e-02
7.585427135678392006e+02 2.169384111218314093e+00 2.273558082627723936e-02
7.641959798994975017e+02 2.168893910073641962e+00 2.274329936928014967e-02
7.698492462311558029e+02 2.168423611216998559e+00 2.275071725498390221e-02
7.755025125628139904e+02 2.167972065647178148e+00 2.275785027022085225e-02
7.811557788944724052e+02 2.167538210657607323e+00 2.276471313410741854e-02
7.868090452261305927e+02 2.167121061865988185e+00 2.277131958808358003e-02
7.924623115577890076e+02 2.166719706115511013e+00 2.277768247685649922e-02
7.981155778894471950e+02 2.166333295137817139e+00 2.278381382121342710e-02
8.037688442211054962e+02 2.165961039883528283e+00 2.278972488361168114e-02
8.094221105527637974e+02 2.165602205439295602e+00 2.279542622754343953e-02
8.150753768844220986e+02 2.165256106461442620e+00 2.280092777125750439e-02
8.207286432160803997e+02 2.164922103065680226e+00 2.280623883648324676e-02
8.263819095477387009e+02 2.164599597120402397e+00 2.281136819273898650e-02
8.320351758793970021e+02 2.164288028897868976e+00 2.281632409767674063e-02
8.376884422110551895e+02 2.163986874043449138e+00 2.282111433384386226e-02
8.433417085427136044e+02 2.163695640828096067e+00 2.282574624232702049e-02
8.489949748743717919e+02 2.163413867653536826e+00 2.283022675350793174e-02
8.546482412060302067e+02 2.163141120783370397e+00 2.283456241520710056e-02
8.603015075376883942e+02 2.162876992276497656e+00 2.283875941860661479e-02
8.659547738693468091e+02 2.162621098102064821e+00 2.284282362198182884e-02
8.716080402010049966e+02 2.162373076417541284e+00 2.284676057257186907e-02
8.772613065326632977e+02 2.162132585993650657e+00 2.285057552676223597e-02
8.829145728643215989e+02 2.161899304771709218e+00 2.285427346863515632e-02
8.885678391959799001e+02 2.161672928540534055e+00 2.285785912722428440e-02
8.942211055276382012e+02 2.161453169721490930e+00 2.286133699229472502e-02
8.998743718592965024e+02 2.161239756251489119e+00 2.286471132914870766e-02
9.055276381909548036e+02 2.161032430554812311e+00 2.286798619218923315e-02
9.111809045226129911e+02 2.160830948595634293e+00 2.287116543757586676e-02
9.168341708542714059e+02 2.160635079003922154e+00 2.287425273500514125e-02
9.224874371859295934e+02 2.160444602268163372e+00 2.287725157857984845e-02
9.281407035175880083e+02 2.160259309989024157e+00 2.288016529702241106e-02
9.337939698492461957e+02 2.160079004188637963e+00 2.288299706309877835e-02
9.394472361809044969e+02 2.159903496670732448e+00 2.288574990242990895e-02
9.451005025125627981e+02 2.159732608427286316e+00 2.288842670177027375e-02
9.507537688442210992e+02 2.159566169087807186e+00 2.289103021665821885e-02
9.564070351758794004e+02 2.159404016407697302e+00 2.289356307863379958e-02
9.620603015075377016e+02 2.159245995792510975e+00 2.289602780190908363e-02
9.677135678391960028e+02 2.159091959855193199e+00 2.289842678969595743e-02
9.733668341708543039e+02 2.158941768003664663e+00 2.290076234010523723e-02
9.790201005025126051e+02 2.158795286056351070e+00 2.290303665165698693e-02
9.846733668341707926e+02 2.158652385883475855e+00 2.290525182842239812e-02
9.903266331658290937e+02 2.158512945072116107e+00 2.290740988498224384e-02
9.959798994974873949e+02 2.158376846613215605e+00 2.290951275091190203e-02
1.001633165829145696e+03 2.158243978608884284e+00 2.291156227510383545e-02
1.007286432160803997e+03 2.158114233998472908e+00 2.291356022985063107e-02
1.012939698492462298e+03 2.157987510302032064e+00 2.291550831458256943e-02
1.018592964824120600e+03 2.157863709379879591e+00 2.291740815949283930e-02
1.024246231155778787e+03 2.157742737207110295e+00 2.291926132889585480e-02
1.029899497487437202e+03 2.157624503661980775e+00 2.292106932441597203e-02
1.035552763819095617e+03 2.157508922327177725e+00 2.292283358799735923e-02
1.041206030150753804e+03 2.157395910303064657e+00 2.292455550473535691e-02
1.046859296482411992e+03 2.157285388032080586e+00 2.292623640552000214e-02
1.052512562814070407e+03 2.157177279133514869e+00 2.292787756962760132e-02
1.058165829145728594e+03 2.157071510247954738e+00 2.292948022707663389e-02
1.063819095477386782e+03 2.156968010890748744e+00 2.293104556088380180e-02
1.069472361809045196e+03 2.156866713313886130e+00 2.293257470921081925e-02
1.075125628140703611e+03 2.156767552375732144e+00 2.293406876741180267e-02
1.080778894472361799e+03 2.156670465418106808e+00 2.293552878992335606e-02
1.086432160804019986e+03 2.156575392150222648e+00 2.293695579211377233e-02
1.092085427135678401e+03 2.156482274539047950e+00 2.293835075196560061e-02
1.097738693467336816e+03 2.156391056705677656e+00 2.293971461178538618e-02
1.103391959798995003e+03 2.156301684827337972e+00 2.294104827965996740e-02
1.109045226130653191e+03 2.156214107044665873e+00 2.294235263102731986e-02
1.114698492462311606e+03 2.156128273373940196e+00 2.294362851001360143e-02
1.120351758793969793e+03 2.156044135623957025e+00 2.294487673077847539e-02
1.126005025125627981e+03 2.155961647317263363e+00 2.294609807879137778e-02
1.131658291457286396e+03 2.155880763615491968e+00 2.294729331203885364e-02
1.137311557788944810e+03 2.155801441248542893e+00 2.294846316212431278e-02
1.142964824120602998e+03 2.155723638447390567e+00 2.294960833543446127e-02
1.148618090452261185e+03 2.155647314880294374e+00 2.295072951409191792e-02
1.154271356783919600e+03 2.155572431592220006e+00 2.295182735700364643e-02
1.159924623115578015e+03 2.155498950947284609e+00 2.295290250079244643e-02
1.165577889447236203e+03 2.155426836574045879e+00 2.295395556064059109e-02
1.171231155778894390e+03 2.155356053313480569e+00 2.295498713121979506e-02
1.176884422110552805e+03 2.155286567169491629e+00 2.295599778744634653e-02
1.182537688442210992e+03 2.155218345261812107e+00 2.295698808531300428e-02
1.188190954773869180e+03 2.155151355781161460e+00 2.295795856258485423e-02
1.193844221105527595e+03 2.155085567946536163e+00 2.295890973950430111e-02
1.199497487437186010e+03 2.155020951964517817e+00 2.295984211951483320e-02
1.205150753768844197e+03 2.154957478990482844e+00 2.296075618987795941e-02
1.210804020100502385e+03 2.154895121091620513e+00 2.296165242226062483e-02
1.216457286432160799e+03 2.154833851211650497e+00 2.296253127338993005e-02
1.222110552763819214e+03 2.154773643137161798e+00 2.296339318557201470e-02
1.227763819095477402e+03 2.154714471465477121e+00 2.296423858722993275e-02
1.233417085427135589e+03 2.154656311573969418e+00 2.296506789346050917e-02
1.239070351758794004e+03 2.154599139590750223e+00 2.296588150646514115e-02
1.244723618090452419e+03 2.154542932366664054e+00 2.296667981608667072e-02
1.250376884422110379e+03 2.154487667448515165e+00 2.296746320021056387e-02
1.256030150753768794e+03 2.154433323053472460e+00 2.296823202524320845e-02
1.261683417085427209e+03 2.154379878044583752e+00 2.296898664648355098e-02
1.267336683417085396e+03 2.154327311907349607e+00 2.296972740856220718e-02
1.272989949748743584e+03 2.154275604727303506e+00 2.297045464577397375e-02
1.278643216080401999e+03 2.154224737168545900e+00 2.297116868250680469e-02
1.284296482412060413e+03 2.154174690453186436e+00 2.297186983352557388e-02
1.289949748743718601e+03 2.154125446341653038e+00 2.297255840436199237e-02
1.295603015075376788e+03 2.154076987113818564e+00 2.297323469160766560e-02
1.301256281407035203e+03 2.154029295550913936e+00 2.297389898323599911e-02
1.306909547738693618e+03 2.153982354918182907e+00 2.297455155888524295e-02
1.312562814070351806e+03 2.153936148948251361e+00 2.297519269015110485e-02
1.318216080402009993e+03 2.153890661825167641e+00 2.297582264089850085e-02
1.323869346733668408e+03 2.153845878169089012e+00 2.297644166744755578e-02
1.329522613065326595e+03 2.153801783021583205e+00 2.297705001889477003e-02
1.335175879396984783e+03 2.153758361831516144e+00 2.297764793730843955e-02
1.340829145728643198e+03 2.153715600441497013e+00 2.297823565800127463e-02
1.346482412060301613e+03 2.153673485074858895e+00 2.297881340975456779e-02
1.352135678391959800e+03 2.153632002323145667e+00 2.297938141497464851e-02
1.357788944723617988e+03 2.153591139134086951e+00 2.297993988996519313e-02
1.363442211055276402e+03 2.153550882800039368e+00 2.298048904513179391e-02
1.369095477386934817e+03 2.153511220946866533e+00 2.298102908509947265e-02
1.374748743718593005e+03 2.153472141523247618e+00 2.298156020898473734e-02
1.380402010050251192e+03 2.153433632790390018e+00 2.298208261052260559e-02
1.386055276381909607e+03 2.153395683312127940e+00 2.298259647824188456e-02
1.391708542713567795e+03 2.153358281945393138e+00 2.298310199565001613e-02
1.397361809045225982e+03 2.153321417831042250e+00 2.298359934139856953e-02
1.403015075376884397e+03 2.153285080385018979e+00 2.298408868939066929e-02
1.408668341708542812e+03 2.153249259289845785e+00 2.298457020897534328e-02
1.414321608040200999e+03 2.153213944486424669e+00 2.298504406507417830e-02
1.419974874371859187e+03 2.153179126166137269e+00 2.298551041829824740e-02
1.425628140703517602e+03 2.153144794763227399e+00 2.298596942514229829e-02
1.431281407035176017e+03 2.153110940947463803e+00 2.298642123802431547e-02
1.436934673366834204e+03 2.153077555617054273e+00 2.298686600548924611e-02
1.442587939698492391e+03 2.153044629891824879e+00 2.298730387225816213e-02
1.448241206030150806e+03 2.153012155106629688e+00 2.298773497942223354e-02
1.453894472361808994e+03 2.152980122804996288e+00 2.298815946446282343e-02
1.459547738693467409e+03 2.152948524732992475e+00 2.298857746144540234e-02
1.465201005025125596e+03 2.152917352833307429e+00 2.298898910104921547e-02
1.470854271356784011e+03 2.152886599239534071e+00 2.298939451072250229e-02
1.476507537688442198e+03 2.152856256270650359e+00 2.298979381475074052e-02
1.482160804020100386e+03 2.152826316425691555e+00 2.299018713434418382e-02
1.487814070351758801e+03 2.152796772378594792e+00 2.299057458773502011e-02
1.493467336683416988e+03 2.152767616973228826e+00 2.299095629030349641e-02
1.499120603015075403e+03 2.152738843218583220e+00 2.299133235456878380e-02
1.504773869346733591e+03 2.152710444284120062e+00 2.299170289037298989e-02
1.510427135678392006e+03 2.152682413495283775e+00 2.299206800489130703e-02
1.516080402010050193e+03 2.152654744329153935e+00 2.299242780272904921e-02
1.521733668341708608e+03 2.152627430410245513e+00 2.299278238599935728e-02
1.527386934673366795e+03 2.152600465506443239e+00 2.299313185439123483e-02
1.533040201005025210e+03 2.152573843525071862e+00 2.299347630522789385e-02
1.538693467336683398e+03 2.152547558509091186e+00 2.299381583354439401e-02
1.544346733668341585e+03 2.152521604633414132e+00 2.299415053215564386e-02
1.550000000000000000e+03 2.152495976201343808e+00 2.299448049171465974e-02
