3.014175399999999740e+02 9.118108970386314960e-01 8.632969089449786526e-02
3.030137300000000096e+02 9.119317344489342725e-01 8.621383045396298350e-02
3.046100000000000136e+02 9.120495982996652540e-01 8.610081498002943035e-02
3.062062399999999798e+02 9.121646918832695405e-01 8.599044998364549497e-02
3.078025499999999965e+02 9.122772433902514022e-01 8.588251704770384631e-02
3.093988600000000133e+02 9.123874053652786253e-01 8.577687024874376676e-02
3.109952400000000239e+02 9.124954558056923570e-01 8.567324330670203492e-02
3.125916000000000281e+02 9.126016221884171165e-01 8.557141833862276503e-02
3.141880499999999756e+02 9.127060564232615247e-01 8.547124989671786577e-02
3.157844999999999800e+02 9.128090107004015463e-01 8.537249631046044118e-02
3.173809499999999844e+02 9.129106365641782572e-01 8.527501240698757978e-02
3.189774800000000141e+02 9.130110854170774282e-01 8.517865312024767988e-02
3.205739699999999743e+02 9.131104834315385554e-01 8.508329756026072888e-02
3.221705299999999852e+02 9.132090319239247744e-01 8.498875272093842081e-02
3.237671199999999772e+02 9.133068066307250543e-01 8.489494604661987354e-02
3.253636999999999944e+02 9.134038581463481687e-01 8.480182909125405510e-02
3.269603599999999801e+02 9.135001116712070379e-01 8.470947371786449742e-02
3.285570000000000164e+02 9.135956679199150887e-01 8.461778338420294920e-02
3.301537000000000148e+02 9.136904019869314109e-01 8.452687803684633128e-02
3.317504000000000133e+02 9.137843393945305204e-01 8.443673328477120654e-02
3.333471000000000117e+02 9.138774304952959060e-01 8.434739687131760644e-02
3.349438799999999787e+02 9.139696006373714265e-01 8.425894054446275705e-02
3.365406500000000278e+02 9.140607752278223641e-01 8.417143600662575775e-02
3.381374500000000012e+02 9.141508797313004919e-01 8.408495491563398871e-02
3.397342800000000125e+02 9.142398646969732701e-01 8.399954486239805118e-02
3.413311199999999985e+02 9.143276556851620551e-01 8.391527743034048192e-02
3.429279799999999909e+02 9.144142033278042092e-01 8.383220014577209833e-02
3.445248700000000213e+02 9.144994582886675216e-01 8.375036050998166393e-02
3.461217700000000264e+02 9.145833462530832403e-01 8.366983000869195053e-02
3.477187200000000189e+02 9.146658679669698033e-01 8.359060807569512752e-02
3.493156700000000114e+02 9.147469741671808707e-01 8.351274215430776193e-02
3.509126600000000167e+02 9.148265906220405252e-01 8.343630366462598258e-02
3.525095999999999776e+02 9.149047930860629840e-01 8.336122002722133606e-02
3.541066299999999956e+02 9.149815573038933003e-01 8.328751467602740766e-02
3.557036699999999882e+02 9.150569089899860398e-01 8.321516306446774536e-02
3.573007200000000125e+02 9.151309237851542600e-01 8.314409269895062238e-02
3.588977699999999800e+02 9.152035773751350245e-01 8.307432705718291455e-02
3.604948400000000106e+02 9.152748953904705775e-01 8.300584165571815720e-02
3.620919799999999782e+02 9.153449284000106934e-01 8.293858805661230571e-02
3.636890599999999836e+02 9.154137518915832494e-01 8.287249388237911962e-02
3.652862000000000080e+02 9.154813913818354854e-01 8.280753473617945282e-02
3.668833599999999819e+02 9.155478973168942325e-01 8.274366227361357184e-02
3.684805299999999875e+02 9.156133700034498890e-01 8.268078025433210632e-02
3.700776999999999930e+02 9.156778098973906710e-01 8.261888832909908276e-02
3.716748999999999796e+02 9.157412673326975616e-01 8.255793823925219876e-02
3.732721300000000042e+02 9.158038175464041641e-01 8.249785779914015071e-02
3.748693200000000161e+02 9.158655107918277638e-01 8.243859881199837314e-02
3.764665800000000218e+02 9.159263474265230132e-01 8.238016100365173899e-02
3.780638400000000274e+02 9.159863776593469842e-01 8.232249621132783912e-02
3.796610999999999763e+02 9.160456516670916205e-01 8.226555629689753790e-02
3.812583599999999819e+02 9.161042195952840972e-01 8.220929314628258600e-02
3.828556800000000067e+02 9.161620817241662440e-01 8.215370654446212118e-02
3.844529699999999934e+02 9.162193130732119162e-01 8.209872447293713182e-02
3.860502999999999929e+02 9.162758640656731846e-01 8.204439460918454274e-02
3.876476400000000240e+02 9.163318096858414918e-01 8.199064496171985794e-02
3.892449599999999919e+02 9.163871501638558570e-01 8.193747535383079372e-02
3.908423500000000104e+02 9.164418608270153976e-01 8.188490953517095494e-02
3.924397000000000162e+02 9.164959917062478478e-01 8.183289947960133148e-02
3.940370500000000220e+02 9.165495430159288359e-01 8.178144502229613144e-02
3.956344599999999900e+02 9.166025398598145468e-01 8.173052208229181215e-02
3.972318399999999770e+02 9.166549326628811167e-01 8.168017833487224710e-02
3.988292200000000207e+02 9.167068211833526714e-01 8.163031796141899388e-02
4.004266400000000203e+02 9.167581060725735753e-01 8.158103646507405826e-02
4.020240499999999884e+02 9.168088373026648252e-01 8.153228586478528106e-02
4.036215000000000259e+02 9.168590150677411454e-01 8.148406601087483658e-02
4.052189300000000003e+02 9.169085898142618207e-01 8.143642456140492980e-02
4.068163499999999999e+02 9.169576363604785563e-01 8.138928965268879545e-02
4.084137999999999806e+02 9.170061051520876916e-01 8.134270894320033696e-02
4.100112300000000118e+02 9.170540212488536014e-01 8.129665838535131417e-02
4.116086999999999989e+02 9.171013599744406442e-01 8.125116173029520161e-02
4.132062000000000239e+02 9.171481712375690876e-01 8.120617104574899547e-02
4.148036500000000046e+02 9.171943806439402103e-01 8.116175786738248632e-02
4.164011199999999917e+02 9.172400380956051702e-01 8.111787426795187550e-02
4.179986000000000104e+02 9.172851686203197241e-01 8.107449622443098358e-02
4.195960999999999785e+02 9.173297475380935984e-01 8.103164749042787718e-02
4.211935399999999845e+02 9.173737253330543906e-01 8.098937569378006351e-02
4.227910800000000222e+02 9.174172015619946885e-01 8.094758517162543854e-02
4.243885799999999904e+02 9.174601018603122382e-01 8.090634743599595113e-02
4.259860199999999963e+02 9.175025257521922661e-01 8.086556684937627748e-02
4.275835599999999772e+02 9.175443740429182204e-01 8.082533879345787931e-02
4.291810600000000022e+02 9.175857462326012515e-01 8.078556764942247670e-02
4.307785600000000272e+02 9.176265928024422980e-01 8.074630104700047939e-02
4.323760700000000270e+02 9.176669139060082969e-01 8.070753886679939149e-02
4.339735699999999952e+02 9.177067841689205974e-01 8.066920939433211424e-02
4.355710399999999822e+02 9.177461788973936274e-01 8.063133639337567715e-02
4.371685499999999820e+02 9.177851230455199572e-01 8.059389589775685370e-02
4.387660500000000070e+02 9.178235422867272453e-01 8.055695938923845834e-02
4.403636000000000195e+02 9.178615608421074601e-01 8.052040746427428786e-02
4.419610999999999876e+02 9.178991540080012612e-01 8.048426389419179039e-02
4.435586000000000126e+02 9.179362970888799156e-01 8.044855244390668181e-02
4.451560999999999808e+02 9.179730646302116659e-01 8.041320146139593894e-02
4.467535700000000247e+02 9.180094071191408078e-01 8.037825857127199602e-02
4.483510699999999929e+02 9.180453990787783569e-01 8.034365213896899061e-02
4.499485799999999927e+02 9.180809909966043403e-01 8.030942978876712268e-02
4.515460499999999797e+02 9.181162325745583219e-01 8.027554374882847621e-02
4.531435500000000047e+02 9.181511486990352466e-01 8.024197010566654076e-02
4.547410300000000234e+02 9.181857146567760086e-01 8.020873263786744423e-02
4.563385299999999916e+02 9.182199305353787588e-01 8.017583127713004409e-02
4.579359699999999975e+02 9.182538460035868377e-01 8.014321827755886696e-02
4.595334500000000162e+02 9.182874363460926670e-01 8.011091741926980314e-02
4.611309200000000033e+02 9.183207016420924518e-01 8.007892864048311854e-02
4.627283600000000092e+02 9.183537163244398505e-01 8.004718037723179691e-02
4.643258400000000279e+02 9.183864556699938841e-01 8.001569641572021940e-02
4.659232799999999770e+02 9.184188949632957621e-01 7.998450053609545973e-02
4.675206999999999766e+02 9.184510590538692565e-01 7.995356885361609711e-02
4.691181000000000267e+02 9.184829975594863694e-01 7.992285366228561727e-02
4.707155799999999886e+02 9.185146362078019378e-01 7.989242640069603441e-02
4.723129999999999882e+02 9.185460741593866052e-01 7.986219171539270245e-02
4.739103999999999814e+02 9.185772619179070064e-01 7.983219721759644838e-02
4.755077499999999873e+02 9.186081747711835055e-01 7.980246668476607963e-02
4.771051600000000121e+02 9.186388623154089217e-01 7.977295242779605666e-02
4.787025499999999738e+02 9.186693246008268421e-01 7.974365440746832012e-02
4.802998999999999796e+02 9.186995369141192080e-01 7.971459640209113684e-02
4.818972800000000234e+02 9.187295240718965639e-01 7.968575455266614649e-02
4.834946299999999724e+02 9.187592861234208375e-01 7.965712882070646872e-02
4.850919499999999971e+02 9.187888231176344345e-01 7.962871916796146476e-02
4.866893000000000029e+02 9.188181351031632360e-01 7.960052555641777827e-02
4.882866200000000276e+02 9.188471973743085330e-01 7.957257175831297658e-02
4.898838799999999765e+02 9.188760842410697016e-01 7.954478630607383915e-02
4.914812000000000012e+02 9.189047462394951404e-01 7.951721678527486070e-02
4.930784600000000069e+02 9.189331586683562314e-01 7.948988696459256820e-02
4.946757200000000125e+02 9.189613463268657689e-01 7.946277299863137300e-02
4.962730000000000246e+02 9.189893340067989413e-01 7.943585104784738060e-02
4.978702000000000112e+02 9.190170475192862565e-01 7.940919248484769322e-02
4.994674400000000105e+02 9.190445611456112829e-01 7.938272586462570557e-02
5.010646399999999971e+02 9.190718501864102441e-01 7.935647495432779364e-02
5.026618700000000217e+02 9.190988899488926611e-01 7.933046351590369860e-02
5.042590299999999957e+02 9.191257052196807331e-01 7.930466771381680657e-02
5.058562000000000012e+02 9.191522713086512919e-01 7.927911130788767302e-02
5.074533000000000129e+02 9.191786377314501433e-01 7.925374667225157377e-02
5.090504799999999932e+02 9.192047303326184027e-01 7.922864515307059818e-02
5.106476000000000113e+02 9.192305986253909156e-01 7.920375912636203053e-02
5.122446999999999662e+02 9.192562426530448416e-01 7.917908855814349833e-02
5.138417399999999589e+02 9.192816377318899779e-01 7.915465720310276010e-02
5.154388400000000274e+02 9.193068086343563206e-01 7.913044123683322939e-02
5.170358999999999696e+02 9.193317059557496451e-01 7.910648819796829712e-02
5.186329299999999876e+02 9.193564039130448506e-01 7.908272669214233552e-02
5.202298600000000306e+02 9.193808283820196214e-01 7.905922804076953581e-02
5.218268399999999474e+02 9.194050288506877555e-01 7.903594463971913564e-02
5.234238000000000284e+02 9.194290053597987677e-01 7.901287645693841344e-02
5.250208000000000084e+02 9.194527332339801351e-01 7.899004724047337112e-02
5.266177400000000262e+02 9.194762125177785572e-01 7.896745695525102249e-02
5.282146000000000186e+02 9.194994679681222083e-01 7.894508178904022233e-02
5.298115000000000236e+02 9.195224749129604636e-01 7.892294548723245706e-02
5.314083000000000538e+02 9.195452333955943525e-01 7.890104801571326543e-02
5.330051999999999452e+02 9.195677681673551929e-01 7.887936556665359200e-02
5.346019999999999754e+02 9.195900792664154499e-01 7.885789810997861915e-02
5.361988499999999931e+02 9.196121173193356757e-01 7.883669315949902445e-02
5.377955299999999852e+02 9.196339811889120419e-01 7.881565559623457395e-02
5.393923300000000154e+02 9.196555967953289334e-01 7.879485670637727257e-02
5.409891000000000076e+02 9.196770135824471337e-01 7.877424892062116768e-02
5.425857499999999618e+02 9.196982068824485212e-01 7.875385598094727935e-02
5.441824299999999539e+02 9.197191767314043531e-01 7.873367785890257597e-02
5.457790499999999838e+02 9.197399231650305040e-01 7.871371452630690491e-02
5.473757000000000517e+02 9.197604709148479163e-01 7.869394219094807963e-02
5.489723000000000184e+02 9.197808447068166471e-01 7.867433706501321400e-02
5.505688999999999851e+02 9.198009951807646356e-01 7.865494665174564692e-02
5.521653999999999769e+02 9.198209470633967877e-01 7.863574716273065424e-02
5.537618999999999687e+02 9.198407003849823349e-01 7.861673857407450172e-02
5.553584600000000364e+02 9.198602551755098444e-01 7.859792086209983764e-02
5.569548999999999523e+02 9.198796361532113330e-01 7.857927024509084313e-02
5.585513300000000072e+02 9.198988186565301151e-01 7.856081046001132939e-02
5.601477700000000368e+02 9.199178274007201450e-01 7.854251772749590299e-02
5.617441400000000158e+02 9.199366870959176934e-01 7.852436827223252536e-02
5.633404500000000326e+02 9.199553730799238105e-01 7.850638583168123574e-02
5.649367999999999483e+02 9.199738853776175951e-01 7.848857038618801962e-02
5.665330999999999904e+02 9.199922733762395666e-01 7.847087441122772844e-02
5.681293299999999817e+02 9.200104877329818853e-01 7.845334539623004255e-02
5.697255999999999858e+02 9.200285531510941084e-01 7.843595957132454277e-02
5.713218000000000529e+02 9.200464943289996533e-01 7.841869317046658294e-02
5.729179699999999684e+02 9.200643359603766225e-01 7.840152243137246679e-02
5.745140999999999849e+02 9.200820040322047477e-01 7.838451858719305831e-02
5.761101999999999634e+02 9.200995479168669888e-01 7.836763412516924154e-02
5.777062399999999798e+02 9.201169676310494427e-01 7.835086903212061527e-02
5.793022999999999456e+02 9.201343125356045149e-01 7.833417580443366446e-02
5.808982999999999493e+02 9.201515086272649135e-01 7.831762566750911925e-02
5.824942600000000539e+02 9.201686052655911885e-01 7.830117111875384284e-02
5.840901999999999816e+02 9.201856024635720610e-01 7.828481214791356557e-02
5.856861599999999726e+02 9.202024755663943401e-01 7.826857248654731092e-02
5.872820400000000518e+02 9.202192739234628105e-01 7.825240464011924690e-02
5.888777999999999793e+02 9.202359728787375959e-01 7.823633234115921764e-02
5.904736299999999574e+02 9.202525724449356348e-01 7.822035557962087049e-02
5.920694600000000491e+02 9.202691219615557472e-01 7.820442686882968231e-02
5.936651600000000144e+02 9.202855721100743347e-01 7.818859367890274026e-02
5.952608599999999797e+02 9.203019475643400282e-01 7.817283226327138845e-02
5.968564999999999827e+02 9.203182236734248622e-01 7.815716635039580973e-02
5.984521499999999605e+02 9.203344497681479330e-01 7.814154846049263525e-02
6.000476999999999634e+02 9.203506011964514011e-01 7.812600232291729008e-02
6.016432499999999663e+02 9.203666779675417908e-01 7.811052793040254572e-02
6.032387999999999693e+02 9.203826800905862138e-01 7.809512527570926232e-02
6.048342000000000098e+02 9.203986568847752903e-01 7.807974688828965559e-02
6.064296000000000504e+02 9.204145590450204528e-01 7.806444022757638712e-02
6.080249999999999773e+02 9.204303865804042140e-01 7.804920528639444632e-02
6.096204000000000178e+02 9.204462134557986897e-01 7.803397086995664256e-02
6.112156999999999698e+02 9.204619164164214995e-01 7.801885562045743350e-02
6.128110000000000355e+02 9.204776187268924881e-01 7.800374088796967198e-02
6.144062000000000126e+02 9.204932464403718928e-01 7.798869785303243207e-02
6.160013999999999896e+02 9.205088488615452702e-01 7.797367905662357102e-02
6.175965599999999540e+02 9.205244013464068953e-01 7.795870822168848857e-02
6.191916499999999814e+02 9.205398792549877030e-01 7.794380906796052888e-02
6.207867400000000089e+02 9.205553318858489265e-01 7.792893414128716778e-02
6.223817000000000235e+02 9.205707345979816658e-01 7.791410716222774147e-02
6.239767000000000507e+02 9.205860627543785979e-01 7.789935184815659219e-02
6.255716599999999517e+02 9.206013656475273699e-01 7.788462074975054106e-02
6.271665600000000040e+02 9.206166186393902606e-01 7.786993758520348308e-02
6.287613499999999931e+02 9.206318217357497558e-01 7.785530234995305388e-02
6.303561999999999443e+02 9.206469995812391893e-01 7.784069132063896335e-02
6.319509000000000469e+02 9.206621029028945191e-01 7.782615193112693563e-02
6.335456500000000233e+02 9.206772056200944743e-01 7.781161302281201786e-02
6.351403000000000247e+02 9.206922338249335924e-01 7.779714574524351778e-02
6.367349000000000387e+02 9.207072121610047066e-01 7.778272637588778959e-02
6.383294700000000148e+02 9.207221899019125688e-01 7.776830748044658015e-02
6.399239999999999782e+02 9.207370931485562293e-01 7.775396020145998455e-02
6.415185000000000173e+02 9.207519711735455692e-01 7.773963710542095007e-02
6.431128999999999678e+02 9.207667993485951774e-01 7.772536190275285140e-02
6.447073400000000447e+02 9.207815776793556450e-01 7.771113458899171766e-02
6.463016400000000203e+02 9.207963061714633524e-01 7.769695515968551291e-02
6.478959399999999960e+02 9.208109848305370271e-01 7.768282361039444139e-02
6.494901999999999589e+02 9.208256382893624803e-01 7.766871622718450607e-02
6.510843499999999722e+02 9.208402172982067535e-01 7.765468042541322224e-02
6.526784999999999854e+02 9.208547711160552929e-01 7.764066878242302516e-02
6.542726000000000113e+02 9.208692258726427493e-01 7.762675241777515500e-02
6.558666399999999612e+02 9.208836800727052685e-01 7.761283649666447793e-02
6.574606300000000374e+02 9.208980352263609337e-01 7.759901584212713921e-02
6.590545700000000124e+02 9.209123405877529533e-01 7.758524303536148969e-02
6.606485000000000127e+02 9.209265961623631647e-01 7.757151807203174765e-02
6.622423000000000002e+02 9.209407773360293037e-01 7.755786465129788088e-02
6.638360599999999749e+02 9.209549087356849739e-01 7.754425906388330569e-02
6.654298000000000002e+02 9.209689657489805725e-01 7.753072500750265994e-02
6.670235000000000127e+02 9.209829976177940081e-01 7.751721507312783754e-02
6.686170700000000124e+02 9.209969304969461978e-01 7.750380036031499775e-02
6.702106999999999744e+02 9.210107890123182539e-01 7.749045716062466505e-02
6.718042000000000371e+02 9.210245977860912481e-01 7.747716176856482562e-02
6.733976400000000240e+02 9.210383322103701254e-01 7.746393787829373989e-02
6.749910999999999603e+02 9.210520169054666750e-01 7.745076178580938275e-02
6.765843999999999596e+02 9.210655780424090722e-01 7.743770457773736793e-02
6.781777299999999968e+02 9.210791140765796081e-01 7.742467145861321731e-02
6.797709399999999960e+02 9.210925757912516998e-01 7.741170981746478552e-02
6.813641400000000203e+02 9.211059631942816184e-01 7.739881964805075953e-02
6.829573000000000320e+02 9.211192762934873324e-01 7.738600094416059338e-02
6.845503499999999804e+02 9.211325150966461761e-01 7.737325369961443877e-02
6.861434000000000424e+02 9.211456796114967371e-01 7.736057790826343650e-02
6.877362699999999904e+02 9.211587698457370799e-01 7.734797356398938339e-02
6.893292000000000144e+02 9.211717858070261888e-01 7.733544066070512091e-02
6.909220000000000255e+02 9.211847275029817483e-01 7.732297919235445183e-02
6.925148000000000366e+02 9.211975703384752689e-01 7.731061284289773849e-02
6.941075399999999718e+02 9.212103635273054536e-01 7.729829422569522990e-02
6.957001999999999953e+02 9.212230578723906715e-01 7.728607071408848117e-02
6.972928000000000566e+02 9.212356533836916217e-01 7.727394230014690557e-02
6.988854000000000042e+02 9.212482238691848124e-01 7.726183791405527579e-02
7.004778400000000147e+02 9.212606709371262692e-01 7.724985230053534047e-02
7.020701999999999998e+02 9.212730437952050266e-01 7.723793807782237952e-02
7.036625999999999976e+02 9.212853670475936729e-01 7.722607155478281027e-02
7.052549000000000206e+02 9.212975669108112164e-01 7.721432378171284860e-02
7.068470999999999549e+02 9.213096925874648679e-01 7.720264738090444612e-02
7.084393300000000409e+02 9.213217440846892536e-01 7.719104234667939490e-02
7.100313999999999623e+02 9.213337214095760341e-01 7.717950867339128107e-02
7.116233999999999469e+02 9.213455753833539319e-01 7.716809371974776843e-02
7.132154500000000326e+02 9.213574043862514662e-01 7.715670275026773051e-02
7.148073000000000548e+02 9.213691346464867316e-01 7.714540680589690447e-02
7.163992299999999886e+02 9.213807415827290903e-01 7.713422955956075744e-02
7.179909699999999475e+02 9.213922743860810671e-01 7.712312364273642140e-02
7.195827000000000453e+02 9.214037576524036766e-01 7.711206537092335500e-02
7.211743999999999915e+02 9.214151176212961314e-01 7.710112577596893446e-02
7.227659999999999627e+02 9.214264280666478735e-01 7.709023381527883856e-02
7.243574999999999591e+02 9.214376398192837270e-01 7.707943683988607853e-02
7.259488999999999805e+02 9.214487774741300097e-01 7.706871116603405958e-02
7.275403400000000147e+02 9.214598164524421264e-01 7.705808046457467142e-02
7.291316500000000360e+02 9.214707567629526475e-01 7.704754472854269398e-02
7.307228999999999814e+02 9.214816229982004669e-01 7.703708027608825726e-02
7.323141000000000531e+02 9.214924397477826101e-01 7.702666342771309627e-02
7.339052000000000362e+02 9.215031332686020038e-01 7.701636520142549069e-02
7.354963000000000193e+02 9.215137773164998602e-01 7.700611456905541441e-02
7.370873000000000275e+02 9.215242981525402222e-01 7.699598254528225438e-02
7.386781600000000481e+02 9.215347449478613617e-01 7.698592177753386945e-02
7.402690000000000055e+02 9.215451177086608769e-01 7.697593226086636709e-02
7.418597399999999880e+02 9.215554164410955096e-01 7.696601399036839819e-02
7.434505000000000337e+02 9.215656411512794799e-01 7.695616696116165667e-02
7.450411400000000413e+02 9.215757426900559324e-01 7.694643850826293763e-02
7.466317000000000235e+02 9.215857947983123744e-01 7.693675761545634706e-02
7.482221700000000055e+02 9.215957483274510587e-01 7.692717161731037201e-02
7.498125999999999749e+02 9.216056524366307290e-01 7.691763317083084861e-02
7.514029500000000326e+02 9.216154334048556329e-01 7.690821327634171645e-02
7.529932000000000016e+02 9.216251649648332656e-01 7.689884092417045847e-02
7.545833999999999833e+02 9.216347979730528106e-01 7.688956344481215344e-02
7.561734999999999900e+02 9.216443570102218485e-01 7.688035716587172941e-02
7.577635500000000093e+02 9.216538175096243846e-01 7.687124574856799009e-02
7.593536000000000286e+02 9.216632286223592763e-01 7.686218185635351752e-02
7.609434999999999718e+02 9.216725412098352166e-01 7.685321281578531838e-02
7.625332600000000411e+02 9.216817552794706048e-01 7.684433862093530132e-02
7.641230000000000473e+02 9.216908954085426542e-01 7.683553560215000688e-02
7.657127000000000407e+02 9.216999861718330189e-01 7.682678009177336398e-02
7.673022999999999456e+02 9.217090030042232041e-01 7.681809574974428345e-02
7.688917999999999893e+02 9.217178967748388407e-01 7.680952989643931306e-02
7.704812600000000202e+02 9.217267411951840517e-01 7.680101153915151746e-02
7.720706000000000131e+02 9.217355362687675857e-01 7.679254067507833292e-02
7.736598999999999933e+02 9.217442328663483231e-01 7.678416462328975511e-02
7.752491499999999860e+02 9.217528309948697096e-01 7.677588337823326725e-02
7.768382599999999911e+02 9.217613797916467400e-01 7.676764961439071222e-02
7.784272999999999456e+02 9.217698792600778068e-01 7.675946332904821923e-02
7.800163000000000011e+02 9.217782802753629046e-01 7.675137183771608973e-02
7.816051599999999553e+02 9.217866074077530891e-01 7.674335147636285326e-02
7.831939999999999600e+02 9.217948606622331509e-01 7.673540224100207363e-02
7.847827999999999520e+02 9.218030646061800004e-01 7.672750046990341188e-02
7.863713999999999942e+02 9.218111946809726120e-01 7.671966981779716754e-02
7.879599600000000237e+02 9.218192508914838657e-01 7.671191028078724883e-02
7.895484599999999773e+02 9.218272086817287381e-01 7.670424551149264414e-02
7.911368400000000065e+02 9.218351417389351043e-01 7.669660453664185751e-02
7.927251999999999725e+02 9.218430009451608065e-01 7.668903466624968357e-02
7.943134999999999764e+02 9.218507617458868708e-01 7.668155955176125804e-02
7.959016000000000304e+02 9.218584732647721047e-01 7.667413187859184465e-02
7.974896999999999707e+02 9.218661355048936024e-01 7.666675164428098099e-02
7.990777000000000498e+02 9.218736993539180524e-01 7.665946615435012546e-02
8.006656500000000278e+02 9.218812384894947698e-01 7.665220444320033910e-02
8.022534000000000560e+02 9.218887037997367528e-01 7.664501381599321539e-02
8.038411999999999580e+02 9.218960707329355575e-01 7.663791792192077568e-02
8.054288299999999481e+02 9.219033884064151696e-01 7.663086945147126738e-02
8.070163999999999760e+02 9.219106568231022480e-01 7.662386840230472895e-02
8.086038999999999533e+02 9.219178514311694439e-01 7.661693842370591312e-02
8.101912999999999556e+02 9.219249967891991471e-01 7.661005586098450226e-02
8.117785999999999831e+02 9.219320683462720600e-01 7.660324436269790038e-02
8.133658400000000483e+02 9.219390906599523872e-01 7.659648027497170664e-02
8.149529999999999745e+02 9.219460637330515462e-01 7.658976359555648428e-02
8.165400399999999763e+02 9.219529384636089286e-01 7.658314162165848205e-02
8.181269999999999527e+02 9.219597885129112713e-01 7.657654340078845490e-02
8.197138700000000426e+02 9.219665893308617299e-01 7.656999258084265514e-02
8.213006599999999935e+02 9.219732918181695602e-01 7.656353645688727949e-02
8.228873999999999569e+02 9.219799696319155302e-01 7.655710407980312326e-02
8.244740000000000464e+02 9.219865736731996941e-01 7.655074274434234272e-02
8.260605500000000347e+02 9.219931039460022015e-01 7.654445244731673814e-02
8.276470000000000482e+02 9.219995850035054286e-01 7.653820953836452945e-02
8.292332999999999856e+02 9.220060413971173929e-01 7.653199036854327342e-02
8.308194999999999482e+02 9.220124485797507319e-01 7.652581858333618037e-02
8.324056399999999485e+02 9.220187574580765988e-01 7.651974147302802176e-02
8.339918000000000120e+02 9.220250171322408317e-01 7.651371174187389379e-02
8.355777600000000120e+02 9.220312521518702065e-01 7.650770574236057109e-02
8.371635999999999740e+02 9.220374379715170488e-01 7.650174711865634358e-02
8.387494000000000369e+02 9.220435500473833645e-01 7.649585951360508840e-02
8.403351000000000113e+02 9.220496129290365328e-01 7.649001927974075077e-02
8.419207000000000107e+02 9.220556020734433922e-01 7.648425005929489207e-02
8.435062000000000353e+02 9.220615665743662204e-01 7.647850456164104194e-02
8.450915999999999713e+02 9.220674818883269896e-01 7.647280642936608863e-02
8.466769399999999450e+02 9.220733480177066843e-01 7.646715566056386248e-02
8.482622000000000071e+02 9.220791404209779385e-01 7.646157589625539319e-02
8.498473000000000184e+02 9.220848836451452923e-01 7.645604349103113373e-02
8.514323000000000548e+02 9.220906022356343268e-01 7.645053480074516516e-02
8.530172999999999774e+02 9.220962716508598334e-01 7.644507346646589596e-02
8.546022000000000389e+02 9.221018918931058739e-01 7.643965948636419205e-02
8.561867999999999483e+02 9.221074629646350829e-01 7.643429285862604616e-02
8.577714999999999463e+02 9.221129603260865837e-01 7.642899722253632122e-02
8.593560999999999694e+02 9.221184330632666848e-01 7.642372529384945656e-02
8.609405500000000302e+02 9.221238320955286172e-01 7.641852435267466881e-02
8.625249000000000024e+02 9.221292310476780774e-01 7.641332347577504958e-02
8.641091000000000122e+02 9.221345317591115309e-01 7.640821722281461448e-02
8.656932399999999461e+02 9.221398323933027719e-01 7.640311103182967356e-02
8.672773399999999810e+02 9.221450838713665110e-01 7.639805218151622668e-02
8.688613000000000284e+02 9.221502616563324040e-01 7.639306430924051872e-02
8.704451000000000249e+02 9.221553902900829769e-01 7.638812377369891271e-02
8.720289299999999457e+02 9.221605188514869766e-01 7.638318329621079927e-02
8.736126000000000431e+02 9.221655737263741992e-01 7.637831379148422861e-02
8.751961000000000013e+02 9.221706039932467958e-01 7.637346798113305024e-02
8.767795999999999594e+02 9.221755851157363848e-01 7.636866950203907711e-02
8.783628999999999678e+02 9.221805170958535802e-01 7.636391835258952987e-02
8.799461700000000519e+02 9.221854490090246603e-01 7.635916725686764384e-02
8.815293000000000347e+02 9.221903072460899686e-01 7.635448712555929773e-02
8.831123000000000047e+02 9.221951163460592182e-01 7.634985431966555269e-02
8.846952999999999747e+02 9.221999008466151837e-01 7.634524520125234026e-02
8.862781400000000076e+02 9.222046362133042852e-01 7.634068340566493860e-02
8.878608400000000529e+02 9.222093469831404988e-01 7.633614529550489247e-02
8.894434999999999718e+02 9.222140086222898603e-01 7.633165450562071075e-02
8.910259999999999536e+02 9.222186456671089827e-01 7.632718739914166883e-02
8.926083999999999605e+02 9.222232335843723039e-01 7.632276761042722235e-02
8.941907300000000305e+02 9.222277969097898431e-01 7.631837150312670293e-02
8.957729500000000371e+02 9.222323356442807540e-01 7.631399907650236736e-02
8.973550999999999931e+02 9.222368252555197543e-01 7.630967396419144344e-02
8.989370000000000118e+02 9.222412657453223916e-01 7.630539616473663855e-02
9.005189000000000306e+02 9.222456816481313657e-01 7.630114204280494250e-02
9.021006999999999607e+02 9.222500974971833410e-01 7.629688796403004403e-02
9.036823000000000548e+02 9.222544642283769800e-01 7.629268119524189318e-02
9.052640000000000100e+02 9.222587818434812013e-01 7.628852173502220779e-02
9.068454000000000406e+02 9.222630503442426075e-01 7.628440958196847088e-02
9.084267599999999447e+02 9.222673433259344078e-01 7.628027383654457927e-02
9.100079299999999876e+02 9.222715626641199149e-01 7.627620902938446468e-02
9.115890500000000429e+02 9.222757574225886046e-01 7.627216789391200180e-02
9.131701000000000477e+02 9.222799276021867998e-01 7.626815042944740108e-02
9.147509999999999764e+02 9.222840977338037094e-01 7.626413300351006508e-02
9.163316999999999553e+02 9.222881696983716848e-01 7.626021014242395646e-02
9.179125000000000227e+02 9.222922661466744776e-01 7.625626368672037969e-02
9.194930399999999509e+02 9.222963380194478811e-01 7.625234089934550263e-02
9.210735499999999547e+02 9.223003362596273735e-01 7.624848904147858708e-02
9.226538000000000466e+02 9.223043589843515910e-01 7.624461358834634661e-02
9.242341000000000122e+02 9.223083326075957045e-01 7.624078543206136427e-02
9.258141500000000406e+02 9.223122571309709805e-01 7.623700457133046615e-02
9.273941999999999553e+02 9.223161570839432111e-01 7.623324737481489144e-02
9.289741000000000213e+02 9.223200569949130401e-01 7.622949021203224984e-02
9.305538999999999987e+02 9.223239323365303166e-01 7.622575671262267483e-02
9.321335000000000264e+02 9.223277831095796353e-01 7.622204687595696138e-02
9.337131000000000540e+02 9.223315847880126928e-01 7.621838433063002349e-02
9.352925000000000182e+02 9.223353864265178004e-01 7.621472181737233564e-02
9.368718999999999824e+02 9.223391389724613365e-01 7.621110659380433971e-02
9.384510500000000093e+02 9.223428914794951083e-01 7.620749140148910805e-02
9.400300999999999476e+02 9.223465948959967964e-01 7.620392349723519032e-02
9.416091000000000122e+02 9.223503228001530552e-01 7.620033199522610601e-02
9.431879999999999882e+02 9.223540016152821375e-01 7.619678778007016318e-02
9.447667000000000144e+02 9.223576558679406068e-01 7.619326722276555108e-02
9.463453399999999647e+02 9.223613100836842715e-01 7.618974669511452413e-02
9.479238000000000284e+02 9.223649397379423132e-01 7.618624982452412708e-02
9.495021400000000540e+02 9.223685693557744925e-01 7.618275298319583666e-02
9.510804399999999532e+02 9.223721498890221637e-01 7.617930342515423503e-02
9.526585700000000543e+02 9.223757303868165280e-01 7.617585389559429487e-02
9.542366299999999910e+02 9.223792863255610985e-01 7.617242802114128353e-02
9.558146000000000413e+02 9.223828177059762989e-01 7.616902580121640010e-02
9.573922999999999774e+02 9.223863735750098547e-01 7.616559998276747900e-02
9.589699000000000524e+02 9.223898803633151511e-01 7.616222144451073595e-02
9.605475000000000136e+02 9.223933871175973298e-01 7.615884293358915480e-02
9.621249000000000251e+02 9.223968693154529497e-01 7.615548807566938083e-02
9.637023000000000366e+02 9.224003269575876685e-01 7.615215687018435375e-02
9.652794000000000096e+02 9.224038090885692265e-01 7.614880206599466961e-02
9.668564499999999953e+02 9.224072666642969542e-01 7.614547091386575373e-02
9.684334000000000060e+02 9.224107242069350399e-01 7.614213978832412577e-02
9.700101300000000037e+02 9.224141326740247226e-01 7.613885593881662694e-02
9.715868000000000393e+02 9.224175901509462649e-01 7.613552486607906566e-02
9.731634000000000242e+02 9.224209740324823548e-01 7.613226469298076116e-02
9.747398699999999963e+02 9.224243824028481864e-01 7.612898092119375903e-02
9.763161000000000058e+02 9.224277907410464161e-01 7.612569717525610735e-02
9.778922999999999774e+02 9.224311745270015184e-01 7.612243707896297618e-02
9.794683999999999742e+02 9.224345582812459865e-01 7.611917700815282184e-02
9.810443000000000211e+02 9.224379174841619289e-01 7.611594058625278936e-02
9.826200999999999794e+02 9.224412766558208743e-01 7.611270418947188587e-02
9.841957999999999629e+02 9.224446603153786395e-01 7.610944419475365597e-02
9.857713599999999587e+02 9.224480194242884457e-01 7.610620784840053943e-02
9.873468000000000302e+02 9.224513539832328579e-01 7.610299514986450242e-02
9.889220599999999877e+02 9.224547130298418329e-01 7.609975885358076508e-02
9.904972500000000082e+02 9.224580475269370528e-01 7.609654620475260478e-02
9.920722700000000032e+02 9.224613574751945322e-01 7.609335720283591509e-02
9.936471599999999853e+02 9.224646919108838716e-01 7.609014460335970786e-02
9.952219999999999800e+02 9.224680263157551963e-01 7.608693202865357552e-02
9.967966999999999871e+02 9.224713361724609095e-01 7.608374310031981724e-02
9.983712000000000444e+02 9.224746705159146964e-01 7.608053057497778104e-02
9.999455000000000382e+02 9.224779803116524013e-01 7.607734169564912829e-02
1.011692750000000046e+03 9.225026679776868743e-01 7.605355578842032394e-02
1.015111999999999966e+03 9.225098508638751582e-01 7.604663521863239128e-02
1.018531250000000000e+03 9.225170336068926336e-01 7.603971476394241757e-02
1.021950500000000034e+03 9.225242407204669037e-01 7.603277080566142598e-02
1.025369799999999941e+03 9.225314476898512916e-01 7.602582696330645318e-02
1.028788999999999987e+03 9.225386790277906313e-01 7.601885961897879296e-02
1.032208300000000008e+03 9.225459102205165740e-01 7.601189239140861142e-02
1.035627400000000080e+03 9.225531657797872986e-01 7.600490166349045673e-02
1.039046599999999899e+03 9.225604457040998962e-01 7.599788743643715039e-02
1.042465999999999894e+03 9.225677499919470170e-01 7.599084971146574663e-02
1.045885299999999916e+03 9.225750786418142058e-01 7.598378848979797651e-02
1.049304399999999987e+03 9.225824071423979200e-01 7.597672738818279925e-02
1.052723799999999983e+03 9.225898090215284286e-01 7.596959556128181357e-02
1.056143100000000004e+03 9.225972107483213502e-01 7.596246385689904568e-02
1.059562300000000050e+03 9.226046613392957507e-01 7.595528504644649681e-02
1.062981700000000046e+03 9.226121607913825295e-01 7.594805913239784101e-02
1.066401000000000067e+03 9.226196845942469249e-01 7.594080973072302176e-02
1.069820300000000088e+03 9.226272572530560545e-01 7.593351322961842953e-02
1.073239600000000110e+03 9.226348542584782431e-01 7.592619324424740301e-02
1.076658899999999903e+03 9.226425001146242311e-01 7.591882616365609737e-02
1.080078400000000101e+03 9.226501948183407631e-01 7.591141199038684007e-02
1.083497800000000097e+03 9.226579383664526013e-01 7.590395072699925028e-02
1.086917200000000093e+03 9.226657062516595564e-01 7.589646598702277924e-02
1.090336800000000039e+03 9.226735229759177592e-01 7.588893416123819458e-02
1.093756200000000035e+03 9.226814130390326163e-01 7.588133164215629667e-02
1.097175799999999981e+03 9.226893274311483983e-01 7.587370565301489178e-02
1.100595499999999902e+03 9.226973151545126983e-01 7.586600897670942034e-02
1.104015000000000100e+03 9.227053272013931995e-01 7.585828883476984641e-02
1.107434700000000021e+03 9.227133880709684766e-01 7.585052162021191369e-02
1.110854199999999992e+03 9.227215222601977684e-01 7.584268372783749268e-02
1.114273999999999887e+03 9.227297052643184117e-01 7.583479876913799822e-02
1.117693700000000035e+03 9.227379125807719795e-01 7.582689035382796094e-02
1.121113499999999931e+03 9.227461687064544282e-01 7.581893487676247267e-02
1.124533400000000029e+03 9.227544981359848686e-01 7.581090873462717483e-02
1.127953400000000101e+03 9.227628518692777559e-01 7.580285914280052162e-02
1.131373299999999972e+03 9.227712544014785578e-01 7.579476249754550643e-02
1.134793200000000070e+03 9.227797302254172607e-01 7.578659519698950631e-02
1.138213299999999890e+03 9.227882548401141749e-01 7.577838084957946863e-02
1.141633399999999938e+03 9.227968037468941009e-01 7.577014306190789361e-02
1.145053499999999985e+03 9.228054259330737974e-01 7.576183462888959330e-02
1.148473799999999983e+03 9.228140724053895960e-01 7.575350276041203923e-02
1.151894000000000005e+03 9.228227676553942826e-01 7.574512385563171579e-02
1.155314300000000003e+03 9.228315116794800765e-01 7.573669791746250046e-02
1.158734699999999975e+03 9.228403044740148831e-01 7.572822494883549305e-02
1.162155199999999923e+03 9.228491460353476228e-01 7.571970495269954304e-02
1.165575700000000097e+03 9.228580608507505056e-01 7.571111433165891857e-02
1.168996300000000019e+03 9.228669999340241015e-01 7.570250028991463986e-02
1.172416899999999941e+03 9.228759877730077221e-01 7.569383922961522848e-02
1.175837600000000066e+03 9.228850243639636908e-01 7.568513115377954736e-02
1.179258399999999938e+03 9.228941097031325702e-01 7.567637606544390383e-02
1.182679300000000012e+03 9.229032192988873007e-01 7.566759756552775273e-02
1.186100200000000086e+03 9.229124266109673957e-01 7.565872486350581905e-02
1.189521199999999908e+03 9.229216091988384774e-01 7.564987594976006757e-02
1.192942299999999932e+03 9.229308894941151697e-01 7.564093284111285398e-02
1.196363499999999931e+03 9.229402185184936158e-01 7.563194273540563284e-02
1.199784799999999905e+03 9.229495472987555571e-01 7.562295282638498151e-02
1.203205999999999904e+03 9.229589492869283429e-01 7.561389232974040364e-02
1.206627600000000029e+03 9.229683755104086673e-01 7.560480843872202650e-02
1.210049099999999953e+03 9.229778504499310809e-01 7.559567756120502691e-02
1.213470600000000104e+03 9.229873741015425237e-01 7.558649970038534838e-02
1.216892299999999977e+03 9.229969219798569435e-01 7.557729845215564735e-02
1.220314100000000053e+03 9.230064940828573983e-01 7.556807381815147662e-02
1.223736000000000104e+03 9.230160904085213947e-01 7.555882580001328785e-02
1.227157999999999902e+03 9.230257599136781899e-01 7.554950721722221429e-02
1.230579999999999927e+03 9.230354046772499821e-01 7.554021243682657039e-02
1.234002199999999903e+03 9.230451226135708565e-01 7.553084709723467682e-02
1.237424400000000105e+03 9.230548402843020694e-01 7.552148197174556044e-02
1.240846800000000030e+03 9.230645821661482842e-01 7.551209347148336859e-02
1.244269299999999930e+03 9.230743727331280901e-01 7.550265800973880725e-02
1.247691800000000057e+03 9.230841630303356915e-01 7.549322276550089750e-02
1.251114499999999907e+03 9.230939775324504826e-01 7.548376415152779906e-02
1.254537399999999934e+03 9.231037917633391210e-01 7.547430575625518889e-02
1.257960199999999986e+03 9.231136791430730737e-01 7.546477682113482410e-02
1.261383199999999988e+03 9.231235173020196916e-01 7.545529527940626757e-02
1.264806399999999940e+03 9.231333796602442243e-01 7.544579037252611975e-02
1.268229599999999891e+03 9.231432906869827537e-01 7.543623851764159893e-02
1.271653000000000020e+03 9.231532014367936911e-01 7.542668688611203764e-02
1.275076399999999921e+03 9.231631119096225246e-01 7.541713547799143436e-02
1.278500000000000000e+03 9.231730221054176289e-01 7.540758429333416224e-02
1.281923700000000053e+03 9.231829809613075755e-01 7.539798616750885418e-02
1.285347500000000082e+03 9.231929150694093700e-01 7.538841184925625105e-02
1.288771500000000060e+03 9.232028733661634678e-01 7.537881417450199850e-02
1.292195600000000013e+03 9.232128558494508974e-01 7.536919314496595690e-02
1.295619899999999916e+03 9.232227891196379543e-01 7.535961950273474541e-02
1.299044200000000046e+03 9.232327710414010014e-01 7.534999892626520479e-02
1.302468599999999924e+03 9.232427282171709049e-01 7.534040215597830048e-02
1.305893299999999954e+03 9.232527095765030722e-01 7.533078203335306922e-02
1.309318099999999959e+03 9.232626906541928635e-01 7.532116213801148819e-02
1.312742899999999963e+03 9.232726714501863219e-01 7.531154247000911017e-02
1.316167999999999893e+03 9.232826275027289364e-01 7.530194660618363955e-02
1.319593100000000049e+03 9.232926077358565298e-01 7.529232739246846662e-02
1.323018399999999929e+03 9.233025876871243653e-01 7.528270840625887750e-02
1.326443999999999960e+03 9.233125184372183991e-01 7.527313679783285971e-02
1.329869500000000016e+03 9.233224978259855220e-01 7.526351826568490611e-02
1.333295299999999997e+03 9.233324524744799255e-01 7.525392353520594935e-02
1.336721199999999953e+03 9.233424068422783071e-01 7.524432903133926320e-02
1.340147200000000112e+03 9.233523609293259327e-01 7.523473475413985923e-02
1.343573499999999967e+03 9.233622902793875431e-01 7.522516427599063027e-02
1.346999900000000025e+03 9.233722438054627890e-01 7.521557045173409006e-02
1.350426400000000058e+03 9.233821481410166010e-01 7.520602399674039540e-02
1.353853000000000065e+03 9.233920521983586260e-01 7.519647776640976666e-02
1.357279899999999998e+03 9.234019559774357955e-01 7.518693176079666030e-02
1.360706799999999930e+03 9.234118594781945966e-01 7.517738597995535232e-02
1.364134000000000015e+03 9.234217382485235825e-01 7.516786399293748366e-02
1.367561300000000074e+03 9.234316167418011867e-01 7.515834222969082490e-02
1.370988900000000058e+03 9.234414705072857554e-01 7.514884425815999969e-02
1.374416500000000042e+03 9.234513239969834864e-01 7.513934650940129467e-02
1.377844399999999951e+03 9.234611283121985092e-01 7.512989611704183612e-02
1.381272300000000087e+03 9.234709568028942606e-01 7.512042237911768783e-02
1.384700399999999945e+03 9.234807605710549927e-01 7.511097242870629076e-02
1.388128899999999931e+03 9.234905396186734450e-01 7.510154626420893764e-02
1.391557399999999916e+03 9.235003183943376603e-01 7.509212031944235977e-02
1.394986100000000079e+03 9.235100480061545491e-01 7.508274172253708023e-02
1.398414899999999989e+03 9.235197773486280015e-01 7.507336334327439908e-02
1.401844000000000051e+03 9.235294819771386887e-01 7.506400874465306294e-02
1.405273200000000088e+03 9.235391863375568278e-01 7.505465436268472790e-02
1.408702800000000025e+03 9.235488659866117889e-01 7.504532375927734644e-02
1.412132299999999987e+03 9.235584964837255662e-01 7.503604049416330579e-02
1.415562100000000100e+03 9.235681511585149828e-01 7.502673388181826941e-02
1.418992099999999937e+03 9.235777566852927389e-01 7.501747460461125061e-02
1.422422199999999975e+03 9.235873375085672521e-01 7.500823909965451119e-02
1.425852699999999913e+03 9.235969425100408747e-01 7.499898024707453426e-02
1.429283200000000079e+03 9.236064739308367244e-01 7.498979228298825739e-02
1.432714099999999917e+03 9.236160050925266152e-01 7.498060452837491952e-02
1.436144999999999982e+03 9.236255115571820884e-01 7.497144054082330311e-02
1.439576199999999972e+03 9.236350177639627290e-01 7.496227676176850374e-02
1.443007599999999911e+03 9.236444504031489089e-01 7.495318386067038874e-02
1.446439100000000053e+03 9.236538827883299385e-01 7.494409116496052181e-02
1.449870799999999917e+03 9.236632904842146941e-01 7.493502223009473884e-02
1.453302899999999909e+03 9.236726979273164329e-01 7.492595349964814577e-02
1.456735100000000102e+03 9.236820562497217724e-01 7.491693208236507862e-02
1.460167500000000018e+03 9.236914143218729611e-01 7.490791086747536354e-02
1.463600100000000111e+03 9.237007232784650856e-01 7.489893696161384340e-02
1.467032999999999902e+03 9.237100075553380529e-01 7.488998680889899506e-02
1.470465999999999894e+03 9.237192671543927869e-01 7.488106040780201367e-02
1.473899200000000064e+03 9.237285020775276578e-01 7.487215775679764707e-02
1.477332799999999907e+03 9.237377123266348189e-01 7.486327885436405705e-02
1.480766399999999976e+03 9.237468734741963727e-01 7.485444724966898444e-02
1.484200299999999970e+03 9.237560588103138626e-01 7.484559228913911788e-02
1.487634499999999889e+03 9.237651950486487351e-01 7.483678462332127301e-02
1.491068800000000010e+03 9.237742821929939563e-01 7.482802424915634132e-02
1.494503400000000056e+03 9.237833691008324744e-01 7.481926406635520943e-02
1.497938200000000052e+03 0.000000000000000000e+00 0.000000000000000000e+00
