3.000000000000000000e+02 1.790538441044172702e+00 2.909177965582193104e-01
3.110552763819095503e+02 1.890105469885890566e+00 2.666918461316747924e-01
3.221105527638191006e+02 1.954841125834224647e+00 2.445043090196571678e-01
3.331658291457286509e+02 2.011842688387359246e+00 2.185672670665454731e-01
3.442211055276382012e+02 2.066881635593134092e+00 1.859334578589119658e-01
3.552763819095477515e+02 2.119660928945527267e+00 1.417483035077929943e-01
3.663316582914573019e+02 2.144455287297410528e+00 6.571516944630242940e-02
3.773869346733668522e+02 2.116283000281597104e+00 1.993807085352302213e-04
3.884422110552764025e+02 2.073091014539899746e+00 2.285768380089504555e-04
3.994974874371859528e+02 2.050205983038370761e+00 2.587274908090603774e-04
4.105527638190955031e+02 2.034865897099699783e+00 2.909152383247880073e-04
4.216080402010050534e+02 2.023426530327857353e+00 3.255521198875963268e-04
4.326633165829146037e+02 2.014322906431878391e+00 3.629053791415018403e-04
4.437185929648240972e+02 2.006742435953725590e+00 4.031944972308207560e-04
4.547738693467337043e+02 2.000212453611776908e+00 4.466208254452466091e-04
4.658291457286431978e+02 1.994436058950303403e+00 4.933792525012575944e-04
4.768844221105528050e+02 1.989216005087407924e+00 5.436635997753572029e-04
4.879396984924622984e+02 1.984415492395072755e+00 5.976694293704549890e-04
4.989949748743719056e+02 1.979936341292737989e+00 6.555956465200205984e-04
5.100502512562813990e+02 1.975706088777006819e+00 7.176454952296341472e-04
5.211055276381910062e+02 1.971669985515041690e+00 7.840272241273039218e-04
5.321608040201004997e+02 1.967785833171524335e+00 8.549545664412155476e-04
5.432160804020101068e+02 1.964020542474165687e+00 9.306471103696703755e-04
5.542713567839196003e+02 1.960347773277747452e+00 1.011330603336273257e-03
5.653266331658292074e+02 1.956746276902493697e+00 1.097237216263156727e-03
5.763819095477387009e+02 1.953198706942229412e+00 1.188605784203401348e-03
5.874371859296481944e+02 1.949690750145034457e+00 1.285682033017184053e-03
5.984924623115578015e+02 1.946210480641725082e+00 1.388718799227777866e-03
6.095477386934674087e+02 1.942747872980750135e+00 1.497976247767161644e-03
6.206030150753769021e+02 1.939294429993875912e+00 1.613722090903311731e-03
6.316582914572863956e+02 1.935842894963087479e+00 1.736231810499247984e-03
6.427135678391960028e+02 1.932387026532647045e+00 1.865788886162999052e-03
6.537688442211056099e+02 1.928921420910967077e+00 2.002685029994431126e-03
6.648241206030151034e+02 1.925441370125063889e+00 2.147220430280074623e-03
6.758793969849245968e+02 1.921942748051912453e+00 2.299704003759569550e-03
6.869346733668342040e+02 1.918421918059892040e+00 2.460453659202970021e-03
6.979899497487438111e+02 1.914875657614741655e+00 2.629796572191777683e-03
7.090452261306533046e+02 1.911301096315041192e+00 2.808069471889346018e-03
7.201005025125627981e+02 1.907695664642056643e+00 2.995618941856268563e-03
7.311557788944724052e+02 1.904057051320246829e+00 3.192801734669130538e-03
7.422110552763820124e+02 1.900383167645203430e+00 3.399985102263280209e-03
7.532663316582915058e+02 1.896672117485673770e+00 3.617547142136162252e-03
7.643216080402009993e+02 1.892922171934423803e+00 3.845877161479966267e-03
7.753768844221106065e+02 1.889131747789781324e+00 4.085376059560202194e-03
7.864321608040202136e+02 1.885299389210829402e+00 4.336456730049105188e-03
7.974874371859297071e+02 1.881423752015489059e+00 4.599544484262980092e-03
8.085427135678392006e+02 1.877503590190342297e+00 4.875077496976936396e-03
8.195979899497488077e+02 1.873537744260119986e+00 5.163507276075304450e-03
8.306532663316583012e+02 1.869525131227928627e+00 5.465299157628336450e-03
8.417085427135679083e+02 1.865464735848010314e+00 5.780932828171981425e-03
8.527638190954774018e+02 1.861355603033800987e+00 6.110902875878729441e-03
8.638190954773870089e+02 1.857196831237303059e+00 6.455719372573628587e-03
8.748743718592965024e+02 1.852987566662924301e+00 6.815908488747415665e-03
8.859296482412061096e+02 1.848726998201195348e+00 7.192013143654876761e-03
8.969849246231156030e+02 1.844414352986104566e+00 7.584593692927134659e-03
9.080402010050252102e+02 1.840048892494968280e+00 7.994228656438071359e-03
9.190954773869347036e+02 1.835629909122384440e+00 8.421515488838198296e-03
9.301507537688443108e+02 1.831156723170362710e+00 8.867071396157027996e-03
9.412060301507538043e+02 1.826628680205576227e+00 9.331534201163589962e-03
9.522613065326634114e+02 1.822045148742172493e+00 9.815563261489825692e-03
9.633165829145729049e+02 1.817405518214901594e+00 1.031984044372012861e-02
9.743718592964825120e+02 1.812709197212740042e+00 1.084507115768608768e-02
9.854271356783920055e+02 1.807955611947830832e+00 1.139198545511973561e-02
9.964824120603016127e+02 1.803144204938558426e+00 1.196133919746845617e-02
1.007537688442211106e+03 1.798274433889075263e+00 1.255391529740815942e-02
1.018592964824120600e+03 1.793345770750650825e+00 1.317052503972388107e-02
1.029648241206030207e+03 1.788357700952924567e+00 1.381200948711960343e-02
1.040703517587939587e+03 1.783309722795560104e+00 1.447924097685931825e-02
1.051758793969849194e+03 1.778201346992996923e+00 1.517312471505765856e-02
1.062814070351758801e+03 1.773032096366989885e+00 1.589460047528457737e-02
1.073869346733668408e+03 1.767801505683495478e+00 1.664464440913062532e-02
1.084924623115578015e+03 1.762509121632208853e+00 1.742427097646422757e-02
1.095979899497487622e+03 1.757154502948723662e+00 1.823453500388848639e-02
1.107035175879397002e+03 1.751737220680912754e+00 1.907653388016908313e-02
1.118090452261306609e+03 1.746256858602703410e+00 1.995140989810837914e-02
1.129145728643215989e+03 1.740713013780017304e+00 2.086035275262231037e-02
1.140201005025125596e+03 1.735105297295221449e+00 2.180460220533385687e-02
1.151256281407035203e+03 1.729433335138074623e+00 2.278545092636224956e-02
1.162311557788944810e+03 1.723696769272802465e+00 2.380424752429182236e-02
1.173366834170854418e+03 1.717895258892668808e+00 2.486239977558453440e-02
1.184422110552764025e+03 1.712028481875194519e+00 2.596137806465201661e-02
1.195477386934673405e+03 1.706096136453032264e+00 2.710271904593868075e-02
1.206532663316583012e+03 1.700097943117451660e+00 2.828802953877275136e-02
1.217587939698492391e+03 1.694033646773406732e+00 2.951899066530199942e-02
1.228643216080401999e+03 1.687903019167236840e+00 3.079736224072573622e-02
1.239698492462311606e+03 1.681705861610200081e+00 3.212498742349987474e-02
1.250753768844221213e+03 1.675442008023209750e+00 3.350379763117648096e-02
1.261809045226130820e+03 1.669111328330311839e+00 3.493581772444775274e-02
1.272864321608040427e+03 1.662713732230547414e+00 3.642317145843728537e-02
1.283919597989949807e+03 1.656249173379830353e+00 3.796808719509262020e-02
1.294974874371859414e+03 1.649717654016213952e+00 3.957290386441584401e-02
1.306030150753768794e+03 1.643119230063332825e+00 4.124007715417430525e-02
1.317085427135678401e+03 1.636454016747665552e+00 4.297218589799902538e-02
1.328140703517588008e+03 1.629722194765452326e+00 4.477193861948407239e-02
1.339195979899497615e+03 1.622924017034234945e+00 4.664218017512214431e-02
1.350251256281407223e+03 1.616059816061888199e+00 4.858589842093182648e-02
1.361306532663316602e+03 1.609130011962149664e+00 5.060623080630934773e-02
1.372361809045226209e+03 1.602135121139680374e+00 5.270647077322653667e-02
1.383417085427135817e+03 1.595075765658974465e+00 5.489007380947821119e-02
1.394472361809045196e+03 1.587952683299411083e+00 5.716066297060581891e-02
1.405527638190954804e+03 1.580766738282660677e+00 5.952203364651692530e-02
1.416582914572864411e+03 1.573518932637811840e+00 6.197815730585846949e-02
1.427638190954774018e+03 1.566210418143194616e+00 6.453318390431915519e-02
1.438693467336683398e+03 1.558842508751173694e+00 6.719144259338828695e-02
1.449748743718593005e+03 1.551416693362646759e+00 6.995744031541246966e-02
1.460804020100502612e+03 1.543934648771177587e+00 7.283585782162838029e-02
1.471859296482412219e+03 1.536398252542710896e+00 7.583154260605215469e-02
1.482914572864321599e+03 1.528809595536323229e+00 7.894949821435570669e-02
1.493969849246231206e+03 1.521170993705938113e+00 8.219486936972013325e-02
1.505025125628140813e+03 1.513484998755071809e+00 8.557292236451537193e-02
1.516080402010050420e+03 1.505754407150455831e+00 8.908902020646033981e-02
1.527135678391959800e+03 1.497982266941476404e+00 9.274859209012926986e-02
1.538190954773869407e+03 1.490171881788160624e+00 9.655709689873670509e-02
1.549246231155779014e+03 1.482326811579906423e+00 1.005199806351917691e-01
1.560301507537688622e+03 1.474450869040540679e+00 1.046426279405773124e-01
1.571356783919598001e+03 1.466548111773308349e+00 1.089303081825316877e-01
1.582412060301507609e+03 1.458622829311784219e+00 1.133881169783681198e-01
1.593467336683417216e+03 1.450679524916754559e+00 1.180209144414200717e-01
1.604522613065326823e+03 1.442722892097156873e+00 1.228332618765853590e-01
1.615577889447236203e+03 1.434757786130712809e+00 1.278293590638980570e-01
1.626633165829145810e+03 1.426789191203308826e+00 1.330129846094027513e-01
1.637688442211055417e+03 1.418822184152085386e+00 1.383874420580352149e-01
1.648743718592965024e+03 1.410861896152558748e+00 1.439555145026661376e-01
1.659798994974874404e+03 1.402913473995046845e+00 1.497194302463409343e-01
1.670854271356784011e+03 1.394982042807848321e+00 1.556808416601606349e-01
1.681909547738693618e+03 1.387072672165755138e+00 1.618408187337529169e-01
1.692964824120603225e+03 1.379190347445241382e+00 1.681998579774402758e-01
1.704020100502512605e+03 1.371339948042323842e+00 1.747579063746062533e-01
1.715075376884422212e+03 1.363526233667350152e+00 1.815143990927550188e-01
1.726130653266331819e+03 1.355753839406385275e+00 1.884683087468118912e-01
1.737185929648241199e+03 1.348027279643145615e+00 1.956182032677733773e-01
1.748241206030150806e+03 1.340350960330655594e+00 2.029623089422974980e-01
1.759296482412060413e+03 1.332729198550848704e+00 2.104985749992021593e-01
1.770351758793970021e+03 1.325166247857015200e+00 2.182247362325231976e-01
1.781407035175879400e+03 1.317666327595299336e+00 2.261383705351805717e-01
1.792462311557789008e+03 1.310233654263404990e+00 2.342369488098196562e-01
1.803517587939698615e+03 1.302872472982379293e+00 2.425178754440334983e-01
1.814572864321608222e+03 1.295587087308479379e+00 2.509785183022607558e-01
1.825628140703517602e+03 1.288381885862972753e+00 2.596162279210963431e-01
1.836683417085427209e+03 1.281261364569812544e+00 2.684283462403742049e-01
1.847738693467336816e+03 1.274230143627353984e+00 2.774122057222245252e-01
1.858793969849246423e+03 1.267292978669368075e+00 2.865651200882327609e-01
1.869849246231155803e+03 1.260454765869622573e+00 2.958843681425876171e-01
1.880904522613065410e+03 1.253720540999187838e+00 3.053671722612980033e-01
1.891959798994975017e+03 1.247095472650499692e+00 3.150106731364143986e-01
1.903015075376884624e+03 1.240584849997586891e+00 3.248119022948262602e-01
1.914070351758794004e+03 1.234194065572612464e+00 3.347677537880005549e-01
1.925125628140703611e+03 1.227928593612328534e+00 3.448749562932386659e-01
1.936180904522613218e+03 1.221793964572297275e+00 3.551300466956860413e-01
1.947236180904522826e+03 1.215795736429489793e+00 3.655293460457899046e-01
1.958291457286432205e+03 1.209939463401695781e+00 3.760689386175316007e-01
1.969346733668341813e+03 1.204230662710116029e+00 3.867446546332490298e-01
1.980402010050251420e+03 1.198674780002996210e+00 3.975520570735265324e-01
1.991457286432161027e+03 1.193277154045249588e+00 4.084864328558489022e-01
2.002512562814070407e+03 1.188042981262505515e+00 4.195427885430038084e-01
2.013567839195980014e+03 1.182977280707871781e+00 4.307158506305492907e-01
2.024623115577889621e+03 1.178084859995310874e+00 4.420000703611053350e-01
2.035678391959799228e+03 1.173370282714035540e+00 4.533896329209915477e-01
2.046733668341708608e+03 1.168837837802899626e+00 4.648784707915020742e-01
2.057788944723618442e+03 1.164491511321741779e+00 4.764602809529283611e-01
2.068844221105528050e+03 1.160334961007752907e+00 4.881285455746833257e-01
2.079899497487437202e+03 1.156371493949391649e+00 4.998765557702438689e-01
2.090954773869346809e+03 1.152604047648763563e+00 5.116974379518067773e-01
2.102010050251256416e+03 1.149035174676893645e+00 5.235841822872898677e-01
2.113065326633166023e+03 1.145667031056396112e+00 5.355296727421912095e-01
2.124120603015075176e+03 1.142501368434579279e+00 5.475267181809863049e-01
2.135175879396984783e+03 1.139539530038944815e+00 5.595680840072840834e-01
2.146231155778894390e+03 1.136782450338444495e+00 5.716465238382094638e-01
2.157286432160803997e+03 1.134230658269710368e+00 5.837548107356648197e-01
2.168341708542713604e+03 1.131884283829533766e+00 5.958857675539006582e-01
2.179396984924623212e+03 1.129743067784661603e+00 6.080322960076841587e-01
2.190452261306532819e+03 1.127806374208574880e+00 6.201874041164174844e-01
2.201507537688442426e+03 1.126073205523094423e+00 6.323442317349547981e-01
2.212562814070352033e+03 1.124542219700629841e+00 6.444960739396329297e-01
2.223618090452261640e+03 1.123211749270656368e+00 6.566364020961970027e-01
2.234673366834171247e+03 1.122079821770977981e+00 6.687588824932225728e-01
2.245728643216080854e+03 1.121144181289843944e+00 6.808573924787028053e-01
2.256783919597990007e+03 1.120402310757936171e+00 6.929260340874558999e-01
2.267839195979899614e+03 1.119851454668518764e+00 7.049591451919107188e-01
2.278894472361809221e+03 1.119488641928329420e+00 7.169513082479752608e-01
2.289949748743718828e+03 1.119310708569844159e+00 7.288973567407578402e-01
2.301005025125627981e+03 1.119314320086089110e+00 7.407923794616079194e-01
2.312060301507537588e+03 1.119495993181060634e+00 7.526317227686115663e-01
2.323115577889447195e+03 1.119852116761010707e+00 7.644109909973856309e-01
2.334170854271356802e+03 1.120378972023453601e+00 7.761260451983901243e-01
2.345226130653266409e+03 1.121072751531033029e+00 7.877730003814487070e-01
2.356281407035176017e+03 1.121929577185778681e+00 7.993482214484506354e-01
2.367336683417085624e+03 1.122945517045342179e+00 8.108483179918555273e-01
2.378391959798995231e+03 1.124116600946295730e+00 8.222701381303846313e-01
2.389447236180904838e+03 1.125438834920294617e+00 8.336107615446911590e-01
2.400502512562814445e+03 1.126908214406868280e+00 8.448674918655090238e-01
2.411557788944723598e+03 1.128520736281800607e+00 8.560378485552724293e-01
2.422613065326633205e+03 1.130272409732647976e+00 8.671195584119637534e-01
2.433668341708542812e+03 1.132159266023067268e+00 8.781105468113477031e-01
2.444723618090452419e+03 1.134177367195487562e+00 8.890089287911994154e-01
2.455778894472362026e+03 1.136322813767497442e+00 8.998130000687778463e-01
2.466834170854271633e+03 1.138591751481361714e+00 9.105212280709777950e-01
2.477889447236181240e+03 1.140980377168548499e+00 9.211322430453631194e-01
2.488944723618090393e+03 1.143484943792295150e+00 9.316448293098220645e-01
2.500000000000000000e+03 1.146101764731265238e+00 9.420579166889385681e-01
