4.000000000000000000e+02 2.029103390221164371e+00 5.129478909217731301e-03
4.050251256281406995e+02 2.029465067777353582e+00 3.530088143792203424e-04
4.100502512562813990e+02 2.027529029985837727e+00 3.718541200744982173e-04
4.150753768844220986e+02 2.026079734599819382e+00 3.913636715071038149e-04
4.201005025125627981e+02 2.024740673992573736e+00 4.116199502762787313e-04
4.251256281407034976e+02 2.023436502832736572e+00 4.326560818239135972e-04
4.301507537688441971e+02 2.022142084704559473e+00 4.544972253070437423e-04
4.351758793969848966e+02 2.020846630223005924e+00 4.771664956410896991e-04
4.402010050251256530e+02 2.019544730313028502e+00 5.006864453513862724e-04
4.452261306532663525e+02 2.018233367054490301e+00 5.250795609500969385e-04
4.502512562814070520e+02 2.016910717952050902e+00 5.503684639030864906e-04
4.552763819095477515e+02 2.015575612398069705e+00 5.765760017913952422e-04
4.603015075376884511e+02 2.014227259894338040e+00 6.037252974605663213e-04
4.653266331658291506e+02 2.012865103705120173e+00 6.318397752869218259e-04
4.703517587939698501e+02 2.011488737227485668e+00 6.609431781924959056e-04
4.753768844221105496e+02 2.010097853811570801e+00 6.910595793453305508e-04
4.804020100502512491e+02 2.008692215396732372e+00 7.222133902123432101e-04
4.854271356783919487e+02 2.007271632216035329e+00 7.544293671194696269e-04
4.904522613065327050e+02 2.005835949264781259e+00 7.877326164512338897e-04
4.954773869346734045e+02 2.004385037041099160e+00 8.221485999660078405e-04
5.005025125628141041e+02 2.002918785063381613e+00 8.577031394363281765e-04
5.055276381909548036e+02 2.001437097238949470e+00 8.944224200659158311e-04
5.105527638190955031e+02 1.999939888494917328e+00 9.323329953015003059e-04
5.155778894472362026e+02 1.998427082287092427e+00 9.714617905023525566e-04
5.206030150753769021e+02 1.996898608730804714e+00 1.011836106974303663e-03
5.256281407035176017e+02 1.995354403179518066e+00 1.053483626055662630e-03
5.306532663316583012e+02 1.993794405130645320e+00 1.096432413119957996e-03
5.356783919597990007e+02 1.992218557373726551e+00 1.140710921390812030e-03
5.407035175879397002e+02 1.990626805320366399e+00 1.186347996238068308e-03
5.457286432160803997e+02 1.989019096472038450e+00 1.233372879336540589e-03
5.507537688442210992e+02 1.987395379993577738e+00 1.281815212664973907e-03
5.557788944723617988e+02 1.985755606368483361e+00 1.331705042907920574e-03
5.608040201005024983e+02 1.984099727118114220e+00 1.383072825768802243e-03
5.658291457286431978e+02 1.982427694571219812e+00 1.435949430522647863e-03
5.708542713567838973e+02 1.980739461673422630e+00 1.490366144215249031e-03
5.758793969849245968e+02 1.979034981828651674e+00 1.546354676364170618e-03
5.809045226130654100e+02 1.977314208766298487e+00 1.603947163941852813e-03
5.859296482412059959e+02 1.975577096429219637e+00 1.663176175660583452e-03
5.909547738693468091e+02 1.973823598878726271e+00 1.724074717029322988e-03
5.959798994974873949e+02 1.972053670213504750e+00 1.786676235386070073e-03
6.010050251256282081e+02 1.970267264500013438e+00 1.851014624662627832e-03
6.060301507537687939e+02 1.968464335712383440e+00 1.917124230798180999e-03
6.110552763819096072e+02 1.966644837680228797e+00 1.985039856843815592e-03
6.160804020100503067e+02 1.964808724043062504e+00 2.054796768332821637e-03
6.211055276381910062e+02 1.962955948210255874e+00 2.126430698657224855e-03
6.261306532663317057e+02 1.961086463325667051e+00 2.199977854649707004e-03
6.311557788944724052e+02 1.959200222236212596e+00 2.275474922265053809e-03
6.361809045226131047e+02 1.957297177463786397e+00 2.352959072411913224e-03
6.412060301507538043e+02 1.955377281180018301e+00 2.432467966733858986e-03
6.462311557788945038e+02 1.953440485183462583e+00 2.514039763753617672e-03
6.512562814070352033e+02 1.951486740878855208e+00 2.597713124740629476e-03
6.562814070351759028e+02 1.949515999258148113e+00 2.683527220299273836e-03
6.613065326633166023e+02 1.947528210883066713e+00 2.771521736577236585e-03
6.663316582914573019e+02 1.945523325868977693e+00 2.861736881721958174e-03
6.713567839195980014e+02 1.943501293869882796e+00 2.954213392717711453e-03
6.763819095477387009e+02 1.941462064064383375e+00 3.048992541961687702e-03
6.814070351758794004e+02 1.939405585142483401e+00 3.146116144280061873e-03
6.864321608040200999e+02 1.937331805293110776e+00 3.245626564055339482e-03
6.914572864321607994e+02 1.935240672192262368e+00 3.347566722365610641e-03
6.964824120603016127e+02 1.933132132991680852e+00 3.451980104275423691e-03
7.015075376884421985e+02 1.931006134307993172e+00 3.558910766532334333e-03
7.065326633165830117e+02 1.928862622212240918e+00 3.668403345064927355e-03
7.115577889447235975e+02 1.926701542219747987e+00 3.780503062921803780e-03
7.165829145728644107e+02 1.924522839280271569e+00 3.895255738195617726e-03
7.216080402010049966e+02 1.922326457768397390e+00 4.012707792231010734e-03
7.266331658291458098e+02 1.920112341474134121e+00 4.132906257988928390e-03
7.316582914572863956e+02 1.917880433593677214e+00 4.255898788534520812e-03
7.366834170854272088e+02 1.915630676720307068e+00 4.381733665714000921e-03
7.417085427135677946e+02 1.913363012835399335e+00 4.510459809011532761e-03
7.467336683417086078e+02 1.911077383299515375e+00 4.642126784759365889e-03
7.517587939698491937e+02 1.908773728843559558e+00 4.776784815219982730e-03
7.567839195979900069e+02 1.906451989559976079e+00 4.914484788237181469e-03
7.618090452261307064e+02 1.904112104893973090e+00 5.055278266762013376e-03
7.668341708542714059e+02 1.901754013634752383e+00 5.199217498870116992e-03
7.718592964824121054e+02 1.899377653906736629e+00 5.346355427748393681e-03
7.768844221105528050e+02 1.896982963160773528e+00 5.496745702075395146e-03
7.819095477386935045e+02 1.894569878165311749e+00 5.650442686628522580e-03
7.869346733668342040e+02 1.892138334997531146e+00 5.807501472934492419e-03
7.919597989949749035e+02 1.889688269034420109e+00 5.967977890458227297e-03
7.969849246231156030e+02 1.887219614943790758e+00 6.131928517696482069e-03
8.020100502512563025e+02 1.884732306675222180e+00 6.299410693876651528e-03
8.070351758793970021e+02 1.882226277450921081e+00 6.470482530604984052e-03
8.120603015075377016e+02 1.879701459756497162e+00 6.645202923997942622e-03
8.170854271356784011e+02 1.877157785331641016e+00 6.823631566962526547e-03
8.221105527638192143e+02 1.874595185160700561e+00 7.005828961788832139e-03
8.271356783919598001e+02 1.872013589463148220e+00 7.191856433111686216e-03
8.321608040201006133e+02 1.869412927683930858e+00 7.381776140972348861e-03
8.371859296482411992e+02 1.866793128483702047e+00 7.575651094440995041e-03
8.422110552763820124e+02 1.864154119728923087e+00 7.773545165299553319e-03
8.472361809045225982e+02 1.861495828481835701e+00 7.975523102259836003e-03
8.522613065326634114e+02 1.858818180990293500e+00 8.181650545353450280e-03
8.572864321608039972e+02 1.856121102677450230e+00 8.391994040715460360e-03
8.623115577889448105e+02 1.853404518131304579e+00 8.606621055760106664e-03
8.673366834170853963e+02 1.850668351094084674e+00 8.825599994682221949e-03
8.723618090452262095e+02 1.847912524451481575e+00 9.049000214216281618e-03
8.773869346733667953e+02 1.845136960221716693e+00 9.276892040027261144e-03
8.824120603015076085e+02 1.842341579544441776e+00 9.509346783215667787e-03
8.874371859296483080e+02 1.839526302669471480e+00 9.746436757390177300e-03
8.924623115577890076e+02 1.836691048945334970e+00 9.988235296128623181e-03
8.974874371859297071e+02 1.833835736807650107e+00 1.023481677079539007e-02
9.025125628140704066e+02 1.830960283767311569e+00 1.048625660883308053e-02
9.075376884422111061e+02 1.828064606398492442e+00 1.074263131259869074e-02
9.125628140703518056e+02 1.825148620326448867e+00 1.100401847842156361e-02
9.175879396984925052e+02 1.822212240215130397e+00 1.127049681639208899e-02
9.226130653266332047e+02 1.819255379754586732e+00 1.154214617049216345e-02
9.276381909547739042e+02 1.816277951648169742e+00 1.181904753924807074e-02
9.326633165829146037e+02 1.813279867599524309e+00 1.210128309696420837e-02
9.376884422110553032e+02 1.810261038299365799e+00 1.238893621537055789e-02
9.427135678391960028e+02 1.807221373412039700e+00 1.268209148594963594e-02
9.477386934673367023e+02 1.804160781561856775e+00 1.298083474274128873e-02
9.527638190954774018e+02 1.801079170319203060e+00 1.328525308575852562e-02
9.577889447236181013e+02 1.797976446186420052e+00 1.359543490500778745e-02
9.628140703517588008e+02 1.794852514583448189e+00 1.391146990513699930e-02
9.678391959798995003e+02 1.791707279833232525e+00 1.423344913065661965e-02
9.728643216080401999e+02 1.788540645146885932e+00 1.456146499190555388e-02
9.778894472361808994e+02 1.785352512608603615e+00 1.489561129166753865e-02
9.829145728643217126e+02 1.782142783160329591e+00 1.523598325241207196e-02
9.879396984924624121e+02 1.778911356586166503e+00 1.558267754436038974e-02
9.929648241206031116e+02 1.775658131496526071e+00 1.593579231426335563e-02
9.979899497487438111e+02 1.772383005312018645e+00 1.629542721486394383e-02
1.003015075376884511e+03 1.769085874247074974e+00 1.666168343527999612e-02
1.008040201005025210e+03 1.765766633293297749e+00 1.703466373209552159e-02
1.013065326633165910e+03 1.762425176202541577e+00 1.741447246136940477e-02
1.018090452261306609e+03 1.759061395469709854e+00 1.780121561143119605e-02
1.023115577889447309e+03 1.755675182315277194e+00 1.819500083666690526e-02
1.028140703517588008e+03 1.752266426667520527e+00 1.859593749213481889e-02
1.033165829145728821e+03 1.748835017144466653e+00 1.900413666921482725e-02
1.038190954773869407e+03 1.745380841035548469e+00 1.941971123218960704e-02
1.043216080402009993e+03 1.741903784282960777e+00 1.984277585587571752e-02
1.048241206030150806e+03 1.738403731462725643e+00 2.027344706428318641e-02
1.053266331658291620e+03 1.734880565765454685e+00 2.071184327038683159e-02
1.058291457286432205e+03 1.731334168976805366e+00 2.115808481701904678e-02
1.063316582914572791e+03 1.727764421457634869e+00 2.161229401885805465e-02
1.068341708542713604e+03 1.724171202123846225e+00 2.207459520572212924e-02
1.073366834170854418e+03 1.720554388425920900e+00 2.254511476702979883e-02
1.078391959798995003e+03 1.716913856328144306e+00 2.302398119756207673e-02
1.083417085427135589e+03 1.713249480287512450e+00 2.351132514453807554e-02
1.088442211055276402e+03 1.709561133232329500e+00 2.400727945608737909e-02
1.093467336683417216e+03 1.705848686540486048e+00 2.451197923110551291e-02
1.098492462311557802e+03 1.702112010017421628e+00 2.502556187062408496e-02
1.103517587939698387e+03 1.698350971873774595e+00 2.554816713062310965e-02
1.108542713567839201e+03 1.694565438702710924e+00 2.607993717651165694e-02
1.113567839195980014e+03 1.690755275456942597e+00 2.662101663912967361e-02
1.118592964824120827e+03 1.686920345425430678e+00 2.717155267252935325e-02
1.123618090452261413e+03 1.683060510209775762e+00 2.773169501340630450e-02
1.128643216080401999e+03 1.679175629700301542e+00 2.830159604241873350e-02
1.133668341708542812e+03 1.675265562051829304e+00 2.888141084729658678e-02
1.138693467336683625e+03 1.671330163659155321e+00 2.947129728796135315e-02
1.143718592964824211e+03 1.667369289132226484e+00 3.007141606358107802e-02
1.148743718592964797e+03 1.663382791271026617e+00 3.068193078173719543e-02
1.153768844221105610e+03 1.659370521040177460e+00 3.130300802975618385e-02
1.158793969849246423e+03 1.655332327543262982e+00 3.193481744822682794e-02
1.163819095477387009e+03 1.651268057996885474e+00 3.257753180687227024e-02
1.168844221105527595e+03 1.647177557704459394e+00 3.323132708278862812e-02
1.173869346733668408e+03 1.643060670029763637e+00 3.389638254119096972e-02
1.178894472361809221e+03 1.638917236370253550e+00 3.457288081872500474e-02
1.183919597989949807e+03 1.634747096130156896e+00 3.526100800944498986e-02
1.188944723618090393e+03 1.630550086693360212e+00 3.596095375358698137e-02
1.193969849246231206e+03 1.626326043396110865e+00 3.667291132919662383e-02
1.198994974874372019e+03 1.622074799499552800e+00 3.739707774675689322e-02
1.204020100502512605e+03 1.617796186162109517e+00 3.813365384691391746e-02
1.209045226130653191e+03 1.613490032411752706e+00 3.888284440141513004e-02
1.214070351758794004e+03 1.609156165118168058e+00 3.964485821739818783e-02
1.219095477386934817e+03 1.604794408964857144e+00 4.041990824512475128e-02
1.224120603015075403e+03 1.600404586421201980e+00 4.120821168936033424e-02
1.229145728643215989e+03 1.595986517714528707e+00 4.200999012444608938e-02
1.234170854271356802e+03 1.591540020802208577e+00 4.282546961329573160e-02
1.239195979899497615e+03 1.587064911343836648e+00 4.365488083041299539e-02
1.244221105527638429e+03 1.582561002673534611e+00 4.449845918911684434e-02
1.249246231155779014e+03 1.578028105772426803e+00 4.535644497312348034e-02
1.254271356783919600e+03 1.573466029241342712e+00 4.622908347266206641e-02
1.259296482412060413e+03 1.568874579273807690e+00 4.711662512531401142e-02
1.264321608040201227e+03 1.564253559629380952e+00 4.801932566174352268e-02
1.269346733668341813e+03 1.559602771607414118e+00 4.893744625654168623e-02
1.274371859296482398e+03 1.554922014021306920e+00 4.987125368435517403e-02
1.279396984924623212e+03 1.550211083173336446e+00 5.082102048154561735e-02
1.284422110552764025e+03 1.545469772830157629e+00 5.178702511358344862e-02
1.289447236180904611e+03 1.540697874199063122e+00 5.276955214840903241e-02
1.294472361809045196e+03 1.535895175905114929e+00 5.376889243601355728e-02
1.299497487437186010e+03 1.531061463969255687e+00 5.478534329448217499e-02
1.304522613065326823e+03 1.526196521787527960e+00 5.581920870277410490e-02
1.309547738693467409e+03 1.521300130111535864e+00 5.687079950050152183e-02
1.314572864321607994e+03 1.516372067030281823e+00 5.794043359501314244e-02
1.319597989949748808e+03 1.511412107953557404e+00 5.902843617606563092e-02
1.324623115577889621e+03 1.506420025597036805e+00 6.013513993841129029e-02
1.329648241206030207e+03 1.501395589969269251e+00 6.126088531261901504e-02
1.334673366834170793e+03 1.496338568360766841e+00 6.240602070447344440e-02
1.339698492462311606e+03 1.491248725335399872e+00 6.357090274331388124e-02
1.344723618090452419e+03 1.486125822724338574e+00 6.475589653967527004e-02
1.349748743718593005e+03 1.480969619622787281e+00 6.596137595262960285e-02
1.354773869346733591e+03 1.475779872389787695e+00 6.718772386722314527e-02
1.359798994974874404e+03 1.470556334651386354e+00 6.843533248244071387e-02
1.364824120603015217e+03 1.465298757307481159e+00 6.970460361012799366e-02
1.369849246231156030e+03 1.460006888542700887e+00 7.099594898533390097e-02
1.374874371859296616e+03 1.454680473841675203e+00 7.230979058856290553e-02
1.379899497487437202e+03 1.449319256009117707e+00 7.364656098040391063e-02
1.384924623115578015e+03 1.443922975195138347e+00 7.500670364909227394e-02
1.389949748743718828e+03 1.438491368926277048e+00 7.639067337150982906e-02
1.394974874371859414e+03 1.433024172142748798e+00 7.779893658821476765e-02
1.400000000000000000e+03 1.427521117242461779e+00 7.923197179305285776e-02
