4.000000000000000000e+02 2.055999744915308458e+00 1.028967120792255121e-04
4.050251256281406995e+02 2.055482963544613462e+00 1.082478729574190611e-04
4.100502512562813990e+02 2.054959600232117545e+00 1.138061862928003195e-04
4.150753768844220986e+02 2.054429650085620285e+00 1.195770083333413112e-04
4.201005025125627981e+02 2.053893108149825064e+00 1.255657734033706785e-04
4.251256281407034976e+02 2.053349969406234266e+00 1.317779941903680203e-04
4.301507537688441971e+02 2.052800228773044022e+00 1.382192466919140745e-04
4.351758793969848966e+02 2.052243881105036305e+00 1.448951921624356230e-04
4.402010050251256530e+02 2.051680921193469231e+00 1.518115603038247541e-04
4.452261306532663525e+02 2.051111343765966932e+00 1.589741596032841610e-04
4.502512562814070520e+02 2.050535143486407641e+00 1.663888680817222888e-04
4.552763819095477515e+02 2.049952314954809118e+00 1.740616470899961825e-04
4.603015075376884511e+02 2.049362852707214966e+00 1.819985286087551582e-04
4.653266331658291506e+02 2.048766751215575610e+00 1.902056220911268341e-04
4.703517587939698501e+02 2.048164004887632839e+00 1.986891151736926804e-04
4.753768844221105496e+02 2.047554608066797233e+00 2.074552708712724860e-04
4.804020100502512491e+02 2.046938555032028706e+00 2.165104293664385613e-04
4.854271356783919487e+02 2.046315839997714381e+00 2.258610081478409882e-04
4.904522613065327050e+02 2.045686457113539358e+00 2.355135036803144633e-04
4.954773869346734045e+02 2.045050400464366369e+00 2.454744895746427359e-04
5.005025125628141041e+02 2.044407664070105657e+00 2.557506182070181928e-04
5.055276381909548036e+02 2.043758241885583526e+00 2.663486214709147337e-04
5.105527638190955031e+02 2.043102127800416223e+00 2.772753099948111291e-04
5.155778894472362026e+02 2.042439315638871822e+00 2.885375727013626303e-04
5.206030150753769021e+02 2.041769799159740995e+00 3.001423802701839267e-04
5.256281407035176017e+02 2.041093572056197569e+00 3.120967828696002435e-04
5.306532663316583012e+02 2.040410627955662193e+00 3.244079103855918088e-04
5.356783919597990007e+02 2.039720960419665108e+00 3.370829757996410096e-04
5.407035175879397002e+02 2.039024562943701824e+00 3.501292713197208355e-04
5.457286432160803997e+02 2.038321428957092785e+00 3.635541718344236796e-04
5.507537688442210992e+02 2.037611551822839040e+00 3.773651350148960761e-04
5.557788944723617988e+02 2.036894924837474807e+00 3.915696987906950991e-04
5.608040201005024983e+02 2.036171541230922255e+00 4.061754866454318985e-04
5.658291457286431978e+02 2.035441394166340068e+00 4.211902034921337313e-04
5.708542713567838973e+02 2.034704476739972900e+00 4.366216390517425059e-04
5.758793969849245968e+02 2.033960781980998167e+00 4.524776656377011656e-04
5.809045226130654100e+02 2.033210302851372830e+00 4.687662424890644904e-04
5.859296482412059959e+02 2.032453032245674862e+00 4.854954118033244178e-04
5.909547738693468091e+02 2.031688962990946923e+00 5.026733011375953590e-04
5.959798994974873949e+02 2.030918087846534270e+00 5.203081251455460863e-04
6.010050251256282081e+02 2.030140399503926218e+00 5.384081834197282845e-04
6.060301507537687939e+02 2.029355890586587385e+00 5.569818632464824471e-04
6.110552763819096072e+02 2.028564553649799151e+00 5.760376384204472051e-04
6.160804020100503067e+02 2.027766381180484689e+00 5.955840701538551865e-04
6.211055276381910062e+02 2.026961365597045983e+00 6.156298081383717842e-04
6.261306532663317057e+02 2.026149499249189301e+00 6.361835906219140239e-04
6.311557788944724052e+02 2.025330774417753332e+00 6.572542440015354676e-04
6.361809045226131047e+02 2.024505183314535994e+00 6.788506852699265721e-04
6.412060301507538043e+02 2.023672718082113686e+00 7.009819203171226837e-04
6.462311557788945038e+02 2.022833370793666319e+00 7.236570462839960046e-04
6.512562814070352033e+02 2.021987133452796126e+00 7.468852505331532261e-04
6.562814070351759028e+02 2.021133997993343812e+00 7.706758120814972794e-04
6.613065326633166023e+02 2.020273956279204697e+00 7.950381018728866185e-04
6.663316582914573019e+02 2.019407000104142647e+00 8.199815834347885541e-04
6.713567839195980014e+02 2.018533121191602664e+00 8.455158132729696102e-04
6.763819095477387009e+02 2.017652311194519044e+00 8.716504412695157914e-04
6.814070351758794004e+02 2.016764561695120861e+00 8.983952107962359015e-04
6.864321608040200999e+02 2.015869864204744122e+00 9.257599607214813840e-04
6.914572864321607994e+02 2.014968210163628370e+00 9.537546244629841602e-04
6.964824120603016127e+02 2.014059590940721733e+00 9.823892309236883363e-04
7.015075376884421985e+02 2.013143997833481968e+00 1.011673906031061200e-03
7.065326633165830117e+02 2.012221422067668630e+00 1.041618871303360205e-03
7.115577889447235975e+02 2.011291854797143674e+00 1.072234447026228134e-03
7.165829145728644107e+02 2.010355287103662292e+00 1.103531050258121492e-03
7.216080402010049966e+02 2.009411709996663298e+00 1.135519197021679551e-03
7.266331658291458098e+02 2.008461114413061299e+00 1.168209502913542972e-03
7.316582914572863956e+02 2.007503491217030422e+00 1.201612682383435904e-03
7.366834170854272088e+02 2.006538831199789374e+00 1.235739551214966054e-03
7.417085427135677946e+02 2.005567125079386948e+00 1.270601025281387986e-03
7.467336683417086078e+02 2.004588363500478643e+00 1.306208122688441546e-03
7.517587939698491937e+02 2.003602537034107733e+00 1.342571963520966874e-03
7.567839195979900069e+02 2.002609636177480112e+00 1.379703770649492274e-03
7.618090452261307064e+02 2.001609651353738251e+00 1.417614870903330989e-03
7.668341708542714059e+02 2.000602572911732491e+00 1.456316694675661213e-03
7.718592964824121054e+02 1.999588391125792342e+00 1.495820777846880575e-03
7.768844221105528050e+02 1.998567096195490222e+00 1.536138761530301319e-03
7.819095477386935045e+02 1.997538678245409649e+00 1.577282393016875284e-03
7.869346733668342040e+02 1.996503127324905646e+00 1.619263526717670473e-03
7.919597989949749035e+02 1.995460433407866718e+00 1.662094124533965633e-03
7.969849246231156030e+02 1.994410586392471485e+00 1.705786256698055541e-03
8.020100502512563025e+02 1.993353576100945102e+00 1.750352102654228591e-03
8.070351758793970021e+02 1.992289392279312565e+00 1.795803951444218663e-03
8.120603015075377016e+02 1.991218024597150027e+00 1.842154202735134163e-03
8.170854271356784011e+02 1.990139462647332103e+00 1.889415367467204643e-03
8.221105527638192143e+02 1.989053695945780298e+00 1.937600068496486087e-03
8.271356783919598001e+02 1.987960713931205436e+00 1.986721041649660170e-03
8.321608040201006133e+02 1.986860505964850310e+00 2.036791136217456621e-03
8.371859296482411992e+02 1.985753061330227220e+00 2.087823315852646924e-03
8.422110552763820124e+02 1.984638369232856414e+00 2.139830659412123547e-03
8.472361809045225982e+02 1.983516418799999403e+00 2.192826361619295422e-03
8.522613065326634114e+02 1.982387199080391627e+00 2.246823734039970089e-03
8.572864321608039972e+02 1.981250699043970664e+00 2.301836205807714433e-03
8.623115577889448105e+02 1.980106907581604681e+00 2.357877324532311157e-03
8.673366834170853963e+02 1.978955813504815531e+00 2.414960757009891688e-03
8.723618090452262095e+02 1.977797405545502096e+00 2.473100290320290155e-03
8.773869346733667953e+02 1.976631672355658287e+00 2.532309832430404070e-03
8.824120603015076085e+02 1.975458602507091488e+00 2.592603413165787789e-03
8.874371859296483080e+02 1.974278184491136345e+00 2.653995185254395296e-03
8.924623115577890076e+02 1.973090406718366330e+00 2.716499424991947707e-03
8.974874371859297071e+02 1.971895257518304412e+00 2.780130533357632813e-03
9.025125628140704066e+02 1.970692725139128409e+00 2.844903036700677408e-03
9.075376884422111061e+02 1.969482797747375891e+00 2.910831587912375042e-03
9.125628140703518056e+02 1.968265463427646633e+00 2.977930967308968328e-03
9.175879396984925052e+02 1.967040710182301533e+00 3.046216083531649507e-03
9.226130653266332047e+02 1.965808525931157069e+00 3.115701974468474463e-03
9.276381909547739042e+02 1.964568898511182882e+00 3.186403808410614470e-03
9.326633165829146037e+02 1.963321815676190019e+00 3.258336884935732029e-03
9.376884422110553032e+02 1.962067265096521629e+00 3.331516635963982943e-03
9.427135678391960028e+02 1.960805234358738103e+00 3.405958626672085047e-03
9.477386934673367023e+02 1.959535710965301103e+00 3.481678556736868182e-03
9.527638190954774018e+02 1.958258682334253598e+00 3.558692261113618593e-03
9.577889447236181013e+02 1.956974135798899672e+00 3.637015711336099785e-03
9.628140703517588008e+02 1.955682058607478346e+00 3.716665016517196538e-03
9.678391959798995003e+02 1.954382437922837612e+00 3.797656424357651397e-03
9.728643216080401999e+02 1.953075260822104031e+00 3.880006322334797388e-03
9.778894472361808994e+02 1.951760514296351445e+00 3.963731238849519008e-03
9.829145728643217126e+02 1.950438185250264578e+00 4.048847844199703581e-03
9.879396984924624121e+02 1.949108260501801970e+00 4.135372951968465868e-03
9.929648241206031116e+02 1.947770726781855588e+00 4.223323519951681718e-03
9.979899497487438111e+02 1.946425570733908206e+00 4.312716651486343464e-03
1.003015075376884511e+03 1.945072778913686795e+00 4.403569596642257708e-03
1.008040201005025210e+03 1.943712337788814137e+00 4.495899753218982227e-03
1.013065326633165910e+03 1.942344233738458437e+00 4.589724668346830891e-03
1.018090452261306609e+03 1.940968453052979381e+00 4.685062039324111062e-03
1.023115577889447309e+03 1.939584981933571761e+00 4.781929715231859716e-03
1.028140703517588008e+03 1.938193806491905091e+00 4.880345697872338386e-03
1.033165829145728821e+03 1.936794912749763675e+00 4.980328143345202907e-03
1.038190954773869407e+03 1.935388286638682009e+00 5.081895363164052118e-03
1.043216080402009993e+03 1.933973913999575966e+00 5.185065825719271590e-03
1.048241206030150806e+03 1.932551780582374423e+00 5.289858157446585864e-03
1.053266331658291620e+03 1.931121872045647114e+00 5.396291144413510772e-03
1.058291457286432205e+03 1.929684173956228932e+00 5.504383733453664836e-03
1.063316582914572791e+03 1.928238671788842451e+00 5.614155033732685061e-03
1.068341708542713604e+03 1.926785350925717344e+00 5.725624318118461599e-03
1.073366834170854418e+03 1.925324196656208686e+00 5.838811024582311188e-03
1.078391959798995003e+03 1.923855194176409933e+00 5.953734757712031596e-03
1.083417085427135589e+03 1.922378328588766117e+00 6.070415290057143247e-03
1.088442211055276402e+03 1.920893584901682605e+00 6.188872563803688408e-03
1.093467336683417216e+03 1.919400948029132081e+00 6.309126692162767176e-03
1.098492462311557802e+03 1.917900402790258862e+00 6.431197960862489009e-03
1.103517587939698387e+03 1.916391933908981660e+00 6.555106829889556161e-03
1.108542713567839201e+03 1.914875526013590790e+00 6.680873934839068502e-03
1.113567839195980014e+03 1.913351163636346719e+00 6.808520088645828722e-03
1.118592964824120827e+03 1.911818831213074832e+00 6.938066283173327346e-03
1.123618090452261413e+03 1.910278513082756202e+00 7.069533690855107737e-03
1.128643216080401999e+03 1.908730193487117477e+00 7.202943666323823220e-03
1.133668341708542812e+03 1.907173856570218984e+00 7.338317748138425793e-03
1.138693467336683625e+03 1.905609486378038842e+00 7.475677660450931808e-03
1.143718592964824211e+03 1.904037066858055960e+00 7.615045314782431865e-03
1.148743718592964797e+03 1.902456581858830820e+00 7.756442811709765052e-03
1.153768844221105610e+03 1.900868015129582922e+00 7.899892442769750056e-03
1.158793969849246423e+03 1.899271350319767571e+00 8.045416692098485839e-03
1.163819095477387009e+03 1.897666570978649547e+00 8.193038238380053254e-03
1.168844221105527595e+03 1.896053660554874121e+00 8.342779956653029183e-03
1.173869346733668408e+03 1.894432602396038501e+00 8.494664920225729679e-03
1.178894472361809221e+03 1.892803379748257742e+00 8.648716402517861793e-03
1.183919597989949807e+03 1.891165975755732864e+00 8.804957879074530591e-03
1.188944723618090393e+03 1.889520373460312097e+00 8.963413029443598537e-03
1.193969849246231206e+03 1.887866555801055002e+00 9.124105739233369372e-03
1.198994974874372019e+03 1.886204505613793048e+00 9.287060102109556681e-03
1.204020100502512605e+03 1.884534205630686188e+00 9.452300421780938586e-03
1.209045226130653191e+03 1.882855638479782989e+00 9.619851214189309094e-03
1.214070351758794004e+03 1.881168786684573213e+00 9.789737209487983996e-03
1.219095477386934817e+03 1.879473632663544169e+00 9.961983354262390900e-03
1.224120603015075403e+03 1.877770158729732186e+00 1.013661481366184315e-02
1.229145728643215989e+03 1.876058347090273193e+00 1.031365697358560193e-02
1.234170854271356802e+03 1.874338179845955743e+00 1.049313544291991147e-02
1.239195979899497615e+03 1.872609638990766268e+00 1.067507605581194223e-02
1.244221105527638429e+03 1.870872706411440101e+00 1.085950487393705539e-02
1.249246231155779014e+03 1.869127363887006288e+00 1.104644818879135966e-02
1.254271356783919600e+03 1.867373593088334838e+00 1.123593252415537765e-02
1.259296482412060413e+03 1.865611375577681752e+00 1.142798463834924713e-02
1.264321608040201227e+03 1.863840692808234278e+00 1.162263152676116726e-02
1.269346733668341813e+03 1.862061526123654831e+00 1.181990042429705880e-02
1.274371859296482398e+03 1.860273856757623800e+00 1.201981880780438224e-02
1.279396984924623212e+03 1.858477665833385029e+00 1.222241439868861079e-02
1.284422110552764025e+03 1.856672934363288840e+00 1.242771516547392339e-02
1.289447236180904611e+03 1.854859643248334411e+00 1.263574932635438096e-02
1.294472361809045196e+03 1.853037773277714795e+00 1.284654535191389647e-02
1.299497487437186010e+03 1.851207305128360181e+00 1.306013196777002124e-02
1.304522613065326823e+03 1.849368219364482480e+00 1.327653815732843592e-02
1.309547738693467409e+03 1.847520496437121018e+00 1.349579316451453119e-02
1.314572864321607994e+03 1.845664116683686906e+00 1.371792649663174275e-02
1.319597989949748808e+03 1.843799060327512285e+00 1.394296792718200360e-02
1.324623115577889621e+03 1.841925307477396245e+00 1.417094749875431013e-02
1.329648241206030207e+03 1.840042838127155855e+00 1.440189552598105348e-02
1.334673366834170793e+03 1.838151632155175852e+00 1.463584259853816828e-02
1.339698492462311606e+03 1.836251669323962110e+00 1.487281958411500356e-02
1.344723618090452419e+03 1.834342929279696888e+00 1.511285763154567897e-02
1.349748743718593005e+03 1.832425391551794958e+00 1.535598817390027362e-02
1.354773869346733591e+03 1.830499035552463516e+00 1.560224293165711658e-02
1.359798994974874404e+03 1.828563840576264532e+00 1.585165391592884346e-02
1.364824120603015217e+03 1.826619785799678652e+00 1.610425343169660795e-02
1.369849246231156030e+03 1.824666850280676655e+00 1.636007408119500781e-02
1.374874371859296616e+03 1.822705012958286463e+00 1.661914876718441694e-02
1.379899497487437202e+03 1.820734252652174368e+00 1.688151069644440103e-02
1.384924623115578015e+03 1.818754548062218923e+00 1.714719338322380493e-02
1.389949748743718828e+03 1.816765877768100834e+00 1.741623065274547008e-02
1.394974874371859414e+03 1.814768220228886619e+00 1.768865664480100477e-02
1.400000000000000000e+03 1.812761553782626267e+00 1.796450581741016600e-02
