4.000000000000000000e+02 1.809083131873208794e+00 8.168068196415545837e-03
4.050251256281406995e+02 1.810514609539674691e+00 7.872173773496325688e-03
4.100502512562813990e+02 1.811374947201843666e+00 7.443361945066174525e-03
4.150753768844220986e+02 1.811899403625261140e+00 6.707658974593369572e-03
4.201005025125627981e+02 1.811729066128724197e+00 5.564295733431811296e-03
4.251256281407034976e+02 1.811248976750844841e+00 5.715825579499113525e-03
4.301507537688441971e+02 1.811025084816543673e+00 5.865556521598821495e-03
4.351758793969848966e+02 1.810889736968344099e+00 6.013837585575981109e-03
4.402010050251256530e+02 1.810798974855372556e+00 6.160661023577009704e-03
4.452261306532663525e+02 1.810735074396906619e+00 6.305950727793633789e-03
4.502512562814070520e+02 1.810689263119967363e+00 6.449613130760084058e-03
4.552763819095477515e+02 1.810656614499852157e+00 6.591552194943604316e-03
4.603015075376884511e+02 1.810634105135889849e+00 6.731675074903434482e-03
4.653266331658291506e+02 1.810619749595509420e+00 6.869894578504526922e-03
4.703517587939698501e+02 1.810612170793640008e+00 7.006130309679469738e-03
4.753768844221105496e+02 1.810610368716180973e+00 7.140309189959131823e-03
4.804020100502512491e+02 1.810613587888540543e+00 7.272365653050047452e-03
4.854271356783919487e+02 1.810621237540424699e+00 7.402241651483015480e-03
4.904522613065327050e+02 1.810632841508245994e+00 7.529886546522301764e-03
4.954773869346734045e+02 1.810648005708745067e+00 7.655256921205403665e-03
5.005025125628141041e+02 1.810666396402643485e+00 7.778316340907793711e-03
5.055276381909548036e+02 1.810687725304372719e+00 7.899035076860167967e-03
5.105527638190955031e+02 1.810711739158997968e+00 8.017389803749863306e-03
5.155778894472362026e+02 1.810738212305551764e+00 8.133363279199026102e-03
5.206030150753769021e+02 1.810766941279321030e+00 8.246944011536822688e-03
5.256281407035176017e+02 1.810797740832043479e+00 8.358125920725795188e-03
5.306532663316583012e+02 1.810830440954130705e+00 8.466907996371564327e-03
5.356783919597990007e+02 1.810864884615100534e+00 8.573293956369323204e-03
5.407035175879397002e+02 1.810900926025241553e+00 8.677291908843309809e-03
5.457286432160803997e+02 1.810938429279745243e+00 8.778914019770924990e-03
5.507537688442210992e+02 1.810977267286248971e+00 8.878176188267744920e-03
5.557788944723617988e+02 1.811017320904238170e+00 8.975097730991038122e-03
5.608040201005024983e+02 1.811058478244097270e+00 9.069701077247842996e-03
5.658291457286431978e+02 1.811100634087361216e+00 9.162011475495947591e-03
5.708542713567838973e+02 1.811143689399627776e+00 9.252056712285055412e-03
5.758793969849245968e+02 1.811187550914816535e+00 9.339866844197502321e-03
5.809045226130654100e+02 1.811232130774747207e+00 9.425473943022219525e-03
5.859296482412059959e+02 1.811277346211947359e+00 9.508911854584602835e-03
5.909547738693468091e+02 1.811323119266519122e+00 9.590215971209906792e-03
5.959798994974873949e+02 1.811369376530098885e+00 9.669423017896507100e-03
6.010050251256282081e+02 1.811416048911598686e+00 9.746570851809594621e-03
6.060301507537687939e+02 1.811463071420679194e+00 9.821698275312524748e-03
6.110552763819096072e+02 1.811510382965856980e+00 9.894844861643674674e-03
6.160804020100503067e+02 1.811557926164882204e+00 9.966050793458384668e-03
6.211055276381910062e+02 1.811605647165571709e+00 1.003535671338760468e-02
6.261306532663317057e+02 1.811653495475717301e+00 1.010280358630930540e-02
6.311557788944724052e+02 1.811701423801003852e+00 1.016843257293227783e-02
6.361809045226131047e+02 1.811749387890126961e+00 1.023228491394613700e-02
6.412060301507538043e+02 1.811797346386479157e+00 1.029440182454276903e-02
6.462311557788945038e+02 1.811845260685926773e+00 1.035482439842806517e-02
6.512562814070352033e+02 1.811893094800290926e+00 1.041359352104479635e-02
6.562814070351759028e+02 1.811940815226244395e+00 1.047074979132651441e-02
6.613065326633166023e+02 1.811988390819377237e+00 1.052633345165414520e-02
6.663316582914573019e+02 1.812035792673239110e+00 1.058038432515516318e-02
6.713567839195980014e+02 1.812082994003190173e+00 1.063294176025691810e-02
6.763819095477387009e+02 1.812129970034918713e+00 1.068404458170290304e-02
6.814070351758794004e+02 1.812176697897495359e+00 1.073373104777452895e-02
6.864321608040200999e+02 1.812223156520840872e+00 1.078203881302998955e-02
6.914572864321607994e+02 1.812269326537500280e+00 1.082900489643853423e-02
6.964824120603016127e+02 1.812315190188603431e+00 1.087466565424653579e-02
7.015075376884421985e+02 1.812360731233911837e+00 1.091905675730241339e-02
7.065326633165830117e+02 1.812405934865834123e+00 1.096221317248413478e-02
7.115577889447235975e+02 1.812450787627306603e+00 1.100416914780004071e-02
7.165829145728644107e+02 1.812495277333423083e+00 1.104495820099229975e-02
7.216080402010049966e+02 1.812539392996703969e+00 1.108461311111859186e-02
7.266331658291458098e+02 1.812583124755892117e+00 1.112316591302209799e-02
7.316582914572863956e+02 1.812626463808160615e+00 1.116064789437158644e-02
7.366834170854272088e+02 1.812669402344613934e+00 1.119708959486974409e-02
7.417085427135677946e+02 1.812711933488977856e+00 1.123252080772790297e-02
7.467336683417086078e+02 1.812754051239350517e+00 1.126697058278759711e-02
7.517587939698491937e+02 1.812795750412909968e+00 1.130046723140501301e-02
7.567839195979900069e+02 1.812837026593459466e+00 1.133303833278250655e-02
7.618090452261307064e+02 1.812877876081701478e+00 1.136471074159649090e-02
7.668341708542714059e+02 1.812918295848126693e+00 1.139551059671659039e-02
7.718592964824121054e+02 1.812958283488410594e+00 1.142546333099038990e-02
7.768844221105528050e+02 1.812997837181210548e+00 1.145459368185501071e-02
7.819095477386935045e+02 1.813036955648258175e+00 1.148292570265698441e-02
7.869346733668342040e+02 1.813075638116644184e+00 1.151048277465946054e-02
7.919597989949749035e+02 1.813113884283198640e+00 1.153728761955121959e-02
7.969849246231156030e+02 1.813151694280864978e+00 1.156336231234106858e-02
8.020100502512563025e+02 1.813189068646980484e+00 1.158872829475134612e-02
8.070351758793970021e+02 1.813226008293364666e+00 1.161340638870414672e-02
8.120603015075377016e+02 1.813262514478133802e+00 1.163741681010936613e-02
8.170854271356784011e+02 1.813298588779153953e+00 1.166077918284380219e-02
8.221105527638192143e+02 1.813334233069051615e+00 1.168351255274370677e-02
8.271356783919598001e+02 1.813369449491700092e+00 1.170563540161407082e-02
8.321608040201006133e+02 1.813404240440113613e+00 1.172716566138810000e-02
8.371859296482411992e+02 1.813438608535666186e+00 1.174812072800867843e-02
8.422110552763820124e+02 1.813472556608576314e+00 1.176851747549449191e-02
8.472361809045225982e+02 1.813506087679581658e+00 1.178837226965588104e-02
8.522613065326634114e+02 1.813539204942747896e+00 1.180770098184289255e-02
8.572864321608039972e+02 1.813571911749344290e+00 1.182651900244370557e-02
8.623115577889448105e+02 1.813604211592732440e+00 1.184484125423760498e-02
8.673366834170853963e+02 1.813636108094211608e+00 1.186268220552571216e-02
8.723618090452262095e+02 1.813667604989767312e+00 1.188005588308320599e-02
8.773869346733667953e+02 1.813698706117671033e+00 1.189697588481593814e-02
8.824120603015076085e+02 1.813729415406890588e+00 1.191345539227418177e-02
8.874371859296483080e+02 1.813759736866255690e+00 1.192950718280075956e-02
8.924623115577890076e+02 1.813789674574341149e+00 1.194514364152844330e-02
8.974874371859297071e+02 1.813819232670029979e+00 1.196037677308503348e-02
9.025125628140704066e+02 1.813848415343708886e+00 1.197521821297593131e-02
9.075376884422111061e+02 1.813877226829066824e+00 1.198967923875174021e-02
9.125628140703518056e+02 1.813905671395455776e+00 1.200377078093672022e-02
9.175879396984925052e+02 1.813933753340789545e+00 1.201750343360976497e-02
9.226130653266332047e+02 1.813961476984935484e+00 1.203088746476013021e-02
9.276381909547739042e+02 1.813988846663584509e+00 1.204393282634439073e-02
9.326633165829146037e+02 1.814015866722558767e+00 1.205664916412722137e-02
9.376884422110553032e+02 1.814042541512539186e+00 1.206904582721216902e-02
9.427135678391960028e+02 1.814068875384182267e+00 1.208113187728792823e-02
9.477386934673367023e+02 1.814094872683606141e+00 1.209291609767875267e-02
9.527638190954774018e+02 1.814120537748220574e+00 1.210440700207522473e-02
9.577889447236181013e+02 1.814145874902881594e+00 1.211561284307831853e-02
9.628140703517588008e+02 1.814170888456349884e+00 1.212654162041330863e-02
9.678391959798995003e+02 1.814195582698034048e+00 1.213720108896318428e-02
9.728643216080401999e+02 1.814219961895003230e+00 1.214759876653182316e-02
9.778894472361808994e+02 1.814244030289247744e+00 1.215774194141159420e-02
9.829145728643217126e+02 1.814267792095175746e+00 1.216763767966476048e-02
9.879396984924624121e+02 1.814291251497331059e+00 1.217729283219217210e-02
9.929648241206031116e+02 1.814314412648314390e+00 1.218671404166177773e-02
9.979899497487438111e+02 1.814337279666898839e+00 1.219590774908632137e-02
1.003015075376884511e+03 1.814359856636326818e+00 1.220488020033170390e-02
1.008040201005025210e+03 1.814382147602771278e+00 1.221363745231715016e-02
1.013065326633165910e+03 1.814404156573959481e+00 1.222218537908726158e-02
1.018090452261306609e+03 1.814425887517940428e+00 1.223052967763502141e-02
1.023115577889447309e+03 1.814447344361990178e+00 1.223867587359097654e-02
1.028140703517588008e+03 1.814468530991646178e+00 1.224662932669349537e-02
1.033165829145728821e+03 1.814489451249859941e+00 1.225439523610907973e-02
1.038190954773869407e+03 1.814510108936262522e+00 1.226197864553527257e-02
1.043216080402009993e+03 1.814530507806531023e+00 1.226938444821786163e-02
1.048241206030150806e+03 1.814550651571854134e+00 1.227661739171469896e-02
1.053266331658291620e+03 1.814570543898486932e+00 1.228368208255540064e-02
1.058291457286432205e+03 1.814590188407386950e+00 1.229058299076453767e-02
1.063316582914572791e+03 1.814609588673930185e+00 1.229732445417982926e-02
1.068341708542713604e+03 1.814628748227698374e+00 1.230391068268636354e-02
1.073366834170854418e+03 1.814647670552331560e+00 1.231034576227078153e-02
1.078391959798995003e+03 1.814666359085443270e+00 1.231663365896177621e-02
1.083417085427135589e+03 1.814684817218593205e+00 1.232277822263275896e-02
1.088442211055276402e+03 1.814703048297312105e+00 1.232878319068751900e-02
1.093467336683417216e+03 1.814721055621173917e+00 1.233465219163143965e-02
1.098492462311557802e+03 1.814738842443915701e+00 1.234038874846771390e-02
1.103517587939698387e+03 1.814756411973596828e+00 1.234599628210994969e-02
1.108542713567839201e+03 1.814773767372795499e+00 1.235147811450724477e-02
1.113567839195980014e+03 1.814790911758842329e+00 1.235683747182582046e-02
1.118592964824120827e+03 1.814807848204083029e+00 1.236207748739222116e-02
1.123618090452261413e+03 1.814824579736173726e+00 1.236720120468759801e-02
1.128643216080401999e+03 1.814841109338398262e+00 1.237221158007129583e-02
1.133668341708542812e+03 1.814857439950014140e+00 1.237711148557669137e-02
1.138693467336683625e+03 1.814873574466617345e+00 1.238190371148448037e-02
1.143718592964824211e+03 1.814889515740528037e+00 1.238659096889923976e-02
1.148743718592964797e+03 1.814905266581194665e+00 1.239117589220496175e-02
1.153768844221105610e+03 1.814920829755612530e+00 1.239566104142778881e-02
1.158793969849246423e+03 1.814936207988758987e+00 1.240004890454297383e-02
1.163819095477387009e+03 1.814951403964037535e+00 1.240434189970924216e-02
1.168844221105527595e+03 1.814966420323738117e+00 1.240854237742268149e-02
1.173869346733668408e+03 1.814981259669503411e+00 1.241265262254640823e-02
1.178894472361809221e+03 1.814995924562805119e+00 1.241667485641383996e-02
1.183919597989949807e+03 1.815010417525427577e+00 1.242061123868432038e-02
1.188944723618090393e+03 1.815024741039957146e+00 1.242446386927403140e-02
1.193969849246231206e+03 1.815038897550276920e+00 1.242823479017510051e-02
1.198994974874372019e+03 1.815052889462067220e+00 1.243192598719052196e-02
1.204020100502512605e+03 1.815066719143306528e+00 1.243553939166602319e-02
1.209045226130653191e+03 1.815080388924776633e+00 1.243907688212123920e-02
1.214070351758794004e+03 1.815093901100570672e+00 1.244254028585228128e-02
1.219095477386934817e+03 1.815107257928599394e+00 1.244593138046167120e-02
1.224120603015075403e+03 1.815120461631099413e+00 1.244925189536970518e-02
1.229145728643215989e+03 1.815133514395142145e+00 1.245250351324535092e-02
1.234170854271356802e+03 1.815146418373139614e+00 1.245568787139284851e-02
1.239195979899497615e+03 1.815159175683350945e+00 1.245880656313905210e-02
1.244221105527638429e+03 1.815171788410386400e+00 1.246186113911497764e-02
1.249246231155779014e+03 1.815184258605708090e+00 1.246485310850331540e-02
1.254271356783919600e+03 1.815196588288131130e+00 1.246778394032353916e-02
1.259296482412060413e+03 1.815208779444316356e+00 1.247065506454119767e-02
1.264321608040201227e+03 1.815220834029267261e+00 1.247346787332236778e-02
1.269346733668341813e+03 1.815232753966815382e+00 1.247622372200619424e-02
1.274371859296482398e+03 1.815244541150108581e+00 1.247892393032111989e-02
1.279396984924623212e+03 1.815256197442088881e+00 1.248156978331095741e-02
1.284422110552764025e+03 1.815267724675972527e+00 1.248416253243395807e-02
1.289447236180904611e+03 1.815279124655719389e+00 1.248670339647913775e-02
1.294472361809045196e+03 1.815290399156501921e+00 1.248919356253148927e-02
1.299497487437186010e+03 1.815301549925166569e+00 1.249163418692398816e-02
1.304522613065326823e+03 1.815312578680691180e+00 1.249402639606105730e-02
1.309547738693467409e+03 1.815323487114637535e+00 1.249637128731820659e-02
1.314572864321607994e+03 1.815334276891596765e+00 1.249866992984911308e-02
1.319597989949748808e+03 1.815344949649633000e+00 1.250092336546030497e-02
1.324623115577889621e+03 1.815355507000717017e+00 1.250313260928709660e-02
1.329648241206030207e+03 1.815365950531157013e+00 1.250529865063518264e-02
1.334673366834170793e+03 1.815376281802023595e+00 1.250742245367713300e-02
1.339698492462311606e+03 1.815386502349568332e+00 1.250950495816383762e-02
1.344723618090452419e+03 1.815396613685636762e+00 1.251154708013326941e-02
1.349748743718593005e+03 1.815406617298076286e+00 1.251354971255454890e-02
1.354773869346733591e+03 1.815416514651137847e+00 1.251551372598735251e-02
1.359798994974874404e+03 1.815426307185870947e+00 1.251743996922125880e-02
1.364824120603015217e+03 1.815435996320514223e+00 1.251932926984194311e-02
1.369849246231156030e+03 1.815445583450880473e+00 1.252118243487512772e-02
1.374874371859296616e+03 1.815455069950734135e+00 1.252300025131324046e-02
1.379899497487437202e+03 1.815464457172164758e+00 1.252478348670228205e-02
1.384924623115578015e+03 1.815473746445953385e+00 1.252653288965597037e-02
1.389949748743718828e+03 1.815482939081934921e+00 1.252824919037705612e-02
1.394974874371859414e+03 1.815492036369353190e+00 1.252993310118587049e-02
1.400000000000000000e+03 1.815501039577211095e+00 1.253158531698530392e-02
