4.000000000000000000e+02 1.815824714177724397e+00 6.176917755982108162e-03
4.050251256281406995e+02 1.816462460359428821e+00 6.087204669449595290e-03
4.100502512562813990e+02 1.816846187244014699e+00 5.916779649268937707e-03
4.150753768844220986e+02 1.816958727127920836e+00 5.467991701479800633e-03
4.201005025125627981e+02 1.816810287191728879e+00 5.323696061297959921e-03
4.251256281407034976e+02 1.816664118145697948e+00 5.453128138954078073e-03
4.301507537688441971e+02 1.816595258162096549e+00 5.580761936825595453e-03
4.351758793969848966e+02 1.816556860697038811e+00 5.706625791644151166e-03
4.402010050251256530e+02 1.816535227117787477e+00 5.830664027370999723e-03
4.452261306532663525e+02 1.816524473932788819e+00 5.952808239927748213e-03
4.502512562814070520e+02 1.816521549074011643e+00 6.072991071293428432e-03
4.552763819095477515e+02 1.816524664778381482e+00 6.191150358088970233e-03
4.603015075376884511e+02 1.816532676239009492e+00 6.307230600445513230e-03
4.653266331658291506e+02 1.816544796851262467e+00 6.421183459384706936e-03
4.703517587939698501e+02 1.816560453829398458e+00 6.532967835630718034e-03
4.753768844221105496e+02 1.816579209266510286e+00 6.642549742952463636e-03
4.804020100502512491e+02 1.816600714366688463e+00 6.749902071120869942e-03
4.854271356783919487e+02 1.816624681628820071e+00 6.855004285317697899e-03
4.904522613065327050e+02 1.816650867271275560e+00 6.957842088146026609e-03
4.954773869346734045e+02 1.816679059757930315e+00 7.058407059371568475e-03
5.005025125628141041e+02 1.816709072093604993e+00 7.156696284076602237e-03
5.055276381909548036e+02 1.816740736520837229e+00 7.252711975949599141e-03
5.105527638190955031e+02 1.816773900787015616e+00 7.346461101138564848e-03
5.155778894472362026e+02 1.816808425461803322e+00 7.437955006618977502e-03
5.206030150753769021e+02 1.816844181970778571e+00 7.527209056092468327e-03
5.256281407035176017e+02 1.816881051125792901e+00 7.614242275955274489e-03
5.306532663316583012e+02 1.816918922004922887e+00 7.699077013126421308e-03
5.356783919597990007e+02 1.816957691081706239e+00 7.781738606208514659e-03
5.407035175879397002e+02 1.816997261534217589e+00 7.862255071102157433e-03
5.457286432160803997e+02 1.817037542685285834e+00 7.940656802070081288e-03
5.507537688442210992e+02 1.817078449539316187e+00 8.016976288129161465e-03
5.557788944723617988e+02 1.817119902390987640e+00 8.091247845958550802e-03
5.608040201005024983e+02 1.817161826487976750e+00 8.163507368675451681e-03
5.658291457286431978e+02 1.817204151734744144e+00 8.233792090817499548e-03
5.708542713567838973e+02 1.817246812427901537e+00 8.302140369135553241e-03
5.758793969849245968e+02 1.817289747016227031e+00 8.368591479088733839e-03
5.809045226130654100e+02 1.817332897880199472e+00 8.433185426341032950e-03
5.859296482412059959e+02 1.817376211127297081e+00 8.495962773047305988e-03
5.909547738693468091e+02 1.817419636400261274e+00 8.556964478126783194e-03
5.959798994974873949e+02 1.817463126696279963e+00 8.616231751219873003e-03
6.010050251256282081e+02 1.817506638195552693e+00 8.673805919355265237e-03
6.060301507537687939e+02 1.817550130098114947e+00 8.729728305925480228e-03
6.110552763819096072e+02 1.817593564468079848e+00 8.784040121313251015e-03
6.160804020100503067e+02 1.817636906084662440e+00 8.836782364286831226e-03
6.211055276381910062e+02 1.817680122299522916e+00 8.887995733685238528e-03
6.261306532663317057e+02 1.817723182900058854e+00 8.937720549740674550e-03
6.311557788944724052e+02 1.817766059978371374e+00 8.985996684237402415e-03
6.361809045226131047e+02 1.817808727805676039e+00 9.032863499122904816e-03
6.412060301507538043e+02 1.817851162711977331e+00 9.078359792744837911e-03
6.462311557788945038e+02 1.817893342970840598e+00 9.122523753225428647e-03
6.512562814070352033e+02 1.817935248689126260e+00 9.165392918413530626e-03
6.562814070351759028e+02 1.817976861701549041e+00 9.207004142009700409e-03
6.613065326633166023e+02 1.818018165469935443e+00 9.247393565111000982e-03
6.663316582914573019e+02 1.818059144987054676e+00 9.286596592787754040e-03
6.713567839195980014e+02 1.818099786684900909e+00 9.324647875531872840e-03
6.763819095477387009e+02 1.818140078347299848e+00 9.361581294659594363e-03
6.814070351758794004e+02 1.818180009026708399e+00 9.397429951660355232e-03
6.864321608040200999e+02 1.818219568965086630e+00 9.432226161003325407e-03
6.914572864321607994e+02 1.818258749518703254e+00 9.466001445986502866e-03
6.964824120603016127e+02 1.818297543086747181e+00 9.498786537398261690e-03
7.015075376884421985e+02 1.818335943043609237e+00 9.530611374763284238e-03
7.065326633165830117e+02 1.818373943674700399e+00 9.561505109643377368e-03
7.115577889447235975e+02 1.818411540115671521e+00 9.591496111048779249e-03
7.165829145728644107e+02 1.818448728294902894e+00 9.620611972532352660e-03
7.216080402010049966e+02 1.818485504879128856e+00 9.648879520793062284e-03
7.266331658291458098e+02 1.818521867222063992e+00 9.676324825665950577e-03
7.316582914572863956e+02 1.818557813315907490e+00 9.702973211229986780e-03
7.366834170854272088e+02 1.818593341745588843e+00 9.728849267839062911e-03
7.417085427135677946e+02 1.818628451645639243e+00 9.753976865134742630e-03
7.467336683417086078e+02 1.818663142659559862e+00 9.778379165631109760e-03
7.517587939698491937e+02 1.818697414901571996e+00 9.802078639000766022e-03
7.567839195979900069e+02 1.818731268920631639e+00 9.825097076677682950e-03
7.618090452261307064e+02 1.818764705666597203e+00 9.847455607006259243e-03
7.668341708542714059e+02 1.818797726458441177e+00 9.869174710540322415e-03
7.718592964824121054e+02 1.818830332954401996e+00 9.890274235594130256e-03
7.768844221105528050e+02 1.818862527123977335e+00 9.910773413952248673e-03
7.819095477386935045e+02 1.818894311221655125e+00 9.930690876576936735e-03
7.869346733668342040e+02 1.818925687762298127e+00 9.950044669329834515e-03
7.919597989949749035e+02 1.818956659498086825e+00 9.968852268743867706e-03
7.969849246231156030e+02 1.818987229396935579e+00 9.987130597611177871e-03
8.020100502512563025e+02 1.819017400622304548e+00 1.000489604039767229e-02
8.070351758793970021e+02 1.819047176514324571e+00 1.002216445870232099e-02
8.120603015075377016e+02 1.819076560572161938e+00 1.003895120623272963e-02
8.170854271356784011e+02 1.819105556437556448e+00 1.005527114383306109e-02
8.221105527638192143e+02 1.819134167879458364e+00 1.007113865412069022e-02
8.271356783919598001e+02 1.819162398779705647e+00 1.008656765585269968e-02
8.321608040201006133e+02 1.819190253119676859e+00 1.010157161812847218e-02
8.371859296482411992e+02 1.819217734967866873e+00 1.011616357421287436e-02
8.422110552763820124e+02 1.819244848468325682e+00 1.013035613508284950e-02
8.472361809045225982e+02 1.819271597829908327e+00 1.014416150263284036e-02
8.522613065326634114e+02 1.819297987316294218e+00 1.015759148272465072e-02
8.572864321608039972e+02 1.819324021236718547e+00 1.017065749767412722e-02
8.623115577889448105e+02 1.819349703937380491e+00 1.018337059859817338e-02
8.673366834170853963e+02 1.819375039793482474e+00 1.019574147741890251e-02
8.723618090452262095e+02 1.819400033201862721e+00 1.020778047848547830e-02
8.773869346733667953e+02 1.819424688574183158e+00 1.021949760990337186e-02
8.824120603015076085e+02 1.819449010330637995e+00 1.023090255456095277e-02
8.874371859296483080e+02 1.819473002894151703e+00 1.024200468080955183e-02
8.924623115577890076e+02 1.819496670685032624e+00 1.025281305291475195e-02
8.974874371859297071e+02 1.819520018116054461e+00 1.026333644103755507e-02
9.025125628140704066e+02 1.819543049587939221e+00 1.027358333107768022e-02
9.075376884422111061e+02 1.819565769485211870e+00 1.028356193412458333e-02
9.125628140703518056e+02 1.819588182172407143e+00 1.029328019564035822e-02
9.175879396984925052e+02 1.819610291990603645e+00 1.030274580436745316e-02
9.226130653266332047e+02 1.819632103254260169e+00 1.031196620091035139e-02
9.276381909547739042e+02 1.819653620248340653e+00 1.032094858613349063e-02
9.326633165829146037e+02 1.819674847225702941e+00 1.032969992913982185e-02
9.376884422110553032e+02 1.819695788404736891e+00 1.033822697517519651e-02
9.427135678391960028e+02 1.819716447967232309e+00 1.034653625310335071e-02
9.477386934673367023e+02 1.819736830056465360e+00 1.035463408275198900e-02
9.527638190954774018e+02 1.819756938775481059e+00 1.036252658195655797e-02
9.577889447236181013e+02 1.819776778185567823e+00 1.037021967336440413e-02
9.628140703517588008e+02 1.819796352304902110e+00 1.037771909108247369e-02
9.678391959798995003e+02 1.819815665107356262e+00 1.038503038701556018e-02
9.728643216080401999e+02 1.819834720521455562e+00 1.039215893697764334e-02
9.778894472361808994e+02 1.819853522429476067e+00 1.039910994673257441e-02
9.829145728643217126e+02 1.819872074666671224e+00 1.040588845768183716e-02
9.879396984924624121e+02 1.819890381020616843e+00 1.041249935242993634e-02
9.929648241206031116e+02 1.819908445230670635e+00 1.041894736009420924e-02
9.979899497487438111e+02 1.819926270987531014e+00 1.042523706156689434e-02
1.003015075376884511e+03 1.819943861932892482e+00 1.043137289441456624e-02
1.008040201005025210e+03 1.819961221659190720e+00 1.043735915777132921e-02
1.013065326633165910e+03 1.819978353709425622e+00 1.044320001694238817e-02
1.018090452261306609e+03 1.819995261577061374e+00 1.044889950795632565e-02
1.023115577889447309e+03 1.820011948705994254e+00 1.045446154180397491e-02
1.028140703517588008e+03 1.820028418490585720e+00 1.045988990873954715e-02
1.033165829145728821e+03 1.820044674275750340e+00 1.046518828221164148e-02
1.038190954773869407e+03 1.820060719357100565e+00 1.047036022287341391e-02
1.043216080402009993e+03 1.820076556981139460e+00 1.047540918221838771e-02
1.048241206030150806e+03 1.820092190345495631e+00 1.048033850633275574e-02
1.053266331658291620e+03 1.820107622599203889e+00 1.048515143931065888e-02
1.058291457286432205e+03 1.820122856843016779e+00 1.048985112668481337e-02
1.063316582914572791e+03 1.820137896129757182e+00 1.049444061868393119e-02
1.068341708542713604e+03 1.820152743464693801e+00 1.049892287337209421e-02
1.073366834170854418e+03 1.820167401805951046e+00 1.050330075966157684e-02
1.078391959798995003e+03 1.820181874064937810e+00 1.050757706032781451e-02
1.083417085427135589e+03 1.820196163106804210e+00 1.051175447473226728e-02
1.088442211055276402e+03 1.820210271750914099e+00 1.051583562168824197e-02
1.093467336683417216e+03 1.820224202771336452e+00 1.051982304194289813e-02
1.098492462311557802e+03 1.820237958897352515e+00 1.052371920085790231e-02
1.103517587939698387e+03 1.820251542813977386e+00 1.052752649078315776e-02
1.108542713567839201e+03 1.820264957162492481e+00 1.053124723347334535e-02
1.113567839195980014e+03 1.820278204540987987e+00 1.053488368235850486e-02
1.118592964824120827e+03 1.820291287504915534e+00 1.053843802475420283e-02
1.123618090452261413e+03 1.820304208567647519e+00 1.054191238400180655e-02
1.128643216080401999e+03 1.820316970201041329e+00 1.054530882151880934e-02
1.133668341708542812e+03 1.820329574836010211e+00 1.054862933880227477e-02
1.138693467336683625e+03 1.820342024863096153e+00 1.055187587933363591e-02
1.143718592964824211e+03 1.820354322633048083e+00 1.055505033041733050e-02
1.148743718592964797e+03 1.820366470457397412e+00 1.055815452505918552e-02
1.153768844221105610e+03 1.820378470609039123e+00 1.056119024354870532e-02
1.158793969849246423e+03 1.820390325322810199e+00 1.056415921526139556e-02
1.163819095477387009e+03 1.820402036796067380e+00 1.056706312019792433e-02
1.168844221105527595e+03 1.820413607189264704e+00 1.056990359057623750e-02
1.173869346733668408e+03 1.820425038626527936e+00 1.057268221228802561e-02
1.178894472361809221e+03 1.820436333196227219e+00 1.057540052643016204e-02
1.183919597989949807e+03 1.820447492951546176e+00 1.057806003062805415e-02
1.188944723618090393e+03 1.820458519911047679e+00 1.058066218044546522e-02
1.193969849246231206e+03 1.820469416059235179e+00 1.058320839068170593e-02
1.198994974874372019e+03 1.820480183347110925e+00 1.058570003661969683e-02
1.204020100502512605e+03 1.820490823692726412e+00 1.058813845523575922e-02
1.209045226130653191e+03 1.820501338981732387e+00 1.059052494647637691e-02
1.214070351758794004e+03 1.820511731067918637e+00 1.059286077426671753e-02
1.219095477386934817e+03 1.820522001773752674e+00 1.059514716770218988e-02
1.224120603015075403e+03 1.820532152890908861e+00 1.059738532212966752e-02
1.229145728643215989e+03 1.820542186180792443e+00 1.059957640007692763e-02
1.234170854271356802e+03 1.820552103375060904e+00 1.060172153238678194e-02
1.239195979899497615e+03 1.820561906176132227e+00 1.060382181904279131e-02
1.244221105527638429e+03 1.820571596257693603e+00 1.060587833022110828e-02
1.249246231155779014e+03 1.820581175265198581e+00 1.060789210713918018e-02
1.254271356783919600e+03 1.820590644816360459e+00 1.060986416290062018e-02
1.259296482412060413e+03 1.820600006501636114e+00 1.061179548339918378e-02
1.264321608040201227e+03 1.820609261884706509e+00 1.061368702807273350e-02
1.269346733668341813e+03 1.820618412502947425e+00 1.061553973074809074e-02
1.274371859296482398e+03 1.820627459867894204e+00 1.061735450036765775e-02
1.279396984924623212e+03 1.820636405465700269e+00 1.061913222175492853e-02
1.284422110552764025e+03 1.820645250757586764e+00 1.062087375628307899e-02
1.289447236180904611e+03 1.820653997180287531e+00 1.062257994262454791e-02
1.294472361809045196e+03 1.820662646146485875e+00 1.062425159738307305e-02
1.299497487437186010e+03 1.820671199045244437e+00 1.062588951575472312e-02
1.304522613065326823e+03 1.820679657242427085e+00 1.062749447212396094e-02
1.309547738693467409e+03 1.820688022081117241e+00 1.062906722072023448e-02
1.314572864321607994e+03 1.820696294882025335e+00 1.063060849619940594e-02
1.319597989949748808e+03 1.820704476943891370e+00 1.063211901411878664e-02
1.324623115577889621e+03 1.820712569543882831e+00 1.063359947166102847e-02
1.329648241206030207e+03 1.820720573937979481e+00 1.063505054800115493e-02
1.334673366834170793e+03 1.820728491361359724e+00 1.063647290489129656e-02
1.339698492462311606e+03 1.820736323028774306e+00 1.063786718718115649e-02
1.344723618090452419e+03 1.820744070134914683e+00 1.063923402327438157e-02
1.349748743718593005e+03 1.820751733854778065e+00 1.064057402559394176e-02
1.354773869346733591e+03 1.820759315344021800e+00 1.064188779103576732e-02
1.359798994974874404e+03 1.820766815739313316e+00 1.064317590144194837e-02
1.364824120603015217e+03 1.820774236158675174e+00 1.064443892397883180e-02
1.369849246231156030e+03 1.820781577701821252e+00 1.064567741157658280e-02
1.374874371859296616e+03 1.820788841450489137e+00 1.064689190332590921e-02
1.379899497487437202e+03 1.820796028468764760e+00 1.064808292486332277e-02
1.384924623115578015e+03 1.820803139803402138e+00 1.064925098875542549e-02
1.389949748743718828e+03 1.820810176484138010e+00 1.065039659486138705e-02
1.394974874371859414e+03 1.820817139523998041e+00 1.065152023065284170e-02
1.400000000000000000e+03 1.820824029919599907e+00 1.065262237160591666e-02
