4.000000000000000000e+02 1.817322146931729998e+00 1.160529124817106725e-02
4.050251256281406995e+02 1.820060755470527702e+00 1.107281499995761177e-02
4.100502512562813990e+02 1.821730168912705006e+00 1.038864290947066546e-02
4.150753768844220986e+02 1.823001321532346619e+00 9.442510874658504791e-03
4.201005025125627981e+02 1.823699549772885842e+00 7.840896415750276197e-03
4.251256281407034976e+02 1.823244236001858587e+00 5.965893409029953895e-03
4.301507537688441971e+02 1.822388189553570292e+00 6.113048074870822482e-03
4.351758793969848966e+02 1.821978554878096235e+00 6.257126974513760494e-03
4.402010050251256530e+02 1.821729235407511416e+00 6.398912417421929143e-03
4.452261306532663525e+02 1.821561820072469473e+00 6.538542662250798956e-03
4.502512562814070520e+02 1.821443636218502915e+00 6.676022816077151374e-03
4.552763819095477515e+02 1.821358109063484720e+00 6.811317539294510851e-03
4.603015075376884511e+02 1.821295763396330925e+00 6.944378878984385460e-03
4.653266331658291506e+02 1.821250717123366503e+00 7.075156900630438263e-03
4.703517587939698501e+02 1.821219086791707520e+00 7.203604332895104448e-03
4.753768844221105496e+02 1.821198180927104282e+00 7.329678736537841195e-03
4.804020100502512491e+02 1.821186058442922473e+00 7.453343516912319666e-03
4.854271356783919487e+02 1.821181271674848334e+00 7.574568344886080905e-03
4.904522613065327050e+02 1.821182709355771090e+00 7.693329253016778155e-03
4.954773869346734045e+02 1.821189496727621870e+00 7.809608543760318024e-03
5.005025125628141041e+02 1.821200929822079484e+00 7.923394585059081313e-03
5.055276381909548036e+02 1.821216430960894472e+00 8.034681537032161910e-03
5.105527638190955031e+02 1.821235517864772779e+00 8.143469036701262223e-03
5.155778894472362026e+02 1.821257781735219794e+00 8.249761858422029193e-03
5.206030150753769021e+02 1.821282871397651659e+00 8.353569561543643107e-03
5.256281407035176017e+02 1.821310481626947420e+00 8.454906133623917366e-03
5.306532663316583012e+02 1.821340344413952206e+00 8.553789634901606126e-03
5.356783919597990007e+02 1.821372222335095881e+00 8.650241848668928021e-03
5.407035175879397002e+02 1.821405903448940933e+00 8.744287940383411659e-03
5.457286432160803997e+02 1.821441197316670868e+00 8.835956127993493253e-03
5.507537688442210992e+02 1.821477931860315147e+00 8.925277365215358513e-03
5.557788944723617988e+02 1.821515950852637733e+00 9.012285039034177020e-03
5.608040201005024983e+02 1.821555111888445211e+00 9.097014682131834146e-03
5.658291457286431978e+02 1.821595284726494457e+00 9.179503701029658250e-03
5.708542713567838973e+02 1.821636349919429465e+00 9.259791119853673716e-03
5.758793969849245968e+02 1.821678197669613253e+00 9.337917340132458055e-03
5.809045226130654100e+02 1.821720726863687689e+00 9.413923916454122048e-03
5.859296482412059959e+02 1.821763844249769893e+00 9.487853347479539151e-03
5.909547738693468091e+02 1.821807463729443466e+00 9.559748882311692314e-03
5.959798994974873949e+02 1.821851505742924981e+00 9.629654341588866212e-03
6.010050251256282081e+02 1.821895896730494568e+00 9.697613952772165744e-03
6.060301507537687939e+02 1.821940568656879034e+00 9.763672199151560843e-03
6.110552763819096072e+02 1.821985458588046169e+00 9.827873681866054062e-03
6.160804020100503067e+02 1.822030508312003416e+00 9.890262994425452064e-03
6.211055276381910062e+02 1.822075663996865824e+00 9.950884608913619297e-03
6.261306532663317057e+02 1.822120875880756996e+00 1.000978277341918118e-02
6.311557788944724052e+02 1.822166097989126321e+00 1.006700141978343968e-02
6.361809045226131047e+02 1.822211287875882268e+00 1.012258408136726753e-02
6.412060301507538043e+02 1.822256406385375005e+00 1.017657381977022518e-02
6.462311557788945038e+02 1.822301417432775850e+00 1.022901316022658928e-02
6.512562814070352033e+02 1.822346287800808984e+00 1.027994403494017668e-02
6.562814070351759028e+02 1.822390986951119896e+00 1.032940773372003837e-02
6.613065326633166023e+02 1.822435486848825503e+00 1.037744486147516680e-02
6.663316582914573019e+02 1.822479761799012943e+00 1.042409530197828393e-02
6.713567839195980014e+02 1.822523788294123204e+00 1.046939818733126464e-02
6.763819095477387009e+02 1.822567544871297907e+00 1.051339187278195648e-02
6.814070351758794004e+02 1.822611011978892082e+00 1.055611391632596194e-02
6.864321608040200999e+02 1.822654171851442850e+00 1.059760106275498513e-02
6.914572864321607994e+02 1.822697008392473172e+00 1.063788923162240808e-02
6.964824120603016127e+02 1.822739507064572884e+00 1.067701350889802524e-02
7.015075376884421985e+02 1.822781654786255645e+00 1.071500814190578729e-02
7.065326633165830117e+02 1.822823439835143722e+00 1.075190653711873001e-02
7.115577889447235975e+02 1.822864851757062699e+00 1.078774126072391294e-02
7.165829145728644107e+02 1.822905881280679319e+00 1.082254404142722962e-02
7.216080402010049966e+02 1.822946520237329393e+00 1.085634577539547514e-02
7.266331658291458098e+02 1.822986761485722473e+00 1.088917653315723058e-02
7.316582914572863956e+02 1.823026598841225976e+00 1.092106556796538369e-02
7.366834170854272088e+02 1.823066027009455414e+00 1.095204132572500690e-02
7.417085427135677946e+02 1.823105041523915837e+00 1.098213145615339545e-02
7.467336683417086078e+02 1.823143638687455326e+00 1.101136282497736790e-02
7.517587939698491937e+02 1.823181815517305848e+00 1.103976152705654808e-02
7.567839195979900069e+02 1.823219569693504294e+00 1.106735290036233062e-02
7.618090452261307064e+02 1.823256899510494966e+00 1.109416154049171210e-02
7.668341708542714059e+02 1.823293803831730120e+00 1.112021131584863508e-02
7.718592964824121054e+02 1.823330282047089801e+00 1.114552538312243816e-02
7.768844221105528050e+02 1.823366334032963332e+00 1.117012620321423087e-02
7.819095477386935045e+02 1.823401960114831688e+00 1.119403555732012556e-02
7.869346733668342040e+02 1.823437161032206655e+00 1.121727456322898879e-02
7.919597989949749035e+02 1.823471937905791540e+00 1.123986369178973585e-02
7.969849246231156030e+02 1.823506292206728663e+00 1.126182278322509361e-02
8.020100502512563025e+02 1.823540225727811936e+00 1.128317106366956597e-02
8.070351758793970021e+02 1.823573740556554634e+00 1.130392716142653367e-02
8.120603015075377016e+02 1.823606839049991102e+00 1.132410912328737050e-02
8.170854271356784011e+02 1.823639523811121377e+00 1.134373443059193305e-02
8.221105527638192143e+02 1.823671797666892802e+00 1.136282001518065451e-02
8.271356783919598001e+02 1.823703663647630924e+00 1.138138227508137847e-02
8.321608040201006133e+02 1.823735124967829968e+00 1.139943709002683679e-02
8.371859296482411992e+02 1.823766185008223628e+00 1.141699983666165027e-02
8.422110552763820124e+02 1.823796847299057333e+00 1.143408540353015902e-02
8.472361809045225982e+02 1.823827115504489171e+00 1.145070820571004143e-02
8.522613065326634114e+02 1.823856993408051963e+00 1.146688219923686775e-02
8.572864321608039972e+02 1.823886484899108318e+00 1.148262089514197164e-02
8.623115577889448105e+02 1.823915593960244275e+00 1.149793737324467796e-02
8.673366834170853963e+02 1.823944324655535354e+00 1.151284429553754533e-02
8.723618090452262095e+02 1.823972681119639283e+00 1.152735391931147303e-02
8.773869346733667953e+02 1.824000667547657439e+00 1.154147810995257567e-02
8.824120603015076085e+02 1.824028288185721713e+00 1.155522835337077260e-02
8.874371859296483080e+02 1.824055547322259940e+00 1.156861576813396006e-02
8.924623115577890076e+02 1.824082449279896379e+00 1.158165111725496105e-02
8.974874371859297071e+02 1.824108998407948379e+00 1.159434481960622439e-02
9.025125628140704066e+02 1.824135199075481273e+00 1.160670696115625490e-02
9.075376884422111061e+02 1.824161055664887732e+00 1.161874730572192739e-02
9.125628140703518056e+02 1.824186572565954068e+00 1.163047530546690127e-02
9.175879396984925052e+02 1.824211754170385058e+00 1.164190011114446359e-02
9.226130653266332047e+02 1.824236604866761091e+00 1.165303058193920514e-02
9.276381909547739042e+02 1.824261129035891438e+00 1.166387529503823753e-02
9.326633165829146037e+02 1.824285331046546332e+00 1.167444255497506606e-02
9.376884422110553032e+02 1.824309215251536997e+00 1.168474040259811185e-02
9.427135678391960028e+02 1.824332785984127403e+00 1.169477662378198488e-02
9.477386934673367023e+02 1.824356047554747784e+00 1.170455875786516851e-02
9.527638190954774018e+02 1.824379004247996816e+00 1.171409410585409934e-02
9.577889447236181013e+02 1.824401660319910912e+00 1.172338973828117824e-02
9.628140703517588008e+02 1.824424019995481983e+00 1.173245250289770697e-02
9.678391959798995003e+02 1.824446087466407906e+00 1.174128903206897619e-02
9.728643216080401999e+02 1.824467866889059930e+00 1.174990574988075444e-02
9.778894472361808994e+02 1.824489362382653024e+00 1.175830887917355717e-02
9.829145728643217126e+02 1.824510578027602969e+00 1.176650444809663847e-02
9.879396984924624121e+02 1.824531517864060870e+00 1.177449829670896078e-02
9.929648241206031116e+02 1.824552185890609746e+00 1.178229608312398105e-02
9.979899497487438111e+02 1.824572586063111901e+00 1.178990328962969784e-02
1.003015075376884511e+03 1.824592722293701730e+00 1.179732522849747701e-02
1.008040201005025210e+03 1.824612598449905754e+00 1.180456704762702230e-02
1.013065326633165910e+03 1.824632218353885227e+00 1.181163373599513136e-02
1.018090452261306609e+03 1.824651585781794205e+00 1.181853012895092009e-02
1.023115577889447309e+03 1.824670704463239757e+00 1.182526091324009182e-02
1.028140703517588008e+03 1.824689578080843200e+00 1.183183063200707145e-02
1.033165829145728821e+03 1.824708210269886166e+00 1.183824368947850036e-02
1.038190954773869407e+03 1.824726604618045478e+00 1.184450435555757172e-02
1.043216080402009993e+03 1.824744764665201746e+00 1.185061677025767146e-02
1.048241206030150806e+03 1.824762693903320354e+00 1.185658494800693671e-02
1.053266331658291620e+03 1.824780395776397057e+00 1.186241278171455173e-02
1.058291457286432205e+03 1.824797873680466198e+00 1.186810404681737548e-02
1.063316582914572791e+03 1.824815130963662879e+00 1.187366240509425339e-02
1.068341708542713604e+03 1.824832170926336428e+00 1.187909140841929452e-02
1.073366834170854418e+03 1.824848996821212266e+00 1.188439450231627663e-02
1.078391959798995003e+03 1.824865611853594860e+00 1.188957502943818051e-02
1.083417085427135589e+03 1.824882019181611525e+00 1.189463623292725571e-02
1.088442211055276402e+03 1.824898221916491758e+00 1.189958125962044082e-02
1.093467336683417216e+03 1.824914223122879209e+00 1.190441316321408892e-02
1.098492462311557802e+03 1.824930025819173185e+00 1.190913490724987076e-02
1.103517587939698387e+03 1.824945632977897692e+00 1.191374936799829802e-02
1.108542713567839201e+03 1.824961047526096225e+00 1.191825933736266260e-02
1.113567839195980014e+03 1.824976272345743222e+00 1.192266752546930833e-02
1.118592964824120827e+03 1.824991310274183265e+00 1.192697656340245028e-02
1.123618090452261413e+03 1.825006164104580275e+00 1.193118900568409906e-02
1.128643216080401999e+03 1.825020836586388029e+00 1.193530733268688589e-02
1.133668341708542812e+03 1.825035330425830216e+00 1.193933395307387665e-02
1.138693467336683625e+03 1.825049648286397153e+00 1.194327120603389837e-02
1.143718592964824211e+03 1.825063792789348049e+00 1.194712136349026718e-02
1.148743718592964797e+03 1.825077766514226596e+00 1.195088663222807109e-02
1.153768844221105610e+03 1.825091571999382545e+00 1.195456915596884370e-02
1.158793969849246423e+03 1.825105211742498845e+00 1.195817101732844084e-02
1.163819095477387009e+03 1.825118688201126771e+00 1.196169423976121450e-02
1.168844221105527595e+03 1.825132003793223268e+00 1.196514078942615376e-02
1.173869346733668408e+03 1.825145160897692520e+00 1.196851257693867798e-02
1.178894472361809221e+03 1.825158161854928185e+00 1.197181145911090615e-02
1.183919597989949807e+03 1.825171008967360731e+00 1.197503924067166298e-02
1.188944723618090393e+03 1.825183704500001225e+00 1.197819767583702642e-02
1.193969849246231206e+03 1.825196250680989341e+00 1.198128846988044324e-02
1.198994974874372019e+03 1.825208649702136254e+00 1.198431328065651183e-02
1.204020100502512605e+03 1.825220903719470655e+00 1.198727372006971360e-02
1.209045226130653191e+03 1.825233014853779867e+00 1.199017135544227196e-02
1.214070351758794004e+03 1.825244985191149860e+00 1.199300771092980632e-02
1.219095477386934817e+03 1.825256816783502822e+00 1.199578426880921339e-02
1.224120603015075403e+03 1.825268511649129843e+00 1.199850247076886083e-02
1.229145728643215989e+03 1.825280071773222268e+00 1.200116371913664479e-02
1.234170854271356802e+03 1.825291499108397719e+00 1.200376937807406431e-02
1.239195979899497615e+03 1.825302795575221015e+00 1.200632077472738209e-02
1.244221105527638429e+03 1.825313963062722866e+00 1.200881920035471416e-02
1.249246231155779014e+03 1.825325003428910575e+00 1.201126591136459851e-02
1.254271356783919600e+03 1.825335918501278298e+00 1.201366213043278744e-02
1.259296482412060413e+03 1.825346710077305534e+00 1.201600904742016786e-02
1.264321608040201227e+03 1.825357379924956724e+00 1.201830782045256243e-02
1.269346733668341813e+03 1.825367929783170640e+00 1.202055957676526239e-02
1.274371859296482398e+03 1.825378361362345769e+00 1.202276541369138273e-02
1.279396984924623212e+03 1.825388676344819050e+00 1.202492639949858874e-02
1.284422110552764025e+03 1.825398876385341262e+00 1.202704357429610835e-02
1.289447236180904611e+03 1.825408963111541105e+00 1.202911795078133450e-02
1.294472361809045196e+03 1.825418938124387713e+00 1.203115051514015883e-02
1.299497487437186010e+03 1.825428802998646072e+00 1.203314222775957350e-02
1.304522613065326823e+03 1.825438559283323103e+00 1.203509402398353703e-02
1.309547738693467409e+03 1.825448208502111314e+00 1.203700681486606812e-02
1.314572864321607994e+03 1.825457752153823998e+00 1.203888148787556588e-02
1.319597989949748808e+03 1.825467191712824233e+00 1.204071890751364643e-02
1.324623115577889621e+03 1.825476528629447648e+00 1.204251991606996794e-02
1.329648241206030207e+03 1.825485764330418981e+00 1.204428533420878050e-02
1.334673366834170793e+03 1.825494900219261751e+00 1.204601596159027461e-02
1.339698492462311606e+03 1.825503937676702382e+00 1.204771257745302845e-02
1.344723618090452419e+03 1.825512878061066990e+00 1.204937594126826231e-02
1.349748743718593005e+03 1.825521722708672412e+00 1.205100679320795717e-02
1.354773869346733591e+03 1.825530472934211002e+00 1.205260585476789631e-02
1.359798994974874404e+03 1.825539130031128332e+00 1.205417382922323137e-02
1.364824120603015217e+03 1.825547695271996229e+00 1.205571140222065629e-02
1.369849246231156030e+03 1.825556169908878479e+00 1.205721924222172628e-02
1.374874371859296616e+03 1.825564555173690540e+00 1.205869800098161547e-02
1.379899497487437202e+03 1.825572852278553482e+00 1.206014831405415218e-02
1.384924623115578015e+03 1.825581062416141265e+00 1.206157080118509979e-02
1.389949748743718828e+03 1.825589186760023575e+00 1.206296606682390714e-02
1.394974874371859414e+03 1.825597226465001777e+00 1.206433470049621433e-02
1.400000000000000000e+03 1.825605182667437987e+00 1.206567727720290681e-02
