4.000000000000000000e+02 1.824164059613510691e+00 1.882611986609280044e-02
4.050251256281406995e+02 1.828874252913397447e+00 1.840937171994106933e-02
4.100502512562813990e+02 1.831638470790287743e+00 1.792785760550179991e-02
4.150753768844220986e+02 1.833791057820131520e+00 1.734956253369589890e-02
4.201005025125627981e+02 1.835660808089771612e+00 1.664470982933589568e-02
4.251256281407034976e+02 1.837370824047900086e+00 1.577005809440938308e-02
4.301507537688441971e+02 1.838962557093529071e+00 1.464931011525778294e-02
4.351758793969848966e+02 1.840389122333729421e+00 1.311163409882072986e-02
4.402010050251256530e+02 1.840975545253767942e+00 1.047810248780174647e-02
4.452261306532663525e+02 1.839814778929238948e+00 7.829113461532824503e-03
4.502512562814070520e+02 1.838198072762349700e+00 8.008281238518931075e-03
4.552763819095477515e+02 1.837345342077503663e+00 8.182083417506452738e-03
4.603015075376884511e+02 1.836787827467207812e+00 8.352315531263442006e-03
4.653266331658291506e+02 1.836389534823711145e+00 8.519422679978296345e-03
4.703517587939698501e+02 1.836090850048424983e+00 8.683551459414719231e-03
4.753768844221105496e+02 1.835860150864024432e+00 8.844746548798711888e-03
4.804020100502512491e+02 1.835678647475918357e+00 9.003011606104879827e-03
4.854271356783919487e+02 1.835534285580690206e+00 9.158333373790209994e-03
4.904522613065327050e+02 1.835418886490830293e+00 9.310692702454411232e-03
4.954773869346734045e+02 1.835326656244471444e+00 9.460070058747455796e-03
5.005025125628141041e+02 1.835253345706080674e+00 9.606448415361660068e-03
5.055276381909548036e+02 1.835195748323137144e+00 9.749814784209678842e-03
5.105527638190955031e+02 1.835151385195088247e+00 9.890160998603939393e-03
5.155778894472362026e+02 1.835118299787557250e+00 1.002748405744685600e-02
5.206030150753769021e+02 1.835094919716879325e+00 1.016178620458372574e-02
5.256281407035176017e+02 1.835079961099091328e+00 1.029307484357080797e-02
5.306532663316583012e+02 1.835072360768596811e+00 1.042136234901705309e-02
5.356783919597990007e+02 1.835071227242258018e+00 1.054666581310785035e-02
5.407035175879397002e+02 1.835075804590517556e+00 1.066900675259623531e-02
5.457286432160803997e+02 1.835085445380394420e+00 1.078841079320749102e-02
5.507537688442210992e+02 1.835099590112221346e+00 1.090490734312870268e-02
5.557788944723617988e+02 1.835117751381151630e+00 1.101852926396149415e-02
5.608040201005024983e+02 1.835139501527210726e+00 1.112931254476411114e-02
5.658291457286431978e+02 1.835164462895644277e+00 1.123729598349269658e-02
5.708542713567838973e+02 1.835192300074276250e+00 1.134252087878208012e-02
5.758793969849245968e+02 1.835222713645006554e+00 1.144503073408474798e-02
5.809045226130654100e+02 1.835255435106950994e+00 1.154487097573368357e-02
5.859296482412059959e+02 1.835290222714893282e+00 1.164208868570570932e-02
5.909547738693468091e+02 1.835326858039229236e+00 1.173673234987334009e-02
5.959798994974873949e+02 1.835365143099406682e+00 1.182885162162126622e-02
6.010050251256282081e+02 1.835404897956871340e+00 1.191849710128367081e-02
6.060301507537687939e+02 1.835445958678963541e+00 1.200572013085354425e-02
6.110552763819096072e+02 1.835488175604452099e+00 1.209057260390646385e-02
6.160804020100503067e+02 1.835531411856058392e+00 1.217310679023224200e-02
6.211055276381910062e+02 1.835575542056558707e+00 1.225337517459416763e-02
6.261306532663317057e+02 1.835620451213806792e+00 1.233143030924636029e-02
6.311557788944724052e+02 1.835666033746772063e+00 1.240732467937748565e-02
6.361809045226131047e+02 1.835712192630049255e+00 1.248111058104039994e-02
6.412060301507538043e+02 1.835758838638480439e+00 1.255284001078138881e-02
6.462311557788945038e+02 1.835805889676877634e+00 1.262256456637434084e-02
6.512562814070352033e+02 1.835853270182499219e+00 1.269033535795893904e-02
6.562814070351759028e+02 1.835900910590068102e+00 1.275620292892092750e-02
6.613065326633166023e+02 1.835948746850848856e+00 1.282021718600327362e-02
6.663316582914573019e+02 1.835996719998695959e+00 1.288242733780004499e-02
6.713567839195980014e+02 1.836044775757121883e+00 1.294288184120214423e-02
6.763819095477387009e+02 1.836092864182369500e+00 1.300162835515933715e-02
6.814070351758794004e+02 1.836140939338226863e+00 1.305871370115081059e-02
6.864321608040200999e+02 1.836188958998972609e+00 1.311418382998942936e-02
6.914572864321607994e+02 1.836236884377332679e+00 1.316808379419683386e-02
6.964824120603016127e+02 1.836284679874794934e+00 1.322045772569043452e-02
7.015075376884421985e+02 1.836332312851968851e+00 1.327134881829361741e-02
7.065326633165830117e+02 1.836379753416989447e+00 1.332079931451393001e-02
7.115577889447235975e+02 1.836426974230223275e+00 1.336885049635659975e-02
7.165829145728644107e+02 1.836473950323744608e+00 1.341554267963725525e-02
7.216080402010049966e+02 1.836520658934239991e+00 1.346091521164604829e-02
7.266331658291458098e+02 1.836567079348151443e+00 1.350500647163307630e-02
7.316582914572863956e+02 1.836613192758003388e+00 1.354785387387587997e-02
7.366834170854272088e+02 1.836658982128978712e+00 1.358949387319060946e-02
7.417085427135677946e+02 1.836704432074899751e+00 1.362996197241322580e-02
7.467336683417086078e+02 1.836749528742865012e+00 1.366929273171588362e-02
7.517587939698491937e+02 1.836794259705860854e+00 1.370751977957114336e-02
7.567839195979900069e+02 1.836838613862739722e+00 1.374467582514108700e-02
7.618090452261307064e+02 1.836882581345003373e+00 1.378079267174408228e-02
7.668341708542714059e+02 1.836926153429894848e+00 1.381590123157265190e-02
7.718592964824121054e+02 1.836969322459333975e+00 1.385003154115751339e-02
7.768844221105528050e+02 1.837012081764275218e+00 1.388321277763301248e-02
7.819095477386935045e+02 1.837054425594111473e+00 1.391547327562443412e-02
7.869346733668342040e+02 1.837096349050761024e+00 1.394684054462636165e-02
7.919597989949749035e+02 1.837137848027120102e+00 1.397734128678866129e-02
7.969849246231156030e+02 1.837178919149579981e+00 1.400700141503324198e-02
8.020100502512563025e+02 1.837219559724330820e+00 1.403584607132822050e-02
8.070351758793970021e+02 1.837259767687200007e+00 1.406389964512757412e-02
8.120603015075377016e+02 1.837299541556788540e+00 1.409118579191025004e-02
8.170854271356784011e+02 1.837338880390684492e+00 1.411772745167996952e-02
8.221105527638192143e+02 1.837377783744552184e+00 1.414354686744300447e-02
8.271356783919598001e+02 1.837416251633910758e+00 1.416866560359965159e-02
8.321608040201006133e+02 1.837454284498419410e+00 1.419310456411261405e-02
8.371859296482411992e+02 1.837491883168516971e+00 1.421688401064263516e-02
8.422110552763820124e+02 1.837529048834252610e+00 1.424002358033721674e-02
8.472361809045225982e+02 1.837565783016174237e+00 1.426254230344248253e-02
8.522613065326634114e+02 1.837602087538139362e+00 1.428445862063899494e-02
8.572864321608039972e+02 1.837637964501923404e+00 1.430579040009426900e-02
8.623115577889448105e+02 1.837673416263512882e+00 1.432655495419135616e-02
8.673366834170853963e+02 1.837708445410976887e+00 1.434676905595285226e-02
8.723618090452262095e+02 1.837743054743810500e+00 1.436644895513094176e-02
8.773869346733667953e+02 1.837777247253664203e+00 1.438561039394762285e-02
8.824120603015076085e+02 1.837811026106364709e+00 1.440426862249824524e-02
8.874371859296483080e+02 1.837844394625148592e+00 1.442243841379093651e-02
8.924623115577890076e+02 1.837877356275030127e+00 1.444013407840825589e-02
8.974874371859297071e+02 1.837909914648231835e+00 1.445736947882953795e-02
9.025125628140704066e+02 1.837942073450611558e+00 1.447415804341202657e-02
9.075376884422111061e+02 1.837973836489019464e+00 1.449051277992002666e-02
9.125628140703518056e+02 1.838005207659528573e+00 1.450644628880462875e-02
9.175879396984925052e+02 1.838036190936484404e+00 1.452197077605867949e-02
9.226130653266332047e+02 1.838066790362317571e+00 1.453709806569339173e-02
9.276381909547739042e+02 1.838097010038075352e+00 1.455183961194228374e-02
9.326633165829146037e+02 1.838126854114622732e+00 1.456620651104459201e-02
9.376884422110553032e+02 1.838156326784472272e+00 1.458020951270401835e-02
9.427135678391960028e+02 1.838185432274204389e+00 1.459385903124077108e-02
9.477386934673367023e+02 1.838214174837434989e+00 1.460716515636249768e-02
9.527638190954774018e+02 1.838242558748300892e+00 1.462013766363881584e-02
9.577889447236181013e+02 1.838270588295427999e+00 1.463278602467915114e-02
9.628140703517588008e+02 1.838298267776349526e+00 1.464511941693695703e-02
9.678391959798995003e+02 1.838325601492348804e+00 1.465714673323736429e-02
9.728643216080401999e+02 1.838352593743695307e+00 1.466887659108603859e-02
9.778894472361808994e+02 1.838379248825252832e+00 1.468031734150589303e-02
9.829145728643217126e+02 1.838405571022431184e+00 1.469147707776896801e-02
9.879396984924624121e+02 1.838431564607463820e+00 1.470236364378368736e-02
9.929648241206031116e+02 1.838457233835985249e+00 1.471298464217034828e-02
9.979899497487438111e+02 1.838482582943894883e+00 1.472334744213982423e-02
1.003015075376884511e+03 1.838507616144479773e+00 1.473345918707831027e-02
1.008040201005025210e+03 1.838532337625790936e+00 1.474332680192928617e-02
1.013065326633165910e+03 1.838556751548243495e+00 1.475295700025975112e-02
1.018090452261306609e+03 1.838580862042437536e+00 1.476235629117615862e-02
1.023115577889447309e+03 1.838604673207176798e+00 1.477153098595366566e-02
1.028140703517588008e+03 1.838628189107676558e+00 1.478048720446041402e-02
1.033165829145728821e+03 1.838651413773946253e+00 1.478923088142027401e-02
1.038190954773869407e+03 1.838674351199334644e+00 1.479776777236940268e-02
1.043216080402009993e+03 1.838697005339228641e+00 1.480610345949975870e-02
1.048241206030150806e+03 1.838719380109893331e+00 1.481424335726675735e-02
1.053266331658291620e+03 1.838741479387442368e+00 1.482219271781833568e-02
1.058291457286432205e+03 1.838763307006936243e+00 1.482995663626474232e-02
1.063316582914572791e+03 1.838784866761589587e+00 1.483754005571823707e-02
1.068341708542713604e+03 1.838806162402087718e+00 1.484494777220401150e-02
1.073366834170854418e+03 1.838827197636003108e+00 1.485218443943833386e-02
1.078391959798995003e+03 1.838847976127302219e+00 1.485925457334273496e-02
1.083417085427135589e+03 1.838868501495938057e+00 1.486616255652184644e-02
1.088442211055276402e+03 1.838888777317522871e+00 1.487291264251344551e-02
1.093467336683417216e+03 1.838908807123073030e+00 1.487950895993318291e-02
1.098492462311557802e+03 1.838928594398823391e+00 1.488595551643450213e-02
1.103517587939698387e+03 1.838948142586104728e+00 1.489225620263550688e-02
1.108542713567839201e+03 1.838967455081277569e+00 1.489841479578382297e-02
1.113567839195980014e+03 1.838986535235722197e+00 1.490443496340787891e-02
1.118592964824120827e+03 1.839005386355876848e+00 1.491032026673301883e-02
1.123618090452261413e+03 1.839024011703323191e+00 1.491607416412520093e-02
1.128643216080401999e+03 1.839042414494911348e+00 1.492170001430337227e-02
1.133668341708542812e+03 1.839060597902927752e+00 1.492720107949361413e-02
1.138693467336683625e+03 1.839078565055294545e+00 1.493258052842992741e-02
1.143718592964824211e+03 1.839096319035804283e+00 1.493784143937425604e-02
1.148743718592964797e+03 1.839113862884383055e+00 1.494298680285229865e-02
1.153768844221105610e+03 1.839131199597382027e+00 1.494801952447084512e-02
1.158793969849246423e+03 1.839148332127892527e+00 1.495294242754280183e-02
1.163819095477387009e+03 1.839165263386084659e+00 1.495775825564011133e-02
1.168844221105527595e+03 1.839181996239565908e+00 1.496246967509794017e-02
1.173869346733668408e+03 1.839198533513758171e+00 1.496707927737467130e-02
1.178894472361809221e+03 1.839214877992292108e+00 1.497158958139497079e-02
1.183919597989949807e+03 1.839231032417414813e+00 1.497600303577288974e-02
1.188944723618090393e+03 1.839246999490411927e+00 1.498032202100500754e-02
1.193969849246231206e+03 1.839262781872042396e+00 1.498454885149353225e-02
1.198994974874372019e+03 1.839278382182980787e+00 1.498868577765225495e-02
1.204020100502512605e+03 1.839293803004271366e+00 1.499273498780697052e-02
1.209045226130653191e+03 1.839309046877789289e+00 1.499669861012087671e-02
1.214070351758794004e+03 1.839324116306707779e+00 1.500057871438261088e-02
1.219095477386934817e+03 1.839339013755972196e+00 1.500437731382047411e-02
1.224120603015075403e+03 1.839353741652776542e+00 1.500809636679536520e-02
1.229145728643215989e+03 1.839368302387048182e+00 1.501173777843962769e-02
1.234170854271356802e+03 1.839382698311930797e+00 1.501530340230151223e-02
1.239195979899497615e+03 1.839396931744271768e+00 1.501879504183302114e-02
1.244221105527638429e+03 1.839411004965111562e+00 1.502221445194349900e-02
1.249246231155779014e+03 1.839424920220172677e+00 1.502556334044188521e-02
1.254271356783919600e+03 1.839438679720350578e+00 1.502884336939034823e-02
1.259296482412060413e+03 1.839452285642200868e+00 1.503205615652480551e-02
1.264321608040201227e+03 1.839465740128430449e+00 1.503520327654322454e-02
1.269346733668341813e+03 1.839479045288382686e+00 1.503828626236550919e-02
1.274371859296482398e+03 1.839492203198524134e+00 1.504130660637269593e-02
1.279396984924623212e+03 1.839505215902926816e+00 1.504426576161095770e-02
1.284422110552764025e+03 1.839518085413749837e+00 1.504716514291648197e-02
1.289447236180904611e+03 1.839530813711716117e+00 1.505000612808692767e-02
1.294472361809045196e+03 1.839543402746588008e+00 1.505279005888576944e-02
1.299497487437186010e+03 1.839555854437636917e+00 1.505551824213064056e-02
1.304522613065326823e+03 1.839568170674112269e+00 1.505819195071833073e-02
1.309547738693467409e+03 1.839580353315704020e+00 1.506081242460144062e-02
1.314572864321607994e+03 1.839592404193000741e+00 1.506338087168743352e-02
1.319597989949748808e+03 1.839604325107945915e+00 1.506589846884459974e-02
1.324623115577889621e+03 1.839616117834286690e+00 1.506836636271285078e-02
1.329648241206030207e+03 1.839627784118020637e+00 1.507078567061440229e-02
1.334673366834170793e+03 1.839639325677835391e+00 1.507315748138760708e-02
1.339698492462311606e+03 1.839650744205543642e+00 1.507548285616622588e-02
1.344723618090452419e+03 1.839662041366514789e+00 1.507776282919270384e-02
1.349748743718593005e+03 1.839673218800100818e+00 1.507999840859190581e-02
1.354773869346733591e+03 1.839684278120053751e+00 1.508219057706865728e-02
1.359798994974874404e+03 1.839695220914943086e+00 1.508434029261760193e-02
1.364824120603015217e+03 1.839706048748564360e+00 1.508644848928960593e-02
1.369849246231156030e+03 1.839716763160341939e+00 1.508851607777932438e-02
1.374874371859296616e+03 1.839727365665730252e+00 1.509054394611370961e-02
1.379899497487437202e+03 1.839737857756603701e+00 1.509253296027232571e-02
1.384924623115578015e+03 1.839748240901647458e+00 1.509448396480575147e-02
1.389949748743718828e+03 1.839758516546736278e+00 1.509639778344483256e-02
1.394974874371859414e+03 1.839768686115314411e+00 1.509827521961997800e-02
1.400000000000000000e+03 1.839778751008764646e+00 1.510011705708178519e-02
