4.000000000000000000e+02 1.831194243459032034e+00 2.305638902476685875e-02
4.050251256281406995e+02 1.837477931038729473e+00 2.244350608278745940e-02
4.100502512562813990e+02 1.841156096378488538e+00 2.175395358309611948e-02
4.150753768844220986e+02 1.844014881558629027e+00 2.094167661294043040e-02
4.201005025125627981e+02 1.846494597801865645e+00 1.996752525248157370e-02
4.251256281407034976e+02 1.848760996040603288e+00 1.877647575311923792e-02
4.301507537688441971e+02 1.850872706140712420e+00 1.727348577625767781e-02
4.351758793969848966e+02 1.852780740769004009e+00 1.525218805160766765e-02
4.402010050251256530e+02 1.853792183021955031e+00 1.197072650795273641e-02
4.452261306532663525e+02 1.852367440590665604e+00 7.877477846457075356e-03
4.502512562814070520e+02 1.850075796471496004e+00 8.072484165762915109e-03
4.552763819095477515e+02 1.848877755257044564e+00 8.261172289552051393e-03
4.603015075376884511e+02 1.848093635835380777e+00 8.446160807766124254e-03
4.653266331658291506e+02 1.847530232163350217e+00 8.628093883193776667e-03
4.703517587939698501e+02 1.847103854983452642e+00 8.807183961945058009e-03
4.753768844221105496e+02 1.846770466653177900e+00 8.983495214012707925e-03
4.804020100502512491e+02 1.846504057552315725e+00 9.157030478848814797e-03
4.854271356783919487e+02 1.846288023879582463e+00 9.327765563746523436e-03
4.904522613065327050e+02 1.846111149076735236e+00 9.495664983543233850e-03
4.954773869346734045e+02 1.845965519144504796e+00 9.660689925474067255e-03
5.005025125628141041e+02 1.845845352760315361e+00 9.822802538584588655e-03
5.055276381909548036e+02 1.845746303892948914e+00 9.981968322285220130e-03
5.105527638190955031e+02 1.845665025634684930e+00 1.013815746020522990e-02
5.155778894472362026e+02 1.845598886507831660e+00 1.029134553608854717e-02
5.206030150753769021e+02 1.845545779820297216e+00 1.044151387113631708e-02
5.256281407035176017e+02 1.845503991955004475e+00 1.058864962136489736e-02
5.306532663316583012e+02 1.845472109181968134e+00 1.073274571926129302e-02
5.356783919597990007e+02 1.845448950343691052e+00 1.087380071278925588e-02
5.407035175879397002e+02 1.845433517333212592e+00 1.101181853641485832e-02
5.457286432160803997e+02 1.845424958064296961e+00 1.114680823783407472e-02
5.507537688442210992e+02 1.845422538374938082e+00 1.127878367661209677e-02
5.557788944723617988e+02 1.845425620424870461e+00 1.140776320638193196e-02
5.608040201005024983e+02 1.845433645883948426e+00 1.153376934909604128e-02
5.658291457286431978e+02 1.845446122702364411e+00 1.165682846747680308e-02
5.708542713567838973e+02 1.845462614591470984e+00 1.177697044042302736e-02
5.758793969849245968e+02 1.845482732578769269e+00 1.189422834467200596e-02
5.809045226130654100e+02 1.845506128166352289e+00 1.200863814546786548e-02
5.859296482412059959e+02 1.845532487740672245e+00 1.212023839805479418e-02
5.909547738693468091e+02 1.845561527967449100e+00 1.222906996141355333e-02
5.959798994974873949e+02 1.845592991968561858e+00 1.233517572526634035e-02
6.010050251256282081e+02 1.845626646124472359e+00 1.243860035090139926e-02
6.060301507537687939e+02 1.845662277380704541e+00 1.253939002627633970e-02
6.110552763819096072e+02 1.845699690963326756e+00 1.263759223565535939e-02
6.160804020100503067e+02 1.845738708428521058e+00 1.273325554341281710e-02
6.211055276381910062e+02 1.845779165986800807e+00 1.282642939244799628e-02
6.261306532663317057e+02 1.845820913054394330e+00 1.291716391629792182e-02
6.311557788944724052e+02 1.845863810993669141e+00 1.300550976509125961e-02
6.361809045226131047e+02 1.845907732011770941e+00 1.309151794466446687e-02
6.412060301507538043e+02 1.845952558192444526e+00 1.317523966845435095e-02
6.462311557788945038e+02 1.845998180640577413e+00 1.325672622159777998e-02
6.512562814070352033e+02 1.846044498722686944e+00 1.333602883673937547e-02
6.562814070351759028e+02 1.846091419389488841e+00 1.341319858091698063e-02
6.613065326633166023e+02 1.846138856569073727e+00 1.348828625306800789e-02
6.663316582914573019e+02 1.846186730621117489e+00 1.356134229137461941e-02
6.713567839195980014e+02 1.846234967844130326e+00 1.363241669009880239e-02
6.763819095477387009e+02 1.846283500029010760e+00 1.370155892517037170e-02
6.814070351758794004e+02 1.846332264053229366e+00 1.376881788800340609e-02
6.864321608040200999e+02 1.846381201510813641e+00 1.383424182703690310e-02
6.914572864321607994e+02 1.846430258374039068e+00 1.389787829650945654e-02
6.964824120603016127e+02 1.846479384683304970e+00 1.395977411176348160e-02
7.015075376884421985e+02 1.846528534262173782e+00 1.401997531080541488e-02
7.065326633165830117e+02 1.846577664454972734e+00 1.407852712159521867e-02
7.115577889447235975e+02 1.846626735884686621e+00 1.413547393452714053e-02
7.165829145728644107e+02 1.846675712229177257e+00 1.419085927980679417e-02
7.216080402010049966e+02 1.846724560014006089e+00 1.424472580917750079e-02
7.266331658291458098e+02 1.846773248420343183e+00 1.429711528183913449e-02
7.316582914572863956e+02 1.846821749106629662e+00 1.434806855391828305e-02
7.366834170854272088e+02 1.846870036042811636e+00 1.439762557144159960e-02
7.417085427135677946e+02 1.846918085356089811e+00 1.444582536628315726e-02
7.467336683417086078e+02 1.846965875187251527e+00 1.449270605485470514e-02
7.517587939698491937e+02 1.847013385556740328e+00 1.453830483940391979e-02
7.567839195979900069e+02 1.847060598239708362e+00 1.458265801139821231e-02
7.618090452261307064e+02 1.847107496649370129e+00 1.462580095701204383e-02
7.668341708542714059e+02 1.847154065728037864e+00 1.466776816438199182e-02
7.718592964824121054e+02 1.847200291845279008e+00 1.470859323239403875e-02
7.768844221105528050e+02 1.847246162702688155e+00 1.474830888093175627e-02
7.819095477386935045e+02 1.847291667244801205e+00 1.478694696229061918e-02
7.869346733668342040e+02 1.847336795575731605e+00 1.482453847367936652e-02
7.919597989949749035e+02 1.847381538881131213e+00 1.486111357066274841e-02
7.969849246231156030e+02 1.847425889355121420e+00 1.489670158134224522e-02
8.020100502512563025e+02 1.847469840131856555e+00 1.493133102122972539e-02
8.070351758793970021e+02 1.847513385221421167e+00 1.496502960870874088e-02
8.120603015075377016e+02 1.847556519449768286e+00 1.499782428084483685e-02
8.170854271356784011e+02 1.847599238402444000e+00 1.502974120970706692e-02
8.221105527638192143e+02 1.847641538371852521e+00 1.506080581881235475e-02
8.271356783919598001e+02 1.847683416307833282e+00 1.509104279988958582e-02
8.321608040201006133e+02 1.847724869771341982e+00 1.512047612972872504e-02
8.371859296482411992e+02 1.847765896891039983e+00 1.514912908708669279e-02
8.422110552763820124e+02 1.847806496322608183e+00 1.517702426967079687e-02
8.472361809045225982e+02 1.847846667210615523e+00 1.520418361103517517e-02
8.522613065326634114e+02 1.847886409152782239e+00 1.523062839742235670e-02
8.572864321608039972e+02 1.847925722166491536e+00 1.525637928449913826e-02
8.623115577889448105e+02 1.847964606657410025e+00 1.528145631396325178e-02
8.673366834170853963e+02 1.848003063390082801e+00 1.530587892993004462e-02
8.723618090452262095e+02 1.848041093460389028e+00 1.532966599513761220e-02
8.773869346733667953e+02 1.848078698269737474e+00 1.535283580696270717e-02
8.824120603015076085e+02 1.848115879500897840e+00 1.537540611310052839e-02
8.874371859296483080e+02 1.848152639095369310e+00 1.539739412708563716e-02
8.924623115577890076e+02 1.848188979232189944e+00 1.541881654345998720e-02
8.974874371859297071e+02 1.848224902308098772e+00 1.543968955271786403e-02
9.025125628140704066e+02 1.848260410918971308e+00 1.546002885584558430e-02
9.075376884422111061e+02 1.848295507842448115e+00 1.547984967872570623e-02
9.125628140703518056e+02 1.848330196021682470e+00 1.549916678603360798e-02
9.175879396984925052e+02 1.848364478550142520e+00 1.551799449495040208e-02
9.226130653266332047e+02 1.848398358657403540e+00 1.553634668854692730e-02
9.276381909547739042e+02 1.848431839695864998e+00 1.555423682877919191e-02
9.326633165829146037e+02 1.848464925128340930e+00 1.557167796919884349e-02
9.376884422110553032e+02 1.848497618516471652e+00 1.558868276738017283e-02
9.427135678391960028e+02 1.848529923509899531e+00 1.560526349694307119e-02
9.477386934673367023e+02 1.848561843836169949e+00 1.562143205932836447e-02
9.527638190954774018e+02 1.848593383291309067e+00 1.563719999524518234e-02
9.577889447236181013e+02 1.848624545731038182e+00 1.565257849575936791e-02
9.628140703517588008e+02 1.848655335062584282e+00 1.566757841313989527e-02
9.678391959798995003e+02 1.848685755237053030e+00 1.568221027133777715e-02
9.728643216080401999e+02 1.848715810242328228e+00 1.569648427622662157e-02
9.778894472361808994e+02 1.848745504096463543e+00 1.571041032549895869e-02
9.829145728643217126e+02 1.848774840841540090e+00 1.572399801828901905e-02
9.879396984924624121e+02 1.848803824537957663e+00 1.573725666451373378e-02
9.929648241206031116e+02 1.848832459259135197e+00 1.575019529397245904e-02
9.979899497487438111e+02 1.848860749086594257e+00 1.576282266507594496e-02
1.003015075376884511e+03 1.848888698105400907e+00 1.577514727345530332e-02
1.008040201005025210e+03 1.848916310399945750e+00 1.578717736012294481e-02
1.013065326633165910e+03 1.848943590050041053e+00 1.579892091961077050e-02
1.018090452261306609e+03 1.848970541127309630e+00 1.581038570761606962e-02
1.023115577889447309e+03 1.848997167691858179e+00 1.582157924862809609e-02
1.028140703517588008e+03 1.849023473789205951e+00 1.583250884314262377e-02
1.033165829145728821e+03 1.849049463447459463e+00 1.584318157477433708e-02
1.038190954773869407e+03 1.849075140674715456e+00 1.585360431706349729e-02
1.043216080402009993e+03 1.849100509456679253e+00 1.586378374011707809e-02
1.048241206030150806e+03 1.849125573754481167e+00 1.587372631704848935e-02
1.053266331658291620e+03 1.849150337502682984e+00 1.588343833011707923e-02
1.058291457286432205e+03 1.849174804607459421e+00 1.589292587678994492e-02
1.063316582914572791e+03 1.849198978944944560e+00 1.590219487557736899e-02
1.068341708542713604e+03 1.849222864359730600e+00 1.591125107160509117e-02
1.073366834170854418e+03 1.849246464663512723e+00 1.592010004211677487e-02
1.078391959798995003e+03 1.849269783633866959e+00 1.592874720172247557e-02
1.083417085427135589e+03 1.849292825013154618e+00 1.593719780751600909e-02
1.088442211055276402e+03 1.849315592507543293e+00 1.594545696399542883e-02
1.093467336683417216e+03 1.849338089786138450e+00 1.595352962786691919e-02
1.098492462311557802e+03 1.849360320480216480e+00 1.596142061265207190e-02
1.103517587939698387e+03 1.849382288182554568e+00 1.596913459317141071e-02
1.108542713567839201e+03 1.849403996446847609e+00 1.597667610985164729e-02
1.113567839195980014e+03 1.849425448787211268e+00 1.598404957294303347e-02
1.118592964824120827e+03 1.849446648677757432e+00 1.599125926654522412e-02
1.123618090452261413e+03 1.849467599552247821e+00 1.599830935254855160e-02
1.128643216080401999e+03 1.849488304803808880e+00 1.600520387439587425e-02
1.133668341708542812e+03 1.849508767784712182e+00 1.601194676078533663e-02
1.138693467336683625e+03 1.849528991806212330e+00 1.601854182918433303e-02
1.143718592964824211e+03 1.849548980138436605e+00 1.602499278930240648e-02
1.148743718592964797e+03 1.849568736010327674e+00 1.603130324637246085e-02
1.153768844221105610e+03 1.849588262609628719e+00 1.603747670437381811e-02
1.158793969849246423e+03 1.849607563082912742e+00 1.604351656915721167e-02
1.163819095477387009e+03 1.849626640535654287e+00 1.604942615143871432e-02
1.168844221105527595e+03 1.849645498032332247e+00 1.605520866969875615e-02
1.173869346733668408e+03 1.849664138596569307e+00 1.606086725303609852e-02
1.178894472361809221e+03 1.849682565211303142e+00 1.606640494381899112e-02
1.183919597989949807e+03 1.849700780818984258e+00 1.607182470041145297e-02
1.188944723618090393e+03 1.849718788321800034e+00 1.607712939963015439e-02
1.193969849246231206e+03 1.849736590581924967e+00 1.608232183929244469e-02
1.198994974874372019e+03 1.849754190421788680e+00 1.608740474055260841e-02
1.204020100502512605e+03 1.849771590624368800e+00 1.609238075021384579e-02
1.209045226130653191e+03 1.849788793933498710e+00 1.609725244298929395e-02
1.214070351758794004e+03 1.849805803054191955e+00 1.610202232365087055e-02
1.219095477386934817e+03 1.849822620652983529e+00 1.610669282910132116e-02
1.224120603015075403e+03 1.849839249358283144e+00 1.611126633045299392e-02
1.229145728643215989e+03 1.849855691760740495e+00 1.611574513493483837e-02
1.234170854271356802e+03 1.849871950413622512e+00 1.612013148781452423e-02
1.239195979899497615e+03 1.849888027833198834e+00 1.612442757425353035e-02
1.244221105527638429e+03 1.849903926499137041e+00 1.612863552104085163e-02
1.249246231155779014e+03 1.849919648854903675e+00 1.613275739835053069e-02
1.254271356783919600e+03 1.849935197308174795e+00 1.613679522139957814e-02
1.259296482412060413e+03 1.849950574231247646e+00 1.614075095206196978e-02
1.264321608040201227e+03 1.849965781961461442e+00 1.614462650043231237e-02
1.269346733668341813e+03 1.849980822801619240e+00 1.614842372632591463e-02
1.274371859296482398e+03 1.849995699020414053e+00 1.615214444076385272e-02
1.279396984924623212e+03 1.850010412852857389e+00 1.615579040738843869e-02
1.284422110552764025e+03 1.850024966500709578e+00 1.615936334381641235e-02
1.289447236180904611e+03 1.850039362132911425e+00 1.616286492299894018e-02
1.294472361809045196e+03 1.850053601886016974e+00 1.616629677449257785e-02
1.299497487437186010e+03 1.850067687864624943e+00 1.616966048571027992e-02
1.304522613065326823e+03 1.850081622141812820e+00 1.617295760314586828e-02
1.309547738693467409e+03 1.850095406759567185e+00 1.617618963352423361e-02
1.314572864321607994e+03 1.850109043729214919e+00 1.617935804493247573e-02
1.319597989949748808e+03 1.850122535031852644e+00 1.618246426797343221e-02
1.324623115577889621e+03 1.850135882618773486e+00 1.618550969676342197e-02
1.329648241206030207e+03 1.850149088411892739e+00 1.618849568999406949e-02
1.334673366834170793e+03 1.850162154304170858e+00 1.619142357194175430e-02
1.339698492462311606e+03 1.850175082160034457e+00 1.619429463344549888e-02
1.344723618090452419e+03 1.850187873815791972e+00 1.619711013279869632e-02
1.349748743718593005e+03 1.850200531080049116e+00 1.619987129671251330e-02
1.354773869346733591e+03 1.850213055734120315e+00 1.620257932120037353e-02
1.359798994974874404e+03 1.850225449532435285e+00 1.620523537237681874e-02
1.364824120603015217e+03 1.850237714202942696e+00 1.620784058735601565e-02
1.369849246231156030e+03 1.850249851447511640e+00 1.621039607501699800e-02
1.374874371859296616e+03 1.850261862942325752e+00 1.621290291679347573e-02
1.379899497487437202e+03 1.850273750338276457e+00 1.621536216743348774e-02
1.384924623115578015e+03 1.850285515261351321e+00 1.621777485573589264e-02
1.389949748743718828e+03 1.850297159313016637e+00 1.622014198527069878e-02
1.394974874371859414e+03 1.850308684070596010e+00 1.622246453503541422e-02
1.400000000000000000e+03 1.850320091087646945e+00 1.622474346016392760e-02
