4.000000000000000000e+02 1.840925364542024045e+00 2.526513067491564443e-02
4.050251256281406995e+02 1.848206287773095369e+00 2.451782036058903699e-02
4.100502512562813990e+02 1.852458579134976357e+00 2.368783629765850579e-02
4.150753768844220986e+02 1.855758233316058936e+00 2.271978001658770535e-02
4.201005025125627981e+02 1.858617205527093086e+00 2.156858679995898170e-02
4.251256281407034976e+02 1.861228921822916549e+00 2.017199654868835623e-02
4.301507537688441971e+02 1.863663884239649349e+00 1.842364874925879470e-02
4.351758793969848966e+02 1.865874733863218005e+00 1.609613861385651712e-02
4.402010050251256530e+02 1.867167852529435734e+00 1.240860472837171900e-02
4.452261306532663525e+02 1.865573068146867186e+00 7.348013147292562289e-03
4.502512562814070520e+02 1.862828926769417803e+00 7.547985027009121613e-03
4.552763819095477515e+02 1.861395004095453443e+00 7.741952833625435904e-03
4.603015075376884511e+02 1.860452572759965006e+00 7.932818734701654884e-03
4.653266331658291506e+02 1.859770927223573400e+00 8.121278565908452915e-03
4.703517587939698501e+02 1.859250667461683548e+00 8.307547635111366471e-03
4.753768844221105496e+02 1.858839685332184688e+00 8.491675547823688067e-03
4.804020100502512491e+02 1.858507295910755808e+00 8.673642435825827321e-03
4.854271356783919487e+02 1.858233961034526205e+00 8.853396925989210145e-03
4.904522613065327050e+02 1.858006513135279203e+00 9.030873652523382575e-03
4.954773869346734045e+02 1.857815682923667167e+00 9.206002221518051754e-03
5.005025125628141041e+02 1.857654714373112803e+00 9.378712139646028234e-03
5.055276381909548036e+02 1.857518540255268968e+00 9.548935653377676330e-03
5.105527638190955031e+02 1.857403267104303035e+00 9.716609425108581333e-03
5.155778894472362026e+02 1.857305840571256805e+00 9.881675522178428456e-03
5.206030150753769021e+02 1.857223820748967968e+00 1.004408197942213005e-02
5.256281407035176017e+02 1.857155227087861515e+00 1.020378308609955556e-02
5.306532663316583012e+02 1.857098428767260279e+00 1.036073948846202332e-02
5.356783919597990007e+02 1.857052065577501576e+00 1.051491816564251343e-02
5.407035175879397002e+02 1.857014989772679314e+00 1.066629231671804325e-02
5.457286432160803997e+02 1.856986222639861239e+00 1.081484118503163623e-02
5.507537688442210992e+02 1.856964921587780593e+00 1.096054983758136363e-02
5.557788944723617988e+02 1.856950354879416620e+00 1.110340891295929014e-02
5.608040201005024983e+02 1.856941882001369892e+00 1.124341434745438316e-02
5.658291457286431978e+02 1.856938938245572768e+00 1.138056708676867326e-02
5.708542713567838973e+02 1.856941022477037295e+00 1.151487278925758355e-02
5.758793969849245968e+02 1.856947687338040387e+00 1.164634152521850166e-02
5.809045226130654100e+02 1.856958531334355733e+00 1.177498747565285629e-02
5.859296482412059959e+02 1.856973192388856608e+00 1.190082863374182856e-02
5.909547738693468091e+02 1.856991342549016766e+00 1.202388651105133939e-02
5.959798994974873949e+02 1.857012683609087000e+00 1.214418585047520593e-02
6.010050251256282081e+02 1.857036943462735845e+00 1.226175434746628462e-02
6.060301507537687939e+02 1.857063873043144353e+00 1.237662238051237713e-02
6.110552763819096072e+02 1.857093243738688226e+00 1.248882275196375874e-02
6.160804020100503067e+02 1.857124845196065355e+00 1.259839043970415254e-02
6.211055276381910062e+02 1.857158483440970675e+00 1.270536236030050253e-02
6.261306532663317057e+02 1.857193979260542749e+00 1.280977714378284810e-02
6.311557788944724052e+02 1.857231166802813194e+00 1.291167492035596304e-02
6.361809045226131047e+02 1.857269892357026331e+00 1.301109711894927502e-02
6.412060301507538043e+02 1.857310013285523365e+00 1.310808627772107500e-02
6.462311557788945038e+02 1.857351397083294442e+00 1.320268586621419632e-02
6.512562814070352033e+02 1.857393920545627797e+00 1.329494011898533883e-02
6.562814070351759028e+02 1.857437469027752641e+00 1.338489388055293106e-02
6.613065326633166023e+02 1.857481935783171334e+00 1.347259246118915482e-02
6.663316582914573019e+02 1.857527221369626780e+00 1.355808150321972071e-02
6.713567839195980014e+02 1.857573233113511968e+00 1.364140685758764675e-02
6.763819095477387009e+02 1.857619884625008710e+00 1.372261447005149355e-02
6.814070351758794004e+02 1.857667095357490750e+00 1.380175027672650434e-02
6.864321608040200999e+02 1.857714790205724942e+00 1.387886010854427754e-02
6.914572864321607994e+02 1.857762899138250656e+00 1.395398960405218672e-02
6.964824120603016127e+02 1.857811356860000540e+00 1.402718413032062045e-02
7.015075376884421985e+02 1.857860102501802890e+00 1.409848871124060217e-02
7.065326633165830117e+02 1.857909079333888602e+00 1.416794796303778685e-02
7.115577889447235975e+02 1.857958234500919348e+00 1.423560603646193377e-02
7.165829145728644107e+02 1.858007518776393585e+00 1.430150656513693060e-02
7.216080402010049966e+02 1.858056886334566338e+00 1.436569261990908175e-02
7.266331658291458098e+02 1.858106294538263592e+00 1.442820666855065652e-02
7.316582914572863956e+02 1.858155703741160458e+00 1.448909054055356506e-02
7.366834170854272088e+02 1.858205077103282088e+00 1.454838539676437011e-02
7.417085427135677946e+02 1.858254380418613350e+00 1.460613170321471352e-02
7.467336683417086078e+02 1.858303581953842487e+00 1.466236920917554643e-02
7.517587939698491937e+02 1.858352652297363905e+00 1.471713692886690052e-02
7.567839195979900069e+02 1.858401564217757818e+00 1.477047312657877622e-02
7.618090452261307064e+02 1.858450292531046211e+00 1.482241530501455205e-02
7.668341708542714059e+02 1.858498813976093844e+00 1.487300019651932766e-02
7.718592964824121054e+02 1.858547107097579199e+00 1.492226375688813361e-02
7.768844221105528050e+02 1.858595152136018003e+00 1.497024116168634879e-02
7.819095477386935045e+02 1.858642930924363945e+00 1.501696680469696496e-02
7.869346733668342040e+02 1.858690426790754913e+00 1.506247429833734372e-02
7.919597989949749035e+02 1.858737624467005967e+00 1.510679647593242240e-02
7.969849246231156030e+02 1.858784510002484458e+00 1.514996539556819240e-02
8.020100502512563025e+02 1.858831070683029330e+00 1.519201234536750669e-02
8.070351758793970021e+02 1.858877294954606629e+00 1.523296785012982768e-02
8.120603015075377016e+02 1.858923172351406805e+00 1.527286167904618949e-02
8.170854271356784011e+02 1.858968693428120655e+00 1.531172285449709271e-02
8.221105527638192143e+02 1.859013849696140808e+00 1.534957966169497520e-02
8.271356783919598001e+02 1.859058633563460683e+00 1.538645965913931421e-02
8.321608040201006133e+02 1.859103038278048903e+00 1.542238968975151968e-02
8.371859296482411992e+02 1.859147057874500630e+00 1.545739589257277488e-02
8.422110552763820124e+02 1.859190687123772667e+00 1.549150371498057149e-02
8.472361809045225982e+02 1.859233921485826224e+00 1.552473792529336996e-02
8.522613065326634114e+02 1.859276757065011498e+00 1.555712262573352885e-02
8.572864321608039972e+02 1.859319190568033076e+00 1.558868126567479646e-02
8.623115577889448105e+02 1.859361219264354714e+00 1.561943665507896026e-02
8.673366834170853963e+02 1.859402840948900737e+00 1.564941097811825207e-02
8.723618090452262095e+02 1.859444053906923244e+00 1.567862580685095916e-02
8.773869346733667953e+02 1.859484856880917469e+00 1.570710211503697704e-02
8.824120603015076085e+02 1.859525249039464478e+00 1.573486029190192606e-02
8.874371859296483080e+02 1.859565229947894860e+00 1.576192015594101228e-02
8.924623115577890076e+02 1.859604799540668596e+00 1.578830096861182780e-02
8.974874371859297071e+02 1.859643958095378968e+00 1.581402144803931847e-02
9.025125628140704066e+02 1.859682706208282355e+00 1.583909978250931314e-02
9.075376884422111061e+02 1.859721044771274201e+00 1.586355364391329667e-02
9.125628140703518056e+02 1.859758974950224797e+00 1.588740020099571257e-02
9.175879396984925052e+02 1.859796498164603351e+00 1.591065613248582658e-02
9.226130653266332047e+02 1.859833616068309770e+00 1.593333763997751423e-02
9.276381909547739042e+02 1.859870330531656402e+00 1.595546046069878238e-02
9.326633165829146037e+02 1.859906643624426259e+00 1.597703987996939093e-02
9.376884422110553032e+02 1.859942557599949753e+00 1.599809074353429963e-02
9.427135678391960028e+02 1.859978074880145105e+00 1.601862746963158418e-02
9.477386934673367023e+02 1.860013198041461813e+00 1.603866406081300156e-02
9.527638190954774018e+02 1.860047929801683653e+00 1.605821411555453937e-02
9.577889447236181013e+02 1.860082273007535481e+00 1.607729083960311375e-02
9.628140703517588008e+02 1.860116230623052536e+00 1.609590705708769526e-02
9.678391959798995003e+02 1.860149805718665172e+00 1.611407522140113902e-02
9.728643216080401999e+02 1.860183001460965491e+00 1.613180742577537824e-02
9.778894472361808994e+02 1.860215821103107015e+00 1.614911541367853101e-02
9.829145728643217126e+02 1.860248267975809000e+00 1.616601058890644246e-02
9.879396984924624121e+02 1.860280345478927400e+00 1.618250402545393096e-02
9.929648241206031116e+02 1.860312057073561176e+00 1.619860647713308038e-02
9.979899497487438111e+02 1.860343406274662215e+00 1.621432838693269776e-02
1.003015075376884511e+03 1.860374396644121742e+00 1.622967989616028520e-02
1.008040201005025210e+03 1.860405031784303054e+00 1.624467085333164071e-02
1.013065326633165910e+03 1.860435315331997463e+00 1.625931082280011528e-02
1.018090452261306609e+03 1.860465250952778149e+00 1.627360909319201451e-02
1.023115577889447309e+03 1.860494842335726595e+00 1.628757468558405044e-02
1.028140703517588008e+03 1.860524093188515415e+00 1.630121636148119252e-02
1.033165829145728821e+03 1.860553007232819356e+00 1.631454263050946193e-02
1.038190954773869407e+03 1.860581588200044267e+00 1.632756175798979678e-02
1.043216080402009993e+03 1.860609839827345180e+00 1.634028177219752284e-02
1.048241206030150806e+03 1.860637765853927483e+00 1.635271047148609269e-02
1.053266331658291620e+03 1.860665370017603237e+00 1.636485543118087332e-02
1.058291457286432205e+03 1.860692656051600391e+00 1.637672401023030841e-02
1.063316582914572791e+03 1.860719627681596045e+00 1.638832335775041935e-02
1.068341708542713604e+03 1.860746288622973088e+00 1.639966041929294058e-02
1.073366834170854418e+03 1.860772642578277791e+00 1.641074194299936909e-02
1.078391959798995003e+03 1.860798693234870793e+00 1.642157448547082454e-02
1.083417085427135589e+03 1.860824444262760613e+00 1.643216441760980348e-02
1.088442211055276402e+03 1.860849899312605693e+00 1.644251793012785692e-02
1.093467336683417216e+03 1.860875062013875647e+00 1.645264103902189731e-02
1.098492462311557802e+03 1.860899935973165276e+00 1.646253959078719867e-02
1.103517587939698387e+03 1.860924524772646027e+00 1.647221926753381430e-02
1.108542713567839201e+03 1.860948831968654460e+00 1.648168559189582341e-02
1.113567839195980014e+03 1.860972861090399944e+00 1.649094393187230251e-02
1.118592964824120827e+03 1.860996615638794038e+00 1.649999950541503058e-02
1.123618090452261413e+03 1.861020099085386015e+00 1.650885738494854357e-02
1.128643216080401999e+03 1.861043314871401844e+00 1.651752250173819242e-02
1.133668341708542812e+03 1.861066266406880887e+00 1.652599965010272814e-02
1.138693467336683625e+03 1.861088957069899852e+00 1.653429349153495709e-02
1.143718592964824211e+03 1.861111390205886229e+00 1.654240855861905182e-02
1.148743718592964797e+03 1.861133569127004117e+00 1.655034925894868780e-02
1.153768844221105610e+03 1.861155497111621315e+00 1.655811987880677696e-02
1.158793969849246423e+03 1.861177177403840810e+00 1.656572458677713772e-02
1.163819095477387009e+03 1.861198613213097763e+00 1.657316743727004632e-02
1.168844221105527595e+03 1.861219807713819785e+00 1.658045237389683957e-02
1.173869346733668408e+03 1.861240764045141827e+00 1.658758323276927210e-02
1.178894472361809221e+03 1.861261485310672370e+00 1.659456374565861092e-02
1.183919597989949807e+03 1.861281974578312237e+00 1.660139754311660762e-02
1.188944723618090393e+03 1.861302234880118034e+00 1.660808815743962386e-02
1.193969849246231206e+03 1.861322269212206892e+00 1.661463902556450933e-02
1.198994974874372019e+03 1.861342080534703181e+00 1.662105349189101425e-02
1.204020100502512605e+03 1.861361671771721182e+00 1.662733481099208308e-02
1.209045226130653191e+03 1.861381045811382640e+00 1.663348615025346880e-02
1.214070351758794004e+03 1.861400205505866490e+00 1.663951059241057864e-02
1.219095477386934817e+03 1.861419153671486804e+00 1.664541113805051431e-02
1.224120603015075403e+03 1.861437893088799811e+00 1.665119070798029219e-02
1.229145728643215989e+03 1.861456426502736905e+00 1.665685214557585322e-02
1.234170854271356802e+03 1.861474756622757853e+00 1.666239821901271609e-02
1.239195979899497615e+03 1.861492886123029766e+00 1.666783162345271060e-02
1.244221105527638429e+03 1.861510817642622495e+00 1.667315498316093714e-02
1.249246231155779014e+03 1.861528553785725792e+00 1.667837085356054308e-02
1.254271356783919600e+03 1.861546097121879129e+00 1.668348172319282854e-02
1.259296482412060413e+03 1.861563450186220825e+00 1.668849001568331603e-02
1.264321608040201227e+03 1.861580615479750067e+00 1.669339809156805340e-02
1.269346733668341813e+03 1.861597595469599131e+00 1.669820825009407997e-02
1.274371859296482398e+03 1.861614392589322486e+00 1.670292273103449188e-02
1.279396984924623212e+03 1.861631009239190115e+00 1.670754371630595037e-02
1.284422110552764025e+03 1.861647447786496823e+00 1.671207333167520556e-02
1.289447236180904611e+03 1.861663710565874430e+00 1.671651364831577835e-02
1.294472361809045196e+03 1.861679799879615738e+00 1.672086668438153151e-02
1.299497487437186010e+03 1.861695717998002930e+00 1.672513440648469921e-02
1.304522613065326823e+03 1.861711467159642641e+00 1.672931873117176893e-02
1.309547738693467409e+03 1.861727049571807013e+00 1.673342152631140944e-02
1.314572864321607994e+03 1.861742467410776980e+00 1.673744461246124207e-02
1.319597989949748808e+03 1.861757722822193317e+00 1.674138976423372380e-02
1.324623115577889621e+03 1.861772817921407031e+00 1.674525871152223594e-02
1.329648241206030207e+03 1.861787754793834848e+00 1.674905314078672589e-02
1.334673366834170793e+03 1.861802535495315825e+00 1.675277469623347518e-02
1.339698492462311606e+03 1.861817162052470387e+00 1.675642498104175718e-02
1.344723618090452419e+03 1.861831636463060269e+00 1.676000555841234904e-02
1.349748743718593005e+03 1.861845960696348445e+00 1.676351795277622111e-02
1.354773869346733591e+03 1.861860136693461953e+00 1.676696365076603759e-02
1.359798994974874404e+03 1.861874166367750938e+00 1.677034410230857087e-02
1.364824120603015217e+03 1.861888051605150141e+00 1.677366072163945232e-02
1.369849246231156030e+03 1.861901794264540166e+00 1.677691488822738441e-02
1.374874371859296616e+03 1.861915396178105642e+00 1.678010794778667797e-02
1.379899497487437202e+03 1.861928859151692928e+00 1.678324121314674067e-02
1.384924623115578015e+03 1.861942184965166946e+00 1.678631596515736332e-02
1.389949748743718828e+03 1.861955375372767119e+00 1.678933345357706830e-02
1.394974874371859414e+03 1.861968432103458637e+00 1.679229489788514398e-02
1.400000000000000000e+03 1.861981356861283743e+00 1.679520148811681352e-02
