4.000000000000000000e+02 1.850676573117188584e+00 2.804208977051451945e-02
4.050251256281406995e+02 1.858990705472279847e+00 2.726756310897637120e-02
4.100502512562813990e+02 1.863792248702121679e+00 2.642745660843954375e-02
4.150753768844220986e+02 1.867491422194535566e+00 2.546244489749818068e-02
4.201005025125627981e+02 1.870684510968777747e+00 2.433322243258210366e-02
4.251256281407034976e+02 1.873602821955633324e+00 2.299219014530572494e-02
4.301507537688441971e+02 1.876348719215356509e+00 2.136782686656990560e-02
4.351758793969848966e+02 1.878948372336334938e+00 1.933410772169666045e-02
4.402010050251256530e+02 1.881304523561584841e+00 1.661315614788947542e-02
4.452261306532663525e+02 1.882380912577793497e+00 1.216600886431336813e-02
4.502512562814070520e+02 1.880296313595800406e+00 7.057679533931429314e-03
4.552763819095477515e+02 1.877202244881892357e+00 7.267065387761314880e-03
4.603015075376884511e+02 1.875533830109448408e+00 7.471266537295422408e-03
4.653266331658291506e+02 1.874412948940474610e+00 7.673216714400359247e-03
4.703517587939698501e+02 1.873587047513474824e+00 7.873621366935909527e-03
4.753768844221105496e+02 1.872945764307039074e+00 8.072690323485447184e-03
4.804020100502512491e+02 1.872430616612884124e+00 8.270458556090102414e-03
4.854271356783919487e+02 1.872006865845242007e+00 8.466885419979088348e-03
4.904522613065327050e+02 1.871652234895129441e+00 8.661894291871410564e-03
4.954773869346734045e+02 1.871351621957651590e+00 8.855391121720842390e-03
5.005025125628141041e+02 1.871094344741993654e+00 9.047274116890427140e-03
5.055276381909548036e+02 1.870872586755569333e+00 9.237439214701803278e-03
5.105527638190955031e+02 1.870680467005213066e+00 9.425783361189135970e-03
5.155778894472362026e+02 1.870513455716929396e+00 9.612206560134131661e-03
5.206030150753769021e+02 1.870367992806485358e+00 9.796613188554591234e-03
5.256281407035176017e+02 1.870241230544477995e+00 9.978912851395491806e-03
5.306532663316583012e+02 1.870130855168996353e+00 1.015902093263558632e-02
5.356783919597990007e+02 1.870034960286911963e+00 1.033685893829507964e-02
5.407035175879397002e+02 1.869951955179139924e+00 1.051235469149369370e-02
5.457286432160803997e+02 1.869880497189799762e+00 1.068544241908853457e-02
5.507537688442210992e+02 1.869819441079874967e+00 1.085606275690142661e-02
5.557788944723617988e+02 1.869767800550689696e+00 1.102416269235120642e-02
5.608040201005024983e+02 1.869724718640798367e+00 1.118969545872571490e-02
5.658291457286431978e+02 1.869689444687740565e+00 1.135262039104390636e-02
5.708542713567838973e+02 1.869661316210915025e+00 1.151290275216546206e-02
5.758793969849245968e+02 1.869639744527482383e+00 1.167051353516621731e-02
5.809045226130654100e+02 1.869624203230781045e+00 1.182542924748757052e-02
5.859296482412059959e+02 1.869614218885480073e+00 1.197763168120111535e-02
5.909547738693468091e+02 1.869609363454924233e+00 1.212710767295561466e-02
5.959798994974873949e+02 1.869609248093313525e+00 1.227384885679864979e-02
6.010050251256282081e+02 1.869613518021528975e+00 1.241785141264387451e-02
6.060301507537687939e+02 1.869621848269451547e+00 1.255911581246778146e-02
6.110552763819096072e+02 1.869633940115726700e+00 1.269764656647629289e-02
6.160804020100503067e+02 1.869649518092365126e+00 1.283345197075029531e-02
6.211055276381910062e+02 1.869668327449437673e+00 1.296654385797912402e-02
6.261306532663317057e+02 1.869690131996589288e+00 1.309693735247714243e-02
6.311557788944724052e+02 1.869714712254775479e+00 1.322465063053094442e-02
6.361809045226131047e+02 1.869741863864661902e+00 1.334970468710562977e-02
6.412060301507538043e+02 1.869771396208379288e+00 1.347212310935834260e-02
6.462311557788945038e+02 1.869803131209467839e+00 1.359193185799678454e-02
6.512562814070352033e+02 1.869836902282293378e+00 1.370915905650951089e-02
6.562814070351759028e+02 1.869872553407422533e+00 1.382383478893631397e-02
6.613065326633166023e+02 1.869909938313589537e+00 1.393599090630616259e-02
6.663316582914573019e+02 1.869948919750272776e+00 1.404566084199837701e-02
6.713567839195980014e+02 1.869989368837620347e+00 1.415287943596555027e-02
6.763819095477387009e+02 1.870031164482706787e+00 1.425768276810937367e-02
6.814070351758794004e+02 1.870074192852913209e+00 1.436010800045669361e-02
6.864321608040200999e+02 1.870118346898725470e+00 1.446019322830217370e-02
6.914572864321607994e+02 1.870163525919480429e+00 1.455797734006175799e-02
6.964824120603016127e+02 1.870209635166605100e+00 1.465349988561595249e-02
7.015075376884421985e+02 1.870256585479734834e+00 1.474680095313315141e-02
7.065326633165830117e+02 1.870304292951805891e+00 1.483792105385719345e-02
7.115577889447235975e+02 1.870352678619790154e+00 1.492690101483002199e-02
7.165829145728644107e+02 1.870401668178240495e+00 1.501378187919380838e-02
7.216080402010049966e+02 1.870451191713210504e+00 1.509860481376558081e-02
7.266331658291458098e+02 1.870501183454462035e+00 1.518141102356925128e-02
7.316582914572863956e+02 1.870551581544157127e+00 1.526224167313011866e-02
7.366834170854272088e+02 1.870602327820482413e+00 1.534113781407938325e-02
7.417085427135677946e+02 1.870653367614842688e+00 1.541814031885040126e-02
7.467336683417086078e+02 1.870704649561446775e+00 1.549328982018211703e-02
7.517587939698491937e+02 1.870756125418252092e+00 1.556662665598657243e-02
7.567839195979900069e+02 1.870807749898355743e+00 1.563819081947272899e-02
7.618090452261307064e+02 1.870859480511027240e+00 1.570802191403774042e-02
7.668341708542714059e+02 1.870911277411673623e+00 1.577615911285012648e-02
7.718592964824121054e+02 1.870963103260097737e+00 1.584264112260289417e-02
7.768844221105528050e+02 1.871014923086480319e+00 1.590750615141853924e-02
7.819095477386935045e+02 1.871066704164577876e+00 1.597079188043217315e-02
7.869346733668342040e+02 1.871118415891670939e+00 1.603253543894166133e-02
7.919597989949749035e+02 1.871170029674842805e+00 1.609277338281628333e-02
7.969849246231156030e+02 1.871221518823210861e+00 1.615154167598647009e-02
8.020100502512563025e+02 1.871272858445755638e+00 1.620887567473638241e-02
8.070351758793970021e+02 1.871324025354429876e+00 1.626481011463352944e-02
8.120603015075377016e+02 1.871374997972252707e+00 1.631937909986737323e-02
8.170854271356784011e+02 1.871425756246110073e+00 1.637261609484959649e-02
8.221105527638192143e+02 1.871476281564013355e+00 1.642455391789117078e-02
8.271356783919598001e+02 1.871526556676575526e+00 1.647522473671370752e-02
8.321608040201006133e+02 1.871576565622484312e+00 1.652466006573751617e-02
8.371859296482411992e+02 1.871626293657767226e+00 1.657289076497971483e-02
8.422110552763820124e+02 1.871675727188653937e+00 1.661994704034254824e-02
8.472361809045225982e+02 1.871724853707851022e+00 1.666585844524584928e-02
8.522613065326634114e+02 1.871773661734060346e+00 1.671065388348079092e-02
8.572864321608039972e+02 1.871822140754577202e+00 1.675436161308647628e-02
8.623115577889448105e+02 1.871870281170815220e+00 1.679700925125447025e-02
8.673366834170853963e+02 1.871918074246611718e+00 1.683862378006249078e-02
8.723618090452262095e+02 1.871965512059179382e+00 1.687923155300057390e-02
8.773869346733667953e+02 1.872012587452568821e+00 1.691885830220797235e-02
8.824120603015076085e+02 1.872059293993524109e+00 1.695752914631416808e-02
8.874371859296483080e+02 1.872105625929606498e+00 1.699526859879869206e-02
8.924623115577890076e+02 1.872151578149483742e+00 1.703210057683752707e-02
8.974874371859297071e+02 1.872197146145269331e+00 1.706804841057127375e-02
9.025125628140704066e+02 1.872242325976818389e+00 1.710313485268518535e-02
9.075376884422111061e+02 1.872287114237878969e+00 1.713738208830873147e-02
9.125628140703518056e+02 1.872331508024007496e+00 1.717081174517011768e-02
9.175879396984925052e+02 1.872375504902167753e+00 1.720344490390903966e-02
9.226130653266332047e+02 1.872419102881919928e+00 1.723530210859938391e-02
9.276381909547739042e+02 1.872462300388128664e+00 1.726640337732612482e-02
9.326633165829146037e+02 1.872505096235113298e+00 1.729676821292488315e-02
9.376884422110553032e+02 1.872547489602164772e+00 1.732641561372083236e-02
9.427135678391960028e+02 1.872589480010366403e+00 1.735536408427756569e-02
9.477386934673367023e+02 1.872631067300650543e+00 1.738363164620987042e-02
9.527638190954774018e+02 1.872672251613028749e+00 1.741123584891488690e-02
9.577889447236181013e+02 1.872713033366938840e+00 1.743819378028700975e-02
9.628140703517588008e+02 1.872753413242648879e+00 1.746452207732737336e-02
9.678391959798995003e+02 1.872793392163671244e+00 1.749023693671746676e-02
9.728643216080401999e+02 1.872832971280127490e+00 1.751535412527877034e-02
9.778894472361808994e+02 1.872872151953022923e+00 1.753988899029714291e-02
9.829145728643217126e+02 1.872910935739380500e+00 1.756385646977208503e-02
9.879396984924624121e+02 1.872949324378192060e+00 1.758727110246008016e-02
9.929648241206031116e+02 1.872987319777144943e+00 1.761014703786519323e-02
9.979899497487438111e+02 1.873024924000083358e+00 1.763249804598153447e-02
1.003015075376884511e+03 1.873062139255168290e+00 1.765433752697668363e-02
1.008040201005025210e+03 1.873098967883699117e+00 1.767567852061319861e-02
1.013065326633165910e+03 1.873135412349561824e+00 1.769653371558276705e-02
1.018090452261306609e+03 1.873171475229275407e+00 1.771691545861821607e-02
1.023115577889447309e+03 1.873207159202599170e+00 1.773683576344920257e-02
1.028140703517588008e+03 1.873242467043679360e+00 1.775630631957251029e-02
1.033165829145728821e+03 1.873277401612698068e+00 1.777533850084472844e-02
1.038190954773869407e+03 1.873311965848007521e+00 1.779394337389828690e-02
1.043216080402009993e+03 1.873346162758718236e+00 1.781213170636233162e-02
1.048241206030150806e+03 1.873379995417719268e+00 1.782991397493810526e-02
1.053266331658291620e+03 1.873413466955106577e+00 1.784730037321568749e-02
1.058291457286432205e+03 1.873446580552000418e+00 1.786430081938654435e-02
1.063316582914572791e+03 1.873479339434730662e+00 1.788092496378115154e-02
1.068341708542713604e+03 1.873511746869366279e+00 1.789718219610508809e-02
1.073366834170854418e+03 1.873543806156577896e+00 1.791308165268134037e-02
1.078391959798995003e+03 1.873575520626810986e+00 1.792863222335367920e-02
1.083417085427135589e+03 1.873606893635751947e+00 1.794384255832668848e-02
1.088442211055276402e+03 1.873637928560076604e+00 1.795872107476441035e-02
1.093467336683417216e+03 1.873668628793462521e+00 1.797327596326690410e-02
1.098492462311557802e+03 1.873698997742849093e+00 1.798751519416386113e-02
1.103517587939698387e+03 1.873729038824937909e+00 1.800144652362612591e-02
1.108542713567839201e+03 1.873758755462913594e+00 1.801507749963876526e-02
1.113567839195980014e+03 1.873788151083378928e+00 1.802841546782334506e-02
1.118592964824120827e+03 1.873817229113489136e+00 1.804146757708454188e-02
1.123618090452261413e+03 1.873845992978276032e+00 1.805424078510519878e-02
1.128643216080401999e+03 1.873874446098150681e+00 1.806674186373209354e-02
1.133668341708542812e+03 1.873902591886575042e+00 1.807897740413442339e-02
1.138693467336683625e+03 1.873930433747894586e+00 1.809095382191813414e-02
1.143718592964824211e+03 1.873957975075321025e+00 1.810267736202235758e-02
1.148743718592964797e+03 1.873985219249058476e+00 1.811415410353131930e-02
1.153768844221105610e+03 1.874012169634563518e+00 1.812538996431366581e-02
1.158793969849246423e+03 1.874038829580933152e+00 1.813639070557287319e-02
1.163819095477387009e+03 1.874065202419413545e+00 1.814716193622043297e-02
1.168844221105527595e+03 1.874091291462019360e+00 1.815770911717334499e-02
1.173869346733668408e+03 1.874117100000264546e+00 1.816803756551789786e-02
1.178894472361809221e+03 1.874142631303991058e+00 1.817815245851240810e-02
1.183919597989949807e+03 1.874167888620291933e+00 1.818805883755408512e-02
1.188944723618090393e+03 1.874192875172527417e+00 1.819776161197834280e-02
1.193969849246231206e+03 1.874217594159422573e+00 1.820726556274222113e-02
1.198994974874372019e+03 1.874242048754247270e+00 1.821657534604317202e-02
1.204020100502512605e+03 1.874266242104068780e+00 1.822569549682678119e-02
1.209045226130653191e+03 1.874290177329076545e+00 1.823463043213698412e-02
1.214070351758794004e+03 1.874313857521973548e+00 1.824338445445107537e-02
1.219095477386934817e+03 1.874337285747430082e+00 1.825196175487964548e-02
1.224120603015075403e+03 1.874360465041596369e+00 1.826036641626391233e-02
1.229145728643215989e+03 1.874383398411670232e+00 1.826860241619050404e-02
1.234170854271356802e+03 1.874406088835518513e+00 1.827667362993153771e-02
1.239195979899497615e+03 1.874428539261344451e+00 1.828458383331152404e-02
1.244221105527638429e+03 1.874450752607405013e+00 1.829233670543596937e-02
1.249246231155779014e+03 1.874472731761766653e+00 1.829993583139848459e-02
1.254271356783919600e+03 1.874494479582106798e+00 1.830738470488278008e-02
1.259296482412060413e+03 1.874515998895548430e+00 1.831468673070342501e-02
1.264321608040201227e+03 1.874537292498533736e+00 1.832184522724408446e-02
1.269346733668341813e+03 1.874558363156727747e+00 1.832886342886125286e-02
1.274371859296482398e+03 1.874579213604957717e+00 1.833574448819991556e-02
1.279396984924623212e+03 1.874599846547177151e+00 1.834249147843447156e-02
1.284422110552764025e+03 1.874620264656459367e+00 1.834910739546008127e-02
1.289447236180904611e+03 1.874640470575015705e+00 1.835559516001123229e-02
1.294472361809045196e+03 1.874660466914238155e+00 1.836195761972656340e-02
1.299497487437186010e+03 1.874680256254763533e+00 1.836819755113666339e-02
1.304522613065326823e+03 1.874699841146558077e+00 1.837431766162400670e-02
1.309547738693467409e+03 1.874719224109021587e+00 1.838032059129540360e-02
1.314572864321607994e+03 1.874738407631110215e+00 1.838620891480996847e-02
1.319597989949748808e+03 1.874757394171471914e+00 1.839198514318148361e-02
1.324623115577889621e+03 1.874776186158603863e+00 1.839765172547121880e-02
1.329648241206030207e+03 1.874794785991016344e+00 1.840321105048062234e-02
1.334673366834170793e+03 1.874813196037416807e+00 1.840866544840211172e-02
1.339698492462311606e+03 1.874831418636899505e+00 1.841401719234414883e-02
1.344723618090452419e+03 1.874849456099151546e+00 1.841926849992418791e-02
1.349748743718593005e+03 1.874867310704666057e+00 1.842442153473693167e-02
1.354773869346733591e+03 1.874884984704965118e+00 1.842947840778294891e-02
1.359798994974874404e+03 1.874902480322832687e+00 1.843444117892427403e-02
1.364824120603015217e+03 1.874919799752552407e+00 1.843931185819881052e-02
1.369849246231156030e+03 1.874936945160154966e+00 1.844409240717465731e-02
1.374874371859296616e+03 1.874953918683672116e+00 1.844878474024836540e-02
1.379899497487437202e+03 1.874970722433393133e+00 1.845339072586949306e-02
1.384924623115578015e+03 1.874987358492130163e+00 1.845791218778209189e-02
1.389949748743718828e+03 1.875003828915485560e+00 1.846235090618717975e-02
1.394974874371859414e+03 1.875020135732125004e+00 1.846670861891074739e-02
1.400000000000000000e+03 1.875036280944052169e+00 1.847098702249944796e-02
