4.000000000000000000e+02 1.931019889763524233e+00 5.008977444351145033e-04
4.050251256281406995e+02 1.930952940381256422e+00 5.259920332446923466e-04
4.100502512562813990e+02 1.930885492053590058e+00 5.519644321237217365e-04
4.150753768844220986e+02 1.930817564296566813e+00 5.788299761758065268e-04
4.201005025125627981e+02 1.930749177160341779e+00 6.066034022764360588e-04
4.251256281407034976e+02 1.930680351226138347e+00 6.352991259537418790e-04
4.301507537688441971e+02 1.930611107602220544e+00 6.649312163376396500e-04
4.351758793969848966e+02 1.930541467918856613e+00 6.955133735251425994e-04
4.402010050251256530e+02 1.930471454322250091e+00 7.270589036567689243e-04
4.452261306532663525e+02 1.930401089467415066e+00 7.595806957048429524e-04
4.502512562814070520e+02 1.930330396509978508e+00 7.930911972573295027e-04
4.552763819095477515e+02 1.930259399096887707e+00 8.276023899925498460e-04
4.603015075376884511e+02 1.930188121356013919e+00 8.631257666416420563e-04
4.653266331658291506e+02 1.930116587884633583e+00 8.996723067225955795e-04
4.703517587939698501e+02 1.930044823736782211e+00 9.372524537829622334e-04
4.753768844221105496e+02 1.929972854409475413e+00 9.758760912857106316e-04
4.804020100502512491e+02 1.929900705827787943e+00 1.015552520485668965e-03
4.854271356783919487e+02 1.929828404328800984e+00 1.056290437921513165e-03
4.904522613065327050e+02 1.929755976644411453e+00 1.098097913143660865e-03
4.954773869346734045e+02 1.929683449883017543e+00 1.140982367607141579e-03
5.005025125628141041e+02 1.929610851510090264e+00 1.184950553593780778e-03
5.055276381909548036e+02 1.929538209327642972e+00 1.230008534042775162e-03
5.105527638190955031e+02 1.929465551452622663e+00 1.276161663211976488e-03
5.155778894472362026e+02 1.929392906294240317e+00 1.323414567499135545e-03
5.206030150753769021e+02 1.929320302530272979e+00 1.371771128180776251e-03
5.256281407035176017e+02 1.929247769082361952e+00 1.421234464043351657e-03
5.306532663316583012e+02 1.929175335090347776e+00 1.471806915253869637e-03
5.356783919597990007e+02 1.929103029885675946e+00 1.523490028786762211e-03
5.407035175879397002e+02 1.929030882963918225e+00 1.576284543912205918e-03
5.457286432160803997e+02 1.928958923956457516e+00 1.630190379805222974e-03
5.507537688442210992e+02 1.928887182601381145e+00 1.685206623752406353e-03
5.557788944723617988e+02 1.928815688713645393e+00 1.741331520814843985e-03
5.608040201005024983e+02 1.928744472154557910e+00 1.798562464637357746e-03
5.658291457286431978e+02 1.928673562800649277e+00 1.856895989612260961e-03
5.708542713567838973e+02 1.928602990511991466e+00 1.916327764869462909e-03
5.758793969849245968e+02 1.928532785100032232e+00 1.976852588504823729e-03
5.809045226130654100e+02 1.928462976295016951e+00 2.038464384723034060e-03
5.859296482412059959e+02 1.928393593713069842e+00 2.101156201477192859e-03
5.909547738693468091e+02 1.928324666823007849e+00 2.164920209780213465e-03
5.959798994974873949e+02 1.928256224912969108e+00 2.229747704823833217e-03
6.010050251256282081e+02 1.928188297056929734e+00 2.295629108202335966e-03
6.060301507537687939e+02 1.928120912081194627e+00 2.362553972261234505e-03
6.110552763819096072e+02 1.928054098530941118e+00 2.430510985329177500e-03
6.160804020100503067e+02 1.927987884636897853e+00 2.499487979185221510e-03
6.211055276381910062e+02 1.927922298282247260e+00 2.569471937510107561e-03
6.261306532663317057e+02 1.927857366969827568e+00 2.640449006325504798e-03
6.311557788944724052e+02 1.927793117789725619e+00 2.712404505680358555e-03
6.361809045226131047e+02 1.927729577387338633e+00 2.785322943088898873e-03
6.412060301507538043e+02 1.927666771931988654e+00 2.859188028443455844e-03
6.462311557788945038e+02 1.927604727086170699e+00 2.933982689972392931e-03
6.512562814070352033e+02 1.927543467975516567e+00 3.009689092470190213e-03
6.562814070351759028e+02 1.927483019159546007e+00 3.086288656290033568e-03
6.613065326633166023e+02 1.927423404603288093e+00 3.163762077725756038e-03
6.663316582914573019e+02 1.927364647649841167e+00 3.242089351043230157e-03
6.713567839195980014e+02 1.927306770993941765e+00 3.321249791660474664e-03
6.763819095477387009e+02 1.927249796656612002e+00 3.401222060354201424e-03
6.814070351758794004e+02 1.927193745960946059e+00 3.481984188834838859e-03
6.864321608040200999e+02 1.927138639509098583e+00 3.563513606374777137e-03
6.914572864321607994e+02 1.927084497160526100e+00 3.645787167288794955e-03
6.964824120603016127e+02 1.927031338011541139e+00 3.728781179726124630e-03
7.015075376884421985e+02 1.926979180376215739e+00 3.812471434873146610e-03
7.065326633165830117e+02 1.926928041768688704e+00 3.896833237474409649e-03
7.115577889447235975e+02 1.926877938886903063e+00 3.981841436617783447e-03
7.165829145728644107e+02 1.926828887597816120e+00 4.067470457519655087e-03
7.216080402010049966e+02 1.926780902924105865e+00 4.153694333755243370e-03
7.266331658291458098e+02 1.926733999032395506e+00 4.240486739789224579e-03
7.316582914572863956e+02 1.926688189223018322e+00 4.327821024308683463e-03
7.366834170854272088e+02 1.926643485921331722e+00 4.415670243506913430e-03
7.417085427135677946e+02 1.926599900670589838e+00 4.504007194815469288e-03
7.467336683417086078e+02 1.926557444126377749e+00 4.592804450693414690e-03
7.517587939698491937e+02 1.926516126052603362e+00 4.682034392507127343e-03
7.567839195979900069e+02 1.926475955319040034e+00 4.771669244492795885e-03
7.618090452261307064e+02 1.926436939900409318e+00 4.861681107439739906e-03
7.668341708542714059e+02 1.926399086876980693e+00 4.952041992311453401e-03
7.718592964824121054e+02 1.926362402436677224e+00 5.042723853648684550e-03
7.768844221105528050e+02 1.926326891878648917e+00 5.133698622544727481e-03
7.819095477386935045e+02 1.926292559618292266e+00 5.224938239320279891e-03
7.869346733668342040e+02 1.926259409193678218e+00 5.316414685600431671e-03
7.919597989949749035e+02 1.926227443273348161e+00 5.408100015936628639e-03
7.969849246231156030e+02 1.926196663665441067e+00 5.499966388905380352e-03
8.020100502512563025e+02 1.926167071328102498e+00 5.591986097316096332e-03
8.070351758793970021e+02 1.926138666381128850e+00 5.684131597822541723e-03
8.120603015075377016e+02 1.926111448118795755e+00 5.776375539799853513e-03
8.170854271356784011e+02 1.926085415023817360e+00 5.868690793298741992e-03
8.221105527638192143e+02 1.926060564782378526e+00 5.961050476142936566e-03
8.271356783919598001e+02 1.926036894300187097e+00 6.053427980088187804e-03
8.321608040201006133e+02 1.926014399719479187e+00 6.145796996049725583e-03
8.371859296482411992e+02 1.925993076436924856e+00 6.238131538303395840e-03
8.422110552763820124e+02 1.925972919122366900e+00 6.330405967669823497e-03
8.472361809045225982e+02 1.925953921738330354e+00 6.422595013590936229e-03
8.522613065326634114e+02 1.925936077560241877e+00 6.514673795193113952e-03
8.572864321608039972e+02 1.925919379197292391e+00 6.606617841189082324e-03
8.623115577889448105e+02 1.925903818613882379e+00 6.698403108705529296e-03
8.673366834170853963e+02 1.925889387151581866e+00 6.790006000904007244e-03
8.723618090452262095e+02 1.925876075551546496e+00 6.881403383585373013e-03
8.773869346733667953e+02 1.925863873977325502e+00 6.972572600487868429e-03
8.824120603015076085e+02 1.925852772037998095e+00 7.063491487601542343e-03
8.874371859296483080e+02 1.925842758811581401e+00 7.154138386215246406e-03
8.924623115577890076e+02 1.925833822868646461e+00 7.244492154854928305e-03
8.974874371859297071e+02 1.925825952296088772e+00 7.334532180225708867e-03
9.025125628140704066e+02 1.925819134720994752e+00 7.424238386750363176e-03
9.075376884422111061e+02 1.925813357334547726e+00 7.513591245339615830e-03
9.125628140703518056e+02 1.925808606915927701e+00 7.602571780785673770e-03
9.175879396984925052e+02 1.925804869856144297e+00 7.691161578279167785e-03
9.226130653266332047e+02 1.925802132181763104e+00 7.779342788817116515e-03
9.276381909547739042e+02 1.925800379578475718e+00 7.867098133584835354e-03
9.326633165829146037e+02 1.925799597414466824e+00 7.954410907357252133e-03
9.376884422110553032e+02 1.925799770763541252e+00 8.041264980903500142e-03
9.427135678391960028e+02 1.925800884427968374e+00 8.127644802486821626e-03
9.477386934673367023e+02 1.925802922961006747e+00 8.213535398487341321e-03
9.527638190954774018e+02 1.925805870689078159e+00 8.298922373063281899e-03
9.577889447236181013e+02 1.925809711733551310e+00 8.383791907021882761e-03
9.628140703517588008e+02 1.925814430032114499e+00 8.468130755949737631e-03
9.678391959798995003e+02 1.925820009359701324e+00 8.551926247385920402e-03
9.728643216080401999e+02 1.925826433348952094e+00 8.635166277490922276e-03
9.778894472361808994e+02 1.925833685510180748e+00 8.717839306773566416e-03
9.829145728643217126e+02 1.925841749250832624e+00 8.799934355376699130e-03
9.879396984924624121e+02 1.925850607894413535e+00 8.881440997582373473e-03
9.929648241206031116e+02 1.925860244698871293e+00 8.962349355739699514e-03
9.979899497487438111e+02 1.925870642874420779e+00 9.042650093727472999e-03
1.003015075376884511e+03 1.925881785600796370e+00 9.122334409785465281e-03
1.008040201005025210e+03 1.925893656043925484e+00 9.201394028895235055e-03
1.013065326633165910e+03 1.925906237372013941e+00 9.279821194756766867e-03
1.018090452261306609e+03 1.925919512771035791e+00 9.357608661247658957e-03
1.023115577889447309e+03 1.925933465459628735e+00 9.434749683609900545e-03
1.028140703517588008e+03 1.925948078703384692e+00 9.511238009229327356e-03
1.033165829145728821e+03 1.925963335828544620e+00 9.587067868053305783e-03
1.038190954773869407e+03 1.925979220235087608e+00 9.662233962802269441e-03
1.043216080402009993e+03 1.925995715409226650e+00 9.736731458902702502e-03
1.048241206030150806e+03 1.926012804935306688e+00 9.810555974173877300e-03
1.053266331658291620e+03 1.926030472507115565e+00 9.883703568297182510e-03
1.058291457286432205e+03 1.926048701938609220e+00 9.956170732194066092e-03
1.063316582914572791e+03 1.926067477174060905e+00 1.002795437717547526e-02
1.068341708542713604e+03 1.926086782297643518e+00 1.009905182404014119e-02
1.073366834170854418e+03 1.926106601542450836e+00 1.016946079201505766e-02
1.078391959798995003e+03 1.926126919298969842e+00 1.023917938770759276e-02
1.083417085427135589e+03 1.926147720123013940e+00 1.030820609397007162e-02
1.088442211055276402e+03 1.926168988743129695e+00 1.037653975870000793e-02
1.093467336683417216e+03 1.926190710067485989e+00 1.044417958371413394e-02
1.098492462311557802e+03 1.926212869190262245e+00 1.051112511357322511e-02
1.103517587939698387e+03 1.926235451397545484e+00 1.057737622451342119e-02
1.108542713567839201e+03 1.926258442172749996e+00 1.064293311334990610e-02
1.113567839195980014e+03 1.926281827201574703e+00 1.070779628647400110e-02
1.118592964824120827e+03 1.926305592376511999e+00 1.077196654898636766e-02
1.123618090452261413e+03 1.926329723800919602e+00 1.083544499382253432e-02
1.128643216080401999e+03 1.926354207792674744e+00 1.089823299114099989e-02
1.133668341708542812e+03 1.926379030887419797e+00 1.096033217761384349e-02
1.138693467336683625e+03 1.926404179841417097e+00 1.102174444607184091e-02
1.143718592964824211e+03 1.926429641634028966e+00 1.108247193519465434e-02
1.148743718592964797e+03 1.926455403469832461e+00 1.114251701930920983e-02
1.153768844221105610e+03 1.926481452780388626e+00 1.120188229843594764e-02
1.158793969849246423e+03 1.926507777225677120e+00 1.126057058846061457e-02
1.163819095477387009e+03 1.926534364695212886e+00 1.131858491146180666e-02
1.168844221105527595e+03 1.926561203308857717e+00 1.137592848630147521e-02
1.173869346733668408e+03 1.926588281417341619e+00 1.143260471930978781e-02
1.178894472361809221e+03 1.926615587602505730e+00 1.148861719522157807e-02
1.183919597989949807e+03 1.926643110677283888e+00 1.154396966827544828e-02
1.188944723618090393e+03 1.926670839685432179e+00 1.159866605353389313e-02
1.193969849246231206e+03 1.926698763901024236e+00 1.165271041841434152e-02
1.198994974874372019e+03 1.926726872827718928e+00 1.170610697444075636e-02
1.204020100502512605e+03 1.926755156197818453e+00 1.175886006908387349e-02
1.209045226130653191e+03 1.926783603971127246e+00 1.181097417801449390e-02
1.214070351758794004e+03 1.926812206333621047e+00 1.186245389739056660e-02
1.219095477386934817e+03 1.926840953695941883e+00 1.191330393639038719e-02
1.224120603015075403e+03 1.926869836691728066e+00 1.196352911009508288e-02
1.229145728643215989e+03 1.926898846175787217e+00 1.201313433234013801e-02
1.234170854271356802e+03 1.926927973222129831e+00 1.206212460899705116e-02
1.239195979899497615e+03 1.926957209121864967e+00 1.211050503131566071e-02
1.244221105527638429e+03 1.926986545380976690e+00 1.215828076957271506e-02
1.249246231155779014e+03 1.927015973717982611e+00 1.220545706681917114e-02
1.254271356783919600e+03 1.927045486061489843e+00 1.225203923295144735e-02
1.259296482412060413e+03 1.927075074547651923e+00 1.229803263887405823e-02
1.264321608040201227e+03 1.927104731517541580e+00 1.234344271093313489e-02
1.269346733668341813e+03 1.927134449514440906e+00 1.238827492552660448e-02
1.274371859296482398e+03 1.927164221281059131e+00 1.243253480383566499e-02
1.279396984924623212e+03 1.927194039756688237e+00 1.247622790688214696e-02
1.284422110552764025e+03 1.927223898074298614e+00 1.251935983065872310e-02
1.289447236180904611e+03 1.927253789557585639e+00 1.256193620146639489e-02
1.294472361809045196e+03 1.927283707717970751e+00 1.260396267148452924e-02
1.299497487437186010e+03 1.927313646251565205e+00 1.264544491442290072e-02
1.304522613065326823e+03 1.927343599036100308e+00 1.268638862141573641e-02
1.309547738693467409e+03 1.927373560127833230e+00 1.272679949710452292e-02
1.314572864321607994e+03 1.927403523758427939e+00 1.276668325575373679e-02
1.319597989949748808e+03 1.927433484331823710e+00 1.280604561771592556e-02
1.324623115577889621e+03 1.927463436421087639e+00 1.284489230588953777e-02
1.329648241206030207e+03 1.927493374765264056e+00 1.288322904239922774e-02
1.334673366834170793e+03 1.927523294266216825e+00 1.292106154546531459e-02
1.339698492462311606e+03 1.927553189985476312e+00 1.295839552631876911e-02
1.344723618090452419e+03 1.927583057141087464e+00 1.299523668632066552e-02
1.349748743718593005e+03 1.927612891104469206e+00 1.303159071423715641e-02
1.354773869346733591e+03 1.927642687397283172e+00 1.306746328358837812e-02
1.359798994974874404e+03 1.927672441688317750e+00 1.310286005016966619e-02
1.364824120603015217e+03 1.927702149790388120e+00 1.313778664967242896e-02
1.369849246231156030e+03 1.927731807657259600e+00 1.317224869543500050e-02
1.374874371859296616e+03 1.927761411380589873e+00 1.320625177636166464e-02
1.379899497487437202e+03 1.927790957186897414e+00 1.323980145484624296e-02
1.384924623115578015e+03 1.927820441434557219e+00 1.327290326489138916e-02
1.389949748743718828e+03 1.927849860610825639e+00 1.330556271032736458e-02
1.394974874371859414e+03 1.927879211328893838e+00 1.333778526309440694e-02
1.400000000000000000e+03 1.927908490324976354e+00 1.336957636165326223e-02
