4.000000000000000000e+02 1.843094432196233257e+00 2.410666138203686887e-02
4.050251256281406995e+02 1.849577507375012031e+00 2.336444659917131725e-02
4.100502512562813990e+02 1.853414822638610238e+00 2.251914560362399537e-02
4.150753768844220986e+02 1.856415544800372075e+00 2.151214955512959284e-02
4.201005025125627981e+02 1.859021247552683720e+00 2.028387404396567520e-02
4.251256281407034976e+02 1.861384679549866528e+00 1.873767688345512675e-02
4.301507537688441971e+02 1.863504739894479068e+00 1.667001218157704648e-02
4.351758793969848966e+02 1.864815551088245815e+00 1.339406418099752492e-02
4.402010050251256530e+02 1.863523881468583276e+00 8.743278701872560232e-03
4.452261306532663525e+02 1.861159814244372379e+00 8.950515663576488062e-03
4.502512562814070520e+02 1.859958985165675038e+00 9.149992518955941609e-03
4.552763819095477515e+02 1.859189244079194170e+00 9.344866595116893548e-03
4.603015075376884511e+02 1.858645969179705260e+00 9.535926928260803417e-03
4.653266331658291506e+02 1.858241654252374975e+00 9.723451174301156116e-03
4.703517587939698501e+02 1.857930732314967193e+00 9.907543000172597605e-03
4.753768844221105496e+02 1.857686527332182536e+00 1.008823458366971126e-02
4.804020100502512491e+02 1.857492138741162480e+00 1.026552665870683785e-02
4.854271356783919487e+02 1.857336224039352501e+00 1.043940669554928660e-02
4.904522613065327050e+02 1.857210825610097649e+00 1.060985798215265292e-02
4.954773869346734045e+02 1.857110158742816930e+00 1.077686443467502225e-02
5.005025125628141041e+02 1.857029893316726188e+00 1.094041321682678522e-02
5.055276381909548036e+02 1.856966706952491108e+00 1.110049615581940562e-02
5.105527638190955031e+02 1.856917995822814360e+00 1.125711046136494177e-02
5.155778894472362026e+02 1.856881681215495572e+00 1.141025902485690718e-02
5.206030150753769021e+02 1.856856076466823824e+00 1.155995045762065257e-02
5.256281407035176017e+02 1.856839793186112031e+00 1.170619896455821381e-02
5.306532663316583012e+02 1.856831673761441870e+00 1.184902411315131611e-02
5.356783919597990007e+02 1.856830741868256807e+00 1.198845053661455606e-02
5.407035175879397002e+02 1.856836165571132957e+00 1.212450759739485198e-02
5.457286432160803997e+02 1.856847229399838595e+00 1.225722902843951259e-02
5.507537688442210992e+02 1.856863312927868881e+00 1.238665256484565609e-02
5.557788944723617988e+02 1.856883874133457901e+00 1.251281957430971752e-02
5.608040201005024983e+02 1.856908436326023537e+00 1.263577469292419091e-02
5.658291457286431978e+02 1.856936577763759422e+00 1.275556547035921681e-02
5.708542713567838973e+02 1.856967923325636427e+00 1.287224202789633183e-02
5.758793969849245968e+02 1.857002137768211769e+00 1.298585673129100219e-02
5.809045226130654100e+02 1.857038920216923517e+00 1.309646387997968550e-02
5.859296482412059959e+02 1.857077999627729570e+00 1.320411941364707520e-02
5.909547738693468091e+02 1.857119131017989089e+00 1.330888063638403090e-02
5.959798994974873949e+02 1.857162092312081736e+00 1.341080595900202149e-02
6.010050251256282081e+02 1.857206681682043836e+00 1.350995465900212827e-02
6.060301507537687939e+02 1.857252715289733347e+00 1.360638665823177620e-02
6.110552763819096072e+02 1.857300025356965589e+00 1.370016231768706946e-02
6.160804020100503067e+02 1.857348458505343025e+00 1.379134224886402645e-02
6.211055276381910062e+02 1.857397874319298259e+00 1.387998714112152407e-02
6.261306532663317057e+02 1.857448144095052989e+00 1.396615760431930975e-02
6.311557788944724052e+02 1.857499149745368783e+00 1.404991402600977261e-02
6.361809045226131047e+02 1.857550782835632130e+00 1.413131644245885742e-02
6.412060301507538043e+02 1.857602943731299305e+00 1.421042442259436676e-02
6.462311557788945038e+02 1.857655540840299713e+00 1.428729696433023340e-02
6.512562814070352033e+02 1.857708489936860108e+00 1.436199240228146559e-02
6.562814070351759028e+02 1.857761713555516225e+00 1.443456832622395415e-02
6.613065326633166023e+02 1.857815140445950419e+00 1.450508150957769034e-02
6.663316582914573019e+02 1.857868705080799820e+00 1.457358784712737068e-02
6.713567839195980014e+02 1.857922347209831626e+00 1.464014230135236676e-02
6.763819095477387009e+02 1.857976011454886667e+00 1.470479885665596821e-02
6.814070351758794004e+02 1.858029646940839719e+00 1.476761048097688205e-02
6.864321608040200999e+02 1.858083206958507372e+00 1.482862909396656832e-02
6.914572864321607994e+02 1.858136648656022016e+00 1.488790554143530967e-02
6.964824120603016127e+02 1.858189932755660134e+00 1.494548957530707212e-02
7.015075376884421985e+02 1.858243023293520535e+00 1.500142983870894967e-02
7.065326633165830117e+02 1.858295887379788125e+00 1.505577385570265776e-02
7.115577889447235975e+02 1.858348494977597021e+00 1.510856802512864326e-02
7.165829145728644107e+02 1.858400818698760837e+00 1.515985761832406957e-02
7.216080402010049966e+02 1.858452833614830713e+00 1.520968678016352063e-02
7.266331658291458098e+02 1.858504517082128604e+00 1.525809853308997613e-02
7.316582914572863956e+02 1.858555848579553027e+00 1.530513478398437717e-02
7.366834170854272088e+02 1.858606809558076112e+00 1.535083633328158254e-02
7.417085427135677946e+02 1.858657383300975852e+00 1.539524288631986294e-02
7.467336683417086078e+02 1.858707554793938455e+00 1.543839306645244935e-02
7.517587939698491937e+02 1.858757310604251423e+00 1.548032442984798723e-02
7.567839195979900069e+02 1.858806638768384367e+00 1.552107348170041201e-02
7.618090452261307064e+02 1.858855528687320735e+00 1.556067569352355059e-02
7.668341708542714059e+02 1.858903971029060465e+00 1.559916552163763404e-02
7.718592964824121054e+02 1.858951957637765773e+00 1.563657642638237311e-02
7.768844221105528050e+02 1.858999481449064906e+00 1.567294089206525132e-02
7.819095477386935045e+02 1.859046536411078421e+00 1.570829044751602399e-02
7.869346733668342040e+02 1.859093117410754559e+00 1.574265568701892562e-02
7.919597989949749035e+02 1.859139220205148879e+00 1.577606629164798185e-02
7.969849246231156030e+02 1.859184841357300444e+00 1.580855105076698838e-02
8.020100502512563025e+02 1.859229978176389020e+00 1.584013788370843001e-02
8.070351758793970021e+02 1.859274628661883977e+00 1.587085386152275665e-02
8.120603015075377016e+02 1.859318791451409991e+00 1.590072522866654500e-02
8.170854271356784011e+02 1.859362465772084416e+00 1.592977742469161434e-02
8.221105527638192143e+02 1.859405651395089842e+00 1.595803510573518685e-02
8.271356783919598001e+02 1.859448348593270017e+00 1.598552216583981958e-02
8.321608040201006133e+02 1.859490558101546620e+00 1.601226175810015195e-02
8.371859296482411992e+02 1.859532281079973925e+00 1.603827631547102145e-02
8.422110552763820124e+02 1.859573519079253723e+00 1.606358757136082741e-02
8.472361809045225982e+02 1.859614274008554391e+00 1.608821657982547129e-02
8.522613065326634114e+02 1.859654548105482030e+00 1.611218373546019836e-02
8.572864321608039972e+02 1.859694343908061764e+00 1.613550879291728024e-02
8.623115577889448105e+02 1.859733664228601091e+00 1.615821088602376054e-02
8.673366834170853963e+02 1.859772512129315380e+00 1.618030854652595385e-02
8.723618090452262095e+02 1.859810890899594060e+00 1.620181972240235246e-02
8.773869346733667953e+02 1.859848804034813785e+00 1.622276179576004687e-02
8.824120603015076085e+02 1.859886255216583573e+00 1.624315160032736502e-02
8.874371859296483080e+02 1.859923248294345743e+00 1.626300543849158384e-02
8.924623115577890076e+02 1.859959787268232745e+00 1.628233909793818171e-02
8.974874371859297071e+02 1.859995876273106363e+00 1.630116786782292992e-02
9.025125628140704066e+02 1.860031519563699831e+00 1.631950655457701377e-02
9.075376884422111061e+02 1.860066721500793108e+00 1.633736949717761594e-02
9.125628140703518056e+02 1.860101486538357607e+00 1.635477058210323825e-02
9.175879396984925052e+02 1.860135819211601316e+00 1.637172325784356022e-02
9.226130653266332047e+02 1.860169724125863677e+00 1.638824054892825885e-02
9.276381909547739042e+02 1.860203205946301619e+00 1.640433506959365281e-02
9.326633165829146037e+02 1.860236269388316099e+00 1.642001903712262539e-02
9.376884422110553032e+02 1.860268919208671878e+00 1.643530428460131601e-02
9.427135678391960028e+02 1.860301160197268544e+00 1.645020227348477360e-02
9.477386934673367023e+02 1.860332997169512836e+00 1.646472410564488176e-02
9.527638190954774018e+02 1.860364434959264957e+00 1.647888053514125553e-02
9.577889447236181013e+02 1.860395478412310233e+00 1.649268197952220849e-02
9.628140703517588008e+02 1.860426132380330833e+00 1.650613853086689911e-02
9.678391959798995003e+02 1.860456401715338215e+00 1.651925996640783365e-02
9.728643216080401999e+02 1.860486291264543679e+00 1.653205575891563556e-02
9.778894472361808994e+02 1.860515805865629924e+00 1.654453508656981639e-02
9.829145728643217126e+02 1.860544950342405413e+00 1.655670684273078536e-02
9.879396984924624121e+02 1.860573729500809126e+00 1.656857964519449847e-02
9.929648241206031116e+02 1.860602148125251043e+00 1.658016184531628176e-02
9.979899497487438111e+02 1.860630210975257048e+00 1.659146153669180737e-02
1.003015075376884511e+03 1.860657922782405160e+00 1.660248656367273312e-02
1.008040201005025210e+03 1.860685288247530211e+00 1.661324452947799193e-02
1.013065326633165910e+03 1.860712312038179883e+00 1.662374280415666872e-02
1.018090452261306609e+03 1.860738998786306331e+00 1.663398853221609991e-02
1.023115577889447309e+03 1.860765353086176965e+00 1.664398864001620168e-02
1.028140703517588008e+03 1.860791379492486408e+00 1.665374984289011775e-02
1.033165829145728821e+03 1.860817082518662513e+00 1.666327865206435402e-02
1.038190954773869407e+03 1.860842466635348247e+00 1.667258138135098086e-02
1.043216080402009993e+03 1.860867536269047662e+00 1.668166415353769180e-02
1.048241206030150806e+03 1.860892295800928187e+00 1.669053290667429218e-02
1.053266331658291620e+03 1.860916749565762585e+00 1.669919340006734490e-02
1.058291457286432205e+03 1.860940901851007467e+00 1.670765122008768117e-02
1.063316582914572791e+03 1.860964756896004602e+00 1.671591178581506923e-02
1.068341708542713604e+03 1.860988318891295235e+00 1.672398035441782435e-02
1.073366834170854418e+03 1.861011591978044777e+00 1.673186202647728577e-02
1.078391959798995003e+03 1.861034580247563408e+00 1.673956175097511892e-02
1.083417085427135589e+03 1.861057287740921051e+00 1.674708433022591494e-02
1.088442211055276402e+03 1.861079718448645837e+00 1.675443442461214960e-02
1.093467336683417216e+03 1.861101876310503167e+00 1.676161655713126475e-02
1.098492462311557802e+03 1.861123765215346504e+00 1.676863511783726821e-02
1.103517587939698387e+03 1.861145389001035877e+00 1.677549436807352842e-02
1.108542713567839201e+03 1.861166751454419899e+00 1.678219844461190449e-02
1.113567839195980014e+03 1.861187856311373068e+00 1.678875136363433551e-02
1.118592964824120827e+03 1.861208707256888584e+00 1.679515702455917567e-02
1.123618090452261413e+03 1.861229307925218679e+00 1.680141921377392364e-02
1.128643216080401999e+03 1.861249661900059138e+00 1.680754160822993046e-02
1.133668341708542812e+03 1.861269772714776449e+00 1.681352777888787953e-02
1.138693467336683625e+03 1.861289643852671594e+00 1.681938119408838556e-02
1.143718592964824211e+03 1.861309278747278251e+00 1.682510522276350548e-02
1.148743718592964797e+03 1.861328680782692979e+00 1.683070313762276976e-02
1.153768844221105610e+03 1.861347853293934040e+00 1.683617811809078393e-02
1.158793969849246423e+03 1.861366799567325536e+00 1.684153325331451748e-02
1.163819095477387009e+03 1.861385522840905082e+00 1.684677154492489337e-02
1.168844221105527595e+03 1.861404026304853243e+00 1.685189590979795787e-02
1.173869346733668408e+03 1.861422313101943171e+00 1.685690918267828547e-02
1.178894472361809221e+03 1.861440386328004015e+00 1.686181411875140035e-02
1.183919597989949807e+03 1.861458249032403423e+00 1.686661339607396781e-02
1.188944723618090393e+03 1.861475904218540034e+00 1.687130961796160650e-02
1.193969849246231206e+03 1.861493354844351522e+00 1.687590531532191448e-02
1.198994974874372019e+03 1.861510603822829513e+00 1.688040294886124920e-02
1.204020100502512605e+03 1.861527654022546052e+00 1.688480491121867669e-02
1.209045226130653191e+03 1.861544508268186959e+00 1.688911352908053012e-02
1.214070351758794004e+03 1.861561169341090727e+00 1.689333106517753105e-02
1.219095477386934817e+03 1.861577639979795196e+00 1.689745972021129694e-02
1.224120603015075403e+03 1.861593922880585561e+00 1.690150163476994427e-02
1.229145728643215989e+03 1.861610020698048595e+00 1.690545889114141581e-02
1.234170854271356802e+03 1.861625936045627538e+00 1.690933351505135782e-02
1.239195979899497615e+03 1.861641671496178985e+00 1.691312747737211755e-02
1.244221105527638429e+03 1.861657229582531770e+00 1.691684269580329483e-02
1.249246231155779014e+03 1.861672612798045190e+00 1.692048103640616391e-02
1.254271356783919600e+03 1.861687823597165892e+00 1.692404431520908373e-02
1.259296482412060413e+03 1.861702864395985424e+00 1.692753429964138565e-02
1.264321608040201227e+03 1.861717737572796239e+00 1.693095271002593993e-02
1.269346733668341813e+03 1.861732445468643249e+00 1.693430122092725795e-02
1.274371859296482398e+03 1.861746990387875833e+00 1.693758146254582125e-02
1.279396984924623212e+03 1.861761374598694951e+00 1.694079502200152368e-02
1.284422110552764025e+03 1.861775600333697156e+00 1.694394344459833335e-02
1.289447236180904611e+03 1.861789669790415935e+00 1.694702823508363598e-02
1.294472361809045196e+03 1.861803585131857286e+00 1.695005085875829834e-02
1.299497487437186010e+03 1.861817348487032397e+00 1.695301274271300215e-02
1.304522613065326823e+03 1.861830961951485675e+00 1.695591527689617808e-02
1.309547738693467409e+03 1.861844427587816320e+00 1.695875981517767916e-02
1.314572864321607994e+03 1.861857747426196585e+00 1.696154767642794881e-02
1.319597989949748808e+03 1.861870923464884697e+00 1.696428014548854654e-02
1.324623115577889621e+03 1.861883957670730894e+00 1.696695847417827377e-02
1.329648241206030207e+03 1.861896851979679024e+00 1.696958388223684944e-02
1.334673366834170793e+03 1.861909608297262819e+00 1.697215755821945837e-02
1.339698492462311606e+03 1.861922228499095056e+00 1.697468066040780377e-02
1.344723618090452419e+03 1.861934714431351834e+00 1.697715431767229943e-02
1.349748743718593005e+03 1.861947067911250420e+00 1.697957963027911521e-02
1.354773869346733591e+03 1.861959290727520422e+00 1.698195767074031637e-02
1.359798994974874404e+03 1.861971384640870975e+00 1.698428948455021556e-02
1.364824120603015217e+03 1.861983351384447927e+00 1.698657609097163276e-02
1.369849246231156030e+03 1.861995192664289034e+00 1.698881848377404094e-02
1.374874371859296616e+03 1.862006910159769824e+00 1.699101763193683334e-02
1.379899497487437202e+03 1.862018505524044576e+00 1.699317448033088943e-02
1.384924623115578015e+03 1.862029980384480865e+00 1.699528995041120483e-02
1.389949748743718828e+03 1.862041336343086328e+00 1.699736494084230776e-02
1.394974874371859414e+03 1.862052574976933217e+00 1.699940032814797886e-02
1.400000000000000000e+03 1.862063697838570286e+00 1.700139696730048125e-02
