4.000000000000000000e+02 1.841031113850810197e+00 2.161309020413008583e-02
4.050251256281406995e+02 1.846650348442864020e+00 2.087404532382432579e-02
4.100502512562813990e+02 1.850017841990059031e+00 2.001183101275319856e-02
4.150753768844220986e+02 1.852666828019016387e+00 1.896258750513413194e-02
4.201005025125627981e+02 1.854962478740991294e+00 1.764333202483151300e-02
4.251256281407034976e+02 1.856994379892021207e+00 1.588849592216951337e-02
4.301507537688441971e+02 1.858442280921985601e+00 1.318258195366273783e-02
4.351758793969848966e+02 1.857514935550357738e+00 8.661859530207382390e-03
4.402010050251256530e+02 1.855450618998908840e+00 8.854039896265569753e-03
4.452261306532663525e+02 1.854439294974289387e+00 9.038534478972761604e-03
4.502512562814070520e+02 1.853808339831608532e+00 9.218260360405745868e-03
4.552763819095477515e+02 1.853373606918305105e+00 9.393948721843885935e-03
4.603015075376884511e+02 1.853057583817337095e+00 9.565866998791836689e-03
4.653266331658291506e+02 1.852820426077963489e+00 9.734127543149499739e-03
4.703517587939698501e+02 1.852639058977617159e+00 9.898780232467390208e-03
4.753768844221105496e+02 1.852498996985319613e+00 1.005984817918255392e-02
4.804020100502512491e+02 1.852390593895747672e+00 1.021734369309375279e-02
4.854271356783919487e+02 1.852307126903321111e+00 1.037127609737466434e-02
4.904522613065327050e+02 1.852243736392020779e+00 1.052165575615438345e-02
4.954773869346734045e+02 1.852196802068826864e+00 1.066849617888433917e-02
5.005025125628141041e+02 1.852163557431240726e+00 1.081181508214581512e-02
5.055276381909548036e+02 1.852141841775329256e+00 1.095163485789256083e-02
5.105527638190955031e+02 1.852129935240218073e+00 1.108798269187253813e-02
5.155778894472362026e+02 1.852126445912245956e+00 1.122089047142259093e-02
5.206030150753769021e+02 1.852130230632678565e+00 1.135039456592602802e-02
5.256281407035176017e+02 1.852140338237400430e+00 1.147653553134749677e-02
5.306532663316583012e+02 1.852155968091176552e+00 1.159935777180872742e-02
5.356783919597990007e+02 1.852176439274010100e+00 1.171890917969531723e-02
5.407035175879397002e+02 1.852201167327651277e+00 1.183524076871659940e-02
5.457286432160803997e+02 1.852229646459292445e+00 1.194840630942726675e-02
5.507537688442210992e+02 1.852261435744989138e+00 1.205846197400270436e-02
5.557788944723617988e+02 1.852296148305494272e+00 1.216546599442983566e-02
5.608040201005024983e+02 1.852333442719216849e+00 1.226947833718996204e-02
5.658291457286431978e+02 1.852373016138649353e+00 1.237056039618543088e-02
5.708542713567838973e+02 1.852414598717987859e+00 1.246877470496529985e-02
5.758793969849245968e+02 1.852457949060198228e+00 1.256418466875689789e-02
5.809045226130654100e+02 1.852502850464211592e+00 1.265685431628500203e-02
5.859296482412059959e+02 1.852549107805698148e+00 1.274684807134622393e-02
5.909547738693468091e+02 1.852596544923789779e+00 1.283423054330783651e-02
5.959798994974873949e+02 1.852645002415071573e+00 1.291906633624814726e-02
6.010050251256282081e+02 1.852694335757932409e+00 1.300141987578887909e-02
6.060301507537687939e+02 1.852744413706866711e+00 1.308135525270953149e-02
6.110552763819096072e+02 1.852795116908936945e+00 1.315893608272715974e-02
6.160804020100503067e+02 1.852846336704314867e+00 1.323422538118416980e-02
6.211055276381910062e+02 1.852897974080373489e+00 1.330728545200127871e-02
6.261306532663317057e+02 1.852949938754677950e+00 1.337817778976972162e-02
6.311557788944724052e+02 1.853002148366868385e+00 1.344696299412881900e-02
6.361809045226131047e+02 1.853054527763079218e+00 1.351370069560086339e-02
6.412060301507538043e+02 1.853107008359466734e+00 1.357844949191446167e-02
6.462311557788945038e+02 1.853159527573742915e+00 1.364126689406928647e-02
6.512562814070352033e+02 1.853212028315487592e+00 1.370220928125838629e-02
6.562814070351759028e+02 1.853264458527545289e+00 1.376133186398774411e-02
6.613065326633166023e+02 1.853316770772022393e+00 1.381868865465102868e-02
6.663316582914573019e+02 1.853368921855431672e+00 1.387433244480419832e-02
6.713567839195980014e+02 1.853420872488341864e+00 1.392831478861274695e-02
6.763819095477387009e+02 1.853472586975579262e+00 1.398068599188905664e-02
6.814070351758794004e+02 1.853524032933594246e+00 1.403149510595273763e-02
6.864321608040200999e+02 1.853575181032070196e+00 1.408078992617597253e-02
6.914572864321607994e+02 1.853626004757247703e+00 1.412861699432961179e-02
6.964824120603016127e+02 1.853676480194773157e+00 1.417502160464695349e-02
7.015075376884421985e+02 1.853726585830144158e+00 1.422004781282824176e-02
7.065326633165830117e+02 1.853776302365079731e+00 1.426373844805848071e-02
7.115577889447235975e+02 1.853825612548321677e+00 1.430613512721962653e-02
7.165829145728644107e+02 1.853874501019568077e+00 1.434727827137357963e-02
7.216080402010049966e+02 1.853922954165362791e+00 1.438720712396525728e-02
7.266331658291458098e+02 1.853970959985916878e+00 1.442595977061419434e-02
7.316582914572863956e+02 1.854018507971923579e+00 1.446357316023325242e-02
7.366834170854272088e+02 1.854065588990540414e+00 1.450008312722336247e-02
7.417085427135677946e+02 1.854112195179790090e+00 1.453552441457124818e-02
7.467336683417086078e+02 1.854158319850701231e+00 1.456993069768416568e-02
7.517587939698491937e+02 1.854203957396578950e+00 1.460333460874901207e-02
7.567839195979900069e+02 1.854249103208851501e+00 1.463576776156936231e-02
7.618090452261307064e+02 1.854293753598986072e+00 1.466726077663339095e-02
7.668341708542714059e+02 1.854337905726010982e+00 1.469784330637656164e-02
7.718592964824121054e+02 1.854381557529231728e+00 1.472754406051576988e-02
7.768844221105528050e+02 1.854424707665746519e+00 1.475639083138892416e-02
7.819095477386935045e+02 1.854467355452414923e+00 1.478441051912509144e-02
7.869346733668342040e+02 1.854509500811952538e+00 1.481162915670800051e-02
7.919597989949749035e+02 1.854551144222853720e+00 1.483807193480309906e-02
7.969849246231156030e+02 1.854592286672870349e+00 1.486376322623801476e-02
8.020100502512563025e+02 1.854632929615789072e+00 1.488872661020243689e-02
8.070351758793970021e+02 1.854673074931277643e+00 1.491298489609409542e-02
8.120603015075377016e+02 1.854712724887580100e+00 1.493656014688250419e-02
8.170854271356784011e+02 1.854751882106866701e+00 1.495947370208231507e-02
8.221105527638192143e+02 1.854790549533046340e+00 1.498174620031210089e-02
8.271356783919598001e+02 1.854828730401877124e+00 1.500339760124080705e-02
8.321608040201006133e+02 1.854866428213210350e+00 1.502444720722548831e-02
8.371859296482411992e+02 1.854903646705224451e+00 1.504491368425086607e-02
8.422110552763820124e+02 1.854940389830509240e+00 1.506481508251204804e-02
8.472361809045225982e+02 1.854976661733875654e+00 1.508416885637887256e-02
8.522613065326634114e+02 1.855012466731770449e+00 1.510299188386994389e-02
8.572864321608039972e+02 1.855047809293187688e+00 1.512130048562820850e-02
8.623115577889448105e+02 1.855082694021973344e+00 1.513911044329221967e-02
8.673366834170853963e+02 1.855117125640428632e+00 1.515643701746347861e-02
8.723618090452262095e+02 1.855151108974123941e+00 1.517329496504175868e-02
8.773869346733667953e+02 1.855184648937838965e+00 1.518969855611693176e-02
8.824120603015076085e+02 1.855217750522555775e+00 1.520566159032460569e-02
8.874371859296483080e+02 1.855250418783427779e+00 1.522119741273969887e-02
8.924623115577890076e+02 1.855282658828663056e+00 1.523631892921926793e-02
8.974874371859297071e+02 1.855314475809258790e+00 1.525103862133801724e-02
9.025125628140704066e+02 1.855345874909524184e+00 1.526536856075170513e-02
9.075376884422111061e+02 1.855376861338344119e+00 1.527932042323041327e-02
9.125628140703518056e+02 1.855407440321131141e+00 1.529290550211405766e-02
9.175879396984925052e+02 1.855437617092414948e+00 1.530613472140000646e-02
9.226130653266332047e+02 1.855467396889030951e+00 1.531901864836559927e-02
9.276381909547739042e+02 1.855496784943864386e+00 1.533156750582340827e-02
9.326633165829146037e+02 1.855525786480109351e+00 1.534379118388109337e-02
9.376884422110553032e+02 1.855554406706014570e+00 1.535569925139564779e-02
9.427135678391960028e+02 1.855582650810071677e+00 1.536730096693405233e-02
9.477386934673367023e+02 1.855610523956626734e+00 1.537860528951463975e-02
9.527638190954774018e+02 1.855638031281876321e+00 1.538962088880228667e-02
9.577889447236181013e+02 1.855665177890226003e+00 1.540035615509493735e-02
9.628140703517588008e+02 1.855691968850987639e+00 1.541081920887436320e-02
9.678391959798995003e+02 1.855718409195384444e+00 1.542101791009788808e-02
9.728643216080401999e+02 1.855744503913850929e+00 1.543095986711838508e-02
9.778894472361808994e+02 1.855770257953601954e+00 1.544065244527091652e-02
9.829145728643217126e+02 1.855795676216449808e+00 1.545010277524264120e-02
9.879396984924624121e+02 1.855820763556859765e+00 1.545931776108302146e-02
9.929648241206031116e+02 1.855845524780216804e+00 1.546830408795561718e-02
9.979899497487438111e+02 1.855869964641294612e+00 1.547706822958834147e-02
1.003015075376884511e+03 1.855894087842913320e+00 1.548561645550074022e-02
1.008040201005025210e+03 1.855917899034765783e+00 1.549395483797145166e-02
1.013065326633165910e+03 1.855941402812406604e+00 1.550208925873029775e-02
1.018090452261306609e+03 1.855964603716387717e+00 1.551002541543794466e-02
1.023115577889447309e+03 1.855987506231531414e+00 1.551776882792242629e-02
1.028140703517588008e+03 1.856010114786330822e+00 1.552532484419893652e-02
1.033165829145728821e+03 1.856032433752466071e+00 1.553269864631314466e-02
1.038190954773869407e+03 1.856054467444429701e+00 1.553989525587646213e-02
1.043216080402009993e+03 1.856076220119249776e+00 1.554691953954752924e-02
1.048241206030150806e+03 1.856097695976309359e+00 1.555377621417054941e-02
1.053266331658291620e+03 1.856118899157244151e+00 1.556046985185274498e-02
1.058291457286432205e+03 1.856139833745924950e+00 1.556700488479127904e-02
1.063316582914572791e+03 1.856160503768505610e+00 1.557338560996702342e-02
1.068341708542713604e+03 1.856180913193540283e+00 1.557961619362244199e-02
1.073366834170854418e+03 1.856201065932159944e+00 1.558570067566181390e-02
1.078391959798995003e+03 1.856220965838302428e+00 1.559164297379808488e-02
1.083417085427135589e+03 1.856240616708995983e+00 1.559744688764834117e-02
1.088442211055276402e+03 1.856260022284683897e+00 1.560311610258774580e-02
1.093467336683417216e+03 1.856279186249595314e+00 1.560865419357062266e-02
1.098492462311557802e+03 1.856298112232151798e+00 1.561406462874258098e-02
1.103517587939698387e+03 1.856316803805406535e+00 1.561935077293109299e-02
1.108542713567839201e+03 1.856335264487518621e+00 1.562451589106593833e-02
1.113567839195980014e+03 1.856353497742250003e+00 1.562956315142449357e-02
1.118592964824120827e+03 1.856371506979491270e+00 1.563449562875325605e-02
1.123618090452261413e+03 1.856389295555808117e+00 1.563931630736645553e-02
1.128643216080401999e+03 1.856406866775007325e+00 1.564402808406673007e-02
1.133668341708542812e+03 1.856424223888719860e+00 1.564863377091778654e-02
1.138693467336683625e+03 1.856441370097001053e+00 1.565313609806882542e-02
1.143718592964824211e+03 1.856458308548941671e+00 1.565753771630542038e-02
1.148743718592964797e+03 1.856475042343292081e+00 1.566184119966856220e-02
1.153768844221105610e+03 1.856491574529095745e+00 1.566604904786609784e-02
1.158793969849246423e+03 1.856507908106329818e+00 1.567016368866196857e-02
1.163819095477387009e+03 1.856524046026553965e+00 1.567418748015905056e-02
1.168844221105527595e+03 1.856539991193564054e+00 1.567812271304011573e-02
1.173869346733668408e+03 1.856555746464049195e+00 1.568197161266152162e-02
1.178894472361809221e+03 1.856571314648252313e+00 1.568573634114905566e-02
1.183919597989949807e+03 1.856586698510632738e+00 1.568941899938332274e-02
1.188944723618090393e+03 1.856601900770528779e+00 1.569302162888950788e-02
1.193969849246231206e+03 1.856616924102821864e+00 1.569654621375241726e-02
1.198994974874372019e+03 1.856631771138598452e+00 1.569999468238046994e-02
1.204020100502512605e+03 1.856646444465810841e+00 1.570336890923240344e-02
1.209045226130653191e+03 1.856660946629935749e+00 1.570667071652836339e-02
1.214070351758794004e+03 1.856675280134629791e+00 1.570990187580452793e-02
1.219095477386934817e+03 1.856689447442381402e+00 1.571306410954492055e-02
1.224120603015075403e+03 1.856703450975160319e+00 1.571615909267174913e-02
1.229145728643215989e+03 1.856717293115058398e+00 1.571918845397245190e-02
1.234170854271356802e+03 1.856730976204931105e+00 1.572215377756976812e-02
1.239195979899497615e+03 1.856744502549028564e+00 1.572505660421619905e-02
1.244221105527638429e+03 1.856757874413625053e+00 1.572789843270281165e-02
1.249246231155779014e+03 1.856771094027638958e+00 1.573068072103661966e-02
1.254271356783919600e+03 1.856784163583248937e+00 1.573340488774700383e-02
1.259296482412060413e+03 1.856797085236503220e+00 1.573607231304607543e-02
1.264321608040201227e+03 1.856809861107919346e+00 1.573868433999147873e-02
1.269346733668341813e+03 1.856822493283081910e+00 1.574124227559547604e-02
1.274371859296482398e+03 1.856834983813228757e+00 1.574374739189459554e-02
1.279396984924623212e+03 1.856847334715832298e+00 1.574620092702247801e-02
1.284422110552764025e+03 1.856859547975171942e+00 1.574860408618726157e-02
1.289447236180904611e+03 1.856871625542900084e+00 1.575095804265964211e-02
1.294472361809045196e+03 1.856883569338600992e+00 1.575326393872935465e-02
1.299497487437186010e+03 1.856895381250338817e+00 1.575552288658803313e-02
1.304522613065326823e+03 1.856907063135202263e+00 1.575773596924434986e-02
1.309547738693467409e+03 1.856918616819839496e+00 1.575990424137988302e-02
1.314572864321607994e+03 1.856930044100982391e+00 1.576202873013192798e-02
1.319597989949748808e+03 1.856941346745969224e+00 1.576411043596527561e-02
1.324623115577889621e+03 1.856952526493252931e+00 1.576615033338666164e-02
1.329648241206030207e+03 1.856963585052906041e+00 1.576814937172027475e-02
1.334673366834170793e+03 1.856974524107115831e+00 1.577010847585295916e-02
1.339698492462311606e+03 1.856985345310672164e+00 1.577202854689987999e-02
1.344723618090452419e+03 1.856996050291447542e+00 1.577391046292455842e-02
1.349748743718593005e+03 1.857006640650869622e+00 1.577575507956555448e-02
1.354773869346733591e+03 1.857017117964384401e+00 1.577756323071063602e-02
1.359798994974874404e+03 1.857027483781915178e+00 1.577933572907077101e-02
1.364824120603015217e+03 1.857037739628310202e+00 1.578107336683693893e-02
1.369849246231156030e+03 1.857047887003785869e+00 1.578277691621586196e-02
1.374874371859296616e+03 1.857057927384359042e+00 1.578444712999240579e-02
1.379899497487437202e+03 1.857067862222277377e+00 1.578608474213285748e-02
1.384924623115578015e+03 1.857077692946435432e+00 1.578769046823213715e-02
1.389949748743718828e+03 1.857087420962789004e+00 1.578926500609342809e-02
1.394974874371859414e+03 1.857097047654760580e+00 1.579080903618005141e-02
1.400000000000000000e+03 1.857106574383636799e+00 1.579232322212950276e-02
