4.000000000000000000e+02 1.834569017099945576e+00 1.955678828645074710e-02
4.050251256281406995e+02 1.839378221838821270e+00 1.895237781220614898e-02
4.100502512562813990e+02 1.842262804608669091e+00 1.823846303556799636e-02
4.150753768844220986e+02 1.844532966685105801e+00 1.736113634924404958e-02
4.201005025125627981e+02 1.846499764932308718e+00 1.624806799888511497e-02
4.251256281407034976e+02 1.848235406958606886e+00 1.475294959365728263e-02
4.301507537688441971e+02 1.849427141162816035e+00 1.240862571062706018e-02
4.351758793969848966e+02 1.848610418729697225e+00 8.674257072432866450e-03
4.402010050251256530e+02 1.846872705621369404e+00 8.863392669978554725e-03
4.452261306532663525e+02 1.846021261497107879e+00 9.045515149687082673e-03
4.502512562814070520e+02 1.845491522301893283e+00 9.223078099529869595e-03
4.552763819095477515e+02 1.845128296670306201e+00 9.396692927971369777e-03
4.603015075376884511e+02 1.844866089944480647e+00 9.566580307568848737e-03
4.653266331658291506e+02 1.844671169473745653e+00 9.732831059139931615e-03
4.703517587939698501e+02 1.844523967285242261e+00 9.895484528449438252e-03
4.753768844221105496e+02 1.844412179684264297e+00 1.005455879171983369e-02
4.804020100502512491e+02 1.844327600035966075e+00 1.021006411604203842e-02
4.854271356783919487e+02 1.844264498886922787e+00 1.036200950368707831e-02
4.904522613065327050e+02 1.844218726855506585e+00 1.051040601772152729e-02
4.954773869346734045e+02 1.844187186395433109e+00 1.065526847410735133e-02
5.005025125628141041e+02 1.844167505183870626e+00 1.079661624917238952e-02
5.055276381909548036e+02 1.844157825933365302e+00 1.093447358494436042e-02
5.105527638190955031e+02 1.844156666525465171e+00 1.106886960021266630e-02
5.155778894472362026e+02 1.844162824250039190e+00 1.119983812620821417e-02
5.206030150753769021e+02 1.844175308608077657e+00 1.132741743790319569e-02
5.256281407035176017e+02 1.844193293130485189e+00 1.145164992522042582e-02
5.306532663316583012e+02 1.844216080165177685e+00 1.157258173198548283e-02
5.356783919597990007e+02 1.844243074697711204e+00 1.169026238132519352e-02
5.407035175879397002e+02 1.844273764584235753e+00 1.180474439934555385e-02
5.457286432160803997e+02 1.844307705413664955e+00 1.191608294573927133e-02
5.507537688442210992e+02 1.844344508763096524e+00 1.202433545639009296e-02
5.557788944723617988e+02 1.844383832975225790e+00 1.212956130187760849e-02
5.608040201005024983e+02 1.844425375834111147e+00 1.223182146408015314e-02
5.658291457286431978e+02 1.844468868686667484e+00 1.233117823232845502e-02
5.708542713567838973e+02 1.844514071677177069e+00 1.242769491981572313e-02
5.758793969849245968e+02 1.844560769847384707e+00 1.252143560042391808e-02
5.809045226130654100e+02 1.844608769916175950e+00 1.261246486595071076e-02
5.859296482412059959e+02 1.844657897597613783e+00 1.270084760315902048e-02
5.909547738693468091e+02 1.844707995349111007e+00 1.278664879021256147e-02
5.959798994974873949e+02 1.844758920466070817e+00 1.286993331163893174e-02
6.010050251256282081e+02 1.844810543457801488e+00 1.295076579102413111e-02
6.060301507537687939e+02 1.844862746653488816e+00 1.302921044051722453e-02
6.110552763819096072e+02 1.844915422997716714e+00 1.310533092621926979e-02
6.160804020100503067e+02 1.844968475003254227e+00 1.317919024849596547e-02
6.211055276381910062e+02 1.845021813835225011e+00 1.325085063619078560e-02
6.261306532663317057e+02 1.845075358505754881e+00 1.332037345394305843e-02
6.311557788944724052e+02 1.845129035162128561e+00 1.338781912143176961e-02
6.361809045226131047e+02 1.845182776454575846e+00 1.345324704390457767e-02
6.412060301507538043e+02 1.845236520972286298e+00 1.351671555294394443e-02
6.462311557788945038e+02 1.845290212738219804e+00 1.357828185669352622e-02
6.512562814070352033e+02 1.845343800754870811e+00 1.363800199875819276e-02
6.562814070351759028e+02 1.845397238594426836e+00 1.369593082503056496e-02
6.613065326633166023e+02 1.845450484027808091e+00 1.375212195766322212e-02
6.663316582914573019e+02 1.845503498687923960e+00 1.380662777566399498e-02
6.713567839195980014e+02 1.845556247763181057e+00 1.385949940128232416e-02
6.763819095477387009e+02 1.845608699717862899e+00 1.391078669184090365e-02
6.814070351758794004e+02 1.845660826036464197e+00 1.396053823623327403e-02
6.864321608040200999e+02 1.845712600989476870e+00 1.400880135578034223e-02
6.914572864321607994e+02 1.845764001418442879e+00 1.405562210881040539e-02
6.964824120603016127e+02 1.845815006538382486e+00 1.410104529869091877e-02
7.015075376884421985e+02 1.845865597755930176e+00 1.414511448476247005e-02
7.065326633165830117e+02 1.845915758501718296e+00 1.418787199594809603e-02
7.115577889447235975e+02 1.845965474075717649e+00 1.422935894656866471e-02
7.165829145728644107e+02 1.846014731504388440e+00 1.426961525414776645e-02
7.216080402010049966e+02 1.846063519408619902e+00 1.430867965895478607e-02
7.266331658291458098e+02 1.846111827881551148e+00 1.434658974489154762e-02
7.316582914572863956e+02 1.846159648375449214e+00 1.438338196162704252e-02
7.366834170854272088e+02 1.846206973596913326e+00 1.441909164773697016e-02
7.417085427135677946e+02 1.846253797409741049e+00 1.445375305456751691e-02
7.467336683417086078e+02 1.846300114744847232e+00 1.448739937087348446e-02
7.517587939698491937e+02 1.846345921516701960e+00 1.452006274777067202e-02
7.567839195979900069e+02 1.846391214545779258e+00 1.455177432411831201e-02
7.618090452261307064e+02 1.846435991486570671e+00 1.458256425212049734e-02
7.668341708542714059e+02 1.846480250760745623e+00 1.461246172298741493e-02
7.718592964824121054e+02 1.846523991495079731e+00 1.464149499266922776e-02
7.768844221105528050e+02 1.846567213463804258e+00 1.466969140741286245e-02
7.819095477386935045e+02 1.846609917035057169e+00 1.469707742933664546e-02
7.869346733668342040e+02 1.846652103121136257e+00 1.472367866156146059e-02
7.919597989949749035e+02 1.846693773132289662e+00 1.474951987328970184e-02
7.969849246231156030e+02 1.846734928933789321e+00 1.477462502438649412e-02
8.020100502512563025e+02 1.846775572806057975e+00 1.479901728970212278e-02
8.070351758793970021e+02 1.846815707407630569e+00 1.482271908292511625e-02
8.120603015075377016e+02 1.846855335740760662e+00 1.484575208006072393e-02
8.170854271356784011e+02 1.846894461119481079e+00 1.486813724236295264e-02
8.221105527638192143e+02 1.846933087139950302e+00 1.488989483885988854e-02
8.271356783919598001e+02 1.846971217652928487e+00 1.491104446835349664e-02
8.321608040201006133e+02 1.847008856738235449e+00 1.493160508088466412e-02
8.371859296482411992e+02 1.847046008681052953e+00 1.495159499874009791e-02
8.422110552763820124e+02 1.847082677949946072e+00 1.497103193683652772e-02
8.472361809045225982e+02 1.847118869176487488e+00 1.498993302264967076e-02
8.522613065326634114e+02 1.847154587136371484e+00 1.500831481558466060e-02
8.572864321608039972e+02 1.847189836731916834e+00 1.502619332580126116e-02
8.623115577889448105e+02 1.847224622975868202e+00 1.504358403250452038e-02
8.673366834170853963e+02 1.847258950976399694e+00 1.506050190173864427e-02
8.723618090452262095e+02 1.847292825923243953e+00 1.507696140362351639e-02
8.773869346733667953e+02 1.847326253074869973e+00 1.509297652907476417e-02
8.824120603015076085e+02 1.847359237746634353e+00 1.510856080603864213e-02
8.874371859296483080e+02 1.847391785299842493e+00 1.512372731521211336e-02
8.924623115577890076e+02 1.847423901131658663e+00 1.513848870526108767e-02
8.974874371859297071e+02 1.847455590665800562e+00 1.515285720756999986e-02
9.025125628140704066e+02 1.847486859343974164e+00 1.516684465049559193e-02
9.075376884422111061e+02 1.847517712617989138e+00 1.518046247319891455e-02
9.125628140703518056e+02 1.847548155942513537e+00 1.519372173895962470e-02
9.175879396984925052e+02 1.847578194768421112e+00 1.520663314813162741e-02
9.226130653266332047e+02 1.847607834536693305e+00 1.521920705059774150e-02
9.276381909547739042e+02 1.847637080672833276e+00 1.523145345783603888e-02
9.326633165829146037e+02 1.847665938581760203e+00 1.524338205459220726e-02
9.376884422110553032e+02 1.847694413643147460e+00 1.525500221010771089e-02
9.427135678391960028e+02 1.847722511207180007e+00 1.526632298902015628e-02
9.477386934673367023e+02 1.847750236590689710e+00 1.527735316187638255e-02
9.527638190954774018e+02 1.847777595073655688e+00 1.528810121522004850e-02
9.577889447236181013e+02 1.847804591896035964e+00 1.529857536144006193e-02
9.628140703517588008e+02 1.847831232254907086e+00 1.530878354817995224e-02
9.678391959798995003e+02 1.847857521301893291e+00 1.531873346745676531e-02
9.728643216080401999e+02 1.847883464140861687e+00 1.532843256448443436e-02
9.778894472361808994e+02 1.847909065825867225e+00 1.533788804611651777e-02
9.829145728643217126e+02 1.847934331359325943e+00 1.534710688909792647e-02
9.879396984924624121e+02 1.847959265690401809e+00 1.535609584792348332e-02
9.929648241206031116e+02 1.847983873713593184e+00 1.536486146246290874e-02
9.979899497487438111e+02 1.848008160267500255e+00 1.537341006533012901e-02
1.003015075376884511e+03 1.848032130133763662e+00 1.538174778895285560e-02
1.008040201005025210e+03 1.848055788036160774e+00 1.538988057244245963e-02
1.013065326633165910e+03 1.848079138639846075e+00 1.539781416816153256e-02
1.018090452261306609e+03 1.848102186550725889e+00 1.540555414810279924e-02
1.023115577889447309e+03 1.848124936314958555e+00 1.541310591002660081e-02
1.028140703517588008e+03 1.848147392418567403e+00 1.542047468334733183e-02
1.033165829145728821e+03 1.848169559287161201e+00 1.542766553488845137e-02
1.038190954773869407e+03 1.848191441285749637e+00 1.543468337435172262e-02
1.043216080402009993e+03 1.848213042718649168e+00 1.544153295963420630e-02
1.048241206030150806e+03 1.848234367829473479e+00 1.544821890194619449e-02
1.053266331658291620e+03 1.848255420801193871e+00 1.545474567074790057e-02
1.058291457286432205e+03 1.848276205756276269e+00 1.546111759849369202e-02
1.063316582914572791e+03 1.848296726756873731e+00 1.546733888527305513e-02
1.068341708542713604e+03 1.848316987805083578e+00 1.547341360315001441e-02
1.073366834170854418e+03 1.848336992843253146e+00 1.547934570054107853e-02
1.078391959798995003e+03 1.848356745754335284e+00 1.548513900622501896e-02
1.083417085427135589e+03 1.848376250362288031e+00 1.549079723341017893e-02
1.088442211055276402e+03 1.848395510432510935e+00 1.549632398350276642e-02
1.093467336683417216e+03 1.848414529672322892e+00 1.550172274982203682e-02
1.098492462311557802e+03 1.848433311731465523e+00 1.550699692117102173e-02
1.103517587939698387e+03 1.848451860202641628e+00 1.551214978527893848e-02
1.108542713567839201e+03 1.848470178622074078e+00 1.551718453210979010e-02
1.113567839195980014e+03 1.848488270470092232e+00 1.552210425706025687e-02
1.118592964824120827e+03 1.848506139171737228e+00 1.552691196405546828e-02
1.123618090452261413e+03 1.848523788097383713e+00 1.553161056852974363e-02
1.128643216080401999e+03 1.848541220563380438e+00 1.553620290031504890e-02
1.133668341708542812e+03 1.848558439832700850e+00 1.554069170637409694e-02
1.138693467336683625e+03 1.848575449115609892e+00 1.554507965352217025e-02
1.143718592964824211e+03 1.848592251570335687e+00 1.554936933098865701e-02
1.148743718592964797e+03 1.848608850303753881e+00 1.555356325294793632e-02
1.153768844221105610e+03 1.848625248372075314e+00 1.555766386084917775e-02
1.158793969849246423e+03 1.848641448781541463e+00 1.556167352581728364e-02
1.163819095477387009e+03 1.848657454489121665e+00 1.556559455087589382e-02
1.168844221105527595e+03 1.848673268403216330e+00 1.556942917310038740e-02
1.173869346733668408e+03 1.848688893384357046e+00 1.557317956570875885e-02
1.178894472361809221e+03 1.848704332245912241e+00 1.557684784010527831e-02
1.183919597989949807e+03 1.848719587754788396e+00 1.558043604779921210e-02
1.188944723618090393e+03 1.848734662632133263e+00 1.558394618232038405e-02
1.193969849246231206e+03 1.848749559554035526e+00 1.558738018101103566e-02
1.198994974874372019e+03 1.848764281152221134e+00 1.559073992680139013e-02
1.204020100502512605e+03 1.848778830014748298e+00 1.559402724989109208e-02
1.209045226130653191e+03 1.848793208686696721e+00 1.559724392942959774e-02
1.214070351758794004e+03 1.848807419670852603e+00 1.560039169503218796e-02
1.219095477386934817e+03 1.848821465428389876e+00 1.560347222835991796e-02
1.224120603015075403e+03 1.848835348379544552e+00 1.560648716460721029e-02
1.229145728643215989e+03 1.848849070904283520e+00 1.560943809388333318e-02
1.234170854271356802e+03 1.848862635342967797e+00 1.561232656263752440e-02
1.239195979899497615e+03 1.848876043997007557e+00 1.561515407497158191e-02
1.244221105527638429e+03 1.848889299129513608e+00 1.561792209394693640e-02
1.249246231155779014e+03 1.848902402965937775e+00 1.562063204282252045e-02
1.254271356783919600e+03 1.848915357694707717e+00 1.562328530624505427e-02
1.259296482412060413e+03 1.848928165467855989e+00 1.562588323143467017e-02
1.264321608040201227e+03 1.848940828401637537e+00 1.562842712933766587e-02
1.269346733668341813e+03 1.848953348577142775e+00 1.563091827565429165e-02
1.274371859296482398e+03 1.848965728040900869e+00 1.563335791194784413e-02
1.279396984924623212e+03 1.848977968805475047e+00 1.563574724663634868e-02
1.284422110552764025e+03 1.848990072850050570e+00 1.563808745598778069e-02
1.289447236180904611e+03 1.849002042121013378e+00 1.564037968506934440e-02
1.294472361809045196e+03 1.849013878532521638e+00 1.564262504869352172e-02
1.299497487437186010e+03 1.849025583967067066e+00 1.564482463227596237e-02
1.304522613065326823e+03 1.849037160276030267e+00 1.564697949272595215e-02
1.309547738693467409e+03 1.849048609280225186e+00 1.564909065927034409e-02
1.314572864321607994e+03 1.849059932770437342e+00 1.565115913426778915e-02
1.319597989949748808e+03 1.849071132507951853e+00 1.565318589399924271e-02
1.324623115577889621e+03 1.849082210225075684e+00 1.565517188940651963e-02
1.329648241206030207e+03 1.849093167625647238e+00 1.565711804684991396e-02
1.334673366834170793e+03 1.849104006385542842e+00 1.565902526879993026e-02
1.339698492462311606e+03 1.849114728153170351e+00 1.566089443454828783e-02
1.344723618090452419e+03 1.849125334549958533e+00 1.566272640083197706e-02
1.349748743718593005e+03 1.849135827170834467e+00 1.566452200253354299e-02
1.354773869346733591e+03 1.849146207584695834e+00 1.566628205328039064e-02
1.359798994974874404e+03 1.849156477334874538e+00 1.566800734602126835e-02
1.364824120603015217e+03 1.849166637939591240e+00 1.566969865365791179e-02
1.369849246231156030e+03 1.849176690892403663e+00 1.567135672961145199e-02
1.374874371859296616e+03 1.849186637662645127e+00 1.567298230831660338e-02
1.379899497487437202e+03 1.849196479695857098e+00 1.567457610583500652e-02
1.384924623115578015e+03 1.849206218414215286e+00 1.567613882031144643e-02
1.389949748743718828e+03 1.849215855216943760e+00 1.567767113249975142e-02
1.394974874371859414e+03 1.849225391480725955e+00 1.567917370623090820e-02
1.400000000000000000e+03 1.849234828560107902e+00 1.568064718891552453e-02
