4.000000000000000000e+02 1.831138326638731106e+00 1.817086293059543695e-02
4.050251256281406995e+02 1.835592440090791255e+00 1.760251146317440979e-02
4.100502512562813990e+02 1.838265394121548990e+00 1.692658244068936599e-02
4.150753768844220986e+02 1.840367377352491562e+00 1.609116388864986411e-02
4.201005025125627981e+02 1.842182190809662945e+00 1.502297914328648912e-02
4.251256281407034976e+02 1.843760960256488168e+00 1.356710262199399553e-02
4.301507537688441971e+02 1.844645458278121541e+00 1.116756825936756833e-02
4.351758793969848966e+02 1.843770665168016798e+00 8.184278460676297148e-03
4.402010050251256530e+02 1.842263869625618833e+00 8.366267624106036097e-03
4.452261306532663525e+02 1.841512078301361655e+00 8.542309672159860423e-03
4.502512562814070520e+02 1.841040151999130181e+00 8.714327823525328670e-03
4.552763819095477515e+02 1.840714783060916515e+00 8.882794717689875691e-03
4.603015075376884511e+02 1.840479029963664415e+00 9.047871026067156111e-03
4.653266331658291506e+02 1.840303330804684778e+00 9.209613655174217137e-03
4.703517587939698501e+02 1.840170438715062140e+00 9.368039025316944601e-03
4.753768844221105496e+02 1.840069461702717346e+00 9.523147646339984174e-03
4.804020100502512491e+02 1.839993108660107346e+00 9.674935117341564375e-03
4.854271356783919487e+02 1.839936273550318191e+00 9.823397476735232225e-03
4.904522613065327050e+02 1.839895248111464543e+00 9.968533906482767229e-03
4.954773869346734045e+02 1.839867256760237657e+00 1.011034808504659294e-02
5.005025125628141041e+02 1.839850168250995344e+00 1.024884880463319825e-02
5.055276381909548036e+02 1.839842309708217716e+00 1.038405016841415472e-02
5.105527638190955031e+02 1.839842342651575979e+00 1.051597154017235546e-02
5.155778894472362026e+02 1.839849177986632833e+00 1.064463734578552194e-02
5.206030150753769021e+02 1.839861916276595455e+00 1.077007678628003756e-02
5.256281407035176017e+02 1.839879804871181301e+00 1.089232349953537897e-02
5.306532663316583012e+02 1.839902206546856656e+00 1.101141519519362871e-02
5.356783919597990007e+02 1.839928576174799435e+00 1.112739327799623125e-02
5.407035175879397002e+02 1.839958443092660767e+00 1.124030247081124131e-02
5.457286432160803997e+02 1.839991397597274814e+00 1.135019044420199595e-02
5.507537688442210992e+02 1.840027080459986308e+00 1.145710745771817175e-02
5.557788944723617988e+02 1.840065174689621941e+00 1.156110601615040721e-02
5.608040201005024983e+02 1.840105398987941676e+00 1.166224054281753478e-02
5.658291457286431978e+02 1.840147502494359877e+00 1.176056707162154331e-02
5.708542713567838973e+02 1.840191260523386996e+00 1.185614295809744867e-02
5.758793969849245968e+02 1.840236471074148117e+00 1.194902661021950314e-02
5.809045226130654100e+02 1.840282951946061063e+00 1.203927723861770126e-02
5.859296482412059959e+02 1.840330538334672861e+00 1.212695462609738109e-02
5.909547738693468091e+02 1.840379080811079371e+00 1.221211891571588257e-02
5.959798994974873949e+02 1.840428443610282905e+00 1.229483041720095225e-02
6.010050251256282081e+02 1.840478503170303481e+00 1.237514943045815025e-02
6.060301507537687939e+02 1.840529146876375810e+00 1.245313608583499716e-02
6.110552763819096072e+02 1.840580271974094462e+00 1.252885019990118178e-02
6.160804020100503067e+02 1.840631784622740907e+00 1.260235114624650050e-02
6.211055276381910062e+02 1.840683599065726650e+00 1.267369773998162572e-02
6.261306532663317057e+02 1.840735636899541339e+00 1.274294813548727465e-02
6.311557788944724052e+02 1.840787826426103280e+00 1.281015973618590716e-02
6.361809045226131047e+02 1.840840102076170659e+00 1.287538911571930490e-02
6.412060301507538043e+02 1.840892403893680696e+00 1.293869194950728226e-02
6.462311557788945038e+02 1.840944677072640090e+00 1.300012295605815389e-02
6.512562814070352033e+02 1.840996871539604118e+00 1.305973584719269213e-02
6.562814070351759028e+02 1.841048941575930131e+00 1.311758328639790923e-02
6.613065326633166023e+02 1.841100845474912262e+00 1.317371685470647945e-02
6.663316582914573019e+02 1.841152545229667981e+00 1.322818702337816114e-02
6.713567839195980014e+02 1.841204006248262415e+00 1.328104313283963445e-02
6.763819095477387009e+02 1.841255197093072837e+00 1.333233337720743719e-02
6.814070351758794004e+02 1.841306089241813382e+00 1.338210479391861024e-02
6.864321608040200999e+02 1.841356656867998209e+00 1.343040325796744476e-02
6.914572864321607994e+02 1.841406876638910894e+00 1.347727348018477531e-02
6.964824120603016127e+02 1.841456727529393600e+00 1.352275900931866962e-02
7.015075376884421985e+02 1.841506190649983887e+00 1.356690223724032682e-02
7.065326633165830117e+02 1.841555249088096202e+00 1.360974440717768914e-02
7.115577889447235975e+02 1.841603887761098957e+00 1.365132562442239982e-02
7.165829145728644107e+02 1.841652093280265579e+00 1.369168486931264354e-02
7.216080402010049966e+02 1.841699853824689814e+00 1.373086001214656772e-02
7.266331658291458098e+02 1.841747159024345493e+00 1.376888782980993306e-02
7.316582914572863956e+02 1.841793999851560226e+00 1.380580402383309313e-02
7.366834170854272088e+02 1.841840368520240911e+00 1.384164323966089252e-02
7.417085427135677946e+02 1.841886258392250175e+00 1.387643908697712078e-02
7.467336683417086078e+02 1.841931663890393311e+00 1.391022416083748797e-02
7.517587939698491937e+02 1.841976580417516551e+00 1.394303006350184303e-02
7.567839195979900069e+02 1.842021004281271246e+00 1.397488742683872937e-02
7.618090452261307064e+02 1.842064932624124296e+00 1.400582593501513776e-02
7.668341708542714059e+02 1.842108363358243794e+00 1.403587434762029046e-02
7.718592964824121054e+02 1.842151295104902609e+00 1.406506052286014483e-02
7.768844221105528050e+02 1.842193727138090376e+00 1.409341144080776716e-02
7.819095477386935045e+02 1.842235659332031705e+00 1.412095322679264402e-02
7.869346733668342040e+02 1.842277092112340364e+00 1.414771117451988497e-02
7.919597989949749035e+02 1.842318026410558973e+00 1.417370976921717395e-02
7.969849246231156030e+02 1.842358463621851516e+00 1.419897271047313933e-02
8.020100502512563025e+02 1.842398405565628838e+00 1.422352293485308790e-02
8.070351758793970021e+02 1.842437854448914836e+00 1.424738263821691796e-02
8.120603015075377016e+02 1.842476812832257949e+00 1.427057329772345173e-02
8.170854271356784011e+02 1.842515283598025633e+00 1.429311569345530220e-02
8.221105527638192143e+02 1.842553269920911063e+00 1.431502992960336819e-02
8.271356783919598001e+02 1.842590775240513290e+00 1.433633545536417905e-02
8.321608040201006133e+02 1.842627803235842965e+00 1.435705108521103529e-02
8.371859296482411992e+02 1.842664357801630182e+00 1.437719501896514429e-02
8.422110552763820124e+02 1.842700443026310975e+00 1.439678486113662829e-02
8.472361809045225982e+02 1.842736063171582561e+00 1.441583764001711995e-02
8.522613065326634114e+02 1.842771222653420082e+00 1.443436982619020897e-02
8.572864321608039972e+02 1.842805926024459140e+00 1.445239735059546810e-02
8.623115577889448105e+02 1.842840177957650205e+00 1.446993562207855855e-02
8.673366834170853963e+02 1.842873983231106516e+00 1.448699954451147277e-02
8.723618090452262095e+02 1.842907346714055983e+00 1.450360353341091472e-02
8.773869346733667953e+02 1.842940273353832703e+00 1.451976153210383230e-02
8.824120603015076085e+02 1.842972768163832820e+00 1.453548702735682485e-02
8.874371859296483080e+02 1.843004836212372544e+00 1.455079306462162513e-02
8.924623115577890076e+02 1.843036482612387061e+00 1.456569226281711343e-02
8.974874371859297071e+02 1.843067712511915257e+00 1.458019682858271472e-02
9.025125628140704066e+02 1.843098531085315850e+00 1.459431857014991014e-02
9.075376884422111061e+02 1.843128943525166763e+00 1.460806891083168448e-02
9.125628140703518056e+02 1.843158955034801316e+00 1.462145890193854332e-02
9.175879396984925052e+02 1.843188570821439720e+00 1.463449923542304437e-02
9.226130653266332047e+02 1.843217796089872129e+00 1.464720025604350842e-02
9.276381909547739042e+02 1.843246636036660169e+00 1.465957197313337741e-02
9.326633165829146037e+02 1.843275095844819189e+00 1.467162407203830357e-02
9.376884422110553032e+02 1.843303180678947717e+00 1.468336592507754959e-02
9.427135678391960028e+02 1.843330895680777237e+00 1.469480660224138126e-02
9.477386934673367023e+02 1.843358245965107667e+00 1.470595488144890890e-02
9.527638190954774018e+02 1.843385236616110534e+00 1.471681925853814479e-02
9.577889447236181013e+02 1.843411872683962782e+00 1.472740795682658463e-02
9.628140703517588008e+02 1.843438159181800540e+00 1.473772893643490560e-02
9.678391959798995003e+02 1.843464101082961992e+00 1.474778990321079682e-02
9.728643216080401999e+02 1.843489703318502704e+00 1.475759831743632400e-02
9.778894472361808994e+02 1.843514970774963180e+00 1.476716140213975292e-02
9.829145728643217126e+02 1.843539908292373353e+00 1.477648615119383016e-02
9.879396984924624121e+02 1.843564520662471340e+00 1.478557933709573682e-02
9.929648241206031116e+02 1.843588812627128037e+00 1.479444751846658267e-02
9.979899497487438111e+02 1.843612788876959563e+00 1.480309704736015516e-02
1.003015075376884511e+03 1.843636454050112006e+00 1.481153407622246877e-02
1.008040201005025210e+03 1.843659812731210046e+00 1.481976456465116006e-02
1.013065326633165910e+03 1.843682869450454342e+00 1.482779428596046715e-02
1.018090452261306609e+03 1.843705628682857478e+00 1.483562883341497073e-02
1.023115577889447309e+03 1.843728094847610466e+00 1.484327362633218635e-02
1.028140703517588008e+03 1.843750272307565163e+00 1.485073391598375724e-02
1.033165829145728821e+03 1.843772165368827931e+00 1.485801479115782253e-02
1.038190954773869407e+03 1.843793778280454543e+00 1.486512118368604404e-02
1.043216080402009993e+03 1.843815115234239910e+00 1.487205787367747514e-02
1.048241206030150806e+03 1.843836180364590627e+00 1.487882949462005291e-02
1.053266331658291620e+03 1.843856977748479231e+00 1.488544053822630879e-02
1.058291457286432205e+03 1.843877511405472402e+00 1.489189535922065717e-02
1.063316582914572791e+03 1.843897785297823111e+00 1.489819817986983048e-02
1.068341708542713604e+03 1.843917803330626493e+00 1.490435309437882633e-02
1.073366834170854418e+03 1.843937569352031014e+00 1.491036407313268454e-02
1.078391959798995003e+03 1.843957087153501151e+00 1.491623496681642423e-02
1.083417085427135589e+03 1.843976360470127362e+00 1.492196951034852406e-02
1.088442211055276402e+03 1.843995392980978254e+00 1.492757132669724797e-02
1.093467336683417216e+03 1.844014188309492264e+00 1.493304393054470380e-02
1.098492462311557802e+03 1.844032750023902434e+00 1.493839073186013951e-02
1.103517587939698387e+03 1.844051081637697376e+00 1.494361503933966558e-02
1.108542713567839201e+03 1.844069186610105104e+00 1.494872006363991840e-02
1.113567839195980014e+03 1.844087068346607294e+00 1.495370892065995064e-02
1.118592964824120827e+03 1.844104730199474629e+00 1.495858463456820227e-02
1.123618090452261413e+03 1.844122175468322800e+00 1.496335014079151933e-02
1.128643216080401999e+03 1.844139407400685160e+00 1.496800828885616781e-02
1.133668341708542812e+03 1.844156429192604474e+00 1.497256184520086124e-02
1.138693467336683625e+03 1.844173243989235988e+00 1.497701349582943389e-02
1.143718592964824211e+03 1.844189854885464053e+00 1.498136584887851952e-02
1.148743718592964797e+03 1.844206264926527394e+00 1.498562143712353981e-02
1.153768844221105610e+03 1.844222477108653502e+00 1.498978272038689954e-02
1.158793969849246423e+03 1.844238494379703441e+00 1.499385208784934954e-02
1.163819095477387009e+03 1.844254319639816009e+00 1.499783186030246782e-02
1.168844221105527595e+03 1.844269955742062539e+00 1.500172429231343661e-02
1.173869346733668408e+03 1.844285405493102159e+00 1.500553157431031535e-02
1.178894472361809221e+03 1.844300671653839485e+00 1.500925583459597652e-02
1.183919597989949807e+03 1.844315756940083428e+00 1.501289914132095463e-02
1.188944723618090393e+03 1.844330664023207778e+00 1.501646350435668735e-02
1.193969849246231206e+03 1.844345395530809562e+00 1.501995087711416842e-02
1.198994974874372019e+03 1.844359954047366079e+00 1.502336315830857076e-02
1.204020100502512605e+03 1.844374342114893039e+00 1.502670219362605558e-02
1.209045226130653191e+03 1.844388562233594708e+00 1.502996977744106358e-02
1.214070351758794004e+03 1.844402616862515831e+00 1.503316765431855599e-02
1.219095477386934817e+03 1.844416508420187117e+00 1.503629752060462767e-02
1.224120603015075403e+03 1.844430239285266060e+00 1.503936102588424722e-02
1.229145728643215989e+03 1.844443811797175092e+00 1.504235977440998399e-02
1.234170854271356802e+03 1.844457228256733528e+00 1.504529532651682419e-02
1.239195979899497615e+03 1.844470490926783057e+00 1.504816919991274621e-02
1.244221105527638429e+03 1.844483602032808589e+00 1.505098287101512208e-02
1.249246231155779014e+03 1.844496563763551977e+00 1.505373777617831192e-02
1.254271356783919600e+03 1.844509378271622202e+00 1.505643531292341977e-02
1.259296482412060413e+03 1.844522047674094001e+00 1.505907684108197774e-02
1.264321608040201227e+03 1.844534574053102505e+00 1.506166368394234838e-02
1.269346733668341813e+03 1.844546959456433211e+00 1.506419712934007997e-02
1.274371859296482398e+03 1.844559205898099297e+00 1.506667843073669633e-02
1.279396984924623212e+03 1.844571315358916053e+00 1.506910880819870881e-02
1.284422110552764025e+03 1.844583289787065983e+00 1.507148944943183071e-02
1.289447236180904611e+03 1.844595131098656360e+00 1.507382151072320792e-02
1.294472361809045196e+03 1.844606841178269896e+00 1.507610611785816131e-02
1.299497487437186010e+03 1.844618421879506975e+00 1.507834436701904063e-02
1.304522613065326823e+03 1.844629875025520782e+00 1.508053732568100103e-02
1.309547738693467409e+03 1.844641202409544878e+00 1.508268603342392822e-02
1.314572864321607994e+03 1.844652405795411010e+00 1.508479150275636622e-02
1.319597989949748808e+03 1.844663486918061368e+00 1.508685471988533040e-02
1.324623115577889621e+03 1.844674447484052848e+00 1.508887664550574888e-02
1.329648241206030207e+03 1.844685289172052878e+00 1.509085821554341858e-02
1.334673366834170793e+03 1.844696013633325471e+00 1.509280034182216429e-02
1.339698492462311606e+03 1.844706622492215065e+00 1.509470391279515988e-02
1.344723618090452419e+03 1.844717117346615698e+00 1.509656979421536080e-02
1.349748743718593005e+03 1.844727499768438639e+00 1.509839882977465422e-02
1.354773869346733591e+03 1.844737771304068019e+00 1.510019184171180334e-02
1.359798994974874404e+03 1.844747933474811363e+00 1.510194963146280558e-02
1.364824120603015217e+03 1.844757987777341679e+00 1.510367298022140259e-02
1.369849246231156030e+03 1.844767935684133331e+00 1.510536264953481027e-02
1.374874371859296616e+03 1.844777778643887256e+00 1.510701938180979143e-02
1.379899497487437202e+03 1.844787518081953515e+00 1.510864390091289436e-02
1.384924623115578015e+03 1.844797155400742517e+00 1.511023691262973305e-02
1.389949748743718828e+03 1.844806691980131808e+00 1.511179910522589091e-02
1.394974874371859414e+03 1.844816129177864639e+00 1.511333114987438789e-02
1.400000000000000000e+03 1.844825468329941431e+00 1.511483370119956135e-02
