4.000000000000000000e+02 1.821998005000757814e+00 1.488104836898371600e-02
4.050251256281406995e+02 1.825493357504256009e+00 1.419870966205119371e-02
4.100502512562813990e+02 1.827630303967437309e+00 1.333211590267947659e-02
4.150753768844220986e+02 1.829268176914388366e+00 1.214862174827199132e-02
4.201005025125627981e+02 1.830259920457818046e+00 1.021031202440740235e-02
4.251256281407034976e+02 1.829747895537911839e+00 7.609089676988375385e-03
4.301507537688441971e+02 1.828634855557178529e+00 7.779715053312212698e-03
4.351758793969848966e+02 1.828114966922156803e+00 7.945276910599447656e-03
4.402010050251256530e+02 1.827805340427224756e+00 8.107209152242250694e-03
4.452261306532663525e+02 1.827602159909976987e+00 8.265837546113721790e-03
4.502512562814070520e+02 1.827462427175682524e+00 8.421257540285467108e-03
4.552763819095477515e+02 1.827364413121385756e+00 8.573491947172441965e-03
4.603015075376884511e+02 1.827295730074202540e+00 8.722537888923043506e-03
4.653266331658291506e+02 1.827248705032371801e+00 8.868384583253995437e-03
4.703517587939698501e+02 1.827218282714138775e+00 9.011021050070280522e-03
4.753768844221105496e+02 1.827200967288772349e+00 9.150439686791135910e-03
4.804020100502512491e+02 1.827194244103088838e+00 9.286637938099678163e-03
4.854271356783919487e+02 1.827196243622683847e+00 9.419619008277778371e-03
4.904522613065327050e+02 1.827205536255599672e+00 9.549392061579753746e-03
4.954773869346734045e+02 1.827221001895757535e+00 9.675972137295573913e-03
5.005025125628141041e+02 1.827241744098310861e+00 9.799379901805047727e-03
5.055276381909548036e+02 1.827267031947093834e+00 9.919641308045000841e-03
5.105527638190955031e+02 1.827296259669490164e+00 1.003678720416980447e-02
5.155778894472362026e+02 1.827328917948150222e+00 1.015085291747389387e-02
5.206030150753769021e+02 1.827364573132562287e+00 1.026187783040155913e-02
5.256281407035176017e+02 1.827402851902343972e+00 1.036990495947833629e-02
5.306532663316583012e+02 1.827443429765687410e+00 1.047498054453969291e-02
5.356783919597990007e+02 1.827486022302602375e+00 1.057715365295022227e-02
5.407035175879397002e+02 1.827530378403427802e+00 1.067647580212348866e-02
5.457286432160803997e+02 1.827576274978512050e+00 1.077300060236331507e-02
5.507537688442210992e+02 1.827623512766872516e+00 1.086678342105765541e-02
5.557788944723617988e+02 1.827671912975793012e+00 1.095788106899896024e-02
5.608040201005024983e+02 1.827721314555833976e+00 1.104635150877121032e-02
5.658291457286431978e+02 1.827771571966931852e+00 1.113225358511925507e-02
5.708542713567838973e+02 1.827822553327901778e+00 1.121564677673219518e-02
5.758793969849245968e+02 1.827874138868178733e+00 1.129659096888467780e-02
5.809045226130654100e+02 1.827926219620042314e+00 1.137514624601839060e-02
5.859296482412059959e+02 1.827978696303933948e+00 1.145137270346918527e-02
5.909547738693468091e+02 1.828031478370175433e+00 1.152533027744414781e-02
5.959798994974873949e+02 1.828084483168477714e+00 1.159707859204244830e-02
6.010050251256282081e+02 1.828137635222742530e+00 1.166667682253853637e-02
6.060301507537687939e+02 1.828190865593349868e+00 1.173418357374764014e-02
6.110552763819096072e+02 1.828244111312723241e+00 1.179965677259856016e-02
6.160804020100503067e+02 1.828297314882773250e+00 1.186315357380918721e-02
6.211055276381910062e+02 1.828350423824989912e+00 1.192473027775754930e-02
6.261306532663317057e+02 1.828403390275682661e+00 1.198444225959472212e-02
6.311557788944724052e+02 1.828456170620208265e+00 1.204234390874747360e-02
6.361809045226131047e+02 1.828508725161115622e+00 1.209848857797186233e-02
6.412060301507538043e+02 1.828561017815979461e+00 1.215292854101317731e-02
6.462311557788945038e+02 1.828613015841399791e+00 1.220571495829022614e-02
6.512562814070352033e+02 1.828664689580194791e+00 1.225689784979203979e-02
6.562814070351759028e+02 1.828716012229261834e+00 1.230652607445406090e-02
6.613065326633166023e+02 1.828766959625959476e+00 1.235464731551220996e-02
6.663316582914573019e+02 1.828817510051161221e+00 1.240130807117492164e-02
6.713567839195980014e+02 1.828867644047378560e+00 1.244655365001882431e-02
6.763819095477387009e+02 1.828917344250565735e+00 1.249042817067918393e-02
6.814070351758794004e+02 1.828966595234381876e+00 1.253297456533238909e-02
6.864321608040200999e+02 1.829015383365843350e+00 1.257423458655204836e-02
6.914572864321607994e+02 1.829063696671406225e+00 1.261424881708464625e-02
6.964824120603016127e+02 1.829111524712636161e+00 1.265305668224674281e-02
7.015075376884421985e+02 1.829158858470707472e+00 1.269069646462026024e-02
7.065326633165830117e+02 1.829205690239042337e+00 1.272720532060007959e-02
7.115577889447235975e+02 1.829252013523483544e+00 1.276261929869712888e-02
7.165829145728644107e+02 1.829297822949428998e+00 1.279697335925771007e-02
7.216080402010049966e+02 1.829343114175430163e+00 1.283030139534264459e-02
7.266331658291458098e+02 1.829387883812781723e+00 1.286263625459831833e-02
7.316582914572863956e+02 1.829432129350679004e+00 1.289400976189104299e-02
7.366834170854272088e+02 1.829475849086554806e+00 1.292445274270845670e-02
7.417085427135677946e+02 1.829519042061229728e+00 1.295399504677005251e-02
7.467336683417086078e+02 1.829561707998547782e+00 1.298266557226088018e-02
7.517587939698491937e+02 1.829603847249189563e+00 1.301049229009170263e-02
7.567839195979900069e+02 1.829645460738378304e+00 1.303750226832679250e-02
7.618090452261307064e+02 1.829686549917214133e+00 1.306372169664963938e-02
7.668341708542714059e+02 1.829727116717394741e+00 1.308917591070865756e-02
7.718592964824121054e+02 1.829767163509089967e+00 1.311388941636879545e-02
7.768844221105528050e+02 1.829806693061766243e+00 1.313788591368699604e-02
7.819095477386935045e+02 1.829845708507755964e+00 1.316118832069736351e-02
7.869346733668342040e+02 1.829884213308394569e+00 1.318381879683354872e-02
7.919597989949749035e+02 1.829922211222549722e+00 1.320579876598198393e-02
7.969849246231156030e+02 1.829959706277387355e+00 1.322714893920580101e-02
8.020100502512563025e+02 1.829996702741221393e+00 1.324788933696519587e-02
8.070351758793970021e+02 1.830033205098312798e+00 1.326803931096791171e-02
8.120603015075377016e+02 1.830069218025482725e+00 1.328761756549403684e-02
8.170854271356784011e+02 1.830104746370424529e+00 1.330664217825460426e-02
8.221105527638192143e+02 1.830139795131597635e+00 1.332513062079768856e-02
8.271356783919598001e+02 1.830174369439597326e+00 1.334309977834757452e-02
8.321608040201006133e+02 1.830208474539905206e+00 1.336056596914358442e-02
8.371859296482411992e+02 1.830242115776923750e+00 1.337754496332492493e-02
8.422110552763820124e+02 1.830275298579211452e+00 1.339405200123070655e-02
8.472361809045225982e+02 1.830308028445835733e+00 1.341010181118996655e-02
8.522613065326634114e+02 1.830340310933772585e+00 1.342570862686508389e-02
8.572864321608039972e+02 1.830372151646275425e+00 1.344088620401090971e-02
8.623115577889448105e+02 1.830403556222154116e+00 1.345564783677501673e-02
8.673366834170853963e+02 1.830434530325899090e+00 1.347000637347182082e-02
8.723618090452262095e+02 1.830465079638592840e+00 1.348397423187720594e-02
8.773869346733667953e+02 1.830495209849556160e+00 1.349756341409640188e-02
8.824120603015076085e+02 1.830524926648680273e+00 1.351078552084205436e-02
8.874371859296483080e+02 1.830554235719394018e+00 1.352365176535327146e-02
8.924623115577890076e+02 1.830583142732225221e+00 1.353617298683858911e-02
8.974874371859297071e+02 1.830611653338914291e+00 1.354835966342375110e-02
9.025125628140704066e+02 1.830639773167042073e+00 1.356022192472313738e-02
9.075376884422111061e+02 1.830667507815136208e+00 1.357176956397988105e-02
9.125628140703518056e+02 1.830694862848221138e+00 1.358301204978432965e-02
9.175879396984925052e+02 1.830721843793782666e+00 1.359395853739573008e-02
9.226130653266332047e+02 1.830748456138115987e+00 1.360461787965003971e-02
9.276381909547739042e+02 1.830774705323032103e+00 1.361499863757459870e-02
9.326633165829146037e+02 1.830800596742894637e+00 1.362510909052725566e-02
9.376884422110553032e+02 1.830826135741964844e+00 1.363495724605245235e-02
9.427135678391960028e+02 1.830851327612032620e+00 1.364455084935999908e-02
9.477386934673367023e+02 1.830876177590311293e+00 1.365389739249482648e-02
9.527638190954774018e+02 1.830900690857580893e+00 1.366300412318364153e-02
9.577889447236181013e+02 1.830924872536554782e+00 1.367187805330330116e-02
9.628140703517588008e+02 1.830948727690460576e+00 1.368052596716697218e-02
9.678391959798995003e+02 1.830972261321814898e+00 1.368895442940092598e-02
9.728643216080401999e+02 1.830995478371377327e+00 1.369716979259875955e-02
9.778894472361808994e+02 1.831018383717272879e+00 1.370517820470358410e-02
9.829145728643217126e+02 1.831040982174267473e+00 1.371298561610086522e-02
9.879396984924624121e+02 1.831063278493185065e+00 1.372059778646906453e-02
9.929648241206031116e+02 1.831085277360456010e+00 1.372802029140219281e-02
9.979899497487438111e+02 1.831106983397787324e+00 1.373525852872107926e-02
1.003015075376884511e+03 1.831128401161941532e+00 1.374231772468901408e-02
1.008040201005025210e+03 1.831149535144618978e+00 1.374920293987791017e-02
1.013065326633165910e+03 1.831170389772434071e+00 1.375591907485965333e-02
1.018090452261306609e+03 1.831190969406975899e+00 1.376247087575914810e-02
1.023115577889447309e+03 1.831211278344949012e+00 1.376886293947137373e-02
1.028140703517588008e+03 1.831231320818385244e+00 1.377509971886110331e-02
1.033165829145728821e+03 1.831251100994920611e+00 1.378118552758579758e-02
1.038190954773869407e+03 1.831270622978133700e+00 1.378712454495635217e-02
1.043216080402009993e+03 1.831289890807936471e+00 1.379292082038744045e-02
1.048241206030150806e+03 1.831308908461013685e+00 1.379857827790781366e-02
1.053266331658291620e+03 1.831327679851311174e+00 1.380410072036269628e-02
1.058291457286432205e+03 1.831346208830557876e+00 1.380949183349624784e-02
1.063316582914572791e+03 1.831364499188829598e+00 1.381475518994853754e-02
1.068341708542713604e+03 1.831382554655142103e+00 1.381989425303263574e-02
1.073366834170854418e+03 1.831400378898073944e+00 1.382491238039853208e-02
1.078391959798995003e+03 1.831417975526413944e+00 1.382981282760992366e-02
1.083417085427135589e+03 1.831435348089833548e+00 1.383459875152330543e-02
1.088442211055276402e+03 1.831452500079576273e+00 1.383927321357558173e-02
1.093467336683417216e+03 1.831469434929166029e+00 1.384383918298179132e-02
1.098492462311557802e+03 1.831486156015131206e+00 1.384829953978830921e-02
1.103517587939698387e+03 1.831502666657737421e+00 1.385265707781511632e-02
1.108542713567839201e+03 1.831518970121737144e+00 1.385691450750455023e-02
1.113567839195980014e+03 1.831535069617121536e+00 1.386107445864572657e-02
1.118592964824120827e+03 1.831550968299883841e+00 1.386513948308801605e-02
1.123618090452261413e+03 1.831566669272786774e+00 1.386911205722837943e-02
1.128643216080401999e+03 1.831582175586133232e+00 1.387299458446597522e-02
1.133668341708542812e+03 1.831597490238540127e+00 1.387678939766490149e-02
1.138693467336683625e+03 1.831612616177713981e+00 1.388049876136190214e-02
1.143718592964824211e+03 1.831627556301225423e+00 1.388412487400809969e-02
1.148743718592964797e+03 1.831642313457285010e+00 1.388766987011745731e-02
1.153768844221105610e+03 1.831656890445514607e+00 1.389113582230680662e-02
1.158793969849246423e+03 1.831671290017717446e+00 1.389452474329213282e-02
1.163819095477387009e+03 1.831685514878645726e+00 1.389783858780983122e-02
1.168844221105527595e+03 1.831699567686761343e+00 1.390107925445557141e-02
1.173869346733668408e+03 1.831713451054993946e+00 1.390424858751329595e-02
1.178894472361809221e+03 1.831727167551493451e+00 1.390734837862313104e-02
1.183919597989949807e+03 1.831740719700374775e+00 1.391038036848846887e-02
1.188944723618090393e+03 1.831754109982457024e+00 1.391334624847093138e-02
1.193969849246231206e+03 1.831767340835997127e+00 1.391624766214559147e-02
1.198994974874372019e+03 1.831780414657413703e+00 1.391908620680093120e-02
1.204020100502512605e+03 1.831793333802004708e+00 1.392186343489987786e-02
1.209045226130653191e+03 1.831806100584656871e+00 1.392458085544654237e-02
1.214070351758794004e+03 1.831818717280546460e+00 1.392723993538657647e-02
1.219095477386934817e+03 1.831831186125832289e+00 1.392984210087406909e-02
1.224120603015075403e+03 1.831843509318337615e+00 1.393238873854884576e-02
1.229145728643215989e+03 1.831855689018228484e+00 1.393488119675270406e-02
1.234170854271356802e+03 1.831867727348675423e+00 1.393732078670880010e-02
1.239195979899497615e+03 1.831879626396513583e+00 1.393970878366448084e-02
1.244221105527638429e+03 1.831891388212887328e+00 1.394204642797390072e-02
1.249246231155779014e+03 1.831903014813890174e+00 1.394433492620032744e-02
1.254271356783919600e+03 1.831914508181191392e+00 1.394657545208705628e-02
1.259296482412060413e+03 1.831925870262657297e+00 1.394876914759625094e-02
1.264321608040201227e+03 1.831937102972958309e+00 1.395091712386456635e-02
1.269346733668341813e+03 1.831948208194171146e+00 1.395302046209972655e-02
1.274371859296482398e+03 1.831959187776367237e+00 1.395508021452960407e-02
1.279396984924623212e+03 1.831970043538195592e+00 1.395709740522891283e-02
1.284422110552764025e+03 1.831980777267453453e+00 1.395907303098284542e-02
1.289447236180904611e+03 1.831991390721647184e+00 1.396100806206843417e-02
1.294472361809045196e+03 1.832001885628547599e+00 1.396290344309698665e-02
1.299497487437186010e+03 1.832012263686730646e+00 1.396476009370298081e-02
1.304522613065326823e+03 1.832022526566112974e+00 1.396657890934994289e-02
1.309547738693467409e+03 1.832032675908476627e+00 1.396836076198306777e-02
1.314572864321607994e+03 1.832042713327983963e+00 1.397010650077517256e-02
1.319597989949748808e+03 1.832052640411685029e+00 1.397181695272760663e-02
1.324623115577889621e+03 1.832062458720016274e+00 1.397349292338852765e-02
1.329648241206030207e+03 1.832072169787286597e+00 1.397513519740252105e-02
1.334673366834170793e+03 1.832081775122159861e+00 1.397674453916980183e-02
1.339698492462311606e+03 1.832091276208126729e+00 1.397832169343230131e-02
1.344723618090452419e+03 1.832100674503964743e+00 1.397986738577882727e-02
1.349748743718593005e+03 1.832109971444196406e+00 1.398138232327588749e-02
1.354773869346733591e+03 1.832119168439532153e+00 1.398286719493034916e-02
1.359798994974874404e+03 1.832128266877310008e+00 1.398432267226201210e-02
1.364824120603015217e+03 1.832137268121925899e+00 1.398574940974788537e-02
1.369849246231156030e+03 1.832146173515253107e+00 1.398714804536060549e-02
1.374874371859296616e+03 1.832154984377059259e+00 1.398851920097077435e-02
1.379899497487437202e+03 1.832163702005409567e+00 1.398986348285145322e-02
1.384924623115578015e+03 1.832172327677067836e+00 1.399118148211815280e-02
1.389949748743718828e+03 1.832180862647886377e+00 1.399247377510439393e-02
1.394974874371859414e+03 1.832189308153189033e+00 1.399374092383953196e-02
1.400000000000000000e+03 1.832197665408149101e+00 1.399498347638289744e-02
