4.000000000000000000e+02 1.916104928726126921e+00 6.921350568487506143e-04
4.050251256281406995e+02 1.916033568583341840e+00 7.262010755683936600e-04
4.100502512562813990e+02 1.915961876002499897e+00 7.613984950832541681e-04
4.150753768844220986e+02 1.915889881583941579e+00 7.977415107210433960e-04
4.201005025125627981e+02 1.915817616579820859e+00 8.352435814157767964e-04
4.251256281407034976e+02 1.915745112873300959e+00 8.739173919516763983e-04
4.301507537688441971e+02 1.915672402955757025e+00 9.137748183870689515e-04
4.351758793969848966e+02 1.915599519901980186e+00 9.548268915719052615e-04
4.402010050251256530e+02 1.915526497343388090e+00 9.970837629752434851e-04
4.452261306532663525e+02 1.915453369439261477e+00 1.040554670674839624e-03
4.502512562814070520e+02 1.915380170846022301e+00 1.085247907366551157e-03
4.552763819095477515e+02 1.915306936684584960e+00 1.131170787903894607e-03
4.603015075376884511e+02 1.915233702505824587e+00 1.178329619973923640e-03
4.653266331658291506e+02 1.915160504254201479e+00 1.226729674763628840e-03
4.703517587939698501e+02 1.915087378229603621e+00 1.276375159695037308e-03
4.753768844221105496e+02 1.915014361047469915e+00 1.327269192808527886e-03
4.804020100502512491e+02 1.914941489597268953e+00 1.379413779069199250e-03
4.854271356783919487e+02 1.914868800999412146e+00 1.432809788258788486e-03
4.904522613065327050e+02 1.914796332560696701e+00 1.487456934515933235e-03
4.954773869346734045e+02 1.914724121728373474e+00 1.543353758944068744e-03
5.005025125628141041e+02 1.914652206042948723e+00 1.600497613807967115e-03
5.055276381909548036e+02 1.914580623089835232e+00 1.658884648433798853e-03
5.105527638190955031e+02 1.914509410449972249e+00 1.718509798836346907e-03
5.155778894472362026e+02 1.914438605649547043e+00 1.779366778736481223e-03
5.206030150753769021e+02 1.914368246108951066e+00 1.841448073297931613e-03
5.256281407035176017e+02 1.914298369091114171e+00 1.904744935514112456e-03
5.306532663316583012e+02 1.914229011649362766e+00 1.969247385569592237e-03
5.356783919597990007e+02 1.914160210574954446e+00 2.034944212309192264e-03
5.407035175879397002e+02 1.914092002344443655e+00 2.101822977627066259e-03
5.457286432160803997e+02 1.914024423067039349e+00 2.169870023867336451e-03
5.507537688442210992e+02 1.913957508432113430e+00 2.239070483446546373e-03
5.557788944723617988e+02 1.913891293657027370e+00 2.309408291768485447e-03
5.608040201005024983e+02 1.913825813435434675e+00 2.380866202284640139e-03
5.658291457286431978e+02 1.913761101886231941e+00 2.453425805028882061e-03
5.708542713567838973e+02 1.913697192503311939e+00 2.527067547144627811e-03
5.758793969849245968e+02 1.913634118106289472e+00 2.601770756259091152e-03
5.809045226130654100e+02 1.913571910792352782e+00 2.677513666753881128e-03
5.859296482412059959e+02 1.913510601889400142e+00 2.754273448086691674e-03
5.909547738693468091e+02 1.913450221910609317e+00 2.832026235999881604e-03
5.959798994974873949e+02 1.913390800510589740e+00 2.910747165685559443e-03
6.010050251256282081e+02 1.913332366443256660e+00 2.990410407634439861e-03
6.060301507537687939e+02 1.913274947521557579e+00 3.070989205174614375e-03
6.110552763819096072e+02 1.913218570579185762e+00 3.152455914656101046e-03
6.160804020100503067e+02 1.913163261434389417e+00 3.234782046840255047e-03
6.211055276381910062e+02 1.913109044855993757e+00 3.317938310808495137e-03
6.261306532663317057e+02 1.913055944531732111e+00 3.401894659033503909e-03
6.311557788944724052e+02 1.913003983038979339e+00 3.486620334077244338e-03
6.361809045226131047e+02 1.912953181817968140e+00 3.572083916770942350e-03
6.412060301507538043e+02 1.912903561147555997e+00 3.658253375554381629e-03
6.462311557788945038e+02 1.912855140123606024e+00 3.745096116840398309e-03
6.512562814070352033e+02 1.912807936640025908e+00 3.832579036192547244e-03
6.562814070351759028e+02 1.912761967372505589e+00 3.920668570468995376e-03
6.613065326633166023e+02 1.912717247764977646e+00 4.009330750273125930e-03
6.663316582914573019e+02 1.912673792018814822e+00 4.098531252942586023e-03
6.713567839195980014e+02 1.912631613084769810e+00 4.188235455812759286e-03
6.763819095477387009e+02 1.912590722657647069e+00 4.278408489374259036e-03
6.814070351758794004e+02 1.912551131173690466e+00 4.369015290537306417e-03
6.864321608040200999e+02 1.912512847810657446e+00 4.460020655556875581e-03
6.914572864321607994e+02 1.912475880490537516e+00 4.551389292559197657e-03
6.964824120603016127e+02 1.912440235884869555e+00 4.643085873475292884e-03
7.015075376884421985e+02 1.912405919422598410e+00 4.735075085404205457e-03
7.065326633165830117e+02 1.912372935300401533e+00 4.827321681033545399e-03
7.115577889447235975e+02 1.912341286495410797e+00 4.919790528070759270e-03
7.165829145728644107e+02 1.912310974780249140e+00 5.012446657688771762e-03
7.216080402010049966e+02 1.912282000740283205e+00 5.105255311596092194e-03
7.266331658291458098e+02 1.912254363793006062e+00 5.198181987971678061e-03
7.316582914572863956e+02 1.912228062209436086e+00 5.291192485817749862e-03
7.366834170854272088e+02 1.912203093137430754e+00 5.384252947774774423e-03
7.417085427135677946e+02 1.912179452626800336e+00 5.477329901432187974e-03
7.467336683417086078e+02 1.912157135656105122e+00 5.570390298919159107e-03
7.517587939698491937e+02 1.912136136161014965e+00 5.663401554561765631e-03
7.567839195979900069e+02 1.912116447064114544e+00 5.756331581010722120e-03
7.618090452261307064e+02 1.912098060306022695e+00 5.849148823215609590e-03
7.668341708542714059e+02 1.912080966877708343e+00 5.941822290586544660e-03
7.718592964824121054e+02 1.912065156853874459e+00 6.034321587300130879e-03
7.768844221105528050e+02 1.912050619427283937e+00 6.126616940409850345e-03
7.819095477386935045e+02 1.912037342943907703e+00 6.218679226144653745e-03
7.869346733668342040e+02 1.912025314938765375e+00 6.310479994104855640e-03
7.919597989949749035e+02 1.912014522172345909e+00 6.401991489395149511e-03
7.969849246231156030e+02 1.912004950667482328e+00 6.493186672970653779e-03
8.020100502512563025e+02 1.911996585746568389e+00 6.584039239649109448e-03
8.070351758793970021e+02 1.911989412069004635e+00 6.674523634448999328e-03
8.120603015075377016e+02 1.911983413668763454e+00 6.764615066823407782e-03
8.170854271356784011e+02 1.911978573991971020e+00 6.854289523018051132e-03
8.221105527638192143e+02 1.911974875934400409e+00 6.943523776499188789e-03
8.271356783919598001e+02 1.911972301878785307e+00 7.032295396651534573e-03
8.321608040201006133e+02 1.911970833731861052e+00 7.120582755532167511e-03
8.371859296482411992e+02 1.911970452961043287e+00 7.208365033021747227e-03
8.422110552763820124e+02 1.911971140630668753e+00 7.295622220204369367e-03
8.472361809045225982e+02 1.911972877437716045e+00 7.382335121133736140e-03
8.522613065326634114e+02 1.911975643746940845e+00 7.468485353063263922e-03
8.572864321608039972e+02 1.911979419625355003e+00 7.554055345116469748e-03
8.623115577889448105e+02 1.911984184875993309e+00 7.639028335573414506e-03
8.673366834170853963e+02 1.911989919070909316e+00 7.723388367812162106e-03
8.723618090452262095e+02 1.911996601583353605e+00 7.807120284778229502e-03
8.773869346733667953e+02 1.912004211619087624e+00 7.890209722478575688e-03
8.824120603015076085e+02 1.912012728246793136e+00 7.972643102099451901e-03
8.874371859296483080e+02 1.912022130427547095e+00 8.054407621173950357e-03
8.924623115577890076e+02 1.912032397043324172e+00 8.135491243625019367e-03
8.974874371859297071e+02 1.912043506924509861e+00 8.215882688896281039e-03
9.025125628140704066e+02 1.912055438876397950e+00 8.295571420307186472e-03
9.075376884422111061e+02 1.912068171704659481e+00 8.374547632408729098e-03
9.125628140703518056e+02 1.912081684239769652e+00 8.452802237744914612e-03
9.175879396984925052e+02 1.912095955360381794e+00 8.530326852843684096e-03
9.226130653266332047e+02 1.912110964015649728e+00 8.607113783707860330e-03
9.276381909547739042e+02 1.912126689246492539e+00 8.683156010631193009e-03
9.326633165829146037e+02 1.912143110205806185e+00 8.758447172629080235e-03
9.376884422110553032e+02 1.912160206177626165e+00 8.832981551398045444e-03
9.427135678391960028e+02 1.912177956595251249e+00 8.906754054857482505e-03
9.477386934673367023e+02 1.912196341058338245e+00 8.979760200530659611e-03
9.527638190954774018e+02 1.912215339348980025e+00 9.051996098487289158e-03
9.577889447236181013e+02 1.912234931446784358e+00 9.123458434230130240e-03
9.628140703517588008e+02 1.912255097542971072e+00 9.194144451289971987e-03
9.678391959798995003e+02 1.912275818053506216e+00 9.264051933821248336e-03
9.728643216080401999e+02 1.912297073631293198e+00 9.333179189007011906e-03
9.778894472361808994e+02 1.912318845177447990e+00 9.401525029611485992e-03
9.829145728643217126e+02 1.912341113851676377e+00 9.469088756340775237e-03
9.879396984924624121e+02 1.912363861081783467e+00 9.535870140389189967e-03
9.929648241206031116e+02 1.912387068572338977e+00 9.601869406040849236e-03
9.979899497487438111e+02 1.912410718312524294e+00 9.667087213340617297e-03
1.003015075376884511e+03 1.912434792583191046e+00 9.731524641006825821e-03
1.008040201005025210e+03 1.912459273963157180e+00 9.795183169352057392e-03
1.013065326633165910e+03 1.912484145334770069e+00 9.858064663575829417e-03
1.018090452261306609e+03 1.912509389888765066e+00 9.920171357203600229e-03
1.023115577889447309e+03 1.912534991128445716e+00 9.981505835713859118e-03
1.028140703517588008e+03 1.912560932873219599e+00 1.004207102055893440e-02
1.033165829145728821e+03 1.912587199261512216e+00 1.010187015331401143e-02
1.038190954773869407e+03 1.912613774753092022e+00 1.016090678025911853e-02
1.043216080402009993e+03 1.912640644130831902e+00 1.021918473717452203e-02
1.048241206030150806e+03 1.912667792501938191e+00 1.027670813447554947e-02
1.053266331658291620e+03 1.912695205298669654e+00 1.033348134273259604e-02
1.058291457286432205e+03 1.912722868278578625e+00 1.038950897846056126e-02
1.063316582914572791e+03 1.912750767524298512e+00 1.044479589032280137e-02
1.068341708542713604e+03 1.912778889442901864e+00 1.049934714562503549e-02
1.073366834170854418e+03 1.912807220764858318e+00 1.055316801721211881e-02
1.078391959798995003e+03 1.912835748542613734e+00 1.060626397074073031e-02
1.083417085427135589e+03 1.912864460148815171e+00 1.065864065225105919e-02
1.088442211055276402e+03 1.912893343274207680e+00 1.071030387620281951e-02
1.093467336683417216e+03 1.912922385925220681e+00 1.076125961379510720e-02
1.098492462311557802e+03 1.912951576421271449e+00 1.081151398171568447e-02
1.103517587939698387e+03 1.912980903391801268e+00 1.086107323120530897e-02
1.108542713567839201e+03 1.913010355773069326e+00 1.090994373753129479e-02
1.113567839195980014e+03 1.913039922804719906e+00 1.095813198982029286e-02
1.118592964824120827e+03 1.913069594026145959e+00 1.100564458118272367e-02
1.123618090452261413e+03 1.913099359272663724e+00 1.105248819933582656e-02
1.128643216080401999e+03 1.913129208671516368e+00 1.109866961743592902e-02
1.133668341708542812e+03 1.913159132637725079e+00 1.114419568530942463e-02
1.138693467336683625e+03 1.913189121869800058e+00 1.118907332103825057e-02
1.143718592964824211e+03 1.913219167345331817e+00 1.123330950289750350e-02
1.148743718592964797e+03 1.913249260316470357e+00 1.127691126158472668e-02
1.153768844221105610e+03 1.913279392305310855e+00 1.131988567273202635e-02
1.158793969849246423e+03 1.913309555099198755e+00 1.136223984986911399e-02
1.163819095477387009e+03 1.913339740745961581e+00 1.140398093754352304e-02
1.168844221105527595e+03 1.913369941549086795e+00 1.144511610487623787e-02
1.173869346733668408e+03 1.913400150062849248e+00 1.148565253928233824e-02
1.178894472361809221e+03 1.913430359087402666e+00 1.152559744061472553e-02
1.183919597989949807e+03 1.913460561663845816e+00 1.156495801543524701e-02
1.188944723618090393e+03 1.913490751069268025e+00 1.160374147173863328e-02
1.193969849246231206e+03 1.913520920811787152e+00 1.164195501375979436e-02
1.198994974874372019e+03 1.913551064625584885e+00 1.167960583718034503e-02
1.204020100502512605e+03 1.913581176465950273e+00 1.171670112448339532e-02
1.209045226130653191e+03 1.913611250504333450e+00 1.175324804062822907e-02
1.214070351758794004e+03 1.913641281123422466e+00 1.178925372892077918e-02
1.219095477386934817e+03 1.913671262912242099e+00 1.182472530709067875e-02
1.224120603015075403e+03 1.913701190661287299e+00 1.185966986363271719e-02
1.229145728643215989e+03 1.913731059357690834e+00 1.189409445432951587e-02
1.234170854271356802e+03 1.913760864180433119e+00 1.192800609899556316e-02
1.239195979899497615e+03 1.913790600495597349e+00 1.196141177839869958e-02
1.244221105527638429e+03 1.913820263851673920e+00 1.199431843138121061e-02
1.249246231155779014e+03 1.913849849974919470e+00 1.202673295221179557e-02
1.254271356783919600e+03 1.913879354764768115e+00 1.205866218796913282e-02
1.259296482412060413e+03 1.913908774289309500e+00 1.209011293632241031e-02
1.264321608040201227e+03 1.913938104780821048e+00 1.212109194322419196e-02
1.269346733668341813e+03 1.913967342631369917e+00 1.215160590097310624e-02
1.274371859296482398e+03 1.913996484388479358e+00 1.218166144625632864e-02
1.279396984924623212e+03 1.914025526750864792e+00 1.221126515848989721e-02
1.284422110552764025e+03 1.914054466564238277e+00 1.224042355816117901e-02
1.289447236180904611e+03 1.914083300817186473e+00 1.226914310539041313e-02
1.294472361809045196e+03 1.914112026637119657e+00 1.229743019859029507e-02
1.299497487437186010e+03 1.914140641286295574e+00 1.232529117324908385e-02
1.304522613065326823e+03 1.914169142157915671e+00 1.235273230079952413e-02
1.309547738693467409e+03 1.914197526772299707e+00 1.237975978767115980e-02
1.314572864321607994e+03 1.914225792773133428e+00 1.240637977436254320e-02
1.319597989949748808e+03 1.914253937923791060e+00 1.243259833466745998e-02
1.324623115577889621e+03 1.914281960103738189e+00 1.245842147498216722e-02
1.329648241206030207e+03 1.914309857305004359e+00 1.248385513371087947e-02
1.334673366834170793e+03 1.914337627628738048e+00 1.250890518073330057e-02
1.339698492462311606e+03 1.914365269281831594e+00 1.253357741698722834e-02
1.344723618090452419e+03 1.914392780573626052e+00 1.255787757410358960e-02
1.349748743718593005e+03 1.914420159912687769e+00 1.258181131412932502e-02
1.354773869346733591e+03 1.914447405803660018e+00 1.260538422931145944e-02
1.359798994974874404e+03 1.914474516844191454e+00 1.262860184195126190e-02
1.364824120603015217e+03 1.914501491721932291e+00 1.265146960433734084e-02
1.369849246231156030e+03 1.914528329211608204e+00 1.267399289871388654e-02
1.374874371859296616e+03 1.914555028172162165e+00 1.269617703728463318e-02
1.379899497487437202e+03 1.914581587543970231e+00 1.271802726236660915e-02
1.384924623115578015e+03 1.914608006346123048e+00 1.273954874644893376e-02
1.389949748743718828e+03 1.914634283673781745e+00 1.276074659243724499e-02
1.394974874371859414e+03 1.914660418695597555e+00 1.278162583385682345e-02
1.400000000000000000e+03 1.914686410651198933e+00 1.280219143512005033e-02
