4.000000000000000000e+02 1.813019597996800680e+00 9.223406001307422886e-03
4.050251256281406995e+02 1.814815002367399233e+00 8.523443400365529263e-03
4.100502512562813990e+02 1.815593781190140588e+00 7.271388262329289524e-03
4.150753768844220986e+02 1.815417558515909358e+00 6.045880559784827871e-03
4.201005025125627981e+02 1.814953634307201913e+00 6.190312705530577435e-03
4.251256281407034976e+02 1.814756073619710586e+00 6.331869949921785715e-03
4.301507537688441971e+02 1.814648068425401384e+00 6.471013784007725346e-03
4.351758793969848966e+02 1.814583872747742799e+00 6.607795096758557404e-03
4.402010050251256530e+02 1.814545374037094039e+00 6.742187148980748924e-03
4.452261306532663525e+02 1.814523756434581525e+00 6.874144073747869357e-03
4.502512562814070520e+02 1.814514137033475860e+00 7.003617670556840265e-03
4.552763819095477515e+02 1.814513551267149749e+00 7.130563436793115918e-03
4.603015075376884511e+02 1.814520067862407160e+00 7.254942956782447876e-03
4.653266331658291506e+02 1.814532355016564402e+00 7.376724825333282921e-03
4.703517587939698501e+02 1.814549449640180168e+00 7.495884904704540851e-03
4.753768844221105496e+02 1.814570626538323461e+00 7.612406249950940534e-03
4.804020100502512491e+02 1.814595320345831375e+00 7.726278858764338772e-03
4.854271356783919487e+02 1.814623076929657630e+00 7.837499325123070334e-03
4.904522613065327050e+02 1.814653522037531275e+00 7.946070439996887405e-03
4.954773869346734045e+02 1.814686340444216395e+00 8.052000764855984233e-03
5.005025125628141041e+02 1.814721261704625999e+00 8.155304193534277518e-03
5.055276381909548036e+02 1.814758050186517702e+00 8.255999513099404954e-03
5.105527638190955031e+02 1.814796497945578846e+00 8.354109970534179253e-03
5.155778894472362026e+02 1.814836419530310607e+00 8.449662850254063481e-03
5.206030150753769021e+02 1.814877648122864784e+00 8.542689065839619358e-03
5.256281407035176017e+02 1.814920032620937373e+00 8.633222768554360202e-03
5.306532663316583012e+02 1.814963435393034619e+00 8.721300974244946408e-03
5.356783919597990007e+02 1.815007730522506524e+00 8.806963209738503592e-03
5.407035175879397002e+02 1.815052802411083910e+00 8.890251179561525427e-03
5.457286432160803997e+02 1.815098544650140200e+00 8.971208453097697863e-03
5.507537688442210992e+02 1.815144859093722474e+00 9.049880172336214473e-03
5.557788944723617988e+02 1.815191655085399480e+00 9.126312780067461286e-03
5.608040201005024983e+02 1.815238848803728322e+00 9.200553767880493769e-03
5.658291457286431978e+02 1.815286362700249345e+00 9.272651443910782942e-03
5.708542713567838973e+02 1.815334125010512833e+00 9.342654719036683209e-03
5.758793969849245968e+02 1.815382069323451475e+00 9.410612911490484275e-03
5.809045226130654100e+02 1.815430134197943968e+00 9.476575568549713488e-03
5.859296482412059959e+02 1.815478262818046140e+00 9.540592304665980461e-03
5.909547738693468091e+02 1.815526402680329721e+00 9.602712655294868074e-03
5.959798994974873949e+02 1.815574505308224618e+00 9.662985945257338352e-03
6.010050251256282081e+02 1.815622525989392333e+00 9.721461170943745955e-03
6.060301507537687939e+02 1.815670423532987687e+00 9.778186895465465142e-03
6.110552763819096072e+02 1.815718160044320628e+00 9.833211155720401539e-03
6.160804020100503067e+02 1.815765700714909725e+00 9.886581380767756055e-03
6.211055276381910062e+02 1.815813013626315975e+00 9.938344320522438449e-03
6.261306532663317057e+02 1.815860069566420654e+00 9.988545983947955814e-03
6.311557788944724052e+02 1.815906841857047649e+00 1.003723158623202535e-02
6.361809045226131047e+02 1.815953306192007899e+00 1.008444550387609974e-02
6.412060301507538043e+02 1.815999440484773020e+00 1.013023123734224824e-02
6.462311557788945038e+02 1.816045224725103546e+00 1.017463138035374672e-02
6.512562814070352033e+02 1.816090640844035375e+00 1.021768759545775562e-02
6.562814070351759028e+02 1.816135672586698613e+00 1.025944059503542012e-02
6.613065326633166023e+02 1.816180305392503191e+00 1.029993012750253338e-02
6.663316582914573019e+02 1.816224526282253171e+00 1.033919496797818666e-02
6.713567839195980014e+02 1.816268323751812686e+00 1.037727291306926244e-02
6.763819095477387009e+02 1.816311687671953168e+00 1.041420077921826823e-02
6.814070351758794004e+02 1.816354609194050784e+00 1.045001440452370846e-02
6.864321608040200999e+02 1.816397080661319441e+00 1.048474865316911288e-02
6.914572864321607994e+02 1.816439095525285596e+00 1.051843742267065916e-02
6.964824120603016127e+02 1.816480648267224884e+00 1.055111365317311020e-02
7.015075376884421985e+02 1.816521734324298087e+00 1.058280933882190661e-02
7.065326633165830117e+02 1.816562350020135108e+00 1.061355554072690964e-02
7.115577889447235975e+02 1.816602492499631571e+00 1.064338240152443334e-02
7.165829145728644107e+02 1.816642159667728684e+00 1.067231916106450504e-02
7.216080402010049966e+02 1.816681350131962303e+00 1.070039417318439760e-02
7.266331658291458098e+02 1.816720063148576481e+00 1.072763492337252059e-02
7.316582914572863956e+02 1.816758298572004104e+00 1.075406804714867763e-02
7.366834170854272088e+02 1.816796056807528981e+00 1.077971934897657691e-02
7.417085427135677946e+02 1.816833338766951744e+00 1.080461382162726039e-02
7.467336683417086078e+02 1.816870145827091498e+00 1.082877566586879989e-02
7.517587939698491937e+02 1.816906479790959539e+00 1.085222831039693581e-02
7.567839195979900069e+02 1.816942342851453507e+00 1.087499443183717607e-02
7.618090452261307064e+02 1.816977737557429862e+00 1.089709597484127442e-02
7.668341708542714059e+02 1.817012666782009234e+00 1.091855417211360507e-02
7.718592964824121054e+02 1.817047133692989869e+00 1.093938956438424148e-02
7.768844221105528050e+02 1.817081141725243043e+00 1.095962202016915674e-02
7.819095477386935045e+02 1.817114694554969434e+00 1.097927075540934203e-02
7.869346733668342040e+02 1.817147796075709865e+00 1.099835435282314582e-02
7.919597989949749035e+02 1.817180450375999845e+00 1.101689078096616120e-02
7.969849246231156030e+02 1.817212661718572431e+00 1.103489741302976501e-02
8.020100502512563025e+02 1.817244434521009699e+00 1.105239104526501044e-02
8.070351758793970021e+02 1.817275773337757139e+00 1.106938791503714672e-02
8.120603015075377016e+02 1.817306682843416565e+00 1.108590371860304971e-02
8.170854271356784011e+02 1.817337167817235644e+00 1.110195362833974256e-02
8.221105527638192143e+02 1.817367233128720727e+00 1.111755230973177598e-02
8.271356783919598001e+02 1.817396883724299306e+00 1.113271393780077868e-02
8.321608040201006133e+02 1.817426124614971883e+00 1.114745221328883318e-02
8.371859296482411992e+02 1.817454960864881786e+00 1.116178037819548670e-02
8.422110552763820124e+02 1.817483397580749616e+00 1.117571123117398410e-02
8.472361809045225982e+02 1.817511439902115056e+00 1.118925714223341188e-02
8.522613065326634114e+02 1.817539092992332961e+00 1.120243006720766238e-02
8.572864321608039972e+02 1.817566362030276217e+00 1.121524156170339986e-02
8.623115577889448105e+02 1.817593252202696075e+00 1.122770279473444578e-02
8.673366834170853963e+02 1.817619768697199323e+00 1.123982456179217597e-02
8.723618090452262095e+02 1.817645916695800334e+00 1.125161729764468342e-02
8.773869346733667953e+02 1.817671701369009574e+00 1.126309108874941171e-02
8.824120603015076085e+02 1.817697127870423035e+00 1.127425568515367030e-02
8.874371859296483080e+02 1.817722201331777532e+00 1.128512051207191356e-02
8.924623115577890076e+02 1.817746926858441858e+00 1.129569468115886911e-02
8.974874371859297071e+02 1.817771309525314738e+00 1.130598700132934634e-02
9.025125628140704066e+02 1.817795354373096028e+00 1.131600598922092270e-02
9.075376884422111061e+02 1.817819066404915862e+00 1.132575987933509033e-02
9.125628140703518056e+02 1.817842450583284863e+00 1.133525663387169313e-02
9.175879396984925052e+02 1.817865511827353231e+00 1.134450395216283526e-02
9.226130653266332047e+02 1.817888255010448706e+00 1.135350927980784477e-02
9.276381909547739042e+02 1.817910684957880996e+00 1.136227981751164982e-02
9.326633165829146037e+02 1.817932806444988003e+00 1.137082252961848367e-02
9.376884422110553032e+02 1.817954624195407876e+00 1.137914415233217368e-02
9.427135678391960028e+02 1.817976142879564216e+00 1.138725120165267647e-02
9.477386934673367023e+02 1.817997367113342033e+00 1.139514998103830987e-02
9.527638190954774018e+02 1.818018301456948205e+00 1.140284658880246285e-02
9.577889447236181013e+02 1.818038950413933819e+00 1.141034692524329867e-02
9.628140703517588008e+02 1.818059318430375937e+00 1.141765669957255785e-02
9.678391959798995003e+02 1.818079409894199694e+00 1.142478143645612662e-02
9.728643216080401999e+02 1.818099229134631178e+00 1.143172648251363985e-02
9.778894472361808994e+02 1.818118780421773995e+00 1.143849701241383097e-02
9.829145728643217126e+02 1.818138067966296623e+00 1.144509803489236754e-02
9.879396984924624121e+02 1.818157095919222810e+00 1.145153439845478585e-02
9.929648241206031116e+02 1.818175868371817661e+00 1.145781079691544913e-02
9.979899497487438111e+02 1.818194389355559437e+00 1.146393177473850090e-02
1.003015075376884511e+03 1.818212662842193517e+00 1.146990173219502099e-02
1.008040201005025210e+03 1.818230692743857624e+00 1.147572493028257631e-02
1.013065326633165910e+03 1.818248482913273234e+00 1.148140549556604662e-02
1.018090452261306609e+03 1.818266037144001146e+00 1.148694742474014492e-02
1.023115577889447309e+03 1.818283359170749902e+00 1.149235458908172067e-02
1.028140703517588008e+03 1.818300452669736611e+00 1.149763073874663678e-02
1.033165829145728821e+03 1.818317321259091734e+00 1.150277950690462361e-02
1.038190954773869407e+03 1.818333968499308062e+00 1.150780441370536852e-02
1.043216080402009993e+03 1.818350397893723880e+00 1.151270887012677963e-02
1.048241206030150806e+03 1.818366612889043443e+00 1.151749618163078366e-02
1.053266331658291620e+03 1.818382616875884317e+00 1.152216955183148553e-02
1.058291457286432205e+03 1.818398413189354246e+00 1.152673208585002981e-02
1.063316582914572791e+03 1.818414005109650011e+00 1.153118679360909220e-02
1.068341708542713604e+03 1.818429395862678044e+00 1.153553659314571732e-02
1.073366834170854418e+03 1.818444588620695468e+00 1.153978431358804700e-02
1.078391959798995003e+03 1.818459586502962022e+00 1.154393269813478590e-02
1.083417085427135589e+03 1.818474392576413301e+00 1.154798440699066932e-02
1.088442211055276402e+03 1.818489009856338878e+00 1.155194202007666683e-02
1.093467336683417216e+03 1.818503441307073976e+00 1.155580803969917872e-02
1.098492462311557802e+03 1.818517689842699347e+00 1.155958489312177567e-02
1.103517587939698387e+03 1.818531758327746051e+00 1.156327493506954275e-02
1.108542713567839201e+03 1.818545649577906209e+00 1.156688045007112954e-02
1.113567839195980014e+03 1.818559366360747109e+00 1.157040365482211314e-02
1.118592964824120827e+03 1.818572911396428848e+00 1.157384670036897857e-02
1.123618090452261413e+03 1.818586287358421316e+00 1.157721167426837248e-02
1.128643216080401999e+03 1.818599496874221400e+00 1.158050060264568734e-02
1.133668341708542812e+03 1.818612542526072628e+00 1.158371545223056513e-02
1.138693467336683625e+03 1.818625426851678606e+00 1.158685813222629785e-02
1.143718592964824211e+03 1.818638152344915992e+00 1.158993049622479218e-02
1.148743718592964797e+03 1.818650721456545272e+00 1.159293434395690901e-02
1.153768844221105610e+03 1.818663136594915519e+00 1.159587142307049769e-02
1.158793969849246423e+03 1.818675400126665398e+00 1.159874343074516513e-02
1.163819095477387009e+03 1.818687514377419712e+00 1.160155201537419432e-02
1.168844221105527595e+03 1.818699481632479076e+00 1.160429877804607449e-02
1.173869346733668408e+03 1.818711304137504259e+00 1.160698527410379197e-02
1.178894472361809221e+03 1.818722984099192974e+00 1.160961301458131312e-02
1.183919597989949807e+03 1.818734523685952453e+00 1.161218346760390339e-02
1.188944723618090393e+03 1.818745925028560473e+00 1.161469805974312333e-02
1.193969849246231206e+03 1.818757190220823716e+00 1.161715817730776118e-02
1.198994974874372019e+03 1.818768321320224146e+00 1.161956516762849626e-02
1.204020100502512605e+03 1.818779320348560047e+00 1.162192034026967094e-02
1.209045226130653191e+03 1.818790189292578185e+00 1.162422496819722623e-02
1.214070351758794004e+03 1.818800930104596869e+00 1.162648028894133941e-02
1.219095477386934817e+03 1.818811544703121896e+00 1.162868750565849464e-02
1.224120603015075403e+03 1.818822034973453405e+00 1.163084778820796042e-02
1.229145728643215989e+03 1.818832402768281842e+00 1.163296227421417584e-02
1.234170854271356802e+03 1.818842649908280373e+00 1.163503207000081939e-02
1.239195979899497615e+03 1.818852778182682428e+00 1.163705825157815288e-02
1.244221105527638429e+03 1.818862789349854792e+00 1.163904186556929607e-02
1.249246231155779014e+03 1.818872685137859380e+00 1.164098393009475700e-02
1.254271356783919600e+03 1.818882467245007906e+00 1.164288543564402645e-02
1.259296482412060413e+03 1.818892137340405224e+00 1.164474734592489159e-02
1.264321608040201227e+03 1.818901697064487344e+00 1.164657059864294443e-02
1.269346733668341813e+03 1.818911148029546787e+00 1.164835610629730116e-02
1.274371859296482398e+03 1.818920491820251506e+00 1.165010475695451957e-02
1.279396984924623212e+03 1.818929729994155364e+00 1.165181741496274133e-02
1.284422110552764025e+03 1.818938864082196849e+00 1.165349492164433759e-02
1.289447236180904611e+03 1.818947895589193786e+00 1.165513809600531719e-02
1.294472361809045196e+03 1.818956825994324955e+00 1.165674773538534666e-02
1.299497487437186010e+03 1.818965656751606597e+00 1.165832461612476001e-02
1.304522613065326823e+03 1.818974389290357818e+00 1.165986949411529881e-02
1.309547738693467409e+03 1.818983025015660449e+00 1.166138310547280843e-02
1.314572864321607994e+03 1.818991565308807790e+00 1.166286616707483750e-02
1.319597989949748808e+03 1.819000011527747374e+00 1.166431937717271779e-02
1.324623115577889621e+03 1.819008365007513950e+00 1.166574341583072327e-02
1.329648241206030207e+03 1.819016627060657587e+00 1.166713894559215543e-02
1.334673366834170793e+03 1.819024798977658230e+00 1.166850661184895034e-02
1.339698492462311606e+03 1.819032882027339593e+00 1.166984704345737020e-02
1.344723618090452419e+03 1.819040877457269501e+00 1.167116085311449732e-02
1.349748743718593005e+03 1.819048786494155800e+00 1.167244863789528020e-02
1.354773869346733591e+03 1.819056610344234270e+00 1.167371097966471254e-02
1.359798994974874404e+03 1.819064350193648982e+00 1.167494844549845680e-02
1.364824120603015217e+03 1.819072007208824449e+00 1.167616158813093198e-02
1.369849246231156030e+03 1.819079582536833328e+00 1.167735094636437529e-02
1.374874371859296616e+03 1.819087077305754141e+00 1.167851704542941307e-02
1.379899497487437202e+03 1.819094492625025206e+00 1.167966039741128934e-02
1.384924623115578015e+03 1.819101829585787478e+00 1.168078150157066467e-02
1.389949748743718828e+03 1.819109089261226053e+00 1.168188084473966749e-02
1.394974874371859414e+03 1.819116272706901016e+00 1.168295890165062419e-02
1.400000000000000000e+03 1.819123380961074066e+00 1.168401613530207182e-02
