4.000000000000000000e+02 1.807834432850119910e+00 4.301567405214925047e-03
4.050251256281406995e+02 1.807808827343964975e+00 4.432467332436208600e-03
4.100502512562813990e+02 1.807786630100722824e+00 4.562927645247963175e-03
4.150753768844220986e+02 1.807767786368222440e+00 4.692800427513479054e-03
4.201005025125627981e+02 1.807752233667297537e+00 4.821944019726588301e-03
4.251256281407034976e+02 1.807739902437098811e+00 4.950223406177470253e-03
4.301507537688441971e+02 1.807730716693261908e+00 5.077510535448298903e-03
4.351758793969848966e+02 1.807724594691897391e+00 5.203684575456698005e-03
4.402010050251256530e+02 1.807721449592829543e+00 5.328632105358332982e-03
4.452261306532663525e+02 1.807721190116010179e+00 5.452247246452625144e-03
4.502512562814070520e+02 1.807723721185612309e+00 5.574431735386447401e-03
4.552763819095477515e+02 1.807728944556893369e+00 5.695094943269041372e-03
4.603015075376884511e+02 1.807736759421545658e+00 5.814153844537399071e-03
4.653266331658291506e+02 1.807747062987874909e+00 5.931532939813129873e-03
4.703517587939698501e+02 1.807759751032754991e+00 6.047164136916343552e-03
4.753768844221105496e+02 1.807774718422924032e+00 6.160986594590049312e-03
4.804020100502512491e+02 1.807791859603746776e+00 6.272946533352763594e-03
4.854271356783919487e+02 1.807811069054115816e+00 6.382997017764724217e-03
4.904522613065327050e+02 1.807832241706664123e+00 6.491097714479794265e-03
4.954773869346734045e+02 1.807855273332919177e+00 6.597214630010249381e-03
5.005025125628141041e+02 1.807880060893446439e+00 6.701319832456564471e-03
5.055276381909548036e+02 1.807906502853382502e+00 6.803391160377565174e-03
5.105527638190955031e+02 1.807934499464092681e+00 6.903411922813663948e-03
5.155778894472362026e+02 1.807963953011946456e+00 7.001370593063165233e-03
5.206030150753769021e+02 1.807994768035435129e+00 7.097260499626317949e-03
5.256281407035176017e+02 1.808026851512040123e+00 7.191079516482324317e-03
5.306532663316583012e+02 1.808060113016404014e+00 7.282829755372695162e-03
5.356783919597990007e+02 1.808094464851458305e+00 7.372517261832990491e-03
5.407035175879397002e+02 1.808129822154245891e+00 7.460151717107210353e-03
5.457286432160803997e+02 1.808166102978203904e+00 7.545746147174306473e-03
5.507537688442210992e+02 1.808203228353707503e+00 7.629316640416461751e-03
5.557788944723617988e+02 1.808241122328651418e+00 7.710882074750082492e-03
5.608040201005024983e+02 1.808279711990833372e+00 7.790463855379486935e-03
5.658291457286431978e+02 1.808318927473854698e+00 7.868085663602671434e-03
5.708542713567838973e+02 1.808358701948192593e+00 7.943773217260590921e-03
5.758793969849245968e+02 1.808398971599048055e+00 8.017554043220857102e-03
5.809045226130654100e+02 1.808439675592472318e+00 8.089457261865544424e-03
5.859296482412059959e+02 1.808480756031218828e+00 8.159513384082626997e-03
5.909547738693468091e+02 1.808522157901663263e+00 8.227754120174261485e-03
5.959798994974873949e+02 1.808563829013053015e+00 8.294212201139922885e-03
6.010050251256282081e+02 1.808605719930256983e+00 8.358921211542011398e-03
6.060301507537687939e+02 1.808647783901098816e+00 8.421915434199308756e-03
6.110552763819096072e+02 1.808689976779261244e+00 8.483229705979672408e-03
6.160804020100503067e+02 1.808732256943675898e+00 8.542899284596915110e-03
6.211055276381910062e+02 1.808774585215217057e+00 8.600959725819890336e-03
6.261306532663317057e+02 1.808816924771443846e+00 8.657446770671978556e-03
6.311557788944724052e+02 1.808859241060065681e+00 8.712396242340091426e-03
6.361809045226131047e+02 1.808901501711717374e+00 8.765843952057048374e-03
6.412060301507538043e+02 1.808943676452585470e+00 8.817825613654075093e-03
6.462311557788945038e+02 1.808985737017341666e+00 8.868376766307422762e-03
6.512562814070352033e+02 1.809027657062799666e+00 8.917532704921276449e-03
6.562814070351759028e+02 1.809069412082643602e+00 8.965328417666609470e-03
6.613065326633166023e+02 1.809110979323536705e+00 9.011798530374511354e-03
6.663316582914573019e+02 1.809152337702867319e+00 9.056977257170075943e-03
6.713567839195980014e+02 1.809193467728347660e+00 9.100898356905849987e-03
6.763819095477387009e+02 1.809234351419647613e+00 9.143595095211103779e-03
6.814070351758794004e+02 1.809274972232208567e+00 9.185100211381837243e-03
6.864321608040200999e+02 1.809315314983349188e+00 9.225445890077130576e-03
6.914572864321607994e+02 1.809355365780755509e+00 9.264663737284380488e-03
6.964824120603016127e+02 1.809395111953413737e+00 9.302784760221801882e-03
7.015075376884421985e+02 1.809434541985029066e+00 9.339839350851112873e-03
7.065326633165830117e+02 1.809473645449955814e+00 9.375857272722382466e-03
7.115577889447235975e+02 1.809512412951636895e+00 9.410867650858984607e-03
7.165829145728644107e+02 1.809550836063554380e+00 9.444898964339584063e-03
7.216080402010049966e+02 1.809588907272658753e+00 9.477979041440450989e-03
7.266331658291458098e+02 1.809626619925256641e+00 9.510135057025758537e-03
7.316582914572863956e+02 1.809663968175303728e+00 9.541393531876512027e-03
7.366834170854272088e+02 1.809700946935065113e+00 9.571780333986300640e-03
7.417085427135677946e+02 1.809737551828080271e+00 9.601320681404046029e-03
7.467336683417086078e+02 1.809773779144377981e+00 9.630039146574564946e-03
7.517587939698491937e+02 1.809809625797870636e+00 9.657959661889346098e-03
7.567839195979900069e+02 1.809845089285869957e+00 9.685105526511722518e-03
7.618090452261307064e+02 1.809880167650644189e+00 9.711499414139618605e-03
7.668341708542714059e+02 1.809914859442952384e+00 9.737163381547704957e-03
7.718592964824121054e+02 1.809949163687481155e+00 9.762118878071997241e-03
7.768844221105528050e+02 1.809983079850111309e+00 9.786386755594659106e-03
7.819095477386935045e+02 1.810016607806940625e+00 9.809987279149253239e-03
7.869346733668342040e+02 1.810049747814993282e+00 9.832940137980613129e-03
7.919597989949749035e+02 1.810082500484541335e+00 9.855264456895293165e-03
7.969849246231156030e+02 1.810114866752970508e+00 9.876978808110753461e-03
8.020100502512563025e+02 1.810146847860119701e+00 9.898101223133046189e-03
8.070351758793970021e+02 1.810178445325027363e+00 9.918649204960191049e-03
8.120603015075377016e+02 1.810209660924018360e+00 9.938639740298307879e-03
8.170854271356784011e+02 1.810240496670069588e+00 9.958089311971214316e-03
8.221105527638192143e+02 1.810270954793388620e+00 9.977013911276621724e-03
8.271356783919598001e+02 1.810301037723149431e+00 9.995429050310429553e-03
8.321608040201006133e+02 1.810330748070324569e+00 1.001334977435594693e-02
8.371859296482411992e+02 1.810360088611559171e+00 1.003079067409945457e-02
8.422110552763820124e+02 1.810389062274033956e+00 1.004776589779978087e-02
8.472361809045225982e+02 1.810417672121261923e+00 1.006428916330414855e-02
8.522613065326634114e+02 1.810445921339774999e+00 1.008037376991241692e-02
8.572864321608039972e+02 1.810473813226650019e+00 1.009603261012304541e-02
8.623115577889448105e+02 1.810501351177826734e+00 1.011127818112728463e-02
8.673366834170853963e+02 1.810528538677180110e+00 1.012612259621417654e-02
8.723618090452262095e+02 1.810555379286299837e+00 1.014057759582936633e-02
8.773869346733667953e+02 1.810581876634941523e+00 1.015465455854613029e-02
8.824120603015076085e+02 1.810608034412111822e+00 1.016836451177676598e-02
8.874371859296483080e+02 1.810633856357747984e+00 1.018171814218394103e-02
8.924623115577890076e+02 1.810659346254963165e+00 1.019472580602294107e-02
8.974874371859297071e+02 1.810684507922821318e+00 1.020739753898949019e-02
9.025125628140704066e+02 1.810709345209612575e+00 1.021974306619385410e-02
9.075376884422111061e+02 1.810733861986600912e+00 1.023177181148579931e-02
9.125628140703518056e+02 1.810758062142212577e+00 1.024349290686788448e-02
9.175879396984925052e+02 1.810781949576645733e+00 1.025491520149240075e-02
9.226130653266332047e+02 1.810805528196869352e+00 1.026604727046558779e-02
9.276381909547739042e+02 1.810828801911992247e+00 1.027689742344207492e-02
9.326633165829146037e+02 1.810851774628981392e+00 1.028747371291633197e-02
9.376884422110553032e+02 1.810874450248702416e+00 1.029778394235500612e-02
9.427135678391960028e+02 1.810896832662268974e+00 1.030783567407515117e-02
9.477386934673367023e+02 1.810918925747677211e+00 1.031763623683795011e-02
9.527638190954774018e+02 1.810940733366712463e+00 1.032719273333132168e-02
9.577889447236181013e+02 1.810962259362106641e+00 1.033651204729396297e-02
9.628140703517588008e+02 1.810983507554933647e+00 1.034560085058190172e-02
9.678391959798995003e+02 1.811004481742226169e+00 1.035446560988615566e-02
9.728643216080401999e+02 1.811025185694802531e+00 1.036311259333658891e-02
9.778894472361808994e+02 1.811045623155285167e+00 1.037154787682880233e-02
9.829145728643217126e+02 1.811065797836304281e+00 1.037977735024315541e-02
9.879396984924624121e+02 1.811085713418870702e+00 1.038780672338140629e-02
9.929648241206031116e+02 1.811105373550908615e+00 1.039564153177824184e-02
9.979899497487438111e+02 1.811124781845937282e+00 1.040328714229812185e-02
1.003015075376884511e+03 1.811143941881891539e+00 1.041074875856668608e-02
1.008040201005025210e+03 1.811162857200072196e+00 1.041803142624268472e-02
1.013065326633165910e+03 1.811181531304219661e+00 1.042514003807214554e-02
1.018090452261306609e+03 1.811199967659696819e+00 1.043207933884742096e-02
1.023115577889447309e+03 1.811218169692780489e+00 1.043885393013753611e-02
1.028140703517588008e+03 1.811236140790049909e+00 1.044546827492245228e-02
1.033165829145728821e+03 1.811253884297865824e+00 1.045192670203977901e-02
1.038190954773869407e+03 1.811271403521935719e+00 1.045823341050138543e-02
1.043216080402009993e+03 1.811288701726956551e+00 1.046439247368376874e-02
1.048241206030150806e+03 1.811305782136332310e+00 1.047040784333217248e-02
1.053266331658291620e+03 1.811322647931957741e+00 1.047628335345632614e-02
1.058291457286432205e+03 1.811339302254066252e+00 1.048202272416332535e-02
1.063316582914572791e+03 1.811355748201135984e+00 1.048762956523993650e-02
1.068341708542713604e+03 1.811371988829849622e+00 1.049310737972045972e-02
1.073366834170854418e+03 1.811388027155103719e+00 1.049845956727325606e-02
1.078391959798995003e+03 1.811403866150064434e+00 1.050368942754616869e-02
1.083417085427135589e+03 1.811419508746265228e+00 1.050880016328279570e-02
1.088442211055276402e+03 1.811434957833744752e+00 1.051379488346573278e-02
1.093467336683417216e+03 1.811450216261218049e+00 1.051867660625625985e-02
1.098492462311557802e+03 1.811465286836283939e+00 1.052344826192271043e-02
1.103517587939698387e+03 1.811480172325659277e+00 1.052811269556931661e-02
1.108542713567839201e+03 1.811494875455442743e+00 1.053267266986787284e-02
1.113567839195980014e+03 1.811509398911403057e+00 1.053713086766721284e-02
1.118592964824120827e+03 1.811523745339290281e+00 1.054148989445051476e-02
1.123618090452261413e+03 1.811537917345167115e+00 1.054575228085271113e-02
1.128643216080401999e+03 1.811551917495759056e+00 1.054992048494427827e-02
1.133668341708542812e+03 1.811565748318822777e+00 1.055399689454617623e-02
1.138693467336683625e+03 1.811579412303526482e+00 1.055798382938756726e-02
1.143718592964824211e+03 1.811592911900848035e+00 1.056188354326536433e-02
1.148743718592964797e+03 1.811606249523981083e+00 1.056569822609095335e-02
1.153768844221105610e+03 1.811619427548753825e+00 1.056943000587771790e-02
1.158793969849246423e+03 1.811632448314057120e+00 1.057308095065983417e-02
1.163819095477387009e+03 1.811645314122279915e+00 1.057665307031175998e-02
1.168844221105527595e+03 1.811658027239751778e+00 1.058014831841629089e-02
1.173869346733668408e+03 1.811670589897191208e+00 1.058356859395092296e-02
1.178894472361809221e+03 1.811683004290160159e+00 1.058691574296139956e-02
1.183919597989949807e+03 1.811695272579520122e+00 1.059019156023352157e-02
1.188944723618090393e+03 1.811707396891893751e+00 1.059339779081706380e-02
1.193969849246231206e+03 1.811719379320127166e+00 1.059653613152838382e-02
1.198994974874372019e+03 1.811731221923755131e+00 1.059960823251603936e-02
1.204020100502512605e+03 1.811742926729466019e+00 1.060261569854421826e-02
1.209045226130653191e+03 1.811754495731567882e+00 1.060556009047652730e-02
1.214070351758794004e+03 1.811765930892455190e+00 1.060844292656247696e-02
1.219095477386934817e+03 1.811777234143072901e+00 1.061126568372622661e-02
1.224120603015075403e+03 1.811788407383380095e+00 1.061402979879519197e-02
1.229145728643215989e+03 1.811799452482813155e+00 1.061673666974218867e-02
1.234170854271356802e+03 1.811810371280745180e+00 1.061938765679504813e-02
1.239195979899497615e+03 1.811821165586943172e+00 1.062198408363372766e-02
1.244221105527638429e+03 1.811831837182023675e+00 1.062452723840340806e-02
1.249246231155779014e+03 1.811842387817905298e+00 1.062701837483664459e-02
1.254271356783919600e+03 1.811852819218255028e+00 1.062945871323402180e-02
1.259296482412060413e+03 1.811863133078934540e+00 1.063184944146038091e-02
1.264321608040201227e+03 1.811873331068440507e+00 1.063419171589423569e-02
1.269346733668341813e+03 1.811883414828342254e+00 1.063648666239325365e-02
1.274371859296482398e+03 1.811893385973712745e+00 1.063873537715079830e-02
1.279396984924623212e+03 1.811903246093558462e+00 1.064093892753776097e-02
1.284422110552764025e+03 1.811912996751240623e+00 1.064309835303424087e-02
1.289447236180904611e+03 1.811922639484897068e+00 1.064521466594862270e-02
1.294472361809045196e+03 1.811932175807852818e+00 1.064728885224781527e-02
1.299497487437186010e+03 1.811941607209031524e+00 1.064932187234224337e-02
1.304522613065326823e+03 1.811950935153358921e+00 1.065131466177368993e-02
1.309547738693467409e+03 1.811960161082159626e+00 1.065326813195217014e-02
1.314572864321607994e+03 1.811969286413554370e+00 1.065518317086896691e-02
1.319597989949748808e+03 1.811978312542845249e+00 1.065706064373388509e-02
1.324623115577889621e+03 1.811987240842900304e+00 1.065890139365152992e-02
1.329648241206030207e+03 1.811996072664530999e+00 1.066070624223251252e-02
1.334673366834170793e+03 1.812004809336865252e+00 1.066247599023351436e-02
1.339698492462311606e+03 1.812013452167713590e+00 1.066421141810129820e-02
1.344723618090452419e+03 1.812022002443931745e+00 1.066591328659788861e-02
1.349748743718593005e+03 1.812030461431777040e+00 1.066758233729870990e-02
1.354773869346733591e+03 1.812038830377258991e+00 1.066921929317207404e-02
1.359798994974874404e+03 1.812047110506485481e+00 1.067082485912553523e-02
1.364824120603015217e+03 1.812055303026002706e+00 1.067239972243602154e-02
1.369849246231156030e+03 1.812063409123130908e+00 1.067394455328234300e-02
1.374874371859296616e+03 1.812071429966294334e+00 1.067546000524487171e-02
1.379899497487437202e+03 1.812079366705344308e+00 1.067694671571007246e-02
1.384924623115578015e+03 1.812087220471881199e+00 1.067840530637759709e-02
1.389949748743718828e+03 1.812094992379565950e+00 1.067983638363082313e-02
1.394974874371859414e+03 1.812102683524430935e+00 1.068124053898925584e-02
1.400000000000000000e+03 1.812110294985183723e+00 1.068261834957006003e-02
