4.000000000000000000e+02 1.810637740248338678e+00 3.822371624060872611e-03
4.050251256281406995e+02 1.810615276146942731e+00 3.938459416285148770e-03
4.100502512562813990e+02 1.810595834018912109e+00 4.054144727819094032e-03
4.150753768844220986e+02 1.810579364544164571e+00 4.169296606339185744e-03
4.201005025125627981e+02 1.810565811582643292e+00 4.283789700719309486e-03
4.251256281407034976e+02 1.810555112750345419e+00 4.397504600105689096e-03
4.301507537688441971e+02 1.810547200006172641e+00 4.510328113330327841e-03
4.351758793969848966e+02 1.810542000243373195e+00 4.622153490565585922e-03
4.402010050251256530e+02 1.810539435879751302e+00 4.732880588670432785e-03
4.452261306532663525e+02 1.810539425441272332e+00 4.842415982260268870e-03
4.502512562814070520e+02 1.810541884134216906e+00 4.950673024069643033e-03
4.552763819095477515e+02 1.810546724401558061e+00 5.057571857091101505e-03
4.603015075376884511e+02 1.810553856459801381e+00 5.163039382503737361e-03
4.653266331658291506e+02 1.810563188813077540e+00 5.267009186867722265e-03
4.703517587939698501e+02 1.810574628741825176e+00 5.369421432492485491e-03
4.753768844221105496e+02 1.810588082763949558e+00 5.470222715123257765e-03
4.804020100502512491e+02 1.810603457066830124e+00 5.569365892430632597e-03
4.854271356783919487e+02 1.810620657909055353e+00 5.666809887849975913e-03
4.904522613065327050e+02 1.810639591991178632e+00 5.762519472771988893e-03
4.954773869346734045e+02 1.810660166795223791e+00 5.856465031587199804e-03
5.005025125628141041e+02 1.810682290893004920e+00 5.948622312270988345e-03
5.055276381909548036e+02 1.810705874223668355e+00 6.038972166411509662e-03
5.105527638190955031e+02 1.810730828341125864e+00 6.127500281099636757e-03
5.155778894472362026e+02 1.810757066632302292e+00 6.214196906047346480e-03
5.206030150753769021e+02 1.810784504507305215e+00 6.299056578244123517e-03
5.256281407035176017e+02 1.810813059562789373e+00 6.382077846213047440e-03
5.306532663316583012e+02 1.810842651719914098e+00 6.463262996390889067e-03
5.356783919597990007e+02 1.810873203338382087e+00 6.542617783152051593e-03
5.407035175879397002e+02 1.810904639308105413e+00 6.620151163964775251e-03
5.457286432160803997e+02 1.810936887120091932e+00 6.695875041206008661e-03
5.507537688442210992e+02 1.810969876918143262e+00 6.769804011832591256e-03
5.557788944723617988e+02 1.811003541532958394e+00 6.841955125528888758e-03
5.608040201005024983e+02 1.811037816500208342e+00 6.912347652381049465e-03
5.658291457286431978e+02 1.811072640064102846e+00 6.981002860501692511e-03
5.708542713567838973e+02 1.811107953167928608e+00 7.047943804134927138e-03
5.758793969849245968e+02 1.811143699432967935e+00 7.113195122270021473e-03
5.809045226130654100e+02 1.811179825127140486e+00 7.176782848375948959e-03
5.859296482412059959e+02 1.811216279124645112e+00 7.238734230816314986e-03
5.909547738693468091e+02 1.811253012857786393e+00 7.299077564300929070e-03
5.959798994974873949e+02 1.811289980262105415e+00 7.357842031943196207e-03
6.010050251256282081e+02 1.811327137715850411e+00 7.415057558005400638e-03
6.060301507537687939e+02 1.811364443974732286e+00 7.470754670773823228e-03
6.110552763819096072e+02 1.811401860102851424e+00 7.524964375601228377e-03
6.160804020100503067e+02 1.811439349400586929e+00 7.577718037519953938e-03
6.211055276381910062e+02 1.811476877330177704e+00 7.629047273074958391e-03
6.261306532663317057e+02 1.811514411439648642e+00 7.678983851150220086e-03
6.311557788944724052e+02 1.811551921285671218e+00 7.727559602242907617e-03
6.361809045226131047e+02 1.811589378355877633e+00 7.774806335719604451e-03
6.412060301507538043e+02 1.811626755991100568e+00 7.820755764857063516e-03
6.462311557788945038e+02 1.811664029307940682e+00 7.865439438886144552e-03
6.512562814070352033e+02 1.811701175122022667e+00 7.908888682018267585e-03
6.562814070351759028e+02 1.811738171872247394e+00 7.951134538643076649e-03
6.613065326633166023e+02 1.811774999546307940e+00 7.992207724671176669e-03
6.663316582914573019e+02 1.811811639607691982e+00 8.032138584274116366e-03
6.713567839195980014e+02 1.811848074924361285e+00 8.070957051860245396e-03
6.763819095477387009e+02 1.811884289699264627e+00 8.108692618914411718e-03
6.814070351758794004e+02 1.811920269402805594e+00 8.145374305152037683e-03
6.864321608040200999e+02 1.811956000707369618e+00 8.181030633861101353e-03
6.914572864321607994e+02 1.811991471423981537e+00 8.215689611073476520e-03
6.964824120603016127e+02 1.812026670441146070e+00 8.249378708075556441e-03
7.015075376884421985e+02 1.812061587665909634e+00 8.282124847268597378e-03
7.065326633165830117e+02 1.812096213967155922e+00 8.313954390800935151e-03
7.115577889447235975e+02 1.812130541121143690e+00 8.344893131942168057e-03
7.165829145728644107e+02 1.812164561759272763e+00 8.374966288874543391e-03
7.216080402010049966e+02 1.812198269318060051e+00 8.404198500620607346e-03
7.266331658291458098e+02 1.812231657991295819e+00 8.432613824971952124e-03
7.316582914572863956e+02 1.812264722684342022e+00 8.460235738266487851e-03
7.366834170854272088e+02 1.812297458970527853e+00 8.487087136647459770e-03
7.417085427135677946e+02 1.812329863049592316e+00 8.513190338828080517e-03
7.467336683417086078e+02 1.812361931708124096e+00 8.538567090179246394e-03
7.517587939698491937e+02 1.812393662281933215e+00 8.563238567821294250e-03
7.567839195979900069e+02 1.812425052620299626e+00 8.587225386809895292e-03
7.618090452261307064e+02 1.812456101052036583e+00 8.610547607130593709e-03
7.668341708542714059e+02 1.812486806353301283e+00 8.633224741582887218e-03
7.718592964824121054e+02 1.812517167717090372e+00 8.655275764081097473e-03
7.768844221105528050e+02 1.812547184724357052e+00 8.676719118855142146e-03
7.819095477386935045e+02 1.812576857316680945e+00 8.697572729747207743e-03
7.869346733668342040e+02 1.812606185770431644e+00 8.717854010279347393e-03
7.919597989949749035e+02 1.812635170672356688e+00 8.737579873691635191e-03
7.969849246231156030e+02 1.812663812896535998e+00 8.756766743596421446e-03
8.020100502512563025e+02 1.812692113582638820e+00 8.775430564514732565e-03
8.070351758793970021e+02 1.812720074115425684e+00 8.793586812834543534e-03
8.120603015075377016e+02 1.812747696105433848e+00 8.811250507598318918e-03
8.170854271356784011e+02 1.812774981370792515e+00 8.828436221641875262e-03
8.221105527638192143e+02 1.812801931920109633e+00 8.845158092517110826e-03
8.271356783919598001e+02 1.812828549936382982e+00 8.861429833565314523e-03
8.321608040201006133e+02 1.812854837761875615e+00 8.877264744775101996e-03
8.371859296482411992e+02 1.812880797883915651e+00 8.892675723786777967e-03
8.422110552763820124e+02 1.812906432921564059e+00 8.907675276612894363e-03
8.472361809045225982e+02 1.812931745613111989e+00 8.922275528345940260e-03
8.522613065326634114e+02 1.812956738804360812e+00 8.936488233683988203e-03
8.572864321608039972e+02 1.812981415437640464e+00 8.950324787378671765e-03
8.623115577889448105e+02 1.813005778541532331e+00 8.963796234422252013e-03
8.673366834170853963e+02 1.813029831221252497e+00 8.976913280125217720e-03
8.723618090452262095e+02 1.813053576649660714e+00 8.989686299997984992e-03
8.773869346733667953e+02 1.813077018058862455e+00 9.002125349424036291e-03
8.824120603015076085e+02 1.813100158732368294e+00 9.014240173172177739e-03
8.874371859296483080e+02 1.813123001997778871e+00 9.026040214658657967e-03
8.924623115577890076e+02 1.813145551219967233e+00 9.037534625041599920e-03
8.974874371859297071e+02 1.813167809794729912e+00 9.048732272056497425e-03
9.025125628140704066e+02 1.813189781142876544e+00 9.059641748709719444e-03
9.075376884422111061e+02 1.813211468704737817e+00 9.070271381687766005e-03
9.125628140703518056e+02 1.813232875935061106e+00 9.080629239584993989e-03
9.175879396984925052e+02 1.813254006298276044e+00 9.090723140916271913e-03
9.226130653266332047e+02 1.813274863264106029e+00 9.100560661929333120e-03
9.276381909547739042e+02 1.813295450303501699e+00 9.110149144181905675e-03
9.326633165829146037e+02 1.813315770884884826e+00 9.119495701896910417e-03
9.376884422110553032e+02 1.813335828470675093e+00 9.128607229169000137e-03
9.427135678391960028e+02 1.813355626514089103e+00 9.137490406912203433e-03
9.477386934673367023e+02 1.813375168456190512e+00 9.146151709596475263e-03
9.527638190954774018e+02 1.813394457723177533e+00 9.154597411892695727e-03
9.577889447236181013e+02 1.813413497723894707e+00 9.162833594944424023e-03
9.628140703517588008e+02 1.813432291847552058e+00 9.170866152639891786e-03
9.678391959798995003e+02 1.813450843461639206e+00 9.178700797504652301e-03
9.728643216080401999e+02 1.813469155910023556e+00 9.186343066647192565e-03
9.778894472361808994e+02 1.813487232511218794e+00 9.193798327244526170e-03
9.829145728643217126e+02 1.813505076556815920e+00 9.201071782131644075e-03
9.879396984924624121e+02 1.813522691310060830e+00 9.208168474981610549e-03
9.929648241206031116e+02 1.813540080004575339e+00 9.215093295517706382e-03
9.979899497487438111e+02 1.813557245843207877e+00 9.221850984365311671e-03
1.003015075376884511e+03 1.813574191997006091e+00 9.228446137971238125e-03
1.008040201005025210e+03 1.813590921604303352e+00 9.234883213173934388e-03
1.013065326633165910e+03 1.813607437769914510e+00 9.241166531718879307e-03
1.018090452261306609e+03 1.813623743564427793e+00 9.247300284615324328e-03
1.023115577889447309e+03 1.813639842023589077e+00 9.253288536350894392e-03
1.028140703517588008e+03 1.813655736147776976e+00 9.259135228980192381e-03
1.033165829145728821e+03 1.813671428901551197e+00 9.264844186007387822e-03
1.038190954773869407e+03 1.813686923213280844e+00 9.270419116294330297e-03
1.043216080402009993e+03 1.813702221974839768e+00 9.275863617661859670e-03
1.048241206030150806e+03 1.813717328041366761e+00 9.281181180511292872e-03
1.053266331658291620e+03 1.813732244231083701e+00 9.286375191229477924e-03
1.058291457286432205e+03 1.813746973325171874e+00 9.291448935583790023e-03
1.063316582914572791e+03 1.813761518067696699e+00 9.296405601894439444e-03
1.068341708542713604e+03 1.813775881165581527e+00 9.301248284142204364e-03
1.073366834170854418e+03 1.813790065288623854e+00 9.305979985085428841e-03
1.078391959798995003e+03 1.813804073069553047e+00 9.310603619018463853e-03
1.083417085427135589e+03 1.813817907104123606e+00 9.315122014722837865e-03
1.088442211055276402e+03 1.813831569951243505e+00 9.319537918123732556e-03
1.093467336683417216e+03 1.813845064133135843e+00 9.323853994975790996e-03
1.098492462311557802e+03 1.813858392135523578e+00 9.328072833305915343e-03
1.103517587939698387e+03 1.813871556407847141e+00 9.332196945995874585e-03
1.108542713567839201e+03 1.813884559363502014e+00 9.336228773101291553e-03
1.113567839195980014e+03 1.813897403380099860e+00 9.340170684134856474e-03
1.118592964824120827e+03 1.813910090799747632e+00 9.344024980350702780e-03
1.123618090452261413e+03 1.813922623929347333e+00 9.347793896805317582e-03
1.128643216080401999e+03 1.813935005040911319e+00 9.351479604540958307e-03
1.133668341708542812e+03 1.813947236371889371e+00 9.355084212512425682e-03
1.138693467336683625e+03 1.813959320125513974e+00 9.358609769531638437e-03
1.143718592964824211e+03 1.813971258471152925e+00 9.362058266218940480e-03
1.148743718592964797e+03 1.813983053544674595e+00 9.365431636736703744e-03
1.153768844221105610e+03 1.813994707448821631e+00 9.368731760579071879e-03
1.158793969849246423e+03 1.814006222253592870e+00 9.371960464276268832e-03
1.163819095477387009e+03 1.814017599996632812e+00 9.375119522990648518e-03
1.168844221105527595e+03 1.814028842683625520e+00 9.378210662206624276e-03
1.173869346733668408e+03 1.814039952288694968e+00 9.381235559100658053e-03
1.178894472361809221e+03 1.814050930754808943e+00 9.384195844172271705e-03
1.183919597989949807e+03 1.814061779994187162e+00 9.387093102627482033e-03
1.188944723618090393e+03 1.814072501888710498e+00 9.389928875728502378e-03
1.193969849246231206e+03 1.814083098290333318e+00 9.392704662204820476e-03
1.198994974874372019e+03 1.814093571021497375e+00 9.395421919477797007e-03
1.204020100502512605e+03 1.814103921875545256e+00 9.398082064947674286e-03
1.209045226130653191e+03 1.814114152617135822e+00 9.400686477260580126e-03
1.214070351758794004e+03 1.814124264982657220e+00 9.403236497367021413e-03
1.219095477386934817e+03 1.814134260680640764e+00 9.405733429773958931e-03
1.224120603015075403e+03 1.814144141392173060e+00 9.408178543553778056e-03
1.229145728643215989e+03 1.814153908771307222e+00 9.410573073464854194e-03
1.234170854271356802e+03 1.814163564445470112e+00 9.412918220959708149e-03
1.239195979899497615e+03 1.814173110015870449e+00 9.415215155175540168e-03
1.244221105527638429e+03 1.814182547057901607e+00 9.417465013883876551e-03
1.249246231155779014e+03 1.814191877121544394e+00 9.419668904470344939e-03
1.254271356783919600e+03 1.814201101731762078e+00 9.421827904791575670e-03
1.259296482412060413e+03 1.814210222388898286e+00 9.423943064062812944e-03
1.264321608040201227e+03 1.814219240569066693e+00 9.426015403693923170e-03
1.269346733668341813e+03 1.814228157724539381e+00 9.428045918144735069e-03
1.274371859296482398e+03 1.814236975284129194e+00 9.430035575635067197e-03
1.279396984924623212e+03 1.814245694653571883e+00 9.431985319039375149e-03
1.284422110552764025e+03 1.814254317215899137e+00 9.433896066459897256e-03
1.289447236180904611e+03 1.814262844331812508e+00 9.435768712102513001e-03
1.294472361809045196e+03 1.814271277340048449e+00 9.437604126878608793e-03
1.299497487437186010e+03 1.814279617557742696e+00 9.439403159145116212e-03
1.304522613065326823e+03 1.814287866280786865e+00 9.441166635265171164e-03
1.309547738693467409e+03 1.814296024784183281e+00 9.442895360318958459e-03
1.314572864321607994e+03 1.814304094322393590e+00 9.444590118694293213e-03
1.319597989949748808e+03 1.814312076129682705e+00 9.446251674662980991e-03
1.324623115577889621e+03 1.814319971420459421e+00 9.447880772978331163e-03
1.329648241206030207e+03 1.814327781389609928e+00 9.449478139423412790e-03
1.334673366834170793e+03 1.814335507212829102e+00 9.451044481310188344e-03
1.339698492462311606e+03 1.814343150046945352e+00 9.452580488094129707e-03
1.344723618090452419e+03 1.814350711030241481e+00 9.454086831763684404e-03
1.349748743718593005e+03 1.814358191282770427e+00 9.455564167451122048e-03
1.354773869346733591e+03 1.814365591906666353e+00 9.457013133806738484e-03
1.359798994974874404e+03 1.814372913986450619e+00 9.458434353477145062e-03
1.364824120603015217e+03 1.814380158589334213e+00 9.459828433664127165e-03
1.369849246231156030e+03 1.814387326765514397e+00 9.461195966376810540e-03
1.374874371859296616e+03 1.814394419548466031e+00 9.462537528975908246e-03
1.379899497487437202e+03 1.814401437955230456e+00 9.463853684563984861e-03
1.384924623115578015e+03 1.814408382986697044e+00 9.465144982339281088e-03
1.389949748743718828e+03 1.814415255627883194e+00 9.466411958006990673e-03
1.394974874371859414e+03 1.814422056848206344e+00 9.467655134130713648e-03
1.400000000000000000e+03 1.814428787601754411e+00 9.468875020541462489e-03
