4.000000000000000000e+02 1.805840676697862746e+00 3.869600197872667419e-03
4.050251256281406995e+02 1.805810054577864809e+00 3.992329630180427996e-03
4.100502512562813990e+02 1.805782613602528563e+00 4.114953738266009277e-03
4.150753768844220986e+02 1.805758321224141927e+00 4.237331155086739021e-03
4.201005025125627981e+02 1.805737137116968372e+00 4.359325032802286760e-03
4.251256281407034976e+02 1.805719013677051343e+00 4.480803486625965434e-03
4.301507537688441971e+02 1.805703896545632903e+00 4.601639984384752781e-03
4.351758793969848966e+02 1.805691725150050164e+00 4.721713680912284668e-03
4.402010050251256530e+02 1.805682433256167840e+00 4.840909698099975407e-03
4.452261306532663525e+02 1.805675949526676316e+00 4.959119350896796542e-03
4.502512562814070520e+02 1.805672198079919299e+00 5.076240320927215451e-03
4.552763819095477515e+02 1.805671099044307892e+00 5.192176779746903933e-03
4.603015075376884511e+02 1.805672569103806469e+00 5.306839464101298885e-03
4.653266331658291506e+02 1.805676522030433828e+00 5.420145705708696686e-03
4.703517587939698501e+02 1.805682869200202489e+00 5.532019419018721629e-03
4.753768844221105496e+02 1.805691520089412361e+00 5.642391049899006875e-03
4.804020100502512491e+02 1.805702382748674895e+00 5.751197488620258397e-03
4.854271356783919487e+02 1.805715364252551192e+00 5.858381951133973843e-03
4.904522613065327050e+02 1.805730371123107414e+00 5.963893831364107390e-03
4.954773869346734045e+02 1.805747309726153160e+00 6.067688528872370278e-03
5.005025125628141041e+02 1.805766086639312151e+00 6.169727254776740354e-03
5.055276381909548036e+02 1.805786608991459374e+00 6.269976819565403411e-03
5.105527638190955031e+02 1.805808784773393461e+00 6.368409405713458711e-03
5.155778894472362026e+02 1.805832523119916155e+00 6.465002328660289163e-03
5.206030150753769021e+02 1.805857734563760530e+00 6.559737788269758875e-03
5.256281407035176017e+02 1.805884331262042064e+00 6.652602614298184884e-03
5.306532663316583012e+02 1.805912227196098341e+00 6.743588007442012297e-03
5.356783919597990007e+02 1.805941338345755875e+00 6.832689278907396607e-03
5.407035175879397002e+02 1.805971582839184908e+00 6.919905590063224476e-03
5.457286432160803997e+02 1.806002881079614042e+00 7.005239694206149940e-03
5.507537688442210992e+02 1.806035155850242768e+00 7.088697681899063831e-03
5.557788944723617988e+02 1.806068332398750753e+00 7.170288731289410460e-03
5.608040201005024983e+02 1.806102338502820759e+00 7.250024864701162981e-03
5.658291457286431978e+02 1.806137104518109160e+00 7.327920712203651009e-03
5.708542713567838973e+02 1.806172563410087140e+00 7.403993283442413843e-03
5.758793969849245968e+02 1.806208650771151225e+00 7.478261747959962132e-03
5.809045226130654100e+02 1.806245304824369180e+00 7.550747224611143935e-03
5.859296482412059959e+02 1.806282466415183530e+00 7.621472580900577436e-03
5.909547738693468091e+02 1.806320078992338374e+00 7.690462241667906512e-03
5.959798994974873949e+02 1.806358088579240739e+00 7.757742008198592609e-03
6.010050251256282081e+02 1.806396443736898449e+00 7.823338887014412435e-03
6.060301507537687939e+02 1.806435095519514311e+00 7.887280928971859492e-03
6.110552763819096072e+02 1.806473997423744038e+00 7.949597077971262346e-03
6.160804020100503067e+02 1.806513105332558933e+00 8.010317029719151924e-03
6.211055276381910062e+02 1.806552377454581970e+00 8.069471099747789825e-03
6.261306532663317057e+02 1.806591774259694194e+00 8.127090100855431654e-03
6.311557788944724052e+02 1.806631258411653507e+00 8.183205229545777171e-03
6.361809045226131047e+02 1.806670794698385762e+00 8.237847960911712578e-03
6.412060301507538043e+02 1.806710349960561679e+00 8.291049952148561372e-03
6.462311557788945038e+02 1.806749893018997799e+00 8.342842953605567394e-03
6.512562814070352033e+02 1.806789394601383769e+00 8.393258727774018796e-03
6.562814070351759028e+02 1.806828827268758708e+00 8.442328975225562443e-03
6.613065326633166023e+02 1.806868165342134791e+00 8.490085267383108356e-03
6.663316582914573019e+02 1.806907384829605334e+00 8.536558985810830183e-03
6.713567839195980014e+02 1.806946463354229593e+00 8.581781267442658429e-03
6.763819095477387009e+02 1.806985380082960280e+00 8.625782955527759588e-03
6.814070351758794004e+02 1.807024115656826746e+00 8.668594555897374959e-03
6.864321608040200999e+02 1.807062652122565893e+00 8.710246198178858354e-03
6.914572864321607994e+02 1.807100972865855804e+00 8.750767601599686307e-03
6.964824120603016127e+02 1.807139062546277986e+00 8.790188045163203900e-03
7.015075376884421985e+02 1.807176907034118152e+00 8.828536341693461395e-03
7.065326633165830117e+02 1.807214493349079465e+00 8.865840815709052219e-03
7.115577889447235975e+02 1.807251809600973980e+00 8.902129284580428611e-03
7.165829145728644107e+02 1.807288844932433136e+00 8.937429042818138131e-03
7.216080402010049966e+02 1.807325589463665061e+00 8.971766849294940741e-03
7.266331658291458098e+02 1.807362034239268889e+00 9.005168917110967924e-03
7.316582914572863956e+02 1.807398171177112101e+00 9.037660905706311476e-03
7.366834170854272088e+02 1.807433993019252894e+00 9.069267915395549939e-03
7.417085427135677946e+02 1.807469493284895812e+00 9.100014483707327684e-03
7.467336683417086078e+02 1.807504666225346668e+00 9.129924583591157369e-03
7.517587939698491937e+02 1.807539506780937444e+00 9.159021623277347965e-03
7.567839195979900069e+02 1.807574010539875653e+00 9.187328447536731446e-03
7.618090452261307064e+02 1.807608173698981302e+00 9.214867340336722196e-03
7.668341708542714059e+02 1.807641993026253724e+00 9.241660028628093451e-03
7.718592964824121054e+02 1.807675465825223204e+00 9.267727687100260278e-03
7.768844221105528050e+02 1.807708589901031893e+00 9.293090944046048310e-03
7.819095477386935045e+02 1.807741363528185596e+00 9.317769887842702187e-03
7.869346733668342040e+02 1.807773785419923618e+00 9.341784074291537010e-03
7.919597989949749035e+02 1.807805854699145121e+00 9.365152534448559912e-03
7.969849246231156030e+02 1.807837570870836297e+00 9.387893783129281494e-03
8.020100502512563025e+02 1.807868933795941047e+00 9.410025827747430308e-03
8.070351758793970021e+02 1.807899943666612108e+00 9.431566177564769046e-03
8.120603015075377016e+02 1.807930600982794012e+00 9.452531853344327620e-03
8.170854271356784011e+02 1.807960906530075018e+00 9.472939397117106225e-03
8.221105527638192143e+02 1.807990861358753643e+00 9.492804882243702225e-03
8.271356783919598001e+02 1.808020466764070688e+00 9.512143923644359594e-03
8.321608040201006133e+02 1.808049724267545955e+00 9.530971688048301554e-03
8.371859296482411992e+02 1.808078635599376094e+00 9.549302904404708206e-03
8.422110552763820124e+02 1.808107202681839665e+00 9.567151874303798931e-03
8.472361809045225982e+02 1.808135427613660973e+00 9.584532482338453674e-03
8.522613065326634114e+02 1.808163312655287180e+00 9.601458206544314852e-03
8.572864321608039972e+02 1.808190860215035167e+00 9.617942128648906616e-03
8.623115577889448105e+02 1.808218072836060619e+00 9.633996944438710103e-03
8.673366834170853963e+02 1.808244953184111159e+00 9.649634973799746385e-03
8.723618090452262095e+02 1.808271504036023547e+00 9.664868170841653394e-03
8.773869346733667953e+02 1.808297728268922322e+00 9.679708133808955645e-03
8.824120603015076085e+02 1.808323628850089460e+00 9.694166114794896399e-03
8.874371859296483080e+02 1.808349208827461529e+00 9.708253029420289143e-03
8.924623115577890076e+02 1.808374471320732146e+00 9.721979466282754112e-03
8.974874371859297071e+02 1.808399419513012862e+00 9.735355696233608316e-03
9.025125628140704066e+02 1.808424056643035627e+00 9.748391681469598113e-03
9.075376884422111061e+02 1.808448385997858621e+00 9.761097084493890880e-03
9.125628140703518056e+02 1.808472410906050820e+00 9.773481276828782649e-03
9.175879396984925052e+02 1.808496134731327976e+00 9.785553347544306488e-03
9.226130653266332047e+02 1.808519560866615361e+00 9.797322111665311348e-03
9.276381909547739042e+02 1.808542692728512868e+00 9.808796118235105568e-03
9.326633165829146037e+02 1.808565533752139132e+00 9.819983658369018167e-03
9.376884422110553032e+02 1.808588087386332477e+00 9.830892772938363416e-03
9.427135678391960028e+02 1.808610357089192044e+00 9.841531260193452438e-03
9.477386934673367023e+02 1.808632346323931994e+00 9.851906683055982120e-03
9.527638190954774018e+02 1.808654058555038802e+00 9.862026376387004328e-03
9.577889447236181013e+02 1.808675497244707886e+00 9.871897453914806053e-03
9.628140703517588008e+02 1.808696665849545138e+00 9.881526814969735645e-03
9.678391959798995003e+02 1.808717567817518690e+00 9.890921151215993287e-03
9.728643216080401999e+02 1.808738206585143615e+00 9.900086952940546567e-03
9.778894472361808994e+02 1.808758585574887778e+00 9.909030515380723436e-03
9.829145728643217126e+02 1.808778708192783968e+00 9.917757944683721141e-03
9.879396984924624121e+02 1.808798577826236320e+00 9.926275163921338338e-03
9.929648241206031116e+02 1.808818197842008368e+00 9.934587918629970635e-03
9.979899497487438111e+02 1.808837571584383852e+00 9.942701782476840236e-03
1.003015075376884511e+03 1.808856702373486502e+00 9.950622162555657416e-03
1.008040201005025210e+03 1.808875593503750379e+00 9.958354304642732038e-03
1.013065326633165910e+03 1.808894248242531866e+00 9.965903298218569545e-03
1.018090452261306609e+03 1.808912669828852904e+00 9.973274081361336793e-03
1.023115577889447309e+03 1.808930861472268115e+00 9.980471445517601417e-03
1.028140703517588008e+03 1.808948826351847838e+00 9.987500040077536625e-03
1.033165829145728821e+03 1.808966567615269305e+00 9.994364376826393379e-03
1.038190954773869407e+03 1.808984088378008392e+00 1.000106883432113312e-02
1.043216080402009993e+03 1.809001391722625973e+00 1.000761766197438667e-02
1.048241206030150806e+03 1.809018480698143305e+00 1.001401498418312899e-02
1.053266331658291620e+03 1.809035358319499132e+00 1.002026480420598747e-02
1.058291457286432205e+03 1.809052027567083165e+00 1.002637100800370280e-02
1.063316582914572791e+03 1.809068491386341293e+00 1.003233736787982611e-02
1.068341708542713604e+03 1.809084752687448727e+00 1.003816754603574848e-02
1.073366834170854418e+03 1.809100814345042885e+00 1.004386509804299811e-02
1.078391959798995003e+03 1.809116679198015110e+00 1.004943347616921862e-02
1.083417085427135589e+03 1.809132350049357463e+00 1.005487603261586739e-02
1.088442211055276402e+03 1.809147829666055696e+00 1.006019602261493985e-02
1.093467336683417216e+03 1.809163120779031519e+00 1.006539660747543877e-02
1.098492462311557802e+03 1.809178226083126395e+00 1.007048085751553398e-02
1.103517587939698387e+03 1.809193148237123960e+00 1.007545175484952059e-02
1.108542713567839201e+03 1.809207889863810648e+00 1.008031219620795539e-02
1.113567839195980014e+03 1.809222453550069831e+00 1.008506499551723411e-02
1.118592964824120827e+03 1.809236841847004618e+00 1.008971288648293288e-02
1.123618090452261413e+03 1.809251057270092611e+00 1.009425852509032717e-02
1.128643216080401999e+03 1.809265102299365546e+00 1.009870449202363886e-02
1.133668341708542812e+03 1.809278979379611574e+00 1.010305329491759628e-02
1.138693467336683625e+03 1.809292690920602187e+00 1.010730737067364396e-02
1.143718592964824211e+03 1.809306239297337804e+00 1.011146908764406181e-02
1.148743718592964797e+03 1.809319626850311336e+00 1.011554074763053312e-02
1.153768844221105610e+03 1.809332855885790625e+00 1.011952458808264982e-02
1.158793969849246423e+03 1.809345928676112436e+00 1.012342278393738720e-02
1.163819095477387009e+03 1.809358847459994202e+00 1.012723744958377893e-02
1.168844221105527595e+03 1.809371614442854215e+00 1.013097064070117050e-02
1.173869346733668408e+03 1.809384231797146469e+00 1.013462435602697186e-02
1.178894472361809221e+03 1.809396701662702167e+00 1.013820053914237830e-02
1.183919597989949807e+03 1.809409026147081212e+00 1.014170108004682630e-02
1.188944723618090393e+03 1.809421207325932146e+00 1.014512781687251786e-02
1.193969849246231206e+03 1.809433247243357190e+00 1.014848253738922547e-02
1.198994974874372019e+03 1.809445147912284391e+00 1.015176698053007510e-02
1.204020100502512605e+03 1.809456911314844429e+00 1.015498283790602918e-02
1.209045226130653191e+03 1.809468539402749654e+00 1.015813175513470730e-02
1.214070351758794004e+03 1.809480034097679990e+00 1.016121533333407163e-02
1.219095477386934817e+03 1.809491397291668413e+00 1.016423513030049151e-02
1.224120603015075403e+03 1.809502630847490634e+00 1.016719266195097865e-02
1.229145728643215989e+03 1.809513736599054567e+00 1.017008940345091005e-02
1.234170854271356802e+03 1.809524716351792684e+00 1.017292679050844223e-02
1.239195979899497615e+03 1.809535571883052807e+00 1.017570622048647941e-02
1.244221105527638429e+03 1.809546304942490025e+00 1.017842905351837475e-02
1.249246231155779014e+03 1.809556917252458152e+00 1.018109661369303968e-02
1.254271356783919600e+03 1.809567410508400531e+00 1.018371018998263065e-02
1.259296482412060413e+03 1.809577786379238162e+00 1.018627103740400372e-02
1.264321608040201227e+03 1.809588046507758285e+00 1.018878037790165586e-02
1.269346733668341813e+03 1.809598192511000070e+00 1.019123940137777774e-02
1.274371859296482398e+03 1.809608225980637419e+00 1.019364926660798129e-02
1.279396984924623212e+03 1.809618148483362221e+00 1.019601110215204165e-02
1.284422110552764025e+03 1.809627961561260046e+00 1.019832600716188802e-02
1.289447236180904611e+03 1.809637666732188066e+00 1.020059505233753688e-02
1.294472361809045196e+03 1.809647265490147428e+00 1.020281928066096334e-02
1.299497487437186010e+03 1.809656759305652063e+00 1.020499970824569058e-02
1.304522613065326823e+03 1.809666149626094844e+00 1.020713732505192789e-02
1.309547738693467409e+03 1.809675437876110626e+00 1.020923309570685895e-02
1.314572864321607994e+03 1.809684625457934182e+00 1.021128796014739160e-02
1.319597989949748808e+03 1.809693713751756139e+00 1.021330283434668425e-02
1.324623115577889621e+03 1.809702704116073591e+00 1.021527861105921489e-02
1.329648241206030207e+03 1.809711597888036927e+00 1.021721616037809394e-02
1.334673366834170793e+03 1.809720396383793783e+00 1.021911633042001284e-02
1.339698492462311606e+03 1.809729100898826992e+00 1.022097994794229567e-02
1.344723618090452419e+03 1.809737712708290092e+00 1.022280781895737629e-02
1.349748743718593005e+03 1.809746233067337284e+00 1.022460072929056059e-02
1.354773869346733591e+03 1.809754663211450065e+00 1.022635944513549354e-02
1.359798994974874404e+03 1.809763004356758076e+00 1.022808471361829653e-02
1.364824120603015217e+03 1.809771257700358404e+00 1.022977726332705006e-02
1.369849246231156030e+03 1.809779424420627114e+00 1.023143780479588046e-02
1.374874371859296616e+03 1.809787505677528774e+00 1.023306703107398387e-02
1.379899497487437202e+03 1.809795502612920437e+00 1.023466561811923678e-02
1.384924623115578015e+03 1.809803416350852512e+00 1.023623422530947798e-02
1.389949748743718828e+03 1.809811247997862971e+00 1.023777349590875713e-02
1.394974874371859414e+03 1.809818998643270227e+00 1.023928405748865747e-02
1.400000000000000000e+03 1.809826669359458684e+00 1.024076652235899818e-02
