4.000000000000000000e+02 1.826579415123161354e+00 8.233765565064769809e-03
4.050251256281406995e+02 1.826617200208343395e+00 8.396246051980442091e-03
4.100502512562813990e+02 1.826658194950026459e+00 8.554835406679024007e-03
4.150753768844220986e+02 1.826702162858645062e+00 8.709492940906808298e-03
4.201005025125627981e+02 1.826748873396111028e+00 8.860193037076767586e-03
4.251256281407034976e+02 1.826798102744903396e+00 9.006924033597464574e-03
4.301507537688441971e+02 1.826849634444207116e+00 9.149687110596145187e-03
4.351758793969848966e+02 1.826903259901822896e+00 9.288495188262996249e-03
4.402010050251256530e+02 1.826958778791193172e+00 9.423371848174048188e-03
4.452261306532663525e+02 1.827015999343233110e+00 9.554350286555076191e-03
4.502512562814070520e+02 1.827074738542799892e+00 9.681472306091235686e-03
4.552763819095477515e+02 1.827134822239556255e+00 9.804787352368230652e-03
4.603015075376884511e+02 1.827196085182767327e+00 9.924351598641415612e-03
4.653266331658291506e+02 1.827258370989223613e+00 1.004022708223544121e-02
4.703517587939698501e+02 1.827321532053037600e+00 1.015248089426729755e-02
4.753768844221105496e+02 1.827385429405542272e+00 1.026118442358906618e-02
4.804020100502512491e+02 1.827449932532956511e+00 1.036641265539682208e-02
4.854271356783919487e+02 1.827514919158892415e+00 1.046824352337852662e-02
4.904522613065327050e+02 1.827580274998166665e+00 1.056675731490987549e-02
4.954773869346734045e+02 1.827645893487777062e+00 1.066203612732145693e-02
5.005025125628141041e+02 1.827711675500312216e+00 1.075416337343979532e-02
5.055276381909548036e+02 1.827777529044485982e+00 1.084322333424995490e-02
5.105527638190955031e+02 1.827843368956947989e+00 1.092930075618728410e-02
5.155778894472362026e+02 1.827909116589001792e+00 1.101248049062656352e-02
5.206030150753769021e+02 1.827974699491385913e+00 1.109284717296370182e-02
5.256281407035176017e+02 1.828040051099827590e+00 1.117048493854393663e-02
5.306532663316583012e+02 1.828105110423678292e+00 1.124547717302237446e-02
5.356783919597990007e+02 1.828169821739560774e+00 1.131790629434988905e-02
5.407035175879397002e+02 1.828234134291635282e+00 1.138785356412813990e-02
5.457286432160803997e+02 1.828298001999783651e+00 1.145539892565340667e-02
5.507537688442210992e+02 1.828361383176757782e+00 1.152062086655053497e-02
5.557788944723617988e+02 1.828424240255086541e+00 1.158359630363696782e-02
5.608040201005024983e+02 1.828486539524347254e+00 1.164440048807234215e-02
5.658291457286431978e+02 1.828548250879216797e+00 1.170310692867425513e-02
5.708542713567838973e+02 1.828609347578567634e+00 1.175978733169184831e-02
5.758793969849245968e+02 1.828669806015741361e+00 1.181451155532211444e-02
5.809045226130654100e+02 1.828729605500016842e+00 1.186734757725500279e-02
5.859296482412059959e+02 1.828788728049200563e+00 1.191836147394454391e-02
5.909547738693468091e+02 1.828847158193180666e+00 1.196761741022756877e-02
5.959798994974873949e+02 1.828904882788228381e+00 1.201517763790869997e-02
6.010050251256282081e+02 1.828961890841777960e+00 1.206110250236616145e-02
6.060301507537687939e+02 1.829018173347366272e+00 1.210545045610231067e-02
6.110552763819096072e+02 1.829073723129395423e+00 1.214827807817456772e-02
6.160804020100503067e+02 1.829128534697346486e+00 1.218964009888320876e-02
6.211055276381910062e+02 1.829182604109061749e+00 1.222958942868751162e-02
6.261306532663317057e+02 1.829235928842704251e+00 1.226817719096457218e-02
6.311557788944724052e+02 1.829288507676988695e+00 1.230545275768117792e-02
6.361809045226131047e+02 1.829340340579292290e+00 1.234146378763274418e-02
6.412060301507538043e+02 1.829391428601242708e+00 1.237625626676833526e-02
6.462311557788945038e+02 1.829441773781389724e+00 1.240987454996093919e-02
6.512562814070352033e+02 1.829491379054584144e+00 1.244236140403992205e-02
6.562814070351759028e+02 1.829540248167680794e+00 1.247375805166279182e-02
6.613065326633166023e+02 1.829588385601212508e+00 1.250410421571471371e-02
6.663316582914573019e+02 1.829635796496675626e+00 1.253343816397932756e-02
6.713567839195980014e+02 1.829682486589099488e+00 1.256179675387771207e-02
6.763819095477387009e+02 1.829728462144568635e+00 1.258921547701010238e-02
6.814070351758794004e+02 1.829773729902397283e+00 1.261572850341129322e-02
6.864321608040200999e+02 1.829818297021654772e+00 1.264136872527889081e-02
6.914572864321607994e+02 1.829862171031766405e+00 1.266616780016183164e-02
6.964824120603016127e+02 1.829905359786924368e+00 1.269015619341850448e-02
7.015075376884421985e+02 1.829947871424052686e+00 1.271336321979766974e-02
7.065326633165830117e+02 1.829989714324094852e+00 1.273581708426539151e-02
7.115577889447235975e+02 1.830030897076394103e+00 1.275754492184952120e-02
7.165829145728644107e+02 1.830071428445957826e+00 1.277857283647499710e-02
7.216080402010049966e+02 1.830111317343405153e+00 1.279892593884082372e-02
7.266331658291458098e+02 1.830150572797412334e+00 1.281862838323274446e-02
7.316582914572863956e+02 1.830189203929477593e+00 1.283770340323638938e-02
7.366834170854272088e+02 1.830227219930842919e+00 1.285617334648944329e-02
7.417085427135677946e+02 1.830264630041416707e+00 1.287405970825746503e-02
7.467336683417086078e+02 1.830301443530552907e+00 1.289138316394065203e-02
7.517587939698491937e+02 1.830337669679552359e+00 1.290816360063693456e-02
7.567839195979900069e+02 1.830373317765756180e+00 1.292442014744987593e-02
7.618090452261307064e+02 1.830408397048120417e+00 1.294017120493945808e-02
7.668341708542714059e+02 1.830442916754152494e+00 1.295543447347038621e-02
7.718592964824121054e+02 1.830476886068114206e+00 1.297022698048396275e-02
7.768844221105528050e+02 1.830510314120391557e+00 1.298456510692837240e-02
7.819095477386935045e+02 1.830543209977942842e+00 1.299846461259761277e-02
7.869346733668342040e+02 1.830575582635743936e+00 1.301194066057966697e-02
7.919597989949749035e+02 1.830607441009148850e+00 1.302500784080457864e-02
7.969849246231156030e+02 1.830638793927099828e+00 1.303768019266270638e-02
8.020100502512563025e+02 1.830669650126115711e+00 1.304997122678806971e-02
8.070351758793970021e+02 1.830700018244996397e+00 1.306189394596208968e-02
8.120603015075377016e+02 1.830729906820190322e+00 1.307346086524342060e-02
8.170854271356784011e+02 1.830759324281766576e+00 1.308468403129902161e-02
8.221105527638192143e+02 1.830788278949942560e+00 1.309557504097728226e-02
8.271356783919598001e+02 1.830816779032125696e+00 1.310614505911922127e-02
8.321608040201006133e+02 1.830844832620421192e+00 1.311640483569486391e-02
8.371859296482411992e+02 1.830872447689567695e+00 1.312636472221417883e-02
8.422110552763820124e+02 1.830899632095268403e+00 1.313603468752959011e-02
8.472361809045225982e+02 1.830926393572876565e+00 1.314542433298430783e-02
8.522613065326634114e+02 1.830952739736410262e+00 1.315454290691015458e-02
8.572864321608039972e+02 1.830978678077864075e+00 1.316339931857838513e-02
8.623115577889448105e+02 1.831004215966792747e+00 1.317200215157874645e-02
8.673366834170853963e+02 1.831029360650139548e+00 1.318035967665995289e-02
8.723618090452262095e+02 1.831054119252288892e+00 1.318847986402139905e-02
8.773869346733667953e+02 1.831078498775322583e+00 1.319637039510390512e-02
8.824120603015076085e+02 1.831102506099455018e+00 1.320403867394291143e-02
8.874371859296483080e+02 1.831126147983637154e+00 1.321149183801196073e-02
8.924623115577890076e+02 1.831149431066306343e+00 1.321873676860983379e-02
8.974874371859297071e+02 1.831172361866269638e+00 1.322578010091085207e-02
9.025125628140704066e+02 1.831194946783704092e+00 1.323262823348628561e-02
9.075376884422111061e+02 1.831217192101266766e+00 1.323928733751587525e-02
9.125628140703518056e+02 1.831239103985293770e+00 1.324576336558008424e-02
9.175879396984925052e+02 1.831260688487085231e+00 1.325206206014148402e-02
9.226130653266332047e+02 1.831281951544262876e+00 1.325818896162170475e-02
9.276381909547739042e+02 1.831302898982187122e+00 1.326414941618126245e-02
9.326633165829146037e+02 1.831323536515436556e+00 1.326994858315805152e-02
9.376884422110553032e+02 1.831343869749326947e+00 1.327559144227067819e-02
9.427135678391960028e+02 1.831363904181474211e+00 1.328108280039108115e-02
9.477386934673367023e+02 1.831383645203390698e+00 1.328642729821767100e-02
9.527638190954774018e+02 1.831403098102107663e+00 1.329162941650225208e-02
9.577889447236181013e+02 1.831422268061821512e+00 1.329669348218612962e-02
9.628140703517588008e+02 1.831441160165554249e+00 1.330162367414011379e-02
9.678391959798995003e+02 1.831459779396829912e+00 1.330642402876281057e-02
9.728643216080401999e+02 1.831478130641356339e+00 1.331109844536527281e-02
9.778894472361808994e+02 1.831496218688714261e+00 1.331565069124516706e-02
9.829145728643217126e+02 1.831514048234045067e+00 1.332008440666196565e-02
9.879396984924624121e+02 1.831531623879738335e+00 1.332440310952407586e-02
9.929648241206031116e+02 1.831548950137113607e+00 1.332861019997387715e-02
9.979899497487438111e+02 1.831566031428097263e+00 1.333270896468970526e-02
1.003015075376884511e+03 1.831582872086885860e+00 1.333670258112363595e-02
1.008040201005025210e+03 1.831599476361603029e+00 1.334059412149383832e-02
1.013065326633165910e+03 1.831615848415937942e+00 1.334438655661675938e-02
1.018090452261306609e+03 1.831631992330773340e+00 1.334808275966416213e-02
1.023115577889447309e+03 1.831647912105794695e+00 1.335168550965521589e-02
1.028140703517588008e+03 1.831663611661082269e+00 1.335519749494321236e-02
1.033165829145728821e+03 1.831679094838684296e+00 1.335862131642377541e-02
1.038190954773869407e+03 1.831694365404171743e+00 1.336195949077366094e-02
1.043216080402009993e+03 1.831709427048169747e+00 1.336521445338053997e-02
1.048241206030150806e+03 1.831724283387871077e+00 1.336838856133895810e-02
1.053266331658291620e+03 1.831738937968524716e+00 1.337148409619779918e-02
1.058291457286432205e+03 1.831753394264905355e+00 1.337450326667627420e-02
1.063316582914572791e+03 1.831767655682755125e+00 1.337744821123313874e-02
1.068341708542713604e+03 1.831781725560207352e+00 1.338032100053985519e-02
1.073366834170854418e+03 1.831795607169183437e+00 1.338312363989999608e-02
1.078391959798995003e+03 1.831809303716766646e+00 1.338585807153272293e-02
1.083417085427135589e+03 1.831822818346553472e+00 1.338852617677083016e-02
1.088442211055276402e+03 1.831836154139979023e+00 1.339112977818236218e-02
1.093467336683417216e+03 1.831849314117619310e+00 1.339367064164957363e-02
1.098492462311557802e+03 1.831862301240470225e+00 1.339615047827318224e-02
1.103517587939698387e+03 1.831875118411201653e+00 1.339857094633461337e-02
1.108542713567839201e+03 1.831887768475388256e+00 1.340093365305975413e-02
1.113567839195980014e+03 1.831900254222715407e+00 1.340324015639196738e-02
1.118592964824120827e+03 1.831912578388164015e+00 1.340549196665874812e-02
1.123618090452261413e+03 1.831924743653169596e+00 1.340769054825675759e-02
1.128643216080401999e+03 1.831936752646759148e+00 1.340983732110711049e-02
1.133668341708542812e+03 1.831948607946664920e+00 1.341193366225403721e-02
1.138693467336683625e+03 1.831960312080416431e+00 1.341398090726766447e-02
1.143718592964824211e+03 1.831971867526407616e+00 1.341598035164177569e-02
1.148743718592964797e+03 1.831983276714945541e+00 1.341793325214539478e-02
1.153768844221105610e+03 1.831994542029273365e+00 1.341984082809541748e-02
1.158793969849246423e+03 1.832005665806575312e+00 1.342170426264156606e-02
1.163819095477387009e+03 1.832016650338956998e+00 1.342352470393153897e-02
1.168844221105527595e+03 1.832027497874407995e+00 1.342530326625589361e-02
1.173869346733668408e+03 1.832038210617742413e+00 1.342704103121422458e-02
1.178894472361809221e+03 1.832048790731517718e+00 1.342873904875394736e-02
1.183919597989949807e+03 1.832059240336938011e+00 1.343039833818118929e-02
1.188944723618090393e+03 1.832069561514732214e+00 1.343201988923486273e-02
1.193969849246231206e+03 1.832079756306018270e+00 1.343360466296782650e-02
1.198994974874372019e+03 1.832089826713144021e+00 1.343515359270811352e-02
1.204020100502512605e+03 1.832099774700513661e+00 1.343666758497634797e-02
1.209045226130653191e+03 1.832109602195392650e+00 1.343814752030168466e-02
1.214070351758794004e+03 1.832119311088697078e+00 1.343959425410166421e-02
1.219095477386934817e+03 1.832128903235763939e+00 1.344100861743606316e-02
1.224120603015075403e+03 1.832138380457106530e+00 1.344239141782489592e-02
1.229145728643215989e+03 1.832147744539150303e+00 1.344374343997370262e-02
1.234170854271356802e+03 1.832156997234954288e+00 1.344506544648059292e-02
1.239195979899497615e+03 1.832166140264916532e+00 1.344635817859944800e-02
1.244221105527638429e+03 1.832175175317461324e+00 1.344762235679514313e-02
1.249246231155779014e+03 1.832184104049714879e+00 1.344885868152850134e-02
1.254271356783919600e+03 1.832192928088161699e+00 1.345006783375089082e-02
1.259296482412060413e+03 1.832201649029290724e+00 1.345125047561218125e-02
1.264321608040201227e+03 1.832210268440221945e+00 1.345240725098583931e-02
1.269346733668341813e+03 1.832218787859324793e+00 1.345353878607540715e-02
1.274371859296482398e+03 1.832227208796815665e+00 1.345464568989609283e-02
1.279396984924623212e+03 1.832235532735348338e+00 1.345572855487084732e-02
1.284422110552764025e+03 1.832243761130588622e+00 1.345678795729341945e-02
1.289447236180904611e+03 1.832251895411774134e+00 1.345782445784000740e-02
1.294472361809045196e+03 1.832259936982264970e+00 1.345883860202224704e-02
1.299497487437186010e+03 1.832267887220079272e+00 1.345983092068065226e-02
1.304522613065326823e+03 1.832275747478418815e+00 1.346080193039474009e-02
1.309547738693467409e+03 1.832283519086180368e+00 1.346175213392542327e-02
1.314572864321607994e+03 1.832291203348458852e+00 1.346268202064019974e-02
1.319597989949748808e+03 1.832298801547035394e+00 1.346359206689642235e-02
1.324623115577889621e+03 1.832306314940856939e+00 1.346448273640746263e-02
1.329648241206030207e+03 1.832313744766505215e+00 1.346535448069072043e-02
1.334673366834170793e+03 1.832321092238652360e+00 1.346620773934191148e-02
1.339698492462311606e+03 1.832328358550511016e+00 1.346704294046546964e-02
1.344723618090452419e+03 1.832335544874269306e+00 1.346786050092306335e-02
1.349748743718593005e+03 1.832342652361519386e+00 1.346866082677948551e-02
1.354773869346733591e+03 1.832349682143675773e+00 1.346944431348428596e-02
1.359798994974874404e+03 1.832356635332383021e+00 1.347021134629202387e-02
1.364824120603015217e+03 1.832363513019915402e+00 1.347096230050076268e-02
1.369849246231156030e+03 1.832370316279568812e+00 1.347169754177260717e-02
1.374874371859296616e+03 1.832377046166040246e+00 1.347241742634671009e-02
1.379899497487437202e+03 1.832383703715803502e+00 1.347312230140853759e-02
1.384924623115578015e+03 1.832390289947472439e+00 1.347381250526922918e-02
1.389949748743718828e+03 1.832396805862158695e+00 1.347448836765178896e-02
1.394974874371859414e+03 1.832403252443820962e+00 1.347515020993577187e-02
1.400000000000000000e+03 1.832409630659605160e+00 1.347579834537695857e-02
