4.000000000000000000e+02 1.823201028316396632e+00 8.712950890609274385e-03
4.050251256281406995e+02 1.823221834335404079e+00 8.912308454597625898e-03
4.100502512562813990e+02 1.823247227020891925e+00 9.108088771385669177e-03
4.150753768844220986e+02 1.823276962579502669e+00 9.300165096609880680e-03
4.201005025125627981e+02 1.823310797207041922e+00 9.488429069773788790e-03
4.251256281407034976e+02 1.823348488394894940e+00 9.672789964118709560e-03
4.301507537688441971e+02 1.823389796110242989e+00 9.853173864654564754e-03
4.351758793969848966e+02 1.823434483850476129e+00 1.002952279067072412e-02
4.402010050251256530e+02 1.823482319573901611e+00 1.020179377763644202e-02
4.452261306532663525e+02 1.823533076510311490e+00 1.036995793255170509e-02
4.502512562814070520e+02 1.823586533856168534e+00 1.053399947503429711e-02
4.552763819095477515e+02 1.823642477360118530e+00 1.069391477544570992e-02
4.603015075376884511e+02 1.823700699805265613e+00 1.084971139980425367e-02
4.653266331658291506e+02 1.823761001395157955e+00 1.100140717003169483e-02
4.703517587939698501e+02 1.823823190050769094e+00 1.114902924666886889e-02
4.753768844221105496e+02 1.823887081625918949e+00 1.129261324002194498e-02
4.804020100502512491e+02 1.823952500048607206e+00 1.143220235479542116e-02
4.854271356783919487e+02 1.824019277395642291e+00 1.156784657184569201e-02
4.904522613065327050e+02 1.824087253907746620e+00 1.169960186994684244e-02
4.954773869346734045e+02 1.824156277952063476e+00 1.182752948980108840e-02
5.005025125628141041e+02 1.824226205938646261e+00 1.195169524128613346e-02
5.055276381909548036e+02 1.824296902197145354e+00 1.207216885490389711e-02
5.105527638190955031e+02 1.824368238819493504e+00 1.218902337705917403e-02
5.155778894472362026e+02 1.824440095473975010e+00 1.230233460924212187e-02
5.206030150753769021e+02 1.824512359195616495e+00 1.241218058989676347e-02
5.256281407035176017e+02 1.824584924157421906e+00 1.251864111799818463e-02
5.306532663316583012e+02 1.824657691426527784e+00 1.262179731685970918e-02
5.356783919597990007e+02 1.824730568708964773e+00 1.272173123660548869e-02
5.407035175879397002e+02 1.824803470086290069e+00 1.281852549346271415e-02
5.457286432160803997e+02 1.824876315747006261e+00 1.291226294403559523e-02
5.507537688442210992e+02 1.824949031715305869e+00 1.300302639246728002e-02
5.557788944723617988e+02 1.825021549579370017e+00 1.309089832877557286e-02
5.608040201005024983e+02 1.825093806221134374e+00 1.317596069605337684e-02
5.658291457286431978e+02 1.825165743549161945e+00 1.325829468475480007e-02
5.708542713567838973e+02 1.825237308236006939e+00 1.333798055202335339e-02
5.758793969849245968e+02 1.825308451461222115e+00 1.341509746425271002e-02
5.809045226130654100e+02 1.825379128660955308e+00 1.348972336092674716e-02
5.859296482412059959e+02 1.825449299284898297e+00 1.356193483818820926e-02
5.909547738693468091e+02 1.825518926561180200e+00 1.363180705026846400e-02
5.959798994974873949e+02 1.825587977269655715e+00 1.369941362722764538e-02
6.010050251256282081e+02 1.825656421523911721e+00 1.376482660768007550e-02
6.060301507537687939e+02 1.825724232562202065e+00 1.382811638493675055e-02
6.110552763819096072e+02 1.825791386547421791e+00 1.388935166518770643e-02
6.160804020100503067e+02 1.825857862376155882e+00 1.394859943680988069e-02
6.211055276381910062e+02 1.825923641496758787e+00 1.400592494924877800e-02
6.261306532663317057e+02 1.825988707736367456e+00 1.406139170076624832e-02
6.311557788944724052e+02 1.826053047136700913e+00 1.411506143391522833e-02
6.361809045226131047e+02 1.826116647798450288e+00 1.416699413785970849e-02
6.412060301507538043e+02 1.826179499734045919e+00 1.421724805670409458e-02
6.462311557788945038e+02 1.826241594728543305e+00 1.426587970320537108e-02
6.512562814070352033e+02 1.826302926208365429e+00 1.431294387698912526e-02
6.562814070351759028e+02 1.826363489117614591e+00 1.435849368681382451e-02
6.613065326633166023e+02 1.826423279801659971e+00 1.440258057618716905e-02
6.663316582914573019e+02 1.826482295897701169e+00 1.444525435192413505e-02
6.713567839195980014e+02 1.826540536231999301e+00 1.448656321512831711e-02
6.763819095477387009e+02 1.826598000723479442e+00 1.452655379416205664e-02
6.814070351758794004e+02 1.826654690293392225e+00 1.456527117927347223e-02
6.864321608040200999e+02 1.826710606780745039e+00 1.460275895855605785e-02
6.914572864321607994e+02 1.826765752863203085e+00 1.463905925485458823e-02
6.964824120603016127e+02 1.826820131983178497e+00 1.467421276345709687e-02
7.015075376884421985e+02 1.826873748278828424e+00 1.470825879025570819e-02
7.065326633165830117e+02 1.826926606519691854e+00 1.474123529018377815e-02
7.115577889447235975e+02 1.826978712046708253e+00 1.477317890582090058e-02
7.165829145728644107e+02 1.827030070716362253e+00 1.480412500587730863e-02
7.216080402010049966e+02 1.827080688848722101e+00 1.483410772347427964e-02
7.266331658291458098e+02 1.827130573179135631e+00 1.486315999418137690e-02
7.316582914572863956e+02 1.827179730813367264e+00 1.489131359355437383e-02
7.366834170854272088e+02 1.827228169185966866e+00 1.491859917415087888e-02
7.417085427135677946e+02 1.827275896021669732e+00 1.494504630199254905e-02
7.467336683417086078e+02 1.827322919299642523e+00 1.497068349238313452e-02
7.517587939698491937e+02 1.827369247220388848e+00 1.499553824494064165e-02
7.567839195979900069e+02 1.827414888175152852e+00 1.501963707792548786e-02
7.618090452261307064e+02 1.827459850717654044e+00 1.504300556176110283e-02
7.668341708542714059e+02 1.827504143538004389e+00 1.506566835176335016e-02
7.718592964824121054e+02 1.827547775438663091e+00 1.508764921995601853e-02
7.768844221105528050e+02 1.827590755312296089e+00 1.510897108614630939e-02
7.819095477386935045e+02 1.827633092121410785e+00 1.512965604799353103e-02
7.869346733668342040e+02 1.827674794879646569e+00 1.514972541035148473e-02
7.919597989949749035e+02 1.827715872634611660e+00 1.516919971361519424e-02
7.969849246231156030e+02 1.827756334452155462e+00 1.518809876131978383e-02
8.020100502512563025e+02 1.827796189401983851e+00 1.520644164677954768e-02
8.070351758793970021e+02 1.827835446544516129e+00 1.522424677891056309e-02
8.120603015075377016e+02 1.827874114918905057e+00 1.524153190728006965e-02
8.170854271356784011e+02 1.827912203532131352e+00 1.525831414618902815e-02
8.221105527638192143e+02 1.827949721349100054e+00 1.527460999806496203e-02
8.271356783919598001e+02 1.827986677283667261e+00 1.529043537603713004e-02
8.321608040201006133e+02 1.828023080190525507e+00 1.530580562566584597e-02
8.371859296482411992e+02 1.828058938857892501e+00 1.532073554599070776e-02
8.422110552763820124e+02 1.828094262000938608e+00 1.533523940976904733e-02
8.472361809045225982e+02 1.828129058255902217e+00 1.534933098307097663e-02
8.522613065326634114e+02 1.828163336174838616e+00 1.536302354409765404e-02
8.572864321608039972e+02 1.828197104220958824e+00 1.537632990132645032e-02
8.623115577889448105e+02 1.828230370764511115e+00 1.538926241107679838e-02
8.673366834170853963e+02 1.828263144079164126e+00 1.540183299428530758e-02
8.723618090452262095e+02 1.828295432338853388e+00 1.541405315277535187e-02
8.773869346733667953e+02 1.828327243615056608e+00 1.542593398491430047e-02
8.824120603015076085e+02 1.828358585874461095e+00 1.543748620059387858e-02
8.874371859296483080e+02 1.828389466976996447e+00 1.544872013578439847e-02
8.924623115577890076e+02 1.828419894674198520e+00 1.545964576640092639e-02
8.974874371859297071e+02 1.828449876607882718e+00 1.547027272175082943e-02
9.025125628140704066e+02 1.828479420309097492e+00 1.548061029742078994e-02
9.075376884422111061e+02 1.828508533197335861e+00 1.549066746769038432e-02
9.125628140703518056e+02 1.828537222579986965e+00 1.550045289745772756e-02
9.175879396984925052e+02 1.828565495651999662e+00 1.550997495373338149e-02
9.226130653266332047e+02 1.828593359495747084e+00 1.551924171665750203e-02
9.276381909547739042e+02 1.828620821081071268e+00 1.552826099011616300e-02
9.326633165829146037e+02 1.828647887265492544e+00 1.553704031198891236e-02
9.376884422110553032e+02 1.828674564794566804e+00 1.554558696390874115e-02
9.427135678391960028e+02 1.828700860302380438e+00 1.555390798074401427e-02
9.477386934673367023e+02 1.828726780312166955e+00 1.556201015964647424e-02
9.527638190954774018e+02 1.828752331237035511e+00 1.556990006878773529e-02
9.577889447236181013e+02 1.828777519380798022e+00 1.557758405573460292e-02
9.628140703517588008e+02 1.828802350938886878e+00 1.558506825554150863e-02
9.678391959798995003e+02 1.828826831999353475e+00 1.559235859848099974e-02
9.728643216080401999e+02 1.828850968543937583e+00 1.559946081749679324e-02
9.778894472361808994e+02 1.828874766449200218e+00 1.560638045539212808e-02
9.829145728643217126e+02 1.828898231487713799e+00 1.561312287172300639e-02
9.879396984924624121e+02 1.828921369329299162e+00 1.561969324940136634e-02
9.929648241206031116e+02 1.828944185542308754e+00 1.562609660108384840e-02
9.979899497487438111e+02 1.828966685594944686e+00 1.563233777530773430e-02
1.003015075376884511e+03 1.828988874856608993e+00 1.563842146236385858e-02
1.008040201005025210e+03 1.829010758599281417e+00 1.564435219999546142e-02
1.013065326633165910e+03 1.829032341998918065e+00 1.565013437880573982e-02
1.018090452261306609e+03 1.829053630136869835e+00 1.565577224753353716e-02
1.023115577889447309e+03 1.829074628001314595e+00 1.566126991810072588e-02
1.028140703517588008e+03 1.829095340488699151e+00 1.566663137042010809e-02
1.033165829145728821e+03 1.829115772405190077e+00 1.567186045710818043e-02
1.038190954773869407e+03 1.829135928468128114e+00 1.567696090794216610e-02
1.043216080402009993e+03 1.829155813307485445e+00 1.568193633419128971e-02
1.048241206030150806e+03 1.829175431467322754e+00 1.568679023277472565e-02
1.053266331658291620e+03 1.829194787407241396e+00 1.569152599024831868e-02
1.058291457286432205e+03 1.829213885503834236e+00 1.569614688667148733e-02
1.063316582914572791e+03 1.829232730052126055e+00 1.570065609926408340e-02
1.068341708542713604e+03 1.829251325267009065e+00 1.570505670602462267e-02
1.073366834170854418e+03 1.829269675284667329e+00 1.570935168913461383e-02
1.078391959798995003e+03 1.829287784163989627e+00 1.571354393824942949e-02
1.083417085427135589e+03 1.829305655887971227e+00 1.571763625370531728e-02
1.088442211055276402e+03 1.829323294365100994e+00 1.572163134954492753e-02
1.093467336683417216e+03 1.829340703430735404e+00 1.572553185647551297e-02
1.098492462311557802e+03 1.829357886848457015e+00 1.572934032473270738e-02
1.103517587939698387e+03 1.829374848311415835e+00 1.573305922678022717e-02
1.108542713567839201e+03 1.829391591443656706e+00 1.573669095993130915e-02
1.113567839195980014e+03 1.829408119801426924e+00 1.574023784893500630e-02
1.118592964824120827e+03 1.829424436874467652e+00 1.574370214837303786e-02
1.123618090452261413e+03 1.829440546087286679e+00 1.574708604501609543e-02
1.128643216080401999e+03 1.829456450800413414e+00 1.575039166009810712e-02
1.133668341708542812e+03 1.829472154311634791e+00 1.575362105151609238e-02
1.138693467336683625e+03 1.829487659857211623e+00 1.575677621589290783e-02
1.143718592964824211e+03 1.829502970613076762e+00 1.575985909065151860e-02
1.148743718592964797e+03 1.829518089696013483e+00 1.576287155593923336e-02
1.153768844221105610e+03 1.829533020164815005e+00 1.576581543651521533e-02
1.158793969849246423e+03 1.829547765021423578e+00 1.576869250359474658e-02
1.163819095477387009e+03 1.829562327212051809e+00 1.577150447654504170e-02
1.168844221105527595e+03 1.829576709628281783e+00 1.577425302463026854e-02
1.173869346733668408e+03 1.829590915108147975e+00 1.577693976860902736e-02
1.178894472361809221e+03 1.829604946437199509e+00 1.577956628231142258e-02
1.183919597989949807e+03 1.829618806349541993e+00 1.578213409416087329e-02
1.188944723618090393e+03 1.829632497528861590e+00 1.578464468861995318e-02
1.193969849246231206e+03 1.829646022609430878e+00 1.578709950762385156e-02
1.198994974874372019e+03 1.829659384177093617e+00 1.578949995191036501e-02
1.204020100502512605e+03 1.829672584770232202e+00 1.579184738235217891e-02
1.209045226130653191e+03 1.829685626880718008e+00 1.579414312123547312e-02
1.214070351758794004e+03 1.829698512954840650e+00 1.579638845344289930e-02
1.219095477386934817e+03 1.829711245394221253e+00 1.579858462767477767e-02
1.224120603015075403e+03 1.829723826556705957e+00 1.580073285755407425e-02
1.229145728643215989e+03 1.829736258757246103e+00 1.580283432275594521e-02
1.234170854271356802e+03 1.829748544268754440e+00 1.580489017004959446e-02
1.239195979899497615e+03 1.829760685322950220e+00 1.580690151432996918e-02
1.244221105527638429e+03 1.829772684111184766e+00 1.580886943961834837e-02
1.249246231155779014e+03 1.829784542785249934e+00 1.581079499998986823e-02
1.254271356783919600e+03 1.829796263458170813e+00 1.581267922051946689e-02
1.259296482412060413e+03 1.829807848204983989e+00 1.581452309818313917e-02
1.264321608040201227e+03 1.829819299063496940e+00 1.581632760269363960e-02
1.269346733668341813e+03 1.829830618035033885e+00 1.581809367734093516e-02
1.274371859296482398e+03 1.829841807085166527e+00 1.581982223982351249e-02
1.279396984924623212e+03 1.829852868144427491e+00 1.582151418300044299e-02
1.284422110552764025e+03 1.829863803109011977e+00 1.582317037563453141e-02
1.289447236180904611e+03 1.829874613841462994e+00 1.582479166314066168e-02
1.294472361809045196e+03 1.829885302171342154e+00 1.582637886828334658e-02
1.299497487437186010e+03 1.829895869895888483e+00 1.582793279185856425e-02
1.304522613065326823e+03 1.829906318780660790e+00 1.582945421333202540e-02
1.309547738693467409e+03 1.829916650560168501e+00 1.583094389149700826e-02
1.314572864321607994e+03 1.829926866938488939e+00 1.583240256508170254e-02
1.319597989949748808e+03 1.829936969589871731e+00 1.583383095334126717e-02
1.324623115577889621e+03 1.829946960159329006e+00 1.583522975662054674e-02
1.329648241206030207e+03 1.829956840263215145e+00 1.583659965694371105e-02
1.334673366834170793e+03 1.829966611489793893e+00 1.583794131850459544e-02
1.339698492462311606e+03 1.829976275399792796e+00 1.583925538824014836e-02
1.344723618090452419e+03 1.829985833526946104e+00 1.584054249629066394e-02
1.349748743718593005e+03 1.829995287378526569e+00 1.584180325650820856e-02
1.354773869346733591e+03 1.830004638435866360e+00 1.584303826693604644e-02
1.359798994974874404e+03 1.830013888154865320e+00 1.584424811023820226e-02
1.364824120603015217e+03 1.830023037966491017e+00 1.584543335414921247e-02
1.369849246231156030e+03 1.830032089277265905e+00 1.584659455194414521e-02
1.374874371859296616e+03 1.830041043469745166e+00 1.584773224279576592e-02
1.379899497487437202e+03 1.830049901902984555e+00 1.584884695219410111e-02
1.384924623115578015e+03 1.830058665912997373e+00 1.584993919235831022e-02
1.389949748743718828e+03 1.830067336813204548e+00 1.585100946258489324e-02
1.394974874371859414e+03 1.830075915894870953e+00 1.585205824963735119e-02
1.400000000000000000e+03 1.830084404427535505e+00 1.585308602805821435e-02
