4.000000000000000000e+02 1.831396363595680032e+00 9.168993421379176625e-03
4.050251256281406995e+02 1.831436956162432406e+00 9.352503372134902612e-03
4.100502512562813990e+02 1.831481237359021907e+00 9.531713788865388629e-03
4.150753768844220986e+02 1.831528943010602317e+00 9.706571660146495403e-03
4.201005025125627981e+02 1.831579815045506043e+00 9.877041109184706014e-03
4.251256281407034976e+02 1.831633602407050310e+00 1.004310217963729455e-02
4.301507537688441971e+02 1.831690061816598103e+00 1.020474961504088014e-02
4.351758793969848966e+02 1.831748958396886673e+00 1.036199164566178887e-02
4.402010050251256530e+02 1.831810066165445283e+00 1.051484879538346420e-02
4.452261306532663525e+02 1.831873168408439501e+00 1.066335271876199704e-02
4.502512562814070520e+02 1.831938057945533993e+00 1.080754507658791309e-02
4.552763819095477515e+02 1.832004537296387570e+00 1.094747645720546905e-02
4.603015075376884511e+02 1.832072418759242316e+00 1.108320534820349083e-02
4.653266331658291506e+02 1.832141524411754929e+00 1.121479716288341366e-02
4.703517587939698501e+02 1.832211686043793142e+00 1.134232332381663114e-02
4.753768844221105496e+02 1.832282745031389437e+00 1.146586040499473352e-02
4.804020100502512491e+02 1.832354552160479821e+00 1.158548933334304851e-02
4.854271356783919487e+02 1.832426967408410601e+00 1.170129464910488366e-02
4.904522613065327050e+02 1.832499859690563504e+00 1.181336382452854300e-02
4.954773869346734045e+02 1.832573106578786248e+00 1.192178663899241473e-02
5.005025125628141041e+02 1.832646593997677265e+00 1.202665460916220452e-02
5.055276381909548036e+02 1.832720215904133587e+00 1.212806047144061872e-02
5.105527638190955031e+02 1.832793873954979169e+00 1.222609771480226253e-02
5.155778894472362026e+02 1.832867477166908010e+00 1.232086016073856774e-02
5.206030150753769021e+02 1.832940941572441806e+00 1.241244158810294977e-02
5.256281407035176017e+02 1.833014189875108446e+00 1.250093539964959588e-02
5.306532663316583012e+02 1.833087151106575163e+00 1.258643432752237779e-02
5.356783919597990007e+02 1.833159760288066487e+00 1.266903017498952413e-02
5.407035175879397002e+02 1.833231958097998548e+00 1.274881359156858698e-02
5.457286432160803997e+02 1.833303690547432252e+00 1.282587387878260203e-02
5.507537688442210992e+02 1.833374908664635594e+00 1.290029882413617525e-02
5.557788944723617988e+02 1.833445568189768116e+00 1.297217456079557095e-02
5.608040201005024983e+02 1.833515629280474402e+00 1.304158545055090872e-02
5.658291457286431978e+02 1.833585056228949295e+00 1.310861398801568128e-02
5.708542713567838973e+02 1.833653817190860735e+00 1.317334072377493795e-02
5.758793969849245968e+02 1.833721883926364704e+00 1.323584420482271963e-02
5.809045226130654100e+02 1.833789231553301313e+00 1.329620093026359813e-02
5.859296482412059959e+02 1.833855838312555608e+00 1.335448532068820096e-02
5.909547738693468091e+02 1.833921685345465624e+00 1.341076969972489902e-02
5.959798994974873949e+02 1.833986756483091174e+00 1.346512428630952142e-02
6.010050251256282081e+02 1.834051038047074700e+00 1.351761719640363554e-02
6.060301507537687939e+02 1.834114518661791982e+00 1.356831445290618623e-02
6.110552763819096072e+02 1.834177189077439429e+00 1.361728000280017919e-02
6.160804020100503067e+02 1.834239042003675824e+00 1.366457574044017270e-02
6.211055276381910062e+02 1.834300071953415934e+00 1.371026153619279812e-02
6.261306532663317057e+02 1.834360275096351911e+00 1.375439526948133741e-02
6.311557788944724052e+02 1.834419649121782347e+00 1.379703286575144870e-02
6.361809045226131047e+02 1.834478193110306909e+00 1.383822833647346297e-02
6.412060301507538043e+02 1.834535907413958888e+00 1.387803382169466339e-02
6.462311557788945038e+02 1.834592793544347122e+00 1.391649963473628494e-02
6.512562814070352033e+02 1.834648854068382962e+00 1.395367430830165775e-02
6.562814070351759028e+02 1.834704092511184603e+00 1.398960464196360477e-02
6.613065326633166023e+02 1.834758513265750013e+00 1.402433575028193442e-02
6.663316582914573019e+02 1.834812121509017624e+00 1.405791111156909703e-02
6.713567839195980014e+02 1.834864923123934899e+00 1.409037261678745996e-02
6.763819095477387009e+02 1.834916924627176593e+00 1.412176061847370163e-02
6.814070351758794004e+02 1.834968133102165444e+00 1.415211397941659906e-02
6.864321608040200999e+02 1.835018556137068213e+00 1.418147012098528413e-02
6.914572864321607994e+02 1.835068201767449780e+00 1.420986507079781760e-02
6.964824120603016127e+02 1.835117078423289527e+00 1.423733350984053916e-02
7.015075376884421985e+02 1.835165194880070683e+00 1.426390881863601884e-02
7.065326633165830117e+02 1.835212560213682398e+00 1.428962312266494374e-02
7.115577889447235975e+02 1.835259183758871426e+00 1.431450733671294460e-02
7.165829145728644107e+02 1.835305075071012260e+00 1.433859120824034807e-02
7.216080402010049966e+02 1.835350243890960131e+00 1.436190335969856312e-02
7.266331658291458098e+02 1.835394700112784161e+00 1.438447132966142947e-02
7.316582914572863956e+02 1.835438453754174359e+00 1.440632161290944513e-02
7.366834170854272088e+02 1.835481514929334201e+00 1.442747969929402373e-02
7.417085427135677946e+02 1.835523893824187347e+00 1.444797011146382003e-02
7.467336683417086078e+02 1.835565600673728870e+00 1.446781644142656163e-02
7.517587939698491937e+02 1.835606645741367560e+00 1.448704138590501192e-02
7.567839195979900069e+02 1.835647039300117633e+00 1.450566678061524471e-02
7.618090452261307064e+02 1.835686791615498858e+00 1.452371363331239444e-02
7.668341708542714059e+02 1.835725912930023407e+00 1.454120215571178681e-02
7.718592964824121054e+02 1.835764413449151089e+00 1.455815179438661733e-02
7.768844221105528050e+02 1.835802303328600393e+00 1.457458126047053541e-02
7.819095477386935045e+02 1.835839592662915631e+00 1.459050855832500458e-02
7.869346733668342040e+02 1.835876291475192046e+00 1.460595101315042936e-02
7.919597989949749035e+02 1.835912409707873616e+00 1.462092529762235894e-02
7.969849246231156030e+02 1.835947957214535631e+00 1.463544745744737273e-02
8.020100502512563025e+02 1.835982943752580754e+00 1.464953293605632603e-02
8.070351758793970021e+02 1.836017378976772196e+00 1.466319659825386819e-02
8.120603015075377016e+02 1.836051272433540715e+00 1.467645275302710724e-02
8.170854271356784011e+02 1.836084633555999934e+00 1.468931517545495578e-02
8.221105527638192143e+02 1.836117471659619804e+00 1.470179712774803173e-02
8.271356783919598001e+02 1.836149795938494478e+00 1.471391137948396821e-02
8.321608040201006133e+02 1.836181615462165295e+00 1.472567022704751767e-02
8.371859296482411992e+02 1.836212939172946701e+00 1.473708551225242670e-02
8.422110552763820124e+02 1.836243775883714457e+00 1.474816864029341278e-02
8.472361809045225982e+02 1.836274134276119296e+00 1.475893059691802539e-02
8.522613065326634114e+02 1.836304022899182931e+00 1.476938196497023549e-02
8.572864321608039972e+02 1.836333450168252890e+00 1.477953294020727809e-02
8.623115577889448105e+02 1.836362424364272883e+00 1.478939334651552945e-02
8.673366834170853963e+02 1.836390953633352696e+00 1.479897265050665427e-02
8.723618090452262095e+02 1.836419045986597443e+00 1.480827997552658891e-02
8.773869346733667953e+02 1.836446709300183944e+00 1.481732411507113469e-02
8.824120603015076085e+02 1.836473951315653830e+00 1.482611354569076008e-02
8.874371859296483080e+02 1.836500779640403369e+00 1.483465643933859664e-02
8.924623115577890076e+02 1.836527201748352933e+00 1.484296067524953217e-02
8.974874371859297071e+02 1.836553224980777443e+00 1.485103385131749179e-02
9.025125628140704066e+02 1.836578856547278926e+00 1.485888329496718591e-02
9.075376884422111061e+02 1.836604103526889187e+00 1.486651607371011069e-02
9.125628140703518056e+02 1.836628972869286391e+00 1.487393900510284792e-02
9.175879396984925052e+02 1.836653471396113346e+00 1.488115866640072997e-02
9.226130653266332047e+02 1.836677605802387925e+00 1.488818140384767265e-02
9.276381909547739042e+02 1.836701382657987658e+00 1.489501334147563978e-02
9.326633165829146037e+02 1.836724808409208265e+00 1.490166038966714464e-02
9.376884422110553032e+02 1.836747889380379251e+00 1.490812825326359552e-02
9.427135678391960028e+02 1.836770631775531237e+00 1.491442243941958068e-02
9.477386934673367023e+02 1.836793041680107264e+00 1.492054826511185137e-02
9.527638190954774018e+02 1.836815125062710052e+00 1.492651086433817269e-02
9.577889447236181013e+02 1.836836887776879923e+00 1.493231519504075247e-02
9.628140703517588008e+02 1.836858335562895794e+00 1.493796604571425227e-02
9.678391959798995003e+02 1.836879474049596395e+00 1.494346804182158754e-02
9.728643216080401999e+02 1.836900308756213462e+00 1.494882565185054642e-02
9.778894472361808994e+02 1.836920845094215382e+00 1.495404319321560691e-02
9.829145728643217126e+02 1.836941088369155262e+00 1.495912483785977361e-02
9.879396984924624121e+02 1.836961043782521230e+00 1.496407461768592233e-02
9.929648241206031116e+02 1.836980716433584737e+00 1.496889642972409201e-02
9.979899497487438111e+02 1.837000111321242635e+00 1.497359404111176656e-02
1.003015075376884511e+03 1.837019233345853264e+00 1.497817109388970350e-02
1.008040201005025210e+03 1.837038087311061885e+00 1.498263110957862368e-02
1.013065326633165910e+03 1.837056677925613002e+00 1.498697749359095485e-02
1.018090452261306609e+03 1.837075009805149373e+00 1.499121353947967077e-02
1.023115577889447309e+03 1.837093087473993913e+00 1.499534243298915326e-02
1.028140703517588008e+03 1.837110915366915620e+00 1.499936725596175829e-02
1.033165829145728821e+03 1.837128497830873730e+00 1.500329099011657452e-02
1.038190954773869407e+03 1.837145839126744562e+00 1.500711652061310387e-02
1.043216080402009993e+03 1.837162943431024154e+00 1.501084663957901258e-02
1.048241206030150806e+03 1.837179814837511360e+00 1.501448404936650029e-02
1.053266331658291620e+03 1.837196457358964530e+00 1.501803136579754790e-02
1.058291457286432205e+03 1.837212874928739303e+00 1.502149112125125523e-02
1.063316582914572791e+03 1.837229071402394665e+00 1.502486576758702529e-02
1.068341708542713604e+03 1.837245050559282555e+00 1.502815767900816772e-02
1.073366834170854418e+03 1.837260816104105743e+00 1.503136915480033330e-02
1.078391959798995003e+03 1.837276371668452812e+00 1.503450242193092243e-02
1.083417085427135589e+03 1.837291720812307405e+00 1.503755963761379405e-02
1.088442211055276402e+03 1.837306867025530588e+00 1.504054289172919098e-02
1.093467336683417216e+03 1.837321813729317688e+00 1.504345420915140057e-02
1.098492462311557802e+03 1.837336564277628925e+00 1.504629555199959480e-02
1.103517587939698387e+03 1.837351121958594069e+00 1.504906882181985053e-02
1.108542713567839201e+03 1.837365489995890888e+00 1.505177586166208878e-02
1.113567839195980014e+03 1.837379671550096738e+00 1.505441845807462334e-02
1.118592964824120827e+03 1.837393669720015721e+00 1.505699834303901759e-02
1.123618090452261413e+03 1.837407487543979867e+00 1.505951719583832442e-02
1.128643216080401999e+03 1.837421128001123671e+00 1.506197664484446204e-02
1.133668341708542812e+03 1.837434594012634648e+00 1.506437826920303293e-02
1.138693467336683625e+03 1.837447888442977906e+00 1.506672360055609332e-02
1.143718592964824211e+03 1.837461014101097634e+00 1.506901412458206205e-02
1.148743718592964797e+03 1.837473973741590827e+00 1.507125128255220291e-02
1.153768844221105610e+03 1.837486770065861030e+00 1.507343647284500009e-02
1.158793969849246423e+03 1.837499405723243884e+00 1.507557105230088526e-02
1.163819095477387009e+03 1.837511883312113792e+00 1.507765633767546749e-02
1.168844221105527595e+03 1.837524205380962394e+00 1.507969360689688336e-02
1.173869346733668408e+03 1.837536374429459274e+00 1.508168410040739739e-02
1.178894472361809221e+03 1.837548392909484907e+00 1.508362902234650603e-02
1.183919597989949807e+03 1.837560263226146740e+00 1.508552954173776432e-02
1.188944723618090393e+03 1.837571987738769730e+00 1.508738679366479485e-02
1.193969849246231206e+03 1.837583568761866459e+00 1.508920188034838621e-02
1.198994974874372019e+03 1.837595008566087484e+00 1.509097587221315886e-02
1.204020100502512605e+03 1.837606309379149483e+00 1.509270980892194261e-02
1.209045226130653191e+03 1.837617473386744082e+00 1.509440470035590745e-02
1.214070351758794004e+03 1.837628502733427149e+00 1.509606152757009441e-02
1.219095477386934817e+03 1.837639399523485872e+00 1.509768124371707425e-02
1.224120603015075403e+03 1.837650165821791415e+00 1.509926477494628362e-02
1.229145728643215989e+03 1.837660803654628916e+00 1.510081302120560610e-02
1.234170854271356802e+03 1.837671315010510176e+00 1.510232685716592083e-02
1.239195979899497615e+03 1.837681701840969462e+00 1.510380713291580024e-02
1.244221105527638429e+03 1.837691966061339999e+00 1.510525467480145455e-02
1.249246231155779014e+03 1.837702109551514917e+00 1.510667028613997716e-02
1.254271356783919600e+03 1.837712134156689103e+00 1.510805474795304248e-02
1.259296482412060413e+03 1.837722041688087282e+00 1.510940881964760799e-02
1.264321608040201227e+03 1.837731833923673452e+00 1.511073323968051274e-02
1.269346733668341813e+03 1.837741512608845440e+00 1.511202872622902614e-02
1.274371859296482398e+03 1.837751079457113690e+00 1.511329597778665601e-02
1.279396984924623212e+03 1.837760536150766733e+00 1.511453567378711477e-02
1.284422110552764025e+03 1.837769884341516891e+00 1.511574847518306133e-02
1.289447236180904611e+03 1.837779125651138878e+00 1.511693502500171746e-02
1.294472361809045196e+03 1.837788261672085754e+00 1.511809594889210011e-02
1.299497487437186010e+03 1.837797293968098211e+00 1.511923185564926185e-02
1.304522613065326823e+03 1.837806224074797212e+00 1.512034333773759447e-02
1.309547738693467409e+03 1.837815053500261309e+00 1.512143097176185669e-02
1.314572864321607994e+03 1.837823783725595295e+00 1.512249531894472795e-02
1.319597989949748808e+03 1.837832416205483321e+00 1.512353692561825211e-02
1.324623115577889621e+03 1.837840952368730019e+00 1.512455632360442011e-02
1.329648241206030207e+03 1.837849393618790295e+00 1.512555403069783949e-02
1.334673366834170793e+03 1.837857741334286699e+00 1.512653055108164474e-02
1.339698492462311606e+03 1.837865996869514795e+00 1.512748637569141276e-02
1.344723618090452419e+03 1.837874161554938990e+00 1.512842198264454860e-02
1.349748743718593005e+03 1.837882236697674587e+00 1.512933783757366805e-02
1.354773869346733591e+03 1.837890223581961635e+00 1.513023439401818895e-02
1.359798994974874404e+03 1.837898123469626999e+00 1.513111209380070196e-02
1.364824120603015217e+03 1.837905937600536443e+00 1.513197136730748751e-02
1.369849246231156030e+03 1.837913667193035394e+00 1.513281263387129295e-02
1.374874371859296616e+03 1.837921313444383253e+00 1.513363630205096129e-02
1.379899497487437202e+03 1.837928877531173066e+00 1.513444276996933624e-02
1.384924623115578015e+03 1.837936360609747410e+00 1.513523242559943090e-02
1.389949748743718828e+03 1.837943763816600296e+00 1.513600564707221624e-02
1.394974874371859414e+03 1.837951088268773958e+00 1.513676280291806168e-02
1.400000000000000000e+03 1.837958335064242554e+00 1.513750425236650224e-02
