4.000000000000000000e+02 1.839266530964971169e+00 9.409331472419849712e-03
4.050251256281406995e+02 1.839295304420815791e+00 9.616566827673313569e-03
4.100502512562813990e+02 1.839328689067299960e+00 9.819741994872982493e-03
4.150753768844220986e+02 1.839366416467253407e+00 1.001874482533646714e-02
4.201005025125627981e+02 1.839408220154160833e+00 1.021348260332752278e-02
4.251256281407034976e+02 1.839453836922599672e+00 1.040388108205611908e-02
4.301507537688441971e+02 1.839503007973497306e+00 1.058988346234781761e-02
4.351758793969848966e+02 1.839555479917419412e+00 1.077144933099148487e-02
4.402010050251256530e+02 1.839611005640713337e+00 1.094855357458543801e-02
4.452261306532663525e+02 1.839669345040647608e+00 1.112118528294882974e-02
4.502512562814070520e+02 1.839730265636697615e+00 1.128934665437592196e-02
4.552763819095477515e+02 1.839793543065882941e+00 1.145305191388249974e-02
4.603015075376884511e+02 1.839858961470576038e+00 1.161232625329172187e-02
4.653266331658291506e+02 1.839926313787485279e+00 1.176720480134058402e-02
4.703517587939698501e+02 1.839995401946640463e+00 1.191773162989135694e-02
4.753768844221105496e+02 1.840066036989145726e+00 1.206395880143364824e-02
4.804020100502512491e+02 1.840138039112297896e+00 1.220594546177875515e-02
4.854271356783919487e+02 1.840211237650375198e+00 1.234375698063967450e-02
4.904522613065327050e+02 1.840285470999033723e+00 1.247746414215559173e-02
4.954773869346734045e+02 1.840360586490821682e+00 1.260714238614874493e-02
5.005025125628141041e+02 1.840436440228841564e+00 1.273287110071714620e-02
5.055276381909548036e+02 1.840512896885088789e+00 1.285473296554173056e-02
5.105527638190955031e+02 1.840589829469477356e+00 1.297281334536302261e-02
5.155778894472362026e+02 1.840667119075043656e+00 1.308719973215098295e-02
5.206030150753769021e+02 1.840744654604301589e+00 1.319798123461730574e-02
5.256281407035176017e+02 1.840822332481224288e+00 1.330524811297331862e-02
5.306532663316583012e+02 1.840900056352844816e+00 1.340909135702340882e-02
5.356783919597990007e+02 1.840977736784010110e+00 1.350960230540032385e-02
5.407035175879397002e+02 1.841055290948399259e+00 1.360687230355176434e-02
5.457286432160803997e+02 1.841132642318499935e+00 1.370099239818668366e-02
5.507537688442210992e+02 1.841209720356888013e+00 1.379205306585304554e-02
5.557788944723617988e+02 1.841286460210791676e+00 1.388014397328479581e-02
5.608040201005024983e+02 1.841362802411631305e+00 1.396535376708549561e-02
5.658291457286431978e+02 1.841438692580929182e+00 1.404776989077381744e-02
5.708542713567838973e+02 1.841514081143738935e+00 1.412747842679791185e-02
5.758793969849245968e+02 1.841588923050519133e+00 1.420456396148716931e-02
5.809045226130654100e+02 1.841663177508167326e+00 1.427910947104433018e-02
5.859296482412059959e+02 1.841736807720764091e+00 1.435119622667432350e-02
5.909547738693468091e+02 1.841809780640412564e+00 1.442090371692352109e-02
5.959798994974873949e+02 1.841882066728429246e+00 1.448830958591027993e-02
6.010050251256282081e+02 1.841953639727022862e+00 1.455348958541585920e-02
6.060301507537687939e+02 1.842024476441501912e+00 1.461651753994277700e-02
6.110552763819096072e+02 1.842094556532958061e+00 1.467746532284502914e-02
6.160804020100503067e+02 1.842163862321314349e+00 1.473640284276645125e-02
6.211055276381910062e+02 1.842232378598554599e+00 1.479339803887030555e-02
6.261306532663317057e+02 1.842300092451910176e+00 1.484851688408727124e-02
6.311557788944724052e+02 1.842366993096739680e+00 1.490182339519354436e-02
6.361809045226131047e+02 1.842433071718804882e+00 1.495337964904955123e-02
6.412060301507538043e+02 1.842498321325620747e+00 1.500324580398943071e-02
6.462311557788945038e+02 1.842562736606548457e+00 1.505148012584213435e-02
6.512562814070352033e+02 1.842626313801275062e+00 1.509813901767619038e-02
6.562814070351759028e+02 1.842689050576332477e+00 1.514327705299771051e-02
6.613065326633166023e+02 1.842750945909286786e+00 1.518694701145411122e-02
6.663316582914573019e+02 1.842811999980249693e+00 1.522919991702349242e-02
6.713567839195980014e+02 1.842872214070346848e+00 1.527008507781181176e-02
6.763819095477387009e+02 1.842931590466796221e+00 1.530965012738789988e-02
6.814070351758794004e+02 1.842990132374254575e+00 1.534794106718723877e-02
6.864321608040200999e+02 1.843047843832092081e+00 1.538500230967318472e-02
6.914572864321607994e+02 1.843104729637274453e+00 1.542087672201137780e-02
6.964824120603016127e+02 1.843160795272533736e+00 1.545560566997760885e-02
7.015075376884421985e+02 1.843216046839530220e+00 1.548922906202809986e-02
7.065326633165830117e+02 1.843270490996707034e+00 1.552178539308634621e-02
7.115577889447235975e+02 1.843324134901565214e+00 1.555331178820366228e-02
7.165829145728644107e+02 1.843376986157088782e+00 1.558384404568838831e-02
7.216080402010049966e+02 1.843429052762064480e+00 1.561341667973535456e-02
7.266331658291458098e+02 1.843480343065058369e+00 1.564206296244843170e-02
7.316582914572863956e+02 1.843530865721814571e+00 1.566981496506269361e-02
7.366834170854272088e+02 1.843580629655861225e+00 1.569670359845582938e-02
7.417085427135677946e+02 1.843629644022115377e+00 1.572275865273846732e-02
7.467336683417086078e+02 1.843677918173291630e+00 1.574800883599617243e-02
7.517587939698491937e+02 1.843725461628931139e+00 1.577248181204947072e-02
7.567839195979900069e+02 1.843772284046875765e+00 1.579620423730288686e-02
7.618090452261307064e+02 1.843818395197023285e+00 1.581920179654209418e-02
7.668341708542714059e+02 1.843863804937211137e+00 1.584149923780618988e-02
7.718592964824121054e+02 1.843908523191080118e+00 1.586312040617403329e-02
7.768844221105528050e+02 1.843952559927785506e+00 1.588408827664159265e-02
7.819095477386935045e+02 1.843995925143425696e+00 1.590442498585455458e-02
7.869346733668342040e+02 1.844038628844067551e+00 1.592415186300824570e-02
7.919597989949749035e+02 1.844080681030258351e+00 1.594328945958473076e-02
7.969849246231156030e+02 1.844122091682915077e+00 1.596185757822154647e-02
8.020100502512563025e+02 1.844162870750498673e+00 1.597987530063074701e-02
8.070351758793970021e+02 1.844203028137372247e+00 1.599736101444896447e-02
8.120603015075377016e+02 1.844242573693266163e+00 1.601433243927049069e-02
8.170854271356784011e+02 1.844281517203762988e+00 1.603080665174947891e-02
8.221105527638192143e+02 1.844319868381728345e+00 1.604680010977248272e-02
8.271356783919598001e+02 1.844357636859620841e+00 1.606232867580299414e-02
8.321608040201006133e+02 1.844394832182609800e+00 1.607740763935086581e-02
8.371859296482411992e+02 1.844431463802445048e+00 1.609205173865501520e-02
8.422110552763820124e+02 1.844467541072018157e+00 1.610627518155438240e-02
8.472361809045225982e+02 1.844503073240562729e+00 1.612009166557487258e-02
8.522613065326634114e+02 1.844538069449447315e+00 1.613351439725763461e-02
8.572864321608039972e+02 1.844572538728509903e+00 1.614655611080683534e-02
8.623115577889448105e+02 1.844606489992894449e+00 1.615922908596763644e-02
8.673366834170853963e+02 1.844639932040349262e+00 1.617154516529113045e-02
8.723618090452262095e+02 1.844672873548949932e+00 1.618351577068640954e-02
8.773869346733667953e+02 1.844705323075210845e+00 1.619515191936480789e-02
8.824120603015076085e+02 1.844737289052556628e+00 1.620646423918319784e-02
8.874371859296483080e+02 1.844768779790119106e+00 1.621746298335097203e-02
8.924623115577890076e+02 1.844799803471837363e+00 1.622815804461467948e-02
8.974874371859297071e+02 1.844830368155832012e+00 1.623855896888214134e-02
9.025125628140704066e+02 1.844860481774028838e+00 1.624867496827441318e-02
9.075376884422111061e+02 1.844890152132014904e+00 1.625851493374309495e-02
9.125628140703518056e+02 1.844919386909099401e+00 1.626808744715022709e-02
9.175879396984925052e+02 1.844948193658568103e+00 1.627740079283026414e-02
9.226130653266332047e+02 1.844976579808107253e+00 1.628646296884371514e-02
9.276381909547739042e+02 1.845004552660384878e+00 1.629528169761928699e-02
9.326633165829146037e+02 1.845032119393770653e+00 1.630386443628134910e-02
9.376884422110553032e+02 1.845059287063188336e+00 1.631221838659681692e-02
9.427135678391960028e+02 1.845086062601074772e+00 1.632035050440051871e-02
9.477386934673367023e+02 1.845112452818446824e+00 1.632826750879996097e-02
9.527638190954774018e+02 1.845138464406058221e+00 1.633597589096275754e-02
9.577889447236181013e+02 1.845164103935635680e+00 1.634348192249389028e-02
9.628140703517588008e+02 1.845189377861189639e+00 1.635079166359301381e-02
9.678391959798995003e+02 1.845214292520386268e+00 1.635791097084140361e-02
9.728643216080401999e+02 1.845238854135974993e+00 1.636484550465157686e-02
9.778894472361808994e+02 1.845263068817265539e+00 1.637160073650708453e-02
9.829145728643217126e+02 1.845286942561643384e+00 1.637818195584126585e-02
9.879396984924624121e+02 1.845310481256122959e+00 1.638459427669530441e-02
9.929648241206031116e+02 1.845333690678928829e+00 1.639084264408527739e-02
9.979899497487438111e+02 1.845356576501101076e+00 1.639693184014999472e-02
1.003015075376884511e+03 1.845379144288120443e+00 1.640286649006976807e-02
1.008040201005025210e+03 1.845401399501548134e+00 1.640865106768510037e-02
1.013065326633165910e+03 1.845423347500677602e+00 1.641428990098112856e-02
1.018090452261306609e+03 1.845444993544191448e+00 1.641978717731889387e-02
1.023115577889447309e+03 1.845466342791824532e+00 1.642514694847720114e-02
1.028140703517588008e+03 1.845487400306027759e+00 1.643037313546043265e-02
1.033165829145728821e+03 1.845508171053628299e+00 1.643546953320315293e-02
1.038190954773869407e+03 1.845528659907488489e+00 1.644043981503187646e-02
1.043216080402009993e+03 1.845548871648153844e+00 1.644528753692674206e-02
1.048241206030150806e+03 1.845568810965497741e+00 1.645001614173369209e-02
1.053266331658291620e+03 1.845588482460351232e+00 1.645462896309259071e-02
1.058291457286432205e+03 1.845607890646122407e+00 1.645912922929922140e-02
1.063316582914572791e+03 1.845627039950402892e+00 1.646352006695416328e-02
1.068341708542713604e+03 1.845645934716557468e+00 1.646780450456887535e-02
1.073366834170854418e+03 1.845664579205298805e+00 1.647198547591447945e-02
1.078391959798995003e+03 1.845682977596244889e+00 1.647606582335066697e-02
1.083417085427135589e+03 1.845701133989458675e+00 1.648004830096064938e-02
1.088442211055276402e+03 1.845719052406965099e+00 1.648393557758775010e-02
1.093467336683417216e+03 1.845736736794255872e+00 1.648773023978810509e-02
1.098492462311557802e+03 1.845754191021766077e+00 1.649143479462649234e-02
1.103517587939698387e+03 1.845771418886333892e+00 1.649505167239700629e-02
1.108542713567839201e+03 1.845788424112639881e+00 1.649858322924258741e-02
1.113567839195980014e+03 1.845805210354621861e+00 1.650203174964726821e-02
1.118592964824120827e+03 1.845821781196869571e+00 1.650539944888276128e-02
1.123618090452261413e+03 1.845838140155996010e+00 1.650868847532258737e-02
1.128643216080401999e+03 1.845854290681989029e+00 1.651190091270518523e-02
1.133668341708542812e+03 1.845870236159536715e+00 1.651503878227939676e-02
1.138693467336683625e+03 1.845885979909333230e+00 1.651810404491364792e-02
1.143718592964824211e+03 1.845901525189360237e+00 1.652109860308866723e-02
1.148743718592964797e+03 1.845916875196146112e+00 1.652402430282138082e-02
1.153768844221105610e+03 1.845932033066005173e+00 1.652688293557423582e-02
1.158793969849246423e+03 1.845947001876249605e+00 1.652967624000257346e-02
1.163819095477387009e+03 1.845961784646382497e+00 1.653240590371519991e-02
1.168844221105527595e+03 1.845976384339269361e+00 1.653507356496122099e-02
1.173869346733668408e+03 1.845990803862284091e+00 1.653768081418982919e-02
1.178894472361809221e+03 1.846005046068436073e+00 1.654022919566468242e-02
1.183919597989949807e+03 1.846019113757475072e+00 1.654272020891167302e-02
1.188944723618090393e+03 1.846033009676973702e+00 1.654515531019510807e-02
1.193969849246231206e+03 1.846046736523389686e+00 1.654753591391515052e-02
1.198994974874372019e+03 1.846060296943106138e+00 1.654986339390002170e-02
1.204020100502512605e+03 1.846073693533452964e+00 1.655213908478781609e-02
1.209045226130653191e+03 1.846086928843704733e+00 1.655436428318952935e-02
1.214070351758794004e+03 1.846100005376063669e+00 1.655654024897565413e-02
1.219095477386934817e+03 1.846112925586615550e+00 1.655866820637139775e-02
1.224120603015075403e+03 1.846125691886272735e+00 1.656074934514227895e-02
1.229145728643215989e+03 1.846138306641694093e+00 1.656278482163572180e-02
1.234170854271356802e+03 1.846150772176188060e+00 1.656477575985307316e-02
1.239195979899497615e+03 1.846163090770593485e+00 1.656672325243160188e-02
1.244221105527638429e+03 1.846175264664148719e+00 1.656862836169078340e-02
1.249246231155779014e+03 1.846187296055335159e+00 1.657049212047492434e-02
1.254271356783919600e+03 1.846199187102707917e+00 1.657231553316090844e-02
1.259296482412060413e+03 1.846210939925708727e+00 1.657409957647600074e-02
1.264321608040201227e+03 1.846222556605458420e+00 1.657584520036036943e-02
1.269346733668341813e+03 1.846234039185538078e+00 1.657755332882085778e-02
1.274371859296482398e+03 1.846245389672747983e+00 1.657922486067562109e-02
1.279396984924623212e+03 1.846256610037854129e+00 1.658086067035720659e-02
1.284422110552764025e+03 1.846267702216318751e+00 1.658246160864022128e-02
1.289447236180904611e+03 1.846278668109012866e+00 1.658402850335394599e-02
1.294472361809045196e+03 1.846289509582916599e+00 1.658556216009340542e-02
1.299497487437186010e+03 1.846300228471801530e+00 1.658706336285529007e-02
1.304522613065326823e+03 1.846310826576902153e+00 1.658853287471267687e-02
1.309547738693467409e+03 1.846321305667569357e+00 1.658997143844822067e-02
1.314572864321607994e+03 1.846331667481911021e+00 1.659137977711919870e-02
1.319597989949748808e+03 1.846341913727421069e+00 1.659275859468157741e-02
1.324623115577889621e+03 1.846352046081591203e+00 1.659410857653265126e-02
1.329648241206030207e+03 1.846362066192513307e+00 1.659543039007938328e-02
1.334673366834170793e+03 1.846371975679465427e+00 1.659672468525220240e-02
1.339698492462311606e+03 1.846381776133487973e+00 1.659799209501115411e-02
1.344723618090452419e+03 1.846391469117945716e+00 1.659923323585784163e-02
1.349748743718593005e+03 1.846401056169078236e+00 1.660044870831973302e-02
1.354773869346733591e+03 1.846410538796539713e+00 1.660163909738014004e-02
1.359798994974874404e+03 1.846419918483924061e+00 1.660280497297433530e-02
1.364824120603015217e+03 1.846429196689282515e+00 1.660394689038456606e-02
1.369849246231156030e+03 1.846438374845627450e+00 1.660506539068791129e-02
1.374874371859296616e+03 1.846447454361425766e+00 1.660616100115665586e-02
1.379899497487437202e+03 1.846456436621082942e+00 1.660723423563796944e-02
1.384924623115578015e+03 1.846465322985414881e+00 1.660828559495973467e-02
1.389949748743718828e+03 1.846474114792111543e+00 1.660931556728235253e-02
1.394974874371859414e+03 1.846482813356188357e+00 1.661032462847000443e-02
1.400000000000000000e+03 1.846491419970430536e+00 1.661131324242805934e-02
