4.000000000000000000e+02 1.872166800638104700e+00 1.869236994070098403e-03
4.050251256281406995e+02 1.872098996095973300e+00 1.948848957895855721e-03
4.100502512562813990e+02 1.872032513346469917e+00 2.030050011844943686e-03
4.150753768844220986e+02 1.871967420306140273e+00 2.112790230380827070e-03
4.201005025125627981e+02 1.871903782323234289e+00 2.197016513063278047e-03
4.251256281407034976e+02 1.871841661987706740e+00 2.282672737688712546e-03
4.301507537688441971e+02 1.871781118952665190e+00 2.369699926367845998e-03
4.351758793969848966e+02 1.871722209768404976e+00 2.458036424934321486e-03
4.402010050251256530e+02 1.871664987730067731e+00 2.547618093866022785e-03
4.452261306532663525e+02 1.871609502739847164e+00 2.638378509645344407e-03
4.502512562814070520e+02 1.871555801184539902e+00 2.730249175143270243e-03
4.552763819095477515e+02 1.871503925829107517e+00 2.823159738215960581e-03
4.603015075376884511e+02 1.871453915726780659e+00 2.917038216323247345e-03
4.653266331658291506e+02 1.871405806146086759e+00 3.011811226061068825e-03
4.703517587939698501e+02 1.871359628515054219e+00 3.107404216334722080e-03
4.753768844221105496e+02 1.871315410382680566e+00 3.203741703224567087e-03
4.804020100502512491e+02 1.871273175397632160e+00 3.300747505911750136e-03
4.854271356783919487e+02 1.871232943303983598e+00 3.398344980703143885e-03
4.904522613065327050e+02 1.871194729953687519e+00 3.496457253706893292e-03
4.954773869346734045e+02 1.871158547335328715e+00 3.595007449229708444e-03
5.005025125628141041e+02 1.871124403618599885e+00 3.693918913192007283e-03
5.055276381909548036e+02 1.871092303213831132e+00 3.793115430545208108e-03
5.105527638190955031e+02 1.871062246845798471e+00 3.892521435286218877e-03
5.155778894472362026e+02 1.871034231640959389e+00 3.992062212270990930e-03
5.206030150753769021e+02 1.871008251227179064e+00 4.091664089378247923e-03
5.256281407035176017e+02 1.870984295844951850e+00 4.191254620086759010e-03
5.306532663316583012e+02 1.870962352469073720e+00 4.290762754913326343e-03
5.356783919597990007e+02 1.870942404939679449e+00 4.390119001482320829e-03
5.407035175879397002e+02 1.870924434101539635e+00 4.489255573121088069e-03
5.457286432160803997e+02 1.870908417950488234e+00 4.588106524598575299e-03
5.507537688442210992e+02 1.870894331785865505e+00 4.686607875955701823e-03
5.557788944723617988e+02 1.870882148367854159e+00 4.784697723285012694e-03
5.608040201005024983e+02 1.870871838078619787e+00 4.882316336996019891e-03
5.658291457286431978e+02 1.870863369086185335e+00 4.979406247546567903e-03
5.708542713567838973e+02 1.870856707510013317e+00 5.075912318230796014e-03
5.758793969849245968e+02 1.870851817587309229e+00 5.171781806247739005e-03
5.809045226130654100e+02 1.870848661839116467e+00 5.266964411252235238e-03
5.859296482412059959e+02 1.870847201235319668e+00 5.361412312710691838e-03
5.909547738693468091e+02 1.870847395357744025e+00 5.455080195578893530e-03
5.959798994974873949e+02 1.870849202560597613e+00 5.547925265723231171e-03
6.010050251256282081e+02 1.870852580127565501e+00 5.639907254831815799e-03
6.060301507537687939e+02 1.870857484424939043e+00 5.730988415780183948e-03
6.110552763819096072e+02 1.870863871050229887e+00 5.821133508854555751e-03
6.160804020100503067e+02 1.870871694975778876e+00 5.910309779670605730e-03
6.211055276381910062e+02 1.870880910686950171e+00 5.998486929205355811e-03
6.261306532663317057e+02 1.870891472314550885e+00 6.085637076561067026e-03
6.311557788944724052e+02 1.870903333761192444e+00 6.171734715220329043e-03
6.361809045226131047e+02 1.870916448821362321e+00 6.256756663553050650e-03
6.412060301507538043e+02 1.870930771295034489e+00 6.340682009711141008e-03
6.462311557788945038e+02 1.870946255094703581e+00 6.423492052210263287e-03
6.512562814070352033e+02 1.870962854345770587e+00 6.505170235988789497e-03
6.562814070351759028e+02 1.870980523480268776e+00 6.585702085485200218e-03
6.613065326633166023e+02 1.870999217323940700e+00 6.665075134324170182e-03
6.663316582914573019e+02 1.871018891176738697e+00 6.743278852692611951e-03
6.713567839195980014e+02 1.871039500886838791e+00 6.820304573035370146e-03
6.763819095477387009e+02 1.871061002918299021e+00 6.896145413915794227e-03
6.814070351758794004e+02 1.871083354412514721e+00 6.970796203190528229e-03
6.864321608040200999e+02 1.871106513243652625e+00 7.044253400324935847e-03
6.914572864321607994e+02 1.871130438068259849e+00 7.116515018776108613e-03
6.964824120603016127e+02 1.871155088369266917e+00 7.187580548211639983e-03
7.015075376884421985e+02 1.871180424494610417e+00 7.257450877423367828e-03
7.065326633165830117e+02 1.871206407690719331e+00 7.326128217930855981e-03
7.115577889447235975e+02 1.871233000131112600e+00 7.393616028458982990e-03
7.165829145728644107e+02 1.871260164940359516e+00 7.459918940903074482e-03
7.216080402010049966e+02 1.871287866213662276e+00 7.525042687524566808e-03
7.266331658291458098e+02 1.871316069032320062e+00 7.588994029929821590e-03
7.316582914572863956e+02 1.871344739475327534e+00 7.651780689756057345e-03
7.366834170854272088e+02 1.871373844627368888e+00 7.713411281330273192e-03
7.417085427135677946e+02 1.871403352583451474e+00 7.773895246399942401e-03
7.467336683417086078e+02 1.871433232450433914e+00 7.833242790866761646e-03
7.517587939698491937e+02 1.871463454345678956e+00 7.891464823819988733e-03
7.567839195979900069e+02 1.871493989393069990e+00 7.948572898851433491e-03
7.618090452261307064e+02 1.871524809716616833e+00 8.004579157632633890e-03
7.668341708542714059e+02 1.871555888431859049e+00 8.059496275719887221e-03
7.718592964824121054e+02 1.871587199635284637e+00 8.113337410894698454e-03
7.768844221105528050e+02 1.871618718391953484e+00 8.166116153595292040e-03
7.819095477386935045e+02 1.871650420721518104e+00 8.217846479894663075e-03
7.869346733668342040e+02 1.871682283582818629e+00 8.268542706610178608e-03
7.919597989949749035e+02 1.871714284857223021e+00 8.318219448762889656e-03
7.969849246231156030e+02 1.871746403330865727e+00 8.366891579194336154e-03
8.020100502512563025e+02 1.871778618675942640e+00 8.414574190498916306e-03
8.070351758793970021e+02 1.871810911431193603e+00 8.461282558908834669e-03
8.120603015075377016e+02 1.871843262981707223e+00 8.507032110434881167e-03
8.170854271356784011e+02 1.871875655538169703e+00 8.551838388888177711e-03
8.221105527638192143e+02 1.871908072115667565e+00 8.595717025937334860e-03
8.271356783919598001e+02 1.871940496512148222e+00 8.638683713049878990e-03
8.321608040201006133e+02 1.871972913286637619e+00 8.680754175283951143e-03
8.371859296482411992e+02 1.872005307737297342e+00 8.721944146702277634e-03
8.422110552763820124e+02 1.872037665879407120e+00 8.762269347703544389e-03
8.472361809045225982e+02 1.872069974423338667e+00 8.801745463805870154e-03
8.522613065326634114e+02 1.872102220752596136e+00 8.840388126006017491e-03
8.572864321608039972e+02 1.872134392901975808e+00 8.878212892689680766e-03
8.623115577889448105e+02 1.872166479535901207e+00 8.915235232938061721e-03
8.673366834170853963e+02 1.872198469926983133e+00 8.951470511086681223e-03
8.723618090452262095e+02 1.872230353934846603e+00 8.986933972723177080e-03
8.773869346733667953e+02 1.872262121985262651e+00 9.021640731780444442e-03
8.824120603015076085e+02 1.872293765049614978e+00 9.055605758825547094e-03
8.874371859296483080e+02 1.872325274624739633e+00 9.088843870474636044e-03
8.924623115577890076e+02 1.872356642713151054e+00 9.121369719748043114e-03
8.974874371859297071e+02 1.872387861803683329e+00 9.153197787588581227e-03
9.025125628140704066e+02 1.872418924852561783e+00 9.184342374964999875e-03
9.075376884422111061e+02 1.872449825264921763e+00 9.214817596253957813e-03
9.125628140703518056e+02 1.872480556876782609e+00 9.244637373088596469e-03
9.175879396984925052e+02 1.872511113937489036e+00 9.273815429154256759e-03
9.226130653266332047e+02 1.872541491092625465e+00 9.302365285649474499e-03
9.276381909547739042e+02 1.872571683367408646e+00 9.330300257401039424e-03
9.326633165829146037e+02 1.872601686150560329e+00 9.357633449647346016e-03
9.376884422110553032e+02 1.872631495178659344e+00 9.384377755292378290e-03
9.427135678391960028e+02 1.872661106520977281e+00 9.410545852898397068e-03
9.477386934673367023e+02 1.872690516564788021e+00 9.436150204951079465e-03
9.527638190954774018e+02 1.872719722001154885e+00 9.461203056786741603e-03
9.577889447236181013e+02 1.872748719811185625e+00 9.485716435814655137e-03
9.628140703517588008e+02 1.872777507252750384e+00 9.509702151236211140e-03
9.678391959798995003e+02 1.872806081847659732e+00 9.533171794063077450e-03
9.728643216080401999e+02 1.872834441369288561e+00 9.556136737496525452e-03
9.778894472361808994e+02 1.872862583830646743e+00 9.578608137682853574e-03
9.829145728643217126e+02 1.872890507472875443e+00 9.600596934640178923e-03
9.879396984924624121e+02 1.872918210754176416e+00 9.622113853525047361e-03
9.929648241206031116e+02 1.872945692339146984e+00 9.643169406105062819e-03
9.979899497487438111e+02 1.872972951088527127e+00 9.663773892513051814e-03
1.003015075376884511e+03 1.872999986049335597e+00 9.683937403093298424e-03
1.008040201005025210e+03 1.873026796445392606e+00 9.703669820473981994e-03
1.013065326633165910e+03 1.873053381668216444e+00 9.722980821860608205e-03
1.018090452261306609e+03 1.873079741268283582e+00 9.741879881351580422e-03
1.023115577889447309e+03 1.873105874946639382e+00 9.760376272489578939e-03
1.028140703517588008e+03 1.873131782546853863e+00 9.778479070850215962e-03
1.033165829145728821e+03 1.873157464047308096e+00 9.796197156801012690e-03
1.038190954773869407e+03 1.873182919553800119e+00 9.813539218244841933e-03
1.043216080402009993e+03 1.873208149292464819e+00 9.830513753548427575e-03
1.048241206030150806e+03 1.873233153602990475e+00 9.847129074436345580e-03
1.053266331658291620e+03 1.873257932932130831e+00 9.863393309072812296e-03
1.058291457286432205e+03 1.873282487827492071e+00 9.879314404999652022e-03
1.063316582914572791e+03 1.873306818931594675e+00 9.894900132231347276e-03
1.068341708542713604e+03 1.873330926976194633e+00 9.910158086423027229e-03
1.073366834170854418e+03 1.873354812776855782e+00 9.925095691905146122e-03
1.078391959798995003e+03 1.873378477227766625e+00 9.939720204861128908e-03
1.083417085427135589e+03 1.873401921296788064e+00 9.954038716429979700e-03
1.088442211055276402e+03 1.873425146020728294e+00 9.968058155885776636e-03
1.093467336683417216e+03 1.873448152500832409e+00 9.981785293743642221e-03
1.098492462311557802e+03 1.873470941898479625e+00 9.995226744887687406e-03
1.103517587939698387e+03 1.873493515431081446e+00 1.000838897164871288e-02
1.108542713567839201e+03 1.873515874368171463e+00 1.002127828697051137e-02
1.113567839195980014e+03 1.873538020027679440e+00 1.003390085740369329e-02
1.118592964824120827e+03 1.873559953772381048e+00 1.004626270615457430e-02
1.123618090452261413e+03 1.873581677006519453e+00 1.005836971611624373e-02
1.128643216080401999e+03 1.873603191172589888e+00 1.007022763290861371e-02
1.133668341708542812e+03 1.873624497748277218e+00 1.008184206768960797e-02
1.138693467336683625e+03 1.873645598243547816e+00 1.009321850018356399e-02
1.143718592964824211e+03 1.873666494197881116e+00 1.010436228154463004e-02
1.148743718592964797e+03 1.873687187177640823e+00 1.011527863712625638e-02
1.153768844221105610e+03 1.873707678773577801e+00 1.012597266935855861e-02
1.158793969849246423e+03 1.873727970598456860e+00 1.013644936042966925e-02
1.163819095477387009e+03 1.873748064284807224e+00 1.014671357507136717e-02
1.168844221105527595e+03 1.873767961482786015e+00 1.015677006315639057e-02
1.173869346733668408e+03 1.873787663858154096e+00 1.016662346239582959e-02
1.178894472361809221e+03 1.873807173090354938e+00 1.017627830082249579e-02
1.183919597989949807e+03 1.873826490870697858e+00 1.018573899941341634e-02
1.188944723618090393e+03 1.873845618900634946e+00 1.019500987455919036e-02
1.193969849246231206e+03 1.873864558890131926e+00 1.020409514042740738e-02
1.198994974874372019e+03 1.873883312556124947e+00 1.021299891147325889e-02
1.204020100502512605e+03 1.873901881621065746e+00 1.022172520470784884e-02
1.209045226130653191e+03 1.873920267811541418e+00 1.023027794202094852e-02
1.214070351758794004e+03 1.873938472856977011e+00 1.023866095245163158e-02
1.219095477386934817e+03 1.873956498488405398e+00 1.024687797436581345e-02
1.224120603015075403e+03 1.873974346437311533e+00 1.025493265765146933e-02
1.229145728643215989e+03 1.873992018434542217e+00 1.026282856585762626e-02
1.234170854271356802e+03 1.874009516209276915e+00 1.027056917818193298e-02
1.239195979899497615e+03 1.874026841488063200e+00 1.027815789160097491e-02
1.244221105527638429e+03 1.874043995993906586e+00 1.028559802278807001e-02
1.249246231155779014e+03 1.874060981445417440e+00 1.029289281008003397e-02
1.254271356783919600e+03 1.874077799556009172e+00 1.030004541537561484e-02
1.259296482412060413e+03 1.874094452033147062e+00 1.030705892599968060e-02
1.264321608040201227e+03 1.874110940577645268e+00 1.031393635647008186e-02
1.269346733668341813e+03 1.874127266883007126e+00 1.032068065036258718e-02
1.274371859296482398e+03 1.874143432634809647e+00 1.032729468193065679e-02
1.279396984924623212e+03 1.874159439510131309e+00 1.033378125790135327e-02
1.284422110552764025e+03 1.874175289177014481e+00 1.034014311906119102e-02
1.289447236180904611e+03 1.874190983293968049e+00 1.034638294186998250e-02
1.294472361809045196e+03 1.874206523509505118e+00 1.035250334008213161e-02
1.299497487437186010e+03 1.874221911461713574e+00 1.035850686624771762e-02
1.304522613065326823e+03 1.874237148777857742e+00 1.036439601323401426e-02
1.309547738693467409e+03 1.874252237074012895e+00 1.037017321568263310e-02
1.314572864321607994e+03 1.874267177954725527e+00 1.037584085141406848e-02
1.319597989949748808e+03 1.874281973012703384e+00 1.038140124289828152e-02
1.324623115577889621e+03 1.874296623828530572e+00 1.038685665852465134e-02
1.329648241206030207e+03 1.874311131970405553e+00 1.039220931398253736e-02
1.334673366834170793e+03 1.874325498993906658e+00 1.039746137359262752e-02
1.339698492462311606e+03 1.874339726441774934e+00 1.040261495145113416e-02
1.344723618090452419e+03 1.874353815843721627e+00 1.040767211280415466e-02
1.349748743718593005e+03 1.874367768716252991e+00 1.041263487515090534e-02
1.354773869346733591e+03 1.874381586562516633e+00 1.041750520948227232e-02
1.359798994974874404e+03 1.874395270872162955e+00 1.042228504137781946e-02
1.364824120603015217e+03 1.874408823121224810e+00 1.042697625213260398e-02
1.369849246231156030e+03 1.874422244772013801e+00 1.043158067985035242e-02
1.374874371859296616e+03 1.874435537273029917e+00 1.043610012052481779e-02
1.379899497487437202e+03 1.874448702058886917e+00 1.044053632902478511e-02
1.384924623115578015e+03 1.874461740550250610e+00 1.044489102016410605e-02
1.389949748743718828e+03 1.874474654153790221e+00 1.044916586962319621e-02
1.394974874371859414e+03 1.874487444262140867e+00 1.045336251494584194e-02
1.400000000000000000e+03 1.874500112253878470e+00 1.045748255644160865e-02
