4.000000000000000000e+02 1.850968616964649316e+00 9.916031263532843615e-03
4.050251256281406995e+02 1.850977406814278359e+00 1.016032458422900207e-02
4.100502512562813990e+02 1.850992132088922659e+00 1.040105281556682505e-02
4.150753768844220986e+02 1.851012533514474701e+00 1.063801898590282201e-02
4.201005025125627981e+02 1.851038347372352399e+00 1.087104726420082962e-02
4.251256281407034976e+02 1.851069307179377121e+00 1.109998248484450438e-02
4.301507537688441971e+02 1.851105145252386119e+00 1.132468955249500003e-02
4.351758793969848966e+02 1.851145594152073581e+00 1.154505274485577611e-02
4.402010050251256530e+02 1.851190388002803999e+00 1.176097493022861505e-02
4.452261306532663525e+02 1.851239263687181058e+00 1.197237671610647779e-02
4.502512562814070520e+02 1.851291961915960016e+00 1.217919554437347368e-02
4.552763819095477515e+02 1.851348228175467403e+00 1.238138474740622941e-02
4.603015075376884511e+02 1.851407813556007254e+00 1.257891257816361533e-02
4.653266331658291506e+02 1.851470475465854859e+00 1.277176122642942162e-02
4.703517587939698501e+02 1.851535978236298785e+00 1.295992583177934220e-02
4.753768844221105496e+02 1.851604093623886227e+00 1.314341350279779261e-02
4.804020100502512491e+02 1.851674601216505733e+00 1.332224235075873953e-02
4.854271356783919487e+02 1.851747288750266396e+00 1.349644054480336232e-02
4.904522613065327050e+02 1.851821952344304467e+00 1.366604539454848929e-02
4.954773869346734045e+02 1.851898396660689672e+00 1.383110246496297574e-02
5.005025125628141041e+02 1.851976434996538856e+00 1.399166472738366460e-02
5.055276381909548036e+02 1.852055889315280091e+00 1.414779174962587510e-02
5.105527638190955031e+02 1.852136590223786294e+00 1.429954892739940600e-02
5.155778894472362026e+02 1.852218376901792585e+00 1.444700675839765032e-02
5.206030150753769021e+02 1.852301096989688034e+00 1.459024015997614429e-02
5.256281407035176017e+02 1.852384606440395265e+00 1.472932783056458972e-02
5.306532663316583012e+02 1.852468769340664068e+00 1.486435165461831402e-02
5.356783919597990007e+02 1.852553457706708873e+00 1.499539615047547000e-02
5.407035175879397002e+02 1.852638551258713129e+00 1.512254796022350842e-02
5.457286432160803997e+02 1.852723937178325953e+00 1.524589538014604201e-02
5.507537688442210992e+02 1.852809509852886727e+00 1.536552793056742382e-02
5.557788944723617988e+02 1.852895170609735853e+00 1.548153596316359168e-02
5.608040201005024983e+02 1.852980827443612810e+00 1.559401030418034254e-02
5.658291457286431978e+02 1.853066394739796507e+00 1.570304193171762411e-02
5.708542713567838973e+02 1.853151792995329616e+00 1.580872168500123062e-02
5.758793969849245968e+02 1.853236948540370355e+00 1.591114000400766296e-02
5.809045226130654100e+02 1.853321793261430761e+00 1.601038669726721764e-02
5.859296482412059959e+02 1.853406264328023356e+00 1.610655073609008545e-02
5.909547738693468091e+02 1.853490303923988280e+00 1.619972007333509226e-02
5.959798994974873949e+02 1.853573858984581157e+00 1.628998148491454800e-02
6.010050251256282081e+02 1.853656880940199869e+00 1.637742043226719443e-02
6.060301507537687939e+02 1.853739325467461896e+00 1.646212094413921148e-02
6.110552763819096072e+02 1.853821152248197768e+00 1.654416551614194125e-02
6.160804020100503067e+02 1.853902324736782514e+00 1.662363502640490723e-02
6.211055276381910062e+02 1.853982809936118192e+00 1.670060866615256587e-02
6.261306532663317057e+02 1.854062578182468002e+00 1.677516388352651155e-02
6.311557788944724052e+02 1.854141602939261002e+00 1.684737633970637485e-02
6.361809045226131047e+02 1.854219860599899183e+00 1.691731987593740605e-02
6.412060301507538043e+02 1.854297330299542246e+00 1.698506649040431790e-02
6.462311557788945038e+02 1.854373993735777493e+00 1.705068632399828546e-02
6.512562814070352033e+02 1.854449834998047386e+00 1.711424765396299050e-02
6.562814070351759028e+02 1.854524840405653130e+00 1.717581689455236968e-02
6.613065326633166023e+02 1.854598998354135775e+00 1.723545860390319345e-02
6.663316582914573019e+02 1.854672299169797700e+00 1.729323549636889099e-02
6.713567839195980014e+02 1.854744734972112008e+00 1.734920845969373931e-02
6.763819095477387009e+02 1.854816299543756042e+00 1.740343657630795404e-02
6.814070351758794004e+02 1.854886988207985699e+00 1.745597714821706462e-02
6.864321608040200999e+02 1.854956797713065209e+00 1.750688572510546159e-02
6.914572864321607994e+02 1.855025726123462837e+00 1.755621613487009375e-02
6.964824120603016127e+02 1.855093772717518963e+00 1.760402051655250363e-02
7.015075376884421985e+02 1.855160937891295214e+00 1.765034935495362473e-02
7.065326633165830117e+02 1.855227223068314668e+00 1.769525151680838640e-02
7.115577889447235975e+02 1.855292630614913341e+00 1.773877428811717477e-02
7.165829145728644107e+02 1.855357163760917416e+00 1.778096341231888075e-02
7.216080402010049966e+02 1.855420826525378653e+00 1.782186312919993576e-02
7.266331658291458098e+02 1.855483623647104396e+00 1.786151621418456681e-02
7.316582914572863956e+02 1.855545560519723081e+00 1.789996401782923893e-02
7.366834170854272088e+02 1.855606643131039402e+00 1.793724650548062308e-02
7.417085427135677946e+02 1.855666878006442699e+00 1.797340229673336648e-02
7.467336683417086078e+02 1.855726272156137391e+00 1.800846870474658717e-02
7.517587939698491937e+02 1.855784833025978298e+00 1.804248177520376140e-02
7.567839195979900069e+02 1.855842568451700147e+00 1.807547632483698374e-02
7.618090452261307064e+02 1.855899486616342076e+00 1.810748597940502538e-02
7.668341708542714059e+02 1.855955596010676834e+00 1.813854321115525997e-02
7.718592964824121054e+02 1.856010905396460409e+00 1.816867937553485329e-02
7.768844221105528050e+02 1.856065423772334633e+00 1.819792474724806972e-02
7.819095477386935045e+02 1.856119160342215135e+00 1.822630855559602067e-02
7.869346733668342040e+02 1.856172124486011654e+00 1.825385901895027266e-02
7.919597989949749035e+02 1.856224325732533043e+00 1.828060337845632474e-02
7.969849246231156030e+02 1.856275773734439305e+00 1.830656793096465534e-02
8.020100502512563025e+02 1.856326478245109435e+00 1.833177806098173351e-02
8.070351758793970021e+02 1.856376449097299819e+00 1.835625827190193182e-02
8.120603015075377016e+02 1.856425696183478857e+00 1.838003221630231734e-02
8.170854271356784011e+02 1.856474229437726553e+00 1.840312272535114119e-02
8.221105527638192143e+02 1.856522058819095822e+00 1.842555183744828615e-02
8.271356783919598001e+02 1.856569194296339376e+00 1.844734082591539814e-02
8.321608040201006133e+02 1.856615645833906481e+00 1.846851022588202190e-02
8.371859296482411992e+02 1.856661423379131648e+00 1.848907986034661541e-02
8.422110552763820124e+02 1.856706536850524225e+00 1.850906886535215803e-02
8.472361809045225982e+02 1.856750996127092046e+00 1.852849571442890392e-02
8.522613065326634114e+02 1.856794811038623205e+00 1.854737824215316536e-02
8.572864321608039972e+02 1.856837991356860229e+00 1.856573366699229219e-02
8.623115577889448105e+02 1.856880546787504027e+00 1.858357861333310990e-02
8.673366834170853963e+02 1.856922486962990337e+00 1.860092913282802504e-02
8.723618090452262095e+02 1.856963821435982487e+00 1.861780072490348825e-02
8.773869346733667953e+02 1.857004559673529398e+00 1.863420835666753858e-02
8.824120603015076085e+02 1.857044711051840880e+00 1.865016648205663347e-02
8.874371859296483080e+02 1.857084284851636680e+00 1.866568906034652559e-02
8.924623115577890076e+02 1.857123290254025560e+00 1.868078957396514250e-02
8.974874371859297071e+02 1.857161736336873537e+00 1.869548104571043187e-02
9.025125628140704066e+02 1.857199632071631079e+00 1.870977605534925037e-02
9.075376884422111061e+02 1.857236986320578653e+00 1.872368675557206999e-02
9.125628140703518056e+02 1.857273807834459278e+00 1.873722488743120168e-02
9.175879396984925052e+02 1.857310105250474130e+00 1.875040179520452363e-02
9.226130653266332047e+02 1.857345887090604997e+00 1.876322844066147938e-02
9.276381909547739042e+02 1.857381161760244037e+00 1.877571541687854048e-02
9.326633165829146037e+02 1.857415937547105322e+00 1.878787296153091105e-02
9.376884422110553032e+02 1.857450222620392832e+00 1.879971096964566657e-02
9.427135678391960028e+02 1.857484025030207375e+00 1.881123900595425141e-02
9.477386934673367023e+02 1.857517352707169778e+00 1.882246631673291024e-02
9.527638190954774018e+02 1.857550213462247468e+00 1.883340184123756880e-02
9.577889447236181013e+02 1.857582614986759140e+00 1.884405422270294880e-02
9.628140703517588008e+02 1.857614564852551053e+00 1.885443181893400530e-02
9.678391959798995003e+02 1.857646070512322556e+00 1.886454271250530626e-02
9.728643216080401999e+02 1.857677139300091929e+00 1.887439472056565495e-02
9.778894472361808994e+02 1.857707778431789025e+00 1.888399540431526941e-02
9.829145728643217126e+02 1.857737995005960263e+00 1.889335207806338082e-02
9.879396984924624121e+02 1.857767796004580640e+00 1.890247181803838758e-02
9.929648241206031116e+02 1.857797188293955681e+00 1.891136147079268762e-02
9.979899497487438111e+02 1.857826178625709312e+00 1.892002766132047653e-02
1.003015075376884511e+03 1.857854773637847456e+00 1.892847680087679507e-02
1.008040201005025210e+03 1.857882979855888461e+00 1.893671509452106091e-02
1.013065326633165910e+03 1.857910803694052815e+00 1.894474854833167604e-02
1.018090452261306609e+03 1.857938251456506595e+00 1.895258297639635173e-02
1.023115577889447309e+03 1.857965329338652216e+00 1.896022400753581347e-02
1.028140703517588008e+03 1.857992043428457141e+00 1.896767709175343000e-02
1.033165829145728821e+03 1.858018399707821899e+00 1.897494750646172221e-02
1.038190954773869407e+03 1.858044404053974530e+00 1.898204036249527896e-02
1.043216080402009993e+03 1.858070062240892106e+00 1.898896060986093176e-02
1.048241206030150806e+03 1.858095379940744696e+00 1.899571304329287363e-02
1.053266331658291620e+03 1.858120362725353747e+00 1.900230230763914549e-02
1.058291457286432205e+03 1.858145016067667354e+00 1.900873290298294924e-02
1.063316582914572791e+03 1.858169345343243517e+00 1.901500918961843839e-02
1.068341708542713604e+03 1.858193355831742277e+00 1.902113539283671953e-02
1.073366834170854418e+03 1.858217052718420303e+00 1.902711560752442729e-02
1.078391959798995003e+03 1.858240441095630135e+00 1.903295380261794262e-02
1.083417085427135589e+03 1.858263525964316321e+00 1.903865382534530859e-02
1.088442211055276402e+03 1.858286312235511994e+00 1.904421940538612856e-02
1.093467336683417216e+03 1.858308804731826136e+00 1.904965415879958726e-02
1.098492462311557802e+03 1.858331008188931266e+00 1.905496159189144778e-02
1.103517587939698387e+03 1.858352927257035825e+00 1.906014510484665622e-02
1.108542713567839201e+03 1.858374566502353664e+00 1.906520799532731777e-02
1.113567839195980014e+03 1.858395930408557550e+00 1.907015346186833119e-02
1.118592964824120827e+03 1.858417023378225563e+00 1.907498460717696465e-02
1.123618090452261413e+03 1.858437849734270175e+00 1.907970444133753884e-02
1.128643216080401999e+03 1.858458413721355340e+00 1.908431588482923866e-02
1.133668341708542812e+03 1.858478719507300925e+00 1.908882177153278792e-02
1.138693467336683625e+03 1.858498771184466491e+00 1.909322485153489360e-02
1.143718592964824211e+03 1.858518572771123756e+00 1.909752779392347513e-02
1.148743718592964797e+03 1.858538128212810170e+00 1.910173318938841042e-02
1.153768844221105610e+03 1.858557441383664743e+00 1.910584355280313396e-02
1.158793969849246423e+03 1.858576516087745878e+00 1.910986132568896420e-02
1.163819095477387009e+03 1.858595356060334547e+00 1.911378887859206677e-02
1.168844221105527595e+03 1.858613964969213050e+00 1.911762851336202759e-02
1.173869346733668408e+03 1.858632346415930892e+00 1.912138246537927605e-02
1.178894472361809221e+03 1.858650503937048448e+00 1.912505290567959038e-02
1.183919597989949807e+03 1.858668441005361771e+00 1.912864194304023449e-02
1.188944723618090393e+03 1.858686161031109396e+00 1.913215162592366361e-02
1.193969849246231206e+03 1.858703667363159395e+00 1.913558394444779542e-02
1.198994974874372019e+03 1.858720963290176220e+00 1.913894083217422895e-02
1.204020100502512605e+03 1.858738052041769784e+00 1.914222416796452705e-02
1.209045226130653191e+03 1.858754936789623669e+00 1.914543577765539725e-02
1.214070351758794004e+03 1.858771620648605127e+00 1.914857743575627130e-02
1.219095477386934817e+03 1.858788106677856211e+00 1.915165086703045361e-02
1.224120603015075403e+03 1.858804397881863579e+00 1.915465774807614124e-02
1.229145728643215989e+03 1.858820497211512324e+00 1.915759970880911989e-02
1.234170854271356802e+03 1.858836407565118698e+00 1.916047833391700678e-02
1.239195979899497615e+03 1.858852131789445306e+00 1.916329516426212506e-02
1.244221105527638429e+03 1.858867672680696748e+00 1.916605169823332872e-02
1.249246231155779014e+03 1.858883032985498174e+00 1.916874939304702777e-02
1.254271356783919600e+03 1.858898215401854292e+00 1.917138966600924477e-02
1.259296482412060413e+03 1.858913222580092395e+00 1.917397389575050543e-02
1.264321608040201227e+03 1.858928057123784283e+00 1.917650342338748926e-02
1.269346733668341813e+03 1.858942721590654212e+00 1.917897955367531618e-02
1.274371859296482398e+03 1.858957218493467511e+00 1.918140355609277911e-02
1.279396984924623212e+03 1.858971550300902109e+00 1.918377666593018560e-02
1.284422110552764025e+03 1.858985719438404516e+00 1.918610008529890443e-02
1.289447236180904611e+03 1.858999728289027153e+00 1.918837498413808809e-02
1.294472361809045196e+03 1.859013579194251919e+00 1.919060250117237895e-02
1.299497487437186010e+03 1.859027274454794654e+00 1.919278374483810931e-02
1.304522613065326823e+03 1.859040816331396062e+00 1.919491979421288422e-02
1.309547738693467409e+03 1.859054207045596208e+00 1.919701169982136746e-02
1.314572864321607994e+03 1.859067448780493681e+00 1.919906048457193856e-02
1.319597989949748808e+03 1.859080543681489228e+00 1.920106714446569510e-02
1.324623115577889621e+03 1.859093493857014945e+00 1.920303264948282004e-02
1.329648241206030207e+03 1.859106301379249704e+00 1.920495794428200842e-02
1.334673366834170793e+03 1.859118968284818596e+00 1.920684394895598099e-02
1.339698492462311606e+03 1.859131496575478604e+00 1.920869155974486500e-02
1.344723618090452419e+03 1.859143888218792284e+00 1.921050164975953226e-02
1.349748743718593005e+03 1.859156145148785022e+00 1.921227506959363729e-02
1.354773869346733591e+03 1.859168269266591622e+00 1.921401264801512326e-02
1.359798994974874404e+03 1.859180262441088027e+00 1.921571519256972879e-02
1.364824120603015217e+03 1.859192126509510823e+00 1.921738349022361278e-02
1.369849246231156030e+03 1.859203863278063862e+00 1.921901830790079951e-02
1.374874371859296616e+03 1.859215474522513567e+00 1.922062039309456460e-02
1.379899497487437202e+03 1.859226961988770244e+00 1.922219047440837728e-02
1.384924623115578015e+03 1.859238327393459178e+00 1.922372926207273694e-02
1.389949748743718828e+03 1.859249572424479746e+00 1.922523744849563912e-02
1.394974874371859414e+03 1.859260698741552309e+00 1.922671570873126304e-02
1.400000000000000000e+03 1.859271707976754673e+00 1.922816470099397018e-02
