4.000000000000000000e+02 1.853859381232496162e+00 1.008753513756923716e-02
4.050251256281406995e+02 1.853859870588454140e+00 1.034491177851676498e-02
4.100502512562813990e+02 1.853866744651480269e+00 1.059896585303101400e-02
4.150753768844220986e+02 1.853879752924787017e+00 1.084947104605641852e-02
4.201005025125627981e+02 1.853898638111468822e+00 1.109622225853022434e-02
4.251256281407034976e+02 1.853923137879933680e+00 1.133903533504187350e-02
4.301507537688441971e+02 1.853952986530813973e+00 1.157774665400566026e-02
4.351758793969848966e+02 1.853987916556972815e+00 1.181221259732848430e-02
4.402010050251256530e+02 1.854027660090530771e+00 1.204230891581107438e-02
4.452261306532663525e+02 1.854071950232998756e+00 1.226793000667992552e-02
4.502512562814070520e+02 1.854120522266559989e+00 1.248898811854854719e-02
4.552763819095477515e+02 1.854173114746303197e+00 1.270541249881148443e-02
4.603015075376884511e+02 1.854229470474758612e+00 1.291714849745741883e-02
4.653266331658291506e+02 1.854289337361415102e+00 1.312415663997726530e-02
4.703517587939698501e+02 1.854352469171009821e+00 1.332641168129087769e-02
4.753768844221105496e+02 1.854418626165306616e+00 1.352390165134195743e-02
4.804020100502512491e+02 1.854487575643789521e+00 1.371662690177201903e-02
4.854271356783919487e+02 1.854559092389245656e+00 1.390459916210065594e-02
4.904522613065327050e+02 1.854632959024594463e+00 1.408784061256376265e-02
4.954773869346734045e+02 1.854708966287550664e+00 1.426638297976667857e-02
5.005025125628141041e+02 1.854786913229824696e+00 1.444026666035552742e-02
5.055276381909548036e+02 1.854866607347555485e+00 1.460953987680695815e-02
5.105527638190955031e+02 1.854947864649579170e+00 1.477425786867166656e-02
5.155778894472362026e+02 1.855030509669964855e+00 1.493448212180518118e-02
5.206030150753769021e+02 1.855114375431016427e+00 1.509027963737347502e-02
5.256281407035176017e+02 1.855199303362650376e+00 1.524172224179968192e-02
5.306532663316583012e+02 1.855285143183748264e+00 1.538888593821162616e-02
5.356783919597990007e+02 1.855371752750729630e+00 1.553185029952694474e-02
5.407035175879397002e+02 1.855458997878232319e+00 1.567069790284452563e-02
5.457286432160803997e+02 1.855546752136424837e+00 1.580551380450167728e-02
5.507537688442210992e+02 1.855634896629091424e+00 1.593638505473211897e-02
5.557788944723617988e+02 1.855723319756276801e+00 1.606340025087544046e-02
5.608040201005024983e+02 1.855811916964915431e+00 1.618664912756354740e-02
5.658291457286431978e+02 1.855900590490529023e+00 1.630622218245962943e-02
5.708542713567838973e+02 1.855989249092741211e+00 1.642221033582091927e-02
5.758793969849245968e+02 1.856077807787061662e+00 1.653470462224217175e-02
5.809045226130654100e+02 1.856166187575083226e+00 1.664379591262989816e-02
5.859296482412059959e+02 1.856254315174980407e+00 1.674957466487711835e-02
5.909547738693468091e+02 1.856342122753932511e+00 1.685213070116160089e-02
5.959798994974873949e+02 1.856429547663874580e+00 1.695155301030915398e-02
6.010050251256282081e+02 1.856516532181760049e+00 1.704792957338652562e-02
6.060301507537687939e+02 1.856603023255332774e+00 1.714134721088826641e-02
6.110552763819096072e+02 1.856688972255227776e+00 1.723189144984322088e-02
6.160804020100503067e+02 1.856774334734066390e+00 1.731964640928173454e-02
6.211055276381910062e+02 1.856859070193073835e+00 1.740469470262106730e-02
6.261306532663317057e+02 1.856943141856619350e+00 1.748711735549962967e-02
6.311557788944724052e+02 1.857026516454973297e+00 1.756699373771329273e-02
6.361809045226131047e+02 1.857109164015477765e+00 1.764440150804760452e-02
6.412060301507538043e+02 1.857191057662242351e+00 1.771941657071498741e-02
6.462311557788945038e+02 1.857272173424408868e+00 1.779211304237473049e-02
6.512562814070352033e+02 1.857352490052960325e+00 1.786256322863845683e-02
6.562814070351759028e+02 1.857431988845999138e+00 1.793083760915463454e-02
6.613065326633166023e+02 1.857510653482378871e+00 1.799700483028885897e-02
6.663316582914573019e+02 1.857588469863525660e+00 1.806113170463630874e-02
6.713567839195980014e+02 1.857665425963266337e+00 1.812328321657623309e-02
6.763819095477387009e+02 1.857741511685451208e+00 1.818352253322419454e-02
6.814070351758794004e+02 1.857816718729130789e+00 1.824191101994005262e-02
6.864321608040200999e+02 1.857891040461051135e+00 1.829850826013593862e-02
6.914572864321607994e+02 1.857964471795195971e+00 1.835337207844268612e-02
6.964824120603016127e+02 1.858037009079119839e+00 1.840655856711329030e-02
7.015075376884421985e+02 1.858108649986792926e+00 1.845812211494791272e-02
7.065326633165830117e+02 1.858179393417690450e+00 1.850811543844641666e-02
7.115577889447235975e+02 1.858249239401848385e+00 1.855658961485455449e-02
7.165829145728644107e+02 1.858318189010617960e+00 1.860359411667016072e-02
7.216080402010049966e+02 1.858386244272849375e+00 1.864917684737485079e-02
7.266331658291458098e+02 1.858453408096241821e+00 1.869338417813053849e-02
7.316582914572863956e+02 1.858519684193606247e+00 1.873626098516582503e-02
7.366834170854272088e+02 1.858585077013783504e+00 1.877785068763972859e-02
7.417085427135677946e+02 1.858649591676983626e+00 1.881819528584850049e-02
7.467336683417086078e+02 1.858713233914306429e+00 1.885733539949425996e-02
7.517587939698491937e+02 1.858776010011216506e+00 1.889531030601284897e-02
7.567839195979900069e+02 1.858837926754757897e+00 1.893215797866279471e-02
7.618090452261307064e+02 1.858898991384297927e+00 1.896791512444287800e-02
7.668341708542714059e+02 1.858959211545596402e+00 1.900261722154635707e-02
7.718592964824121054e+02 1.859018595248015604e+00 1.903629855644735358e-02
7.768844221105528050e+02 1.859077150824681057e+00 1.906899226038599043e-02
7.819095477386935045e+02 1.859134886895422722e+00 1.910073034533470507e-02
7.869346733668342040e+02 1.859191812332330329e+00 1.913154373923571169e-02
7.919597989949749035e+02 1.859247936227762077e+00 1.916146232062044402e-02
7.969849246231156030e+02 1.859303267864663933e+00 1.919051495247092037e-02
8.020100502512563025e+02 1.859357816689047649e+00 1.921872951531172768e-02
8.070351758793970021e+02 1.859411592284503145e+00 1.924613293955028739e-02
8.120603015075377016e+02 1.859464604348610939e+00 1.927275123701987017e-02
8.170854271356784011e+02 1.859516862671138249e+00 1.929860953166939730e-02
8.221105527638192143e+02 1.859568377113903326e+00 1.932373208948925600e-02
8.271356783919598001e+02 1.859619157592201866e+00 1.934814234760761156e-02
8.321608040201006133e+02 1.859669214057694031e+00 1.937186294251662388e-02
8.371859296482411992e+02 1.859718556482657270e+00 1.939491573754468026e-02
8.422110552763820124e+02 1.859767194845515670e+00 1.941732184947982109e-02
8.472361809045225982e+02 1.859815139117558802e+00 1.943910167438401421e-02
8.522613065326634114e+02 1.859862399250774789e+00 1.946027491263402354e-02
8.572864321608039972e+02 1.859908985166720763e+00 1.948086059316419746e-02
8.623115577889448105e+02 1.859954906746359882e+00 1.950087709691791099e-02
8.673366834170853963e+02 1.860000173820801850e+00 1.952034217960805715e-02
8.723618090452262095e+02 1.860044796162881209e+00 1.953927299364508971e-02
8.773869346733667953e+02 1.860088783479519003e+00 1.955768610937912155e-02
8.824120603015076085e+02 1.860132145404813642e+00 1.957559753568575978e-02
8.874371859296483080e+02 1.860174891493806104e+00 1.959302273974172087e-02
8.924623115577890076e+02 1.860217031216875094e+00 1.960997666623721242e-02
8.974874371859297071e+02 1.860258573954718164e+00 1.962647375586122969e-02
9.025125628140704066e+02 1.860299528993873741e+00 1.964252796317786723e-02
9.075376884422111061e+02 1.860339905522747861e+00 1.965815277386245494e-02
9.125628140703518056e+02 1.860379712628106752e+00 1.967336122134962298e-02
9.175879396984925052e+02 1.860418959292003294e+00 1.968816590288165538e-02
9.226130653266332047e+02 1.860457654389102489e+00 1.970257899499485571e-02
9.276381909547739042e+02 1.860495806684381082e+00 1.971661226846336407e-02
9.326633165829146037e+02 1.860533424831164462e+00 1.973027710267911961e-02
9.376884422110553032e+02 1.860570517369486199e+00 1.974358449955256056e-02
9.427135678391960028e+02 1.860607092724735123e+00 1.975654509688794941e-02
9.477386934673367023e+02 1.860643159206575081e+00 1.976916918130435658e-02
9.527638190954774018e+02 1.860678725008111600e+00 1.978146670063750390e-02
9.577889447236181013e+02 1.860713798205286595e+00 1.979344727594775991e-02
9.628140703517588008e+02 1.860748386756485351e+00 1.980512021305647768e-02
9.678391959798995003e+02 1.860782498502333793e+00 1.981649451367807277e-02
9.728643216080401999e+02 1.860816141165674065e+00 1.982757888612482824e-02
9.778894472361808994e+02 1.860849322351701529e+00 1.983838175567824436e-02
9.829145728643217126e+02 1.860882049548250317e+00 1.984891127447373921e-02
9.879396984924624121e+02 1.860914330126213212e+00 1.985917533114256103e-02
9.929648241206031116e+02 1.860946171340084998e+00 1.986918156003406738e-02
9.979899497487438111e+02 1.860977580328617487e+00 1.987893735009882423e-02
1.003015075376884511e+03 1.861008564115575581e+00 1.988844985345625607e-02
1.008040201005025210e+03 1.861039129610586595e+00 1.989772599367574391e-02
1.013065326633165910e+03 1.861069283610069958e+00 1.990677247371587522e-02
1.018090452261306609e+03 1.861099032798243513e+00 1.991559578357793639e-02
1.023115577889447309e+03 1.861128383748194892e+00 1.992420220769568553e-02
1.028140703517588008e+03 1.861157342923013935e+00 1.993259783204415214e-02
1.033165829145728821e+03 1.861185916676975971e+00 1.994078855098889436e-02
1.038190954773869407e+03 1.861214111256774162e+00 1.994878007387456895e-02
1.043216080402009993e+03 1.861241932802790933e+00 1.995657793141262029e-02
1.048241206030150806e+03 1.861269387350405147e+00 1.996418748176612135e-02
1.053266331658291620e+03 1.861296480831332145e+00 1.997161391646909770e-02
1.058291457286432205e+03 1.861323219074986879e+00 1.997886226611677793e-02
1.063316582914572791e+03 1.861349607809872797e+00 1.998593740585783221e-02
1.068341708542713604e+03 1.861375652664985614e+00 1.999284406062486544e-02
1.073366834170854418e+03 1.861401359171233949e+00 1.999958681027268551e-02
1.078391959798995003e+03 1.861426732762870850e+00 2.000617009445462835e-02
1.083417085427135589e+03 1.861451778778934196e+00 2.001259821734503383e-02
1.088442211055276402e+03 1.861476502464691984e+00 2.001887535222113615e-02
1.093467336683417216e+03 1.861500908973090729e+00 2.002500554581225153e-02
1.098492462311557802e+03 1.861525003366206743e+00 2.003099272255697699e-02
1.103517587939698387e+03 1.861548790616694316e+00 2.003684068868145582e-02
1.108542713567839201e+03 1.861572275609229887e+00 2.004255313611720893e-02
1.113567839195980014e+03 1.861595463141953788e+00 2.004813364629893721e-02
1.118592964824120827e+03 1.861618357927905310e+00 2.005358569383279208e-02
1.123618090452261413e+03 1.861640964596445347e+00 2.005891264998667378e-02
1.128643216080401999e+03 1.861663287694676372e+00 2.006411778613691882e-02
1.133668341708542812e+03 1.861685331688845979e+00 2.006920427699539558e-02
1.138693467336683625e+03 1.861707100965743766e+00 2.007417520381203288e-02
1.143718592964824211e+03 1.861728599834080455e+00 2.007903355739338105e-02
1.148743718592964797e+03 1.861749832525858350e+00 2.008378224105998588e-02
1.153768844221105610e+03 1.861770803197724700e+00 2.008842407348829934e-02
1.158793969849246423e+03 1.861791515932310626e+00 2.009296179143249192e-02
1.163819095477387009e+03 1.861811974739555176e+00 2.009739805237130417e-02
1.168844221105527595e+03 1.861832183558012721e+00 2.010173543707523269e-02
1.173869346733668408e+03 1.861852146256144369e+00 2.010597645202850947e-02
1.178894472361809221e+03 1.861871866633590722e+00 2.011012353183923990e-02
1.183919597989949807e+03 1.861891348422430204e+00 2.011417904150573921e-02
1.188944723618090393e+03 1.861910595288417181e+00 2.011814527863921981e-02
1.193969849246231206e+03 1.861929610832204096e+00 2.012202447560471411e-02
1.198994974874372019e+03 1.861948398590543619e+00 2.012581880156428041e-02
1.204020100502512605e+03 1.861966962037475470e+00 2.012953036448373104e-02
1.209045226130653191e+03 1.861985304585491718e+00 2.013316121304821460e-02
1.214070351758794004e+03 1.862003429586686298e+00 2.013671333850920384e-02
1.219095477386934817e+03 1.862021340333885000e+00 2.014018867649089092e-02
1.224120603015075403e+03 1.862039040061756801e+00 2.014358910871785757e-02
1.229145728643215989e+03 1.862056531947907656e+00 2.014691646468089528e-02
1.234170854271356802e+03 1.862073819113955642e+00 2.015017252324695016e-02
1.239195979899497615e+03 1.862090904626586774e+00 2.015335901424653020e-02
1.244221105527638429e+03 1.862107791498595066e+00 2.015647761994527470e-02
1.249246231155779014e+03 1.862124482689901939e+00 2.015952997654325493e-02
1.254271356783919600e+03 1.862140981108557858e+00 2.016251767553700613e-02
1.259296482412060413e+03 1.862157289611729771e+00 2.016544226510986332e-02
1.264321608040201227e+03 1.862173411006665003e+00 2.016830525145718589e-02
1.269346733668341813e+03 1.862189348051642490e+00 2.017110810001920135e-02
1.274371859296482398e+03 1.862205103456904931e+00 2.017385223673187622e-02
1.279396984924623212e+03 1.862220679885572494e+00 2.017653904925189798e-02
1.284422110552764025e+03 1.862236079954542323e+00 2.017916988802942804e-02
1.289447236180904611e+03 1.862251306235368942e+00 2.018174606748754721e-02
1.294472361809045196e+03 1.862266361255128899e+00 2.018426886706631979e-02
1.299497487437186010e+03 1.862281247497269643e+00 2.018673953225283424e-02
1.304522613065326823e+03 1.862295967402441743e+00 2.018915927563581444e-02
1.309547738693467409e+03 1.862310523369314463e+00 2.019152927780346052e-02
1.314572864321607994e+03 1.862324917755378006e+00 2.019385068835966371e-02
1.319597989949748808e+03 1.862339152877727111e+00 2.019612462678378739e-02
1.324623115577889621e+03 1.862353231013832433e+00 2.019835218333755969e-02
1.329648241206030207e+03 1.862367154402295499e+00 2.020053441990928358e-02
1.334673366834170793e+03 1.862380925243588559e+00 2.020267237083391704e-02
1.339698492462311606e+03 1.862394545700781112e+00 2.020476704371667806e-02
1.344723618090452419e+03 1.862408017900251789e+00 2.020681942017229712e-02
1.349748743718593005e+03 1.862421343932385120e+00 2.020883045659541827e-02
1.354773869346733591e+03 1.862434525852256773e+00 2.021080108488535962e-02
1.359798994974874404e+03 1.862447565680303008e+00 2.021273221313626967e-02
1.364824120603015217e+03 1.862460465402979048e+00 2.021462472634222990e-02
1.369849246231156030e+03 1.862473226973402118e+00 2.021647948702396183e-02
1.374874371859296616e+03 1.862485852311982493e+00 2.021829733587616335e-02
1.379899497487437202e+03 1.862498343307043447e+00 2.022007909240799289e-02
1.384924623115578015e+03 1.862510701815427439e+00 2.022182555552739375e-02
1.389949748743718828e+03 1.862522929663088966e+00 2.022353750409129625e-02
1.394974874371859414e+03 1.862535028645678992e+00 2.022521569751506085e-02
1.400000000000000000e+03 1.862547000529113594e+00 2.022686087629850873e-02
