4.000000000000000000e+02 1.860476832294524652e+00 1.173480174144203407e-02
4.050251256281406995e+02 1.860545361725766123e+00 1.193964901604198728e-02
4.100502512562813990e+02 1.860617279613819175e+00 1.213868912491433694e-02
4.150753768844220986e+02 1.860692264890821068e+00 1.233194105828291399e-02
4.201005025125627981e+02 1.860770009797923175e+00 1.251944105033307893e-02
4.251256281407034976e+02 1.860850220381353948e+00 1.270124080729644056e-02
4.301507537688441971e+02 1.860932616819280572e+00 1.287740580464112605e-02
4.351758793969848966e+02 1.861016933597645195e+00 1.304801366323980923e-02
4.402010050251256530e+02 1.861102919552706680e+00 1.321315261257466865e-02
4.452261306532663525e+02 1.861190337797310468e+00 1.337292004592528782e-02
4.502512562814070520e+02 1.861278965547026543e+00 1.352742117076092924e-02
4.552763819095477515e+02 1.861368593861253640e+00 1.367676775581572364e-02
4.603015075376884511e+02 1.861459027313279391e+00 1.382107697457475755e-02
4.653266331658291506e+02 1.861550083602100614e+00 1.396047034385565315e-02
4.703517587939698501e+02 1.861641593117631333e+00 1.409507275510138956e-02
4.753768844221105496e+02 1.861733398469744838e+00 1.422501159501479359e-02
4.804020100502512491e+02 1.861825353990454346e+00 1.435041595195428975e-02
4.854271356783919487e+02 1.861917325217436137e+00 1.447141590345194309e-02
4.904522613065327050e+02 1.862009188366072099e+00 1.458814188056734018e-02
4.954773869346734045e+02 1.862100829796217827e+00 1.470072410404318214e-02
5.005025125628141041e+02 1.862192145479009353e+00 1.480929208745205769e-02
5.055276381909548036e+02 1.862283040468208917e+00 1.491397420252618504e-02
5.105527638190955031e+02 1.862373428379843654e+00 1.501489730167068597e-02
5.155778894472362026e+02 1.862463230883232068e+00 1.511218639311523795e-02
5.206030150753769021e+02 1.862552377205895393e+00 1.520596436415526734e-02
5.256281407035176017e+02 1.862640803654318944e+00 1.529635174795884560e-02
5.306532663316583012e+02 1.862728453152081354e+00 1.538346653013638460e-02
5.356783919597990007e+02 1.862815274796451037e+00 1.546742399093897768e-02
5.407035175879397002e+02 1.862901223434208609e+00 1.554833657950491221e-02
5.457286432160803997e+02 1.862986259257158661e+00 1.562631381682614423e-02
5.507537688442210992e+02 1.863070347417531192e+00 1.570146222429989052e-02
5.557788944723617988e+02 1.863153457663270895e+00 1.577388527480358751e-02
5.608040201005024983e+02 1.863235563993024257e+00 1.584368336382530745e-02
5.658291457286431978e+02 1.863316644330497596e+00 1.591095379807784885e-02
5.708542713567838973e+02 1.863396680217737522e+00 1.597579079942659797e-02
5.758793969849245968e+02 1.863475656526791591e+00 1.603828552202006194e-02
5.809045226130654100e+02 1.863553561189137620e+00 1.609852608095594523e-02
5.859296482412059959e+02 1.863630384942214446e+00 1.615659759059607722e-02
5.909547738693468091e+02 1.863706121092348678e+00 1.621258221127314797e-02
5.959798994974873949e+02 1.863780765293349573e+00 1.626655920286387141e-02
6.010050251256282081e+02 1.863854315340027989e+00 1.631860498413464575e-02
6.060301507537687939e+02 1.863926770975892877e+00 1.636879319680379502e-02
6.110552763819096072e+02 1.863998133714281025e+00 1.641719477327553689e-02
6.160804020100503067e+02 1.864068406672187983e+00 1.646387800733701071e-02
6.211055276381910062e+02 1.864137594416082067e+00 1.650890862700339634e-02
6.261306532663317057e+02 1.864205702818996890e+00 1.655234986887148610e-02
6.311557788944724052e+02 1.864272738928235418e+00 1.659426255341103773e-02
6.361809045226131047e+02 1.864338710843020053e+00 1.663470516078259867e-02
6.412060301507538043e+02 1.864403627601474822e+00 1.667373390659292881e-02
6.462311557788945038e+02 1.864467499076329471e+00 1.671140281740953956e-02
6.512562814070352033e+02 1.864530335878782807e+00 1.674776380557514710e-02
6.562814070351759028e+02 1.864592149269976851e+00 1.678286674309730289e-02
6.613065326633166023e+02 1.864652951079568410e+00 1.681675953444743479e-02
6.663316582914573019e+02 1.864712753630912268e+00 1.684948818801700055e-02
6.713567839195980014e+02 1.864771569672393436e+00 1.688109688604577316e-02
6.763819095477387009e+02 1.864829412314477741e+00 1.691162805302226513e-02
6.814070351758794004e+02 1.864886294972071923e+00 1.694112242234610197e-02
6.864321608040200999e+02 1.864942231311809362e+00 1.696961910117661745e-02
6.914572864321607994e+02 1.864997235203904591e+00 1.699715563350544592e-02
6.964824120603016127e+02 1.865051320678240421e+00 1.702376806132364570e-02
7.015075376884421985e+02 1.865104501884371047e+00 1.704949098389577436e-02
7.065326633165830117e+02 1.865156793055148254e+00 1.707435761509943153e-02
7.115577889447235975e+02 1.865208208473699170e+00 1.709839983889862788e-02
7.165829145728644107e+02 1.865258762443495533e+00 1.712164826290838923e-02
7.216080402010049966e+02 1.865308469261280466e+00 1.714413227001580081e-02
7.266331658291458098e+02 1.865357343192628692e+00 1.716588006824467522e-02
7.316582914572863956e+02 1.865405398449933250e+00 1.718691873870269171e-02
7.366834170854272088e+02 1.865452649172631316e+00 1.720727428177092413e-02
7.417085427135677946e+02 1.865499109409486600e+00 1.722697166158188714e-02
7.467336683417086078e+02 1.865544793102766219e+00 1.724603484867555034e-02
7.517587939698491937e+02 1.865589714074157079e+00 1.726448686110823930e-02
7.567839195979900069e+02 1.865633886012280973e+00 1.728234980388154013e-02
7.618090452261307064e+02 1.865677322461678056e+00 1.729964490677747893e-02
7.668341708542714059e+02 1.865720036813133254e+00 1.731639256072434185e-02
7.718592964824121054e+02 1.865762042295236789e+00 1.733261235263148722e-02
7.768844221105528050e+02 1.865803351967073587e+00 1.734832309883806850e-02
7.819095477386935045e+02 1.865843978711943185e+00 1.736354287717390560e-02
7.869346733668342040e+02 1.865883935232024671e+00 1.737828905766482940e-02
7.919597989949749035e+02 1.865923234043900925e+00 1.739257833197422470e-02
7.969849246231156030e+02 1.865961887474869352e+00 1.740642674165542719e-02
8.020100502512563025e+02 1.865999907659966262e+00 1.741984970511998784e-02
8.070351758793970021e+02 1.866037306539643836e+00 1.743286204355531943e-02
8.120603015075377016e+02 1.866074095858035298e+00 1.744547800569639859e-02
8.170854271356784011e+02 1.866110287161758752e+00 1.745771129155746990e-02
8.221105527638192143e+02 1.866145891799204648e+00 1.746957507514406219e-02
8.271356783919598001e+02 1.866180920920264219e+00 1.748108202623295526e-02
8.321608040201006133e+02 1.866215385476452049e+00 1.749224433114028934e-02
8.371859296482411992e+02 1.866249296221386800e+00 1.750307371270710954e-02
8.422110552763820124e+02 1.866282663711592571e+00 1.751358144931672647e-02
8.472361809045225982e+02 1.866315498307588028e+00 1.752377839319470623e-02
8.522613065326634114e+02 1.866347810175230215e+00 1.753367498784687631e-02
8.572864321608039972e+02 1.866379609287291075e+00 1.754328128478760407e-02
8.623115577889448105e+02 1.866410905425233135e+00 1.755260695954398778e-02
8.673366834170853963e+02 1.866441708181167725e+00 1.756166132695857057e-02
8.723618090452262095e+02 1.866472026959969721e+00 1.757045335586244345e-02
8.773869346733667953e+02 1.866501870981530864e+00 1.757899168307560517e-02
8.824120603015076085e+02 1.866531249283134741e+00 1.758728462684857122e-02
8.874371859296483080e+02 1.866560170721931922e+00 1.759534019969383190e-02
8.924623115577890076e+02 1.866588643977507234e+00 1.760316612070014775e-02
8.974874371859297071e+02 1.866616677554520320e+00 1.761076982728937423e-02
9.025125628140704066e+02 1.866644279785409477e+00 1.761815848648192254e-02
9.075376884422111061e+02 1.866671458833143893e+00 1.762533900569214843e-02
9.125628140703518056e+02 1.866698222694019860e+00 1.763231804305534847e-02
9.175879396984925052e+02 1.866724579200485845e+00 1.763910201728757787e-02
9.226130653266332047e+02 1.866750536023989326e+00 1.764569711719844725e-02
9.276381909547739042e+02 1.866776100677842054e+00 1.765210931070593584e-02
9.326633165829146037e+02 1.866801280520088646e+00 1.765834435355420964e-02
9.376884422110553032e+02 1.866826082756378735e+00 1.766440779760152999e-02
9.427135678391960028e+02 1.866850514442836451e+00 1.767030499880277092e-02
9.477386934673367023e+02 1.866874582488917023e+00 1.767604112481588677e-02
9.527638190954774018e+02 1.866898293660251618e+00 1.768162116233717301e-02
9.577889447236181013e+02 1.866921654581473966e+00 1.768704992408145008e-02
9.628140703517588008e+02 1.866944671739024342e+00 1.769233205547376606e-02
9.678391959798995003e+02 1.866967351483930670e+00 1.769747204113767888e-02
9.728643216080401999e+02 1.866989700034557442e+00 1.770247421098249466e-02
9.778894472361808994e+02 1.867011723479328866e+00 1.770734274616235157e-02
9.829145728643217126e+02 1.867033427779417165e+00 1.771208168471541389e-02
9.879396984924624121e+02 1.867054818771396008e+00 1.771669492699242190e-02
9.929648241206031116e+02 1.867075902169858415e+00 1.772118624086443939e-02
9.979899497487438111e+02 1.867096683569996696e+00 1.772555926669955317e-02
1.003015075376884511e+03 1.867117168450142639e+00 1.772981752217322668e-02
1.008040201005025210e+03 1.867137362174270176e+00 1.773396440683905687e-02
1.013065326633165910e+03 1.867157269994454083e+00 1.773800320653070792e-02
1.018090452261306609e+03 1.867176897053289153e+00 1.774193709759661758e-02
1.023115577889447309e+03 1.867196248386267854e+00 1.774576915096283750e-02
1.028140703517588008e+03 1.867215328924113127e+00 1.774950233597532429e-02
1.033165829145728821e+03 1.867234143495071441e+00 1.775313952419209709e-02
1.038190954773869407e+03 1.867252696827161218e+00 1.775668349293868520e-02
1.043216080402009993e+03 1.867270993550378622e+00 1.776013692874076760e-02
1.048241206030150806e+03 1.867289038198861162e+00 1.776350243063502810e-02
1.053266331658291620e+03 1.867306835213008886e+00 1.776678251335299732e-02
1.058291457286432205e+03 1.867324388941560720e+00 1.776997961034134516e-02
1.063316582914572791e+03 1.867341703643631945e+00 1.777309607670074162e-02
1.068341708542713604e+03 1.867358783490707053e+00 1.777613419201289763e-02
1.073366834170854418e+03 1.867375632568592403e+00 1.777909616298153569e-02
1.078391959798995003e+03 1.867392254879327806e+00 1.778198412611296450e-02
1.083417085427135589e+03 1.867408654343055696e+00 1.778480015013078966e-02
1.088442211055276402e+03 1.867424834799852551e+00 1.778754623840650764e-02
1.093467336683417216e+03 1.867440800011519242e+00 1.779022433126914091e-02
1.098492462311557802e+03 1.867456553663331409e+00 1.779283630819447279e-02
1.103517587939698387e+03 1.867472099365753868e+00 1.779538398996177370e-02
1.108542713567839201e+03 1.867487440656113939e+00 1.779786914065996720e-02
1.113567839195980014e+03 1.867502581000240136e+00 1.780029346969961429e-02
1.118592964824120827e+03 1.867517523794061995e+00 1.780265863369390536e-02
1.123618090452261413e+03 1.867532272365174828e+00 1.780496623823402472e-02
1.128643216080401999e+03 1.867546829974369160e+00 1.780721783972761749e-02
1.133668341708542812e+03 1.867561199817125095e+00 1.780941494700138614e-02
1.138693467336683625e+03 1.867575385025070922e+00 1.781155902297366228e-02
1.143718592964824211e+03 1.867589388667411976e+00 1.781365148619774852e-02
1.148743718592964797e+03 1.867603213752322411e+00 1.781569371235735069e-02
1.153768844221105610e+03 1.867616863228307444e+00 1.781768703573306800e-02
1.158793969849246423e+03 1.867630339985533183e+00 1.781963275059031057e-02
1.163819095477387009e+03 1.867643646857125361e+00 1.782153211250136690e-02
1.168844221105527595e+03 1.867656786620437881e+00 1.782338633966410943e-02
1.173869346733668408e+03 1.867669761998292044e+00 1.782519661413036263e-02
1.178894472361809221e+03 1.867682575660186695e+00 1.782696408299392146e-02
1.183919597989949807e+03 1.867695230223479941e+00 1.782868985959448760e-02
1.188944723618090393e+03 1.867707728254542232e+00 1.783037502455701862e-02
1.193969849246231206e+03 1.867720072269884124e+00 1.783202062692209114e-02
1.198994974874372019e+03 1.867732264737256065e+00 1.783362768516177574e-02
1.204020100502512605e+03 1.867744308076722648e+00 1.783519718816848482e-02
1.209045226130653191e+03 1.867756204661711994e+00 1.783673009622304198e-02
1.214070351758794004e+03 1.867767956820039599e+00 1.783822734191724962e-02
1.219095477386934817e+03 1.867779566834908422e+00 1.783968983104971748e-02
1.224120603015075403e+03 1.867791036945885219e+00 1.784111844347640100e-02
1.229145728643215989e+03 1.867802369349854219e+00 1.784251403397197483e-02
1.234170854271356802e+03 1.867813566201947495e+00 1.784387743299628223e-02
1.239195979899497615e+03 1.867824629616454679e+00 1.784520944747181384e-02
1.244221105527638429e+03 1.867835561667708699e+00 1.784651086154738844e-02
1.249246231155779014e+03 1.867846364390953529e+00 1.784778243731073924e-02
1.254271356783919600e+03 1.867857039783189732e+00 1.784902491547500289e-02
1.259296482412060413e+03 1.867867589804000028e+00 1.785023901605786029e-02
1.264321608040201227e+03 1.867878016376356198e+00 1.785142543902847739e-02
1.269346733668341813e+03 1.867888321387406236e+00 1.785258486492231206e-02
1.274371859296482398e+03 1.867898506689242399e+00 1.785371795544876336e-02
1.279396984924623212e+03 1.867908574099654384e+00 1.785482535409787033e-02
1.284422110552764025e+03 1.867918525402859187e+00 1.785590768665289499e-02
1.289447236180904611e+03 1.867928362350219640e+00 1.785696556178913499e-02
1.294472361809045196e+03 1.867938086660941632e+00 1.785799957154760378e-02
1.299497487437186010e+03 1.867947700022757340e+00 1.785901029188258909e-02
1.304522613065326823e+03 1.867957204092591583e+00 1.785999828312772111e-02
1.309547738693467409e+03 1.867966600497213969e+00 1.786096409048622616e-02
1.314572864321607994e+03 1.867975890833872610e+00 1.786190824447705244e-02
1.319597989949748808e+03 1.867985076670916511e+00 1.786283126136801319e-02
1.324623115577889621e+03 1.867994159548401756e+00 1.786373364362697086e-02
1.329648241206030207e+03 1.868003140978683474e+00 1.786461588033525644e-02
1.334673366834170793e+03 1.868012022446993603e+00 1.786547844753840972e-02
1.339698492462311606e+03 1.868020805412008212e+00 1.786632180871453729e-02
1.344723618090452419e+03 1.868029491306397061e+00 1.786714641508067511e-02
1.349748743718593005e+03 1.868038081537363171e+00 1.786795270596704122e-02
1.354773869346733591e+03 1.868046577487171067e+00 1.786874110919716221e-02
1.359798994974874404e+03 1.868054980513659702e+00 1.786951204139299379e-02
1.364824120603015217e+03 1.868063291950745386e+00 1.787026590832944961e-02
1.369849246231156030e+03 1.868071513108913395e+00 1.787100310522021437e-02
1.374874371859296616e+03 1.868079645275697143e+00 1.787172401704673411e-02
1.379899497487437202e+03 1.868087689716148247e+00 1.787242901884961502e-02
1.384924623115578015e+03 1.868095647673291948e+00 1.787311847600734846e-02
1.389949748743718828e+03 1.868103520368577630e+00 1.787379274454577172e-02
1.394974874371859414e+03 1.868111309002314924e+00 1.787445217136033465e-02
1.400000000000000000e+03 1.868119014754100249e+00 1.787509709450022313e-02
