4.000000000000000000e+02 1.852472742637061076e+00 1.103339472277543344e-02
4.050251256281406995e+02 1.852538379179504702e+00 1.122333293923820363e-02
4.100502512562813990e+02 1.852607083555133816e+00 1.140779923728438110e-02
4.150753768844220986e+02 1.852678556610583449e+00 1.158681874110402583e-02
4.201005025125627981e+02 1.852752512099105298e+00 1.176043228378342680e-02
4.251256281407034976e+02 1.852828677084234821e+00 1.192869473671332066e-02
4.301507537688441971e+02 1.852906792188087959e+00 1.209167340988151831e-02
4.351758793969848966e+02 1.852986611701728625e+00 1.224944653207220291e-02
4.402010050251256530e+02 1.853067903574504127e+00 1.240210181710076423e-02
4.452261306532663525e+02 1.853150449298459401e+00 1.254973512033775301e-02
4.502512562814070520e+02 1.853234043703022582e+00 1.269244918773876699e-02
4.552763819095477515e+02 1.853318494674095041e+00 1.283035249803023310e-02
4.603015075376884511e+02 1.853403622810565254e+00 1.296355819729320090e-02
4.653266331658291506e+02 1.853489261030114132e+00 1.309218312415138044e-02
4.703517587939698501e+02 1.853575254135024775e+00 1.321634692284377917e-02
4.753768844221105496e+02 1.853661458347582114e+00 1.333617124068014678e-02
4.804020100502512491e+02 1.853747740823547874e+00 1.345177900605717264e-02
4.854271356783919487e+02 1.853833979151165767e+00 1.356329378252107629e-02
4.904522613065327050e+02 1.853920060842170203e+00 1.367083919455321095e-02
4.954773869346734045e+02 1.854005882820370710e+00 1.377453842008404677e-02
5.005025125628141041e+02 1.854091350912550951e+00 1.387451374530506744e-02
5.055276381909548036e+02 1.854176379345664927e+00 1.397088617676778104e-02
5.105527638190955031e+02 1.854260890253627725e+00 1.406377510645639810e-02
5.155778894472362026e+02 1.854344813196387998e+00 1.415329802500423471e-02
5.206030150753769021e+02 1.854428084693425793e+00 1.423957027921453171e-02
5.256281407035176017e+02 1.854510647773339516e+00 1.432270486932458835e-02
5.306532663316583012e+02 1.854592451540768350e+00 1.440281228247315866e-02
5.356783919597990007e+02 1.854673450761535003e+00 1.448000035867086366e-02
5.407035175879397002e+02 1.854753605466576083e+00 1.455437418573275743e-02
5.457286432160803997e+02 1.854832880574969645e+00 1.462603602025779222e-02
5.507537688442210992e+02 1.854911245536136954e+00 1.469508523154603764e-02
5.557788944723617988e+02 1.854988673991114112e+00 1.476161826585114037e-02
5.608040201005024983e+02 1.855065143452627296e+00 1.482572862851810891e-02
5.658291457286431978e+02 1.855140635003590166e+00 1.488750688174970277e-02
5.708542713567838973e+02 1.855215133013531581e+00 1.494704065591377466e-02
5.758793969849245968e+02 1.855288624872384995e+00 1.500441467258661205e-02
5.809045226130654100e+02 1.855361100741021785e+00 1.505971077770174894e-02
5.859296482412059959e+02 1.855432553317848621e+00 1.511300798312961192e-02
5.909547738693468091e+02 1.855502977620783200e+00 1.516438251552955016e-02
5.959798994974873949e+02 1.855572370783883152e+00 1.521390787118574207e-02
6.010050251256282081e+02 1.855640731867910453e+00 1.526165487566652663e-02
6.060301507537687939e+02 1.855708061684109289e+00 1.530769174751826257e-02
6.110552763819096072e+02 1.855774362630483010e+00 1.535208416493917365e-02
6.160804020100503067e+02 1.855839638539866998e+00 1.539489533493122383e-02
6.211055276381910062e+02 1.855903894539113752e+00 1.543618606400686336e-02
6.261306532663317057e+02 1.855967136918729166e+00 1.547601483009047527e-02
6.311557788944724052e+02 1.856029373012314299e+00 1.551443785498636541e-02
6.361809045226131047e+02 1.856090611085202235e+00 1.555150917704398519e-02
6.412060301507538043e+02 1.856150860231695399e+00 1.558728072356876243e-02
6.462311557788945038e+02 1.856210130280346648e+00 1.562180238278751757e-02
6.512562814070352033e+02 1.856268431706742827e+00 1.565512207497911368e-02
6.562814070351759028e+02 1.856325775553288482e+00 1.568728582252678153e-02
6.613065326633166023e+02 1.856382173355505927e+00 1.571833781882735551e-02
6.663316582914573019e+02 1.856437637074399127e+00 1.574832049580254106e-02
6.713567839195980014e+02 1.856492179034454626e+00 1.577727458985997769e-02
6.763819095477387009e+02 1.856545811866874729e+00 1.580523920628857520e-02
6.814070351758794004e+02 1.856598548457667031e+00 1.583225188190681351e-02
6.864321608040200999e+02 1.856650401900236780e+00 1.585834864604727251e-02
6.914572864321607994e+02 1.856701385452146580e+00 1.588356407965629824e-02
6.964824120603016127e+02 1.856751512495736334e+00 1.590793137260971407e-02
7.015075376884421985e+02 1.856800796502312112e+00 1.593148237918322330e-02
7.065326633165830117e+02 1.856849250999632606e+00 1.595424767170036326e-02
7.115577889447235975e+02 1.856896889542443141e+00 1.597625659232620662e-02
7.165829145728644107e+02 1.856943725685818114e+00 1.599753730303266064e-02
7.216080402010049966e+02 1.856989772961098462e+00 1.601811683381218140e-02
7.266331658291458098e+02 1.857035044854214778e+00 1.603802112907400795e-02
7.316582914572863956e+02 1.857079554786213560e+00 1.605727509234174469e-02
7.366834170854272088e+02 1.857123316095804499e+00 1.607590262921588034e-02
7.417085427135677946e+02 1.857166342023771399e+00 1.609392668872945339e-02
7.467336683417086078e+02 1.857208645699093053e+00 1.611136930302333597e-02
7.517587939698491937e+02 1.857250240126635310e+00 1.612825162550890826e-02
7.567839195979900069e+02 1.857291138176281997e+00 1.614459396745793543e-02
7.618090452261307064e+02 1.857331352573391214e+00 1.616041583316689401e-02
7.668341708542714059e+02 1.857370895890457563e+00 1.617573595359595925e-02
7.718592964824121054e+02 1.857409780539883926e+00 1.619057231875572350e-02
7.768844221105528050e+02 1.857448018767767994e+00 1.620494220863511609e-02
7.819095477386935045e+02 1.857485622648609835e+00 1.621886222291978388e-02
7.869346733668342040e+02 1.857522604080868334e+00 1.623234830939565207e-02
7.919597989949749035e+02 1.857558974783283468e+00 1.624541579125042545e-02
7.969849246231156030e+02 1.857594746291904020e+00 1.625807939313289249e-02
8.020100502512563025e+02 1.857629929957748338e+00 1.627035326616863009e-02
8.070351758793970021e+02 1.857664536945046185e+00 1.628225101184037002e-02
8.120603015075377016e+02 1.857698578230007280e+00 1.629378570495922454e-02
8.170854271356784011e+02 1.857732064600062571e+00 1.630496991552718086e-02
8.221105527638192143e+02 1.857765006653537387e+00 1.631581572975275216e-02
8.271356783919598001e+02 1.857797414799710944e+00 1.632633477012458006e-02
8.321608040201006133e+02 1.857829299259226685e+00 1.633653821462300454e-02
8.371859296482411992e+02 1.857860670064815922e+00 1.634643681510002111e-02
8.422110552763820124e+02 1.857891537062302145e+00 1.635604091491713388e-02
8.472361809045225982e+02 1.857921909911856462e+00 1.636536046570509495e-02
8.522613065326634114e+02 1.857951798089479523e+00 1.637440504354917281e-02
8.572864321608039972e+02 1.857981210888677293e+00 1.638318386434555948e-02
8.623115577889448105e+02 1.858010157422318009e+00 1.639170579858219290e-02
8.673366834170853963e+02 1.858038646624638579e+00 1.639997938541623221e-02
8.723618090452262095e+02 1.858066687253391303e+00 1.640801284621070180e-02
8.773869346733667953e+02 1.858094287892102736e+00 1.641581409742769171e-02
8.824120603015076085e+02 1.858121456952438244e+00 1.642339076298442516e-02
8.874371859296483080e+02 1.858148202676651595e+00 1.643075018610314769e-02
8.924623115577890076e+02 1.858174533140107609e+00 1.643789944061731581e-02
8.974874371859297071e+02 1.858200456253866539e+00 1.644484534179061624e-02
9.025125628140704066e+02 1.858225979767317515e+00 1.645159445671801751e-02
9.075376884422111061e+02 1.858251111270851963e+00 1.645815311422882746e-02
9.125628140703518056e+02 1.858275858198568997e+00 1.646452741437333389e-02
9.175879396984925052e+02 1.858300227830999907e+00 1.647072323754692966e-02
9.226130653266332047e+02 1.858324227297851294e+00 1.647674625315670438e-02
9.276381909547739042e+02 1.858347863580752213e+00 1.648260192799812923e-02
9.326633165829146037e+02 1.858371143516005963e+00 1.648829553420555136e-02
9.376884422110553032e+02 1.858394073797336121e+00 1.649383215690277196e-02
9.427135678391960028e+02 1.858416660978624568e+00 1.649921670151782704e-02
9.477386934673367023e+02 1.858438911476636646e+00 1.650445390079989180e-02
9.527638190954774018e+02 1.858460831573727212e+00 1.650954832152875737e-02
9.577889447236181013e+02 1.858482427420529159e+00 1.651450437095418680e-02
9.628140703517588008e+02 1.858503705038612619e+00 1.651932630294832005e-02
9.678391959798995003e+02 1.858524670323124406e+00 1.652401822390798039e-02
9.728643216080401999e+02 1.858545329045391270e+00 1.652858409844326290e-02
9.778894472361808994e+02 1.858565686855496057e+00 1.653302775474771794e-02
9.829145728643217126e+02 1.858585749284819677e+00 1.653735288985412610e-02
9.879396984924624121e+02 1.858605521748546874e+00 1.654156307455656449e-02
9.929648241206031116e+02 1.858625009548137141e+00 1.654566175826953367e-02
9.979899497487438111e+02 1.858644217873757443e+00 1.654965227350390158e-02
1.003015075376884511e+03 1.858663151806676517e+00 1.655353784035758918e-02
1.008040201005025210e+03 1.858681816321619884e+00 1.655732157066700655e-02
1.013065326633165910e+03 1.858700216289085105e+00 1.656100647206917853e-02
1.018090452261306609e+03 1.858718356477617073e+00 1.656459545188879862e-02
1.023115577889447309e+03 1.858736241556040225e+00 1.656809132081812561e-02
1.028140703517588008e+03 1.858753876095653235e+00 1.657149679653181079e-02
1.033165829145728821e+03 1.858771264572379733e+00 1.657481450709040460e-02
1.038190954773869407e+03 1.858788411368878402e+00 1.657804699422746678e-02
1.043216080402009993e+03 1.858805320776613090e+00 1.658119671649461307e-02
1.048241206030150806e+03 1.858821996997879644e+00 1.658426605231229367e-02
1.053266331658291620e+03 1.858838444147794089e+00 1.658725730288034342e-02
1.058291457286432205e+03 1.858854666256238186e+00 1.659017269491574673e-02
1.063316582914572791e+03 1.858870667269766797e+00 1.659301438343256316e-02
1.068341708542713604e+03 1.858886451053472610e+00 1.659578445422342161e-02
1.073366834170854418e+03 1.858902021392814241e+00 1.659848492639130757e-02
1.078391959798995003e+03 1.858917381995401907e+00 1.660111775470471396e-02
1.083417085427135589e+03 1.858932536492748033e+00 1.660368483189057429e-02
1.088442211055276402e+03 1.858947488441976548e+00 1.660618799083201855e-02
1.093467336683417216e+03 1.858962241327496656e+00 1.660862900666487327e-02
1.098492462311557802e+03 1.858976798562638422e+00 1.661100959882679667e-02
1.103517587939698387e+03 1.858991163491252374e+00 1.661333143299942305e-02
1.108542713567839201e+03 1.859005339389272704e+00 1.661559612296393748e-02
1.113567839195980014e+03 1.859019329466246484e+00 1.661780523245073166e-02
1.118592964824120827e+03 1.859033136866825808e+00 1.661996027682976357e-02
1.123618090452261413e+03 1.859046764672228402e+00 1.662206272480907729e-02
1.128643216080401999e+03 1.859060215901663149e+00 1.662411399999476694e-02
1.133668341708542812e+03 1.859073493513723196e+00 1.662611548251315477e-02
1.138693467336683625e+03 1.859086600407748202e+00 1.662806851042824066e-02
1.143718592964824211e+03 1.859099539425151493e+00 1.662997438118848925e-02
1.148743718592964797e+03 1.859112313350720580e+00 1.663183435302972163e-02
1.153768844221105610e+03 1.859124924913885701e+00 1.663364964627426362e-02
1.158793969849246423e+03 1.859137376789956608e+00 1.663542144461336095e-02
1.163819095477387009e+03 1.859149671601333376e+00 1.663715089633301461e-02
1.168844221105527595e+03 1.859161811918688123e+00 1.663883911551681041e-02
1.173869346733668408e+03 1.859173800262116982e+00 1.664048718315917427e-02
1.178894472361809221e+03 1.859185639102267418e+00 1.664209614827598036e-02
1.183919597989949807e+03 1.859197330861437347e+00 1.664366702897263073e-02
1.188944723618090393e+03 1.859208877914649172e+00 1.664520081342307778e-02
1.193969849246231206e+03 1.859220282590697826e+00 1.664669846091333325e-02
1.198994974874372019e+03 1.859231547173173515e+00 1.664816090274949187e-02
1.204020100502512605e+03 1.859242673901461806e+00 1.664958904314380039e-02
1.209045226130653191e+03 1.859253664971718845e+00 1.665098376017222839e-02
1.214070351758794004e+03 1.859264522537823039e+00 1.665234590654358915e-02
1.219095477386934817e+03 1.859275248712305428e+00 1.665367631046038577e-02
1.224120603015075403e+03 1.859285845567256512e+00 1.665497577639807325e-02
1.229145728643215989e+03 1.859296315135213318e+00 1.665624508587622288e-02
1.234170854271356802e+03 1.859306659410022933e+00 1.665748499814831418e-02
1.239195979899497615e+03 1.859316880347688050e+00 1.665869625096356652e-02
1.244221105527638429e+03 1.859326979867191199e+00 1.665987956123418656e-02
1.249246231155779014e+03 1.859336959851298987e+00 1.666103562566820587e-02
1.254271356783919600e+03 1.859346822147348144e+00 1.666216512144116230e-02
1.259296482412060413e+03 1.859356568568012680e+00 1.666326870676682753e-02
1.264321608040201227e+03 1.859366200892052845e+00 1.666434702156024614e-02
1.269346733668341813e+03 1.859375720865045434e+00 1.666540068791328225e-02
1.274371859296482398e+03 1.859385130200098324e+00 1.666643031074253878e-02
1.279396984924623212e+03 1.859394430578548141e+00 1.666743647824993346e-02
1.284422110552764025e+03 1.859403623650638604e+00 1.666841976248904442e-02
1.289447236180904611e+03 1.859412711036187105e+00 1.666938071981755379e-02
1.294472361809045196e+03 1.859421694325232188e+00 1.667031989140888362e-02
1.299497487437186010e+03 1.859430575078667269e+00 1.667123780372325656e-02
1.304522613065326823e+03 1.859439354828859692e+00 1.667213496891817998e-02
1.309547738693467409e+03 1.859448035080253581e+00 1.667301188531829931e-02
1.314572864321607994e+03 1.859456617309960924e+00 1.667386903781143889e-02
1.319597989949748808e+03 1.859465102968336447e+00 1.667470689827075039e-02
1.324623115577889621e+03 1.859473493479541162e+00 1.667552592591646163e-02
1.329648241206030207e+03 1.859481790242091481e+00 1.667632656775037622e-02
1.334673366834170793e+03 1.859489994629394349e+00 1.667710925885011741e-02
1.339698492462311606e+03 1.859498107990273930e+00 1.667787442279613369e-02
1.344723618090452419e+03 1.859506131649480754e+00 1.667862247193847847e-02
1.349748743718593005e+03 1.859514066908193319e+00 1.667935380778976309e-02
1.354773869346733591e+03 1.859521915044505702e+00 1.668006882132450075e-02
1.359798994974874404e+03 1.859529677313905394e+00 1.668076789325153089e-02
1.364824120603015217e+03 1.859537354949738042e+00 1.668145139439260530e-02
1.369849246231156030e+03 1.859544949163664196e+00 1.668211968590091812e-02
1.374874371859296616e+03 1.859552461146102287e+00 1.668277311955924935e-02
1.379899497487437202e+03 1.859559892066665165e+00 1.668341203809777309e-02
1.384924623115578015e+03 1.859567243074582654e+00 1.668403677535855098e-02
1.389949748743718828e+03 1.859574515299118103e+00 1.668464765667274780e-02
1.394974874371859414e+03 1.859581709849972508e+00 1.668524499899137759e-02
1.400000000000000000e+03 1.859588827817681533e+00 1.668582911121547011e-02
