4.000000000000000000e+02 1.837965916978950398e+00 1.008448341082964460e-02
4.050251256281406995e+02 1.838032600518610726e+00 1.024144020054963689e-02
4.100502512562813990e+02 1.838101356644974427e+00 1.039338451910643349e-02
4.150753768844220986e+02 1.838171933550452497e+00 1.054038185040559808e-02
4.201005025125627981e+02 1.838244093196449436e+00 1.068250863358146535e-02
4.251256281407034976e+02 1.838317611296672371e+00 1.081985076985786040e-02
4.301507537688441971e+02 1.838392277187911983e+00 1.095250222726897212e-02
4.351758793969848966e+02 1.838467893605262748e+00 1.108056374594218636e-02
4.402010050251256530e+02 1.838544276377505060e+00 1.120414164396660653e-02
4.452261306532663525e+02 1.838621254057074328e+00 1.132334672339715964e-02
4.502512562814070520e+02 1.838698667497686401e+00 1.143829327354171053e-02
4.552763819095477515e+02 1.838776369391361465e+00 1.154909816878742571e-02
4.603015075376884511e+02 1.838854223775272745e+00 1.165588005652713234e-02
4.653266331658291506e+02 1.838932105517586457e+00 1.175875863085845859e-02
4.703517587939698501e+02 1.839009899790284397e+00 1.185785398697341252e-02
4.753768844221105496e+02 1.839087501535844105e+00 1.195328605109615208e-02
4.804020100502512491e+02 1.839164814933630820e+00 1.204517408055870084e-02
4.854271356783919487e+02 1.839241752870936830e+00 1.213363622883964488e-02
4.904522613065327050e+02 1.839318236422742281e+00 1.221878917019478955e-02
4.954773869346734045e+02 1.839394194343538569e+00 1.230074777886525431e-02
5.005025125628141041e+02 1.839469562573874395e+00 1.237962485785538969e-02
5.055276381909548036e+02 1.839544283763697496e+00 1.245553091269267949e-02
5.105527638190955031e+02 1.839618306814059245e+00 1.252857396571391453e-02
5.155778894472362026e+02 1.839691586438295667e+00 1.259885940662793490e-02
5.206030150753769021e+02 1.839764082743422735e+00 1.266648987556362287e-02
5.256281407035176017e+02 1.839835760832160272e+00 1.273156517500274865e-02
5.306532663316583012e+02 1.839906590425721022e+00 1.279418220715158178e-02
5.356783919597990007e+02 1.839976545507283845e+00 1.285443493384553007e-02
5.407035175879397002e+02 1.840045603985876577e+00 1.291241435604146073e-02
5.457286432160803997e+02 1.840113747380246023e+00 1.296820851051314928e-02
5.507537688442210992e+02 1.840180960522174392e+00 1.302190248126022971e-02
5.557788944723617988e+02 1.840247231278608675e+00 1.307357842367726057e-02
5.608040201005024983e+02 1.840312550291899107e+00 1.312331559958504479e-02
5.658291457286431978e+02 1.840376910737393512e+00 1.317119042133876872e-02
5.708542713567838973e+02 1.840440308097602840e+00 1.321727650365741961e-02
5.758793969849245968e+02 1.840502739952132982e+00 1.326164472172952288e-02
5.809045226130654100e+02 1.840564205782569740e+00 1.330436327440483180e-02
5.859296482412059959e+02 1.840624706791509135e+00 1.334549775149597786e-02
5.909547738693468091e+02 1.840684245734933056e+00 1.338511120418450946e-02
5.959798994974873949e+02 1.840742826767146845e+00 1.342326421779031775e-02
6.010050251256282081e+02 1.840800455297516569e+00 1.346001498610441618e-02
6.060301507537687939e+02 1.840857137858269654e+00 1.349541938671312141e-02
6.110552763819096072e+02 1.840912881982650795e+00 1.352953105688060008e-02
6.160804020100503067e+02 1.840967696092752126e+00 1.356240146929073645e-02
6.211055276381910062e+02 1.841021589396369285e+00 1.359408000753807751e-02
6.261306532663317057e+02 1.841074571792268744e+00 1.362461404079898936e-02
6.311557788944724052e+02 1.841126653783278888e+00 1.365404899752743414e-02
6.361809045226131047e+02 1.841177846396655049e+00 1.368242843793038462e-02
6.412060301507538043e+02 1.841228161111193806e+00 1.370979412498028911e-02
6.462311557788945038e+02 1.841277609790608283e+00 1.373618609386270673e-02
6.512562814070352033e+02 1.841326204622703022e+00 1.376164271971095331e-02
6.562814070351759028e+02 1.841373958063914573e+00 1.378620078346752889e-02
6.613065326633166023e+02 1.841420882788815216e+00 1.380989553599074222e-02
6.663316582914573019e+02 1.841466991644201023e+00 1.383276076005406259e-02
6.713567839195980014e+02 1.841512297607409421e+00 1.385482883055296974e-02
6.763819095477387009e+02 1.841556813748543187e+00 1.387613077256458910e-02
6.814070351758794004e+02 1.841600553196285794e+00 1.389669631750878147e-02
6.864321608040200999e+02 1.841643529107032773e+00 1.391655395732213987e-02
6.914572864321607994e+02 1.841685754637067518e+00 1.393573099662308301e-02
6.964824120603016127e+02 1.841727242917537977e+00 1.395425360295280380e-02
7.015075376884421985e+02 1.841768007032010379e+00 1.397214685506847909e-02
7.065326633165830117e+02 1.841808059996382196e+00 1.398943478945266841e-02
7.115577889447235975e+02 1.841847414740964917e+00 1.400614044489757216e-02
7.165829145728644107e+02 1.841886084094552345e+00 1.402228590533140945e-02
7.216080402010049966e+02 1.841924080770310113e+00 1.403789234090141100e-02
7.266331658291458098e+02 1.841961417353328301e+00 1.405298004740660432e-02
7.316582914572863956e+02 1.841998106289699288e+00 1.406756848400746336e-02
7.366834170854272088e+02 1.842034159876985155e+00 1.408167630942494183e-02
7.417085427135677946e+02 1.842069590255955847e+00 1.409532141661276432e-02
7.467336683417086078e+02 1.842104409403485743e+00 1.410852096585763285e-02
7.517587939698491937e+02 1.842138629126504057e+00 1.412129141656351394e-02
7.567839195979900069e+02 1.842172261056906901e+00 1.413364855760023721e-02
7.618090452261307064e+02 1.842205316647341329e+00 1.414560753635979787e-02
7.668341708542714059e+02 1.842237807167782293e+00 1.415718288650175648e-02
7.718592964824121054e+02 1.842269743702828810e+00 1.416838855454567898e-02
7.768844221105528050e+02 1.842301137149648715e+00 1.417923792524477568e-02
7.819095477386935045e+02 1.842331998216515832e+00 1.418974384581295212e-02
7.869346733668342040e+02 1.842362337421874496e+00 1.419991864919134886e-02
7.919597989949749035e+02 1.842392165093884815e+00 1.420977417611471970e-02
7.969849246231156030e+02 1.842421491370398456e+00 1.421932179635375902e-02
8.020100502512563025e+02 1.842450326199319477e+00 1.422857242891200497e-02
8.070351758793970021e+02 1.842478679339313086e+00 1.423753656136065096e-02
8.120603015075377016e+02 1.842506560360821721e+00 1.424622426828898655e-02
8.170854271356784011e+02 1.842533978647356019e+00 1.425464522894007505e-02
8.221105527638192143e+02 1.842560943397031581e+00 1.426280874406033079e-02
8.271356783919598001e+02 1.842587463624318245e+00 1.427072375199786927e-02
8.321608040201006133e+02 1.842613548161982973e+00 1.427839884405961331e-02
8.371859296482411992e+02 1.842639205663194835e+00 1.428584227920578174e-02
8.422110552763820124e+02 1.842664444603778318e+00 1.429306199806570921e-02
8.472361809045225982e+02 1.842689273284588314e+00 1.430006563636662328e-02
8.522613065326634114e+02 1.842713699833995022e+00 1.430686053768717540e-02
8.572864321608039972e+02 1.842737732210457002e+00 1.431345376573399039e-02
8.623115577889448105e+02 1.842761378205172829e+00 1.431985211598900409e-02
8.673366834170853963e+02 1.842784645444792924e+00 1.432606212690067105e-02
8.723618090452262095e+02 1.842807541394184678e+00 1.433209009055841018e-02
8.773869346733667953e+02 1.842830073359233545e+00 1.433794206285118888e-02
8.824120603015076085e+02 1.842852248489676326e+00 1.434362387322662274e-02
8.874371859296483080e+02 1.842874073781954669e+00 1.434914113404228524e-02
8.924623115577890076e+02 1.842895556082080111e+00 1.435449924939989803e-02
8.974874371859297071e+02 1.842916702088503556e+00 1.435970342371631694e-02
9.025125628140704066e+02 1.842937518354985871e+00 1.436475866979715875e-02
9.075376884422111061e+02 1.842958011293458709e+00 1.436966981669681939e-02
9.125628140703518056e+02 1.842978187176873783e+00 1.437444151704509419e-02
9.175879396984925052e+02 1.842998052142034382e+00 1.437907825427776724e-02
9.226130653266332047e+02 1.843017612192407340e+00 1.438358434935032605e-02
9.276381909547739042e+02 1.843036873200907033e+00 1.438796396728640910e-02
9.326633165829146037e+02 1.843055840912653176e+00 1.439222112340229204e-02
9.376884422110553032e+02 1.843074520947696415e+00 1.439635968924940848e-02
9.427135678391960028e+02 1.843092918803712177e+00 1.440038339830115172e-02
9.477386934673367023e+02 1.843111039858654987e+00 1.440429585145616698e-02
9.527638190954774018e+02 1.843128889373379486e+00 1.440810052219886929e-02
9.577889447236181013e+02 1.843146472494219479e+00 1.441180076163553307e-02
9.628140703517588008e+02 1.843163794255526566e+00 1.441539980326943249e-02
9.678391959798995003e+02 1.843180859582169040e+00 1.441890076755571355e-02
9.728643216080401999e+02 1.843197673291985028e+00 1.442230666633807085e-02
9.778894472361808994e+02 1.843214240098196788e+00 1.442562040699958692e-02
9.829145728643217126e+02 1.843230564611775923e+00 1.442884479650657220e-02
9.879396984924624121e+02 1.843246651343768860e+00 1.443198254526222371e-02
9.929648241206031116e+02 1.843262504707575689e+00 1.443503627080236495e-02
9.979899497487438111e+02 1.843278129021184375e+00 1.443800850134997066e-02
1.003015075376884511e+03 1.843293528509361234e+00 1.444090167915284932e-02
1.008040201005025210e+03 1.843308707305795879e+00 1.444371816379021872e-02
1.013065326633165910e+03 1.843323669455202873e+00 1.444646023526464929e-02
1.018090452261306609e+03 1.843338418915377641e+00 1.444913009698038826e-02
1.023115577889447309e+03 1.843352959559210413e+00 1.445172987865508095e-02
1.028140703517588008e+03 1.843367295176654874e+00 1.445426163898900010e-02
1.033165829145728821e+03 1.843381429476655065e+00 1.445672736838460488e-02
1.038190954773869407e+03 1.843395366089029208e+00 1.445912899140215993e-02
1.043216080402009993e+03 1.843409108566311128e+00 1.446146836923633758e-02
1.048241206030150806e+03 1.843422660385551248e+00 1.446374730202244253e-02
1.053266331658291620e+03 1.843436024950074748e+00 1.446596753106504062e-02
1.058291457286432205e+03 1.843449205591201956e+00 1.446813074099718814e-02
1.063316582914572791e+03 1.843462205569926571e+00 1.447023856183244847e-02
1.068341708542713604e+03 1.843475028078556788e+00 1.447229257092550597e-02
1.073366834170854418e+03 1.843487676242316908e+00 1.447429429489557884e-02
1.078391959798995003e+03 1.843500153120912088e+00 1.447624521145930362e-02
1.083417085427135589e+03 1.843512461710054673e+00 1.447814675109684521e-02
1.088442211055276402e+03 1.843524604942957446e+00 1.448000029886603243e-02
1.093467336683417216e+03 1.843536585691786245e+00 1.448180719590469630e-02
1.098492462311557802e+03 1.843548406769083270e+00 1.448356874102803282e-02
1.103517587939698387e+03 1.843560070929152417e+00 1.448528619224484504e-02
1.108542713567839201e+03 1.843571580869412863e+00 1.448696076813935779e-02
1.113567839195980014e+03 1.843582939231719564e+00 1.448859364928746507e-02
1.118592964824120827e+03 1.843594148603650673e+00 1.449018597956205912e-02
1.123618090452261413e+03 1.843605211519766751e+00 1.449173886742727464e-02
1.128643216080401999e+03 1.843616130462834901e+00 1.449325338714523882e-02
1.133668341708542812e+03 1.843626907865027365e+00 1.449473057997216832e-02
1.138693467336683625e+03 1.843637546109087699e+00 1.449617145528269042e-02
1.143718592964824211e+03 1.843648047529469425e+00 1.449757699163790360e-02
1.148743718592964797e+03 1.843658414413448021e+00 1.449894813789689638e-02
1.153768844221105610e+03 1.843668649002203619e+00 1.450028581417275343e-02
1.158793969849246423e+03 1.843678753491877709e+00 1.450159091280935585e-02
1.163819095477387009e+03 1.843688730034604761e+00 1.450286429934845300e-02
1.168844221105527595e+03 1.843698580739518311e+00 1.450410681341821051e-02
1.173869346733668408e+03 1.843708307673730395e+00 1.450531926957403413e-02
1.178894472361809221e+03 1.843717912863289232e+00 1.450650245817591659e-02
1.183919597989949807e+03 1.843727398294112474e+00 1.450765714617234699e-02
1.188944723618090393e+03 1.843736765912897368e+00 1.450878407786736907e-02
1.193969849246231206e+03 1.843746017628008049e+00 1.450988397569388105e-02
1.198994974874372019e+03 1.843755155310342175e+00 1.451095754090139800e-02
1.204020100502512605e+03 1.843764180794174479e+00 1.451200545428081579e-02
1.209045226130653191e+03 1.843773095877982326e+00 1.451302837681146297e-02
1.214070351758794004e+03 1.843781902325247746e+00 1.451402695032232536e-02
1.219095477386934817e+03 1.843790601865241907e+00 1.451500179808337503e-02
1.224120603015075403e+03 1.843799196193789847e+00 1.451595352545708047e-02
1.229145728643215989e+03 1.843807686974016091e+00 1.451688272040365345e-02
1.234170854271356802e+03 1.843816075837072077e+00 1.451778995412308058e-02
1.239195979899497615e+03 1.843824364382846470e+00 1.451867578151276074e-02
1.244221105527638429e+03 1.843832554180656613e+00 1.451954074173907559e-02
1.249246231155779014e+03 1.843840646769925096e+00 1.452038535871644567e-02
1.254271356783919600e+03 1.843848643660837672e+00 1.452121014158568382e-02
1.259296482412060413e+03 1.843856546334986524e+00 1.452201558519933267e-02
1.264321608040201227e+03 1.843864356245997538e+00 1.452280217054521642e-02
1.269346733668341813e+03 1.843872074820142704e+00 1.452357036520761889e-02
1.274371859296482398e+03 1.843879703456936081e+00 1.452432062375911062e-02
1.279396984924623212e+03 1.843887243529717779e+00 1.452505338819006994e-02
1.284422110552764025e+03 1.843894696386221277e+00 1.452576908826890001e-02
1.289447236180904611e+03 1.843902063349128762e+00 1.452646814194765920e-02
1.294472361809045196e+03 1.843909345716612691e+00 1.452715095572136572e-02
1.299497487437186010e+03 1.843916544762864040e+00 1.452781792495632697e-02
1.304522613065326823e+03 1.843923661738606778e+00 1.452846943426392215e-02
1.309547738693467409e+03 1.843930697871603019e+00 1.452910585780522838e-02
1.314572864321607994e+03 1.843937654367142631e+00 1.452972755960294134e-02
1.319597989949748808e+03 1.843944532408523296e+00 1.453033489387587848e-02
1.324623115577889621e+03 1.843951333157518135e+00 1.453092820531968685e-02
1.329648241206030207e+03 1.843958057754833124e+00 1.453150782937195212e-02
1.334673366834170793e+03 1.843964707320552288e+00 1.453207409253816883e-02
1.339698492462311606e+03 1.843971282954572910e+00 1.453262731260282839e-02
1.344723618090452419e+03 1.843977785737031416e+00 1.453316779893193064e-02
1.349748743718593005e+03 1.843984216728717263e+00 1.453369585269886390e-02
1.354773869346733591e+03 1.843990576971479056e+00 1.453421176714825118e-02
1.359798994974874404e+03 1.843996867488619129e+00 1.453471582780610678e-02
1.364824120603015217e+03 1.844003089285280561e+00 1.453520831271270901e-02
1.369849246231156030e+03 1.844009243348823768e+00 1.453568949265527863e-02
1.374874371859296616e+03 1.844015330649195761e+00 1.453615963136227658e-02
1.379899497487437202e+03 1.844021352139289194e+00 1.453661898571281461e-02
1.384924623115578015e+03 1.844027308755293859e+00 1.453706780596880632e-02
1.389949748743718828e+03 1.844033201417039303e+00 1.453750633589239935e-02
1.394974874371859414e+03 1.844039031028331888e+00 1.453793481301601624e-02
1.400000000000000000e+03 1.844044798477280089e+00 1.453835346874422785e-02
