4.000000000000000000e+02 1.809913586093417681e+00 5.045576505463026870e-03
4.050251256281406995e+02 1.809911524101608160e+00 5.176329712213248793e-03
4.100502512562813990e+02 1.809912729726602665e+00 5.305500766870952477e-03
4.150753768844220986e+02 1.809917081532803840e+00 5.432970951593623851e-03
4.201005025125627981e+02 1.809924454180358300e+00 5.558632010771064579e-03
4.251256281407034976e+02 1.809934719311912854e+00 5.682386063912451060e-03
4.301507537688441971e+02 1.809947746394927615e+00 5.804145447531017590e-03
4.351758793969848966e+02 1.809963403514808888e+00 5.923832493714556620e-03
4.402010050251256530e+02 1.809981558115263622e+00 6.041379253182338309e-03
4.452261306532663525e+02 1.810002077683354527e+00 6.156727171144197631e-03
4.502512562814070520e+02 1.810024830377719995e+00 6.269826722975978608e-03
4.552763819095477515e+02 1.810049685599320446e+00 6.380637017678902380e-03
4.603015075376884511e+02 1.810076514504879830e+00 6.489125375471780505e-03
4.653266331658291506e+02 1.810105190463882519e+00 6.595266886594915341e-03
4.703517587939698501e+02 1.810135589460584393e+00 6.699043956877474837e-03
4.753768844221105496e+02 1.810167590443004570e+00 6.800445845862995546e-03
4.804020100502512491e+02 1.810201075621251432e+00 6.899468202112988419e-03
4.854271356783919487e+02 1.810235930717877251e+00 6.996112600375690646e-03
4.904522613065327050e+02 1.810272045173164646e+00 7.090386084223140352e-03
4.954773869346734045e+02 1.810309312308427732e+00 7.182300717586654996e-03
5.005025125628141041e+02 1.810347629450499651e+00 7.271873148019762124e-03
5.055276381909548036e+02 1.810386898020607926e+00 7.359124183908970392e-03
5.105527638190955031e+02 1.810427023590838846e+00 7.444078387521808719e-03
5.155778894472362026e+02 1.810467915911332382e+00 7.526763685787117748e-03
5.206030150753769021e+02 1.810509488911253850e+00 7.607210999116796775e-03
5.256281407035176017e+02 1.810551660676480656e+00 7.685453889963937690e-03
5.306532663316583012e+02 1.810594353406804080e+00 7.761528230945904938e-03
5.356783919597990007e+02 1.810637493355281125e+00 7.835471893145214139e-03
5.407035175879397002e+02 1.810681010752220876e+00 7.907324454325129898e-03
5.457286432160803997e+02 1.810724839716103096e+00 7.977126927195822906e-03
5.507537688442210992e+02 1.810768918153564888e+00 8.044921507005680511e-03
5.557788944723617988e+02 1.810813187650404554e+00 8.110751338357209683e-03
5.608040201005024983e+02 1.810857593355386097e+00 8.174660300278921779e-03
5.658291457286431978e+02 1.810902083858459966e+00 8.236692809279702598e-03
5.708542713567838973e+02 1.810946611064845113e+00 8.296893639169626578e-03
5.758793969849245968e+02 1.810991130066276655e+00 8.355307757320233619e-03
5.809045226130654100e+02 1.811035599010565100e+00 8.411980176206942592e-03
5.859296482412059959e+02 1.811079978970484783e+00 8.466955819491656793e-03
5.909547738693468091e+02 1.811124233812874351e+00 8.520279401798379684e-03
5.959798994974873949e+02 1.811168330068722021e+00 8.571995321327106204e-03
6.010050251256282081e+02 1.811212236804892184e+00 8.622147564457552024e-03
6.060301507537687939e+02 1.811255925498054475e+00 8.670779621450299193e-03
6.110552763819096072e+02 1.811299369911286705e+00 8.717934412618208798e-03
6.160804020100503067e+02 1.811342545973740448e+00 8.763654223898884738e-03
6.211055276381910062e+02 1.811385431663679491e+00 8.807980651450001558e-03
6.261306532663317057e+02 1.811428006895147824e+00 8.850954554209845837e-03
6.311557788944724052e+02 1.811470253408453912e+00 8.892616013956857260e-03
6.361809045226131047e+02 1.811512154664607577e+00 8.933004302189262794e-03
6.412060301507538043e+02 1.811553695743812753e+00 8.972157853208109768e-03
6.462311557788945038e+02 1.811594863248058740e+00 9.010114242692530626e-03
6.512562814070352033e+02 1.811635645207840151e+00 9.046910171560769084e-03
6.562814070351759028e+02 1.811676030992989350e+00 9.082581454340477728e-03
6.613065326633166023e+02 1.811716011227588519e+00 9.117163011582897145e-03
6.663316582914573019e+02 1.811755577708905163e+00 9.150688866126873919e-03
6.713567839195980014e+02 1.811794723330278245e+00 9.183192142625246426e-03
6.763819095477387009e+02 1.811833442007861672e+00 9.214705069904712345e-03
6.814070351758794004e+02 1.811871728611131216e+00 9.245258986133174373e-03
6.864321608040200999e+02 1.811909578897036521e+00 9.274884346008033589e-03
6.914572864321607994e+02 1.811946989447688283e+00 9.303610730240703328e-03
6.964824120603016127e+02 1.811983957611451146e+00 9.331466856512843355e-03
7.015075376884421985e+02 1.812020481447319531e+00 9.358480592144420920e-03
7.065326633165830117e+02 1.812056559672446721e+00 9.384678967903067187e-03
7.115577889447235975e+02 1.812092191612693970e+00 9.410088193056654476e-03
7.165829145728644107e+02 1.812127377156072638e+00 9.434733671143186867e-03
7.216080402010049966e+02 1.812162116708948778e+00 9.458640016715419777e-03
7.266331658291458098e+02 1.812196411154881837e+00 9.481831072478063074e-03
7.316582914572863956e+02 1.812230261815971133e+00 9.504329927096599739e-03
7.366834170854272088e+02 1.812263670416587313e+00 9.526158933213520197e-03
7.417085427135677946e+02 1.812296639049371771e+00 9.547339725817595435e-03
7.467336683417086078e+02 1.812329170143382351e+00 9.567893240710778624e-03
7.517587939698491937e+02 1.812361266434276752e+00 9.587839733095930225e-03
7.567839195979900069e+02 1.812392930936423507e+00 9.607198796223376247e-03
7.618090452261307064e+02 1.812424166916833501e+00 9.625989379766351772e-03
7.668341708542714059e+02 1.812454977870817219e+00 9.644229808390971173e-03
7.718592964824121054e+02 1.812485367499262034e+00 9.661937799883991290e-03
7.768844221105528050e+02 1.812515339687448046e+00 9.679130483285749292e-03
7.819095477386935045e+02 1.812544898485303202e+00 9.695824416560985815e-03
7.869346733668342040e+02 1.812574048089022893e+00 9.712035604269426969e-03
7.919597989949749035e+02 1.812602792823966524e+00 9.727779514649873699e-03
7.969849246231156030e+02 1.812631137128759118e+00 9.743071096550273702e-03
8.020100502512563025e+02 1.812659085540525128e+00 9.757924795990547198e-03
8.070351758793970021e+02 1.812686642681183624e+00 9.772354572337870263e-03
8.120603015075377016e+02 1.812713813244739347e+00 9.786373914094328996e-03
8.170854271356784011e+02 1.812740601985513678e+00 9.799995854384858582e-03
8.221105527638192143e+02 1.812767013707246910e+00 9.813232985913137446e-03
8.271356783919598001e+02 1.812793053253028086e+00 9.826097475729576175e-03
8.321608040201006133e+02 1.812818725495990879e+00 9.838601079370999994e-03
8.371859296482411992e+02 1.812844035330732018e+00 9.850755154847040673e-03
8.422110552763820124e+02 1.812868987665402054e+00 9.862570676007148887e-03
8.472361809045225982e+02 1.812893587414428964e+00 9.874058245656864435e-03
8.522613065326634114e+02 1.812917839491829941e+00 9.885228108303818415e-03
8.572864321608039972e+02 1.812941748805072972e+00 9.896090162357285350e-03
8.623115577889448105e+02 1.812965320249453560e+00 9.906653972131871169e-03
8.673366834170853963e+02 1.812988558702950614e+00 9.916928779385622214e-03
8.723618090452262095e+02 1.813011469021531097e+00 9.926923514481733948e-03
8.773869346733667953e+02 1.813034056034869890e+00 9.936646807238592310e-03
8.824120603015076085e+02 1.813056324542459796e+00 9.946106997386105694e-03
8.874371859296483080e+02 1.813078279310084806e+00 9.955312144713037575e-03
8.924623115577890076e+02 1.813099925066627982e+00 9.964270038810141630e-03
8.974874371859297071e+02 1.813121266501195317e+00 9.972988208591836851e-03
9.025125628140704066e+02 1.813142308260530688e+00 9.981473931398837651e-03
9.075376884422111061e+02 1.813163054946701269e+00 9.989734241829154038e-03
9.125628140703518056e+02 1.813183511115035618e+00 9.997775940287579113e-03
9.175879396984925052e+02 1.813203681272295809e+00 1.000560560116547232e-02
9.226130653266332047e+02 1.813223569875064056e+00 1.001322958083966652e-02
9.276381909547739042e+02 1.813243181328335840e+00 1.002065402528968911e-02
9.326633165829146037e+02 1.813262519984292664e+00 1.002788487755387759e-02
9.376884422110553032e+02 1.813281590141251787e+00 1.003492788478940398e-02
9.427135678391960028e+02 1.813300396042773821e+00 1.004178860519960685e-02
9.477386934673367023e+02 1.813318941876918222e+00 1.004847241468123653e-02
9.527638190954774018e+02 1.813337231775634217e+00 1.005498451318809910e-02
9.577889447236181013e+02 1.813355269814279191e+00 1.006132993090648464e-02
9.628140703517588008e+02 1.813373060011249649e+00 1.006751353425964016e-02
9.678391959798995003e+02 1.813390606327721644e+00 1.007354003155976063e-02
9.728643216080401999e+02 1.813407912667489352e+00 1.007941397862209716e-02
9.778894472361808994e+02 1.813424982876889580e+00 1.008513978398248821e-02
9.829145728643217126e+02 1.813441820744815303e+00 1.009072171415310165e-02
9.879396984924624121e+02 1.813458430002798272e+00 1.009616389850225178e-02
9.929648241206031116e+02 1.813474814325165774e+00 1.010147033407103601e-02
9.979899497487438111e+02 1.813490977329258236e+00 1.010664489008873505e-02
1.003015075376884511e+03 1.813506922575704339e+00 1.011169131250960924e-02
1.008040201005025210e+03 1.813522653568749643e+00 1.011661322820082629e-02
1.013065326633165910e+03 1.813538173756630734e+00 1.012141414910358063e-02
1.018090452261306609e+03 1.813553486531994885e+00 1.012609747617269039e-02
1.023115577889447309e+03 1.813568595232356806e+00 1.013066650322933145e-02
1.028140703517588008e+03 1.813583503140590025e+00 1.013512442060891805e-02
1.033165829145728821e+03 1.813598213485450028e+00 1.013947431868350915e-02
1.038190954773869407e+03 1.813612729442127147e+00 1.014371919142528257e-02
1.043216080402009993e+03 1.813627054132820327e+00 1.014786193948762766e-02
1.048241206030150806e+03 1.813641190627335753e+00 1.015190537353970537e-02
1.053266331658291620e+03 1.813655141943704141e+00 1.015585221730876293e-02
1.058291457286432205e+03 1.813668911048814669e+00 1.015970511045274569e-02
1.063316582914572791e+03 1.813682500859062685e+00 1.016346661148351954e-02
1.068341708542713604e+03 1.813695914241011176e+00 1.016713920047982583e-02
1.073366834170854418e+03 1.813709154012060232e+00 1.017072528171183467e-02
1.078391959798995003e+03 1.813722222941128503e+00 1.017422718618956820e-02
1.083417085427135589e+03 1.813735123749338429e+00 1.017764717420193039e-02
1.088442211055276402e+03 1.813747859110708793e+00 1.018098743752022563e-02
1.093467336683417216e+03 1.813760431652850169e+00 1.018425010184569220e-02
1.098492462311557802e+03 1.813772843957663916e+00 1.018743722891287014e-02
1.103517587939698387e+03 1.813785098562041620e+00 1.019055081862086515e-02
1.108542713567839201e+03 1.813797197958566088e+00 1.019359281111694576e-02
1.113567839195980014e+03 1.813809144596210565e+00 1.019656508876802363e-02
1.118592964824120827e+03 1.813820940881037735e+00 1.019946947795561179e-02
1.123618090452261413e+03 1.813832589176894716e+00 1.020230775111966200e-02
1.128643216080401999e+03 1.813844091806106729e+00 1.020508162831163142e-02
1.133668341708542812e+03 1.813855451050164991e+00 1.020779277903051049e-02
1.138693467336683625e+03 1.813866669150411726e+00 1.021044282381987182e-02
1.143718592964824211e+03 1.813877748308720284e+00 1.021303333590954307e-02
1.148743718592964797e+03 1.813888690688167715e+00 1.021556584267405837e-02
1.153768844221105610e+03 1.813899498413703570e+00 1.021804182716943080e-02
1.158793969849246423e+03 1.813910173572811146e+00 1.022046272952040029e-02
1.163819095477387009e+03 1.813920718216161188e+00 1.022282994834343081e-02
1.168844221105527595e+03 1.813931134358262254e+00 1.022514484202118740e-02
1.173869346733668408e+03 1.813941423978097323e+00 1.022740873005703599e-02
1.178894472361809221e+03 1.813951589019758170e+00 1.022962289421674130e-02
1.183919597989949807e+03 1.813961631393070428e+00 1.023178857981605488e-02
1.188944723618090393e+03 1.813971552974208423e+00 1.023390699685053189e-02
1.193969849246231206e+03 1.813981355606304691e+00 1.023597932105481563e-02
1.198994974874372019e+03 1.813991041100049273e+00 1.023800669504360168e-02
1.204020100502512605e+03 1.814000611234281912e+00 1.023999022935005894e-02
1.209045226130653191e+03 1.814010067756572475e+00 1.024193100335125603e-02
1.214070351758794004e+03 1.814019412383798491e+00 1.024383006636273540e-02
1.219095477386934817e+03 1.814028646802706701e+00 1.024568843846877450e-02
1.224120603015075403e+03 1.814037772670472837e+00 1.024750711146805993e-02
1.229145728643215989e+03 1.814046791615246956e+00 1.024928704975066121e-02
1.234170854271356802e+03 1.814055705236693905e+00 1.025102919113902999e-02
1.239195979899497615e+03 1.814064515106522668e+00 1.025273444770407119e-02
1.244221105527638429e+03 1.814073222769007732e+00 1.025440370653482591e-02
1.249246231155779014e+03 1.814081829741502450e+00 1.025603783053767940e-02
1.254271356783919600e+03 1.814090337514941975e+00 1.025763765915703452e-02
1.259296482412060413e+03 1.814098747554339086e+00 1.025920400903924078e-02
1.264321608040201227e+03 1.814107061299270018e+00 1.026073767483475473e-02
1.269346733668341813e+03 1.814115280164354083e+00 1.026223942973820795e-02
1.274371859296482398e+03 1.814123405539721068e+00 1.026371002619942858e-02
1.279396984924623212e+03 1.814131438791474649e+00 1.026515019655658244e-02
1.284422110552764025e+03 1.814139381262143136e+00 1.026656065358081196e-02
1.289447236180904611e+03 1.814147234271126008e+00 1.026794209112715309e-02
1.294472361809045196e+03 1.814154999115129341e+00 1.026929518463224125e-02
1.299497487437186010e+03 1.814162677068593910e+00 1.027062059172930558e-02
1.304522613065326823e+03 1.814170269384116407e+00 1.027191895267772978e-02
1.309547738693467409e+03 1.814177777292862004e+00 1.027319089098571205e-02
1.314572864321607994e+03 1.814185202004969133e+00 1.027443701382608869e-02
1.319597989949748808e+03 1.814192544709946286e+00 1.027565791253725984e-02
1.324623115577889621e+03 1.814199806577062146e+00 1.027685416307962118e-02
1.329648241206030207e+03 1.814206988755728167e+00 1.027802632647993944e-02
1.334673366834170793e+03 1.814214092375873166e+00 1.027917494930697881e-02
1.339698492462311606e+03 1.814221118548310807e+00 1.028030056402719390e-02
1.344723618090452419e+03 1.814228068365100865e+00 1.028140368941340109e-02
1.349748743718593005e+03 1.814234942899902947e+00 1.028248483102803951e-02
1.354773869346733591e+03 1.814241743208322877e+00 1.028354448147870970e-02
1.359798994974874404e+03 1.814248470328253093e+00 1.028458312086718597e-02
1.364824120603015217e+03 1.814255125280206160e+00 1.028560121714040647e-02
1.369849246231156030e+03 1.814261709067641837e+00 1.028659922638667200e-02
1.374874371859296616e+03 1.814268222677287268e+00 1.028757759322824171e-02
1.379899497487437202e+03 1.814274667079451397e+00 1.028853675111604353e-02
1.384924623115578015e+03 1.814281043228333390e+00 1.028947712264528629e-02
1.389949748743718828e+03 1.814287352062323722e+00 1.029039911985962438e-02
1.394974874371859414e+03 1.814293594504301277e+00 1.029130314456548796e-02
1.400000000000000000e+03 1.814299771461923338e+00 1.029218958859185601e-02
