4.000000000000000000e+02 1.831543784757219351e+00 4.380131056285071871e-03
4.050251256281406995e+02 1.831511651652044437e+00 4.518683939751747675e-03
4.100502512562813990e+02 1.831483169529892541e+00 4.657017264283090478e-03
4.150753768844220986e+02 1.831458294972587719e+00 4.794968240628231897e-03
4.201005025125627981e+02 1.831436975606983042e+00 4.932379737249390633e-03
4.251256281407034976e+02 1.831419150724279188e+00 5.069100785675581013e-03
4.301507537688441971e+02 1.831404751924821106e+00 5.204987018507268096e-03
4.351758793969848966e+02 1.831393703780805682e+00 5.339901039806019788e-03
4.402010050251256530e+02 1.831385924509630225e+00 5.473712728929680006e-03
4.452261306532663525e+02 1.831381326650979968e+00 5.606299478684188126e-03
4.502512562814070520e+02 1.831379817741239036e+00 5.737546370389919742e-03
4.552763819095477515e+02 1.831381300979310067e+00 5.867346288478727731e-03
4.603015075376884511e+02 1.831385675878510311e+00 5.995599977710703091e-03
4.653266331658291506e+02 1.831392838899801090e+00 6.122216046809592430e-03
4.703517587939698501e+02 1.831402684062234831e+00 6.247110922690881328e-03
4.753768844221105496e+02 1.831415103527098243e+00 6.370208758963053462e-03
4.804020100502512491e+02 1.831429988152867283e+00 6.491441303584137568e-03
4.854271356783919487e+02 1.831447228018654449e+00 6.610747729849181242e-03
4.904522613065327050e+02 1.831466712914403994e+00 6.728074435191273329e-03
4.954773869346734045e+02 1.831488332796615826e+00 6.843374812037918836e-03
5.005025125628141041e+02 1.831511978208867575e+00 6.956608995142258937e-03
5.055276381909548036e+02 1.831537540666848152e+00 7.067743589355797267e-03
5.105527638190955031e+02 1.831564913008023376e+00 7.176751381666694220e-03
5.155778894472362026e+02 1.831593989706398862e+00 7.283611041373438261e-03
5.206030150753769021e+02 1.831624667153162411e+00 7.388306811496253741e-03
5.256281407035176017e+02 1.831656843904242660e+00 7.490828194737298058e-03
5.306532663316583012e+02 1.831690420896046279e+00 7.591169636855917870e-03
5.356783919597990007e+02 1.831725301630804825e+00 7.689330209862126238e-03
5.407035175879397002e+02 1.831761392333107974e+00 7.785313297559095722e-03
5.457286432160803997e+02 1.831798602079294680e+00 7.879126285324371953e-03
5.507537688442210992e+02 1.831836842901449547e+00 7.970780255853982324e-03
5.557788944723617988e+02 1.831876029867784528e+00 8.060289692496681521e-03
5.608040201005024983e+02 1.831916081141208963e+00 8.147672191370565128e-03
5.658291457286431978e+02 1.831956918017874081e+00 8.232948183387118340e-03
5.708542713567838973e+02 1.831998464947458327e+00 8.316140666976740842e-03
5.758793969849245968e+02 1.832040649536911259e+00 8.397274952107904381e-03
5.809045226130654100e+02 1.832083402539319561e+00 8.476378416284634926e-03
5.859296482412059959e+02 1.832126657829487693e+00 8.553480272629013573e-03
5.909547738693468091e+02 1.832170352367760158e+00 8.628611350353893039e-03
5.959798994974873949e+02 1.832214426153513598e+00 8.701803887736050611e-03
6.010050251256282081e+02 1.832258822169677615e+00 8.773091337384551075e-03
6.060301507537687939e+02 1.832303486319548202e+00 8.842508183897779608e-03
6.110552763819096072e+02 1.832348367357061525e+00 8.910089773406973390e-03
6.160804020100503067e+02 1.832393416811623821e+00 8.975872155122568627e-03
6.211055276381910062e+02 1.832438588908485322e+00 9.039891934038278565e-03
6.261306532663317057e+02 1.832483840485575444e+00 9.102186134983761973e-03
6.311557788944724052e+02 1.832529130907628145e+00 9.162792077037993504e-03
6.361809045226131047e+02 1.832574421978344636e+00 9.221747258358069937e-03
6.412060301507538043e+02 1.832619677851269779e+00 9.279089250682581377e-03
6.462311557788945038e+02 1.832664864939983707e+00 9.334855603012170988e-03
6.512562814070352033e+02 1.832709951828142225e+00 9.389083754181288058e-03
6.562814070351759028e+02 1.832754909179841629e+00 9.441810953677057597e-03
6.613065326633166023e+02 1.832799709650715592e+00 9.493074190300807014e-03
6.663316582914573019e+02 1.832844327800130735e+00 9.542910128151923035e-03
6.713567839195980014e+02 1.832888740004781747e+00 9.591355049506753924e-03
6.763819095477387009e+02 1.832932924373955830e+00 9.638444804133384364e-03
6.814070351758794004e+02 1.832976860666684082e+00 9.684214764605405049e-03
6.864321608040200999e+02 1.833020530210965671e+00 9.728699787126005374e-03
6.914572864321607994e+02 1.833063915825212664e+00 9.771934177615144296e-03
6.964824120603016127e+02 1.833107001742032116e+00 9.813951662497457512e-03
7.015075376884421985e+02 1.833149773534439753e+00 9.854785363885544547e-03
7.065326633165830117e+02 1.833192218044566113e+00 9.894467778872463593e-03
7.115577889447235975e+02 1.833234323314904657e+00 9.933030762506624492e-03
7.165829145728644107e+02 1.833276078522118935e+00 9.970505514173234538e-03
7.216080402010049966e+02 1.833317473913424145e+00 1.000692256710555318e-02
7.266331658291458098e+02 1.833358500745528641e+00 1.004231178069082443e-02
7.316582914572863956e+02 1.833399151226120738e+00 1.007670233537554146e-02
7.366834170854272088e+02 1.833439418457865955e+00 1.011012272991072825e-02
7.417085427135677946e+02 1.833479296384875168e+00 1.014260078060336655e-02
7.467336683417086078e+02 1.833518779741597493e+00 1.017416362262451093e-02
7.517587939698491937e+02 1.833557864004079274e+00 1.020483771282875742e-02
7.567839195979900069e+02 1.833596545343530781e+00 1.023464883419581035e-02
7.618090452261307064e+02 1.833634820582137559e+00 1.026362210157144572e-02
7.668341708542714059e+02 1.833672687151045588e+00 1.029178196860954311e-02
7.718592964824121054e+02 1.833710143050450769e+00 1.031915223573359221e-02
7.768844221105528050e+02 1.833747186811722996e+00 1.034575605901513762e-02
7.819095477386935045e+02 1.833783817461488219e+00 1.037161595990047924e-02
7.869346733668342040e+02 1.833820034487596562e+00 1.039675383549343995e-02
7.919597989949749035e+02 1.833855837806902311e+00 1.042119096950074215e-02
7.969849246231156030e+02 1.833891227734782747e+00 1.044494804368814068e-02
8.020100502512563025e+02 1.833926204956321193e+00 1.046804514965437097e-02
8.070351758793970021e+02 1.833960770499087012e+00 1.049050180095395697e-02
8.120603015075377016e+02 1.833994925707435719e+00 1.051233694552364609e-02
8.170854271356784011e+02 1.834028672218266154e+00 1.053356897826073640e-02
8.221105527638192143e+02 1.834062011938165204e+00 1.055421575370730364e-02
8.271356783919598001e+02 1.834094947021873256e+00 1.057429459887704662e-02
8.321608040201006133e+02 1.834127479852010412e+00 1.059382232612263164e-02
8.371859296482411992e+02 1.834159613019997748e+00 1.061281524588868902e-02
8.422110552763820124e+02 1.834191349308119001e+00 1.063128917961356744e-02
8.472361809045225982e+02 1.834222691672662053e+00 1.064925947236997246e-02
8.522613065326634114e+02 1.834253643228084041e+00 1.066674100556700214e-02
8.572864321608039972e+02 1.834284207232153685e+00 1.068374820939592407e-02
8.623115577889448105e+02 1.834314387072010444e+00 1.070029507519196753e-02
8.673366834170853963e+02 1.834344186251101183e+00 1.071639516767325905e-02
8.723618090452262095e+02 1.834373608376939302e+00 1.073206163691332871e-02
8.773869346733667953e+02 1.834402657149649007e+00 1.074730723014126303e-02
8.824120603015076085e+02 1.834431336351247444e+00 1.076214430335768052e-02
8.874371859296483080e+02 1.834459649835624262e+00 1.077658483275330432e-02
8.924623115577890076e+02 1.834487601519183109e+00 1.079064042579215218e-02
8.974874371859297071e+02 1.834515195372103946e+00 1.080432233221184125e-02
9.025125628140704066e+02 1.834542435410195349e+00 1.081764145467642955e-02
9.075376884422111061e+02 1.834569325687299024e+00 1.083060835920807152e-02
9.125628140703518056e+02 1.834595870288217245e+00 1.084323328537803617e-02
9.175879396984925052e+02 1.834622073322133673e+00 1.085552615630812172e-02
9.226130653266332047e+02 1.834647938916496912e+00 1.086749658829710453e-02
9.276381909547739042e+02 1.834673471211342166e+00 1.087915390035679511e-02
9.326633165829146037e+02 1.834698674354020786e+00 1.089050712334756199e-02
9.376884422110553032e+02 1.834723552494320176e+00 1.090156500898535955e-02
9.427135678391960028e+02 1.834748109779944292e+00 1.091233603851098251e-02
9.477386934673367023e+02 1.834772350352336101e+00 1.092282843123998370e-02
9.527638190954774018e+02 1.834796278342823772e+00 1.093305015271163298e-02
9.577889447236181013e+02 1.834819897869063077e+00 1.094300892277554928e-02
9.628140703517588008e+02 1.834843213031768228e+00 1.095271222329254404e-02
9.678391959798995003e+02 1.834866227911704506e+00 1.096216730573553073e-02
9.728643216080401999e+02 1.834888946566931134e+00 1.097138119845765709e-02
9.778894472361808994e+02 1.834911373030278403e+00 1.098036071382046605e-02
9.829145728643217126e+02 1.834933511307042187e+00 1.098911245512044707e-02
9.879396984924624121e+02 1.834955365372884062e+00 1.099764282316140727e-02
9.929648241206031116e+02 1.834976939171923727e+00 1.100595802284506063e-02
9.979899497487438111e+02 1.834998236615009937e+00 1.101406406937331835e-02
1.003015075376884511e+03 1.835019261578161087e+00 1.102196679431253351e-02
1.008040201005025210e+03 1.835040017901161002e+00 1.102967185155662513e-02
1.013065326633165910e+03 1.835060509386303274e+00 1.103718472296393548e-02
1.018090452261306609e+03 1.835080739797270377e+00 1.104451072383558219e-02
1.023115577889447309e+03 1.835100712858143579e+00 1.105165500841183077e-02
1.028140703517588008e+03 1.835120432252530298e+00 1.105862257486907134e-02
1.033165829145728821e+03 1.835139901622802494e+00 1.106541827044613471e-02
1.038190954773869407e+03 1.835159124569440525e+00 1.107204679623223498e-02
1.043216080402009993e+03 1.835178104650472264e+00 1.107851271190250439e-02
1.048241206030150806e+03 1.835196845381002140e+00 1.108482044017461941e-02
1.053266331658291620e+03 1.835215350232822784e+00 1.109097427130142054e-02
1.058291457286432205e+03 1.835233622634107720e+00 1.109697836721242059e-02
1.063316582914572791e+03 1.835251665969170665e+00 1.110283676567857918e-02
1.068341708542713604e+03 1.835269483578297223e+00 1.110855338431320470e-02
1.073366834170854418e+03 1.835287078757634527e+00 1.111413202431238076e-02
1.078391959798995003e+03 1.835304454759138837e+00 1.111957637427784217e-02
1.083417085427135589e+03 1.835321614790578204e+00 1.112489001373514509e-02
1.088442211055276402e+03 1.835338562015581543e+00 1.113007641663970280e-02
1.093467336683417216e+03 1.835355299553732999e+00 1.113513895473319977e-02
1.098492462311557802e+03 1.835371830480710065e+00 1.114008090076281515e-02
1.103517587939698387e+03 1.835388157828457656e+00 1.114490543167510547e-02
1.108542713567839201e+03 1.835404284585397283e+00 1.114961563159716333e-02
1.113567839195980014e+03 1.835420213696669522e+00 1.115421449481636927e-02
1.118592964824120827e+03 1.835435948064405576e+00 1.115870492857119756e-02
1.123618090452261413e+03 1.835451490548024589e+00 1.116308975585400022e-02
1.128643216080401999e+03 1.835466843964556283e+00 1.116737171799842519e-02
1.133668341708542812e+03 1.835482011088986454e+00 1.117155347731170999e-02
1.138693467336683625e+03 1.835496994654620018e+00 1.117563761948471047e-02
1.143718592964824211e+03 1.835511797353464702e+00 1.117962665606937918e-02
1.148743718592964797e+03 1.835526421836630284e+00 1.118352302671681703e-02
1.153768844221105610e+03 1.835540870714741368e+00 1.118732910146528169e-02
1.158793969849246423e+03 1.835555146558363715e+00 1.119104718292027699e-02
1.163819095477387009e+03 1.835569251898443222e+00 1.119467950828815367e-02
1.168844221105527595e+03 1.835583189226753120e+00 1.119822825149244944e-02
1.173869346733668408e+03 1.835596960996350724e+00 1.120169552505640050e-02
1.178894472361809221e+03 1.835610569622041943e+00 1.120508338202038517e-02
1.183919597989949807e+03 1.835624017480852244e+00 1.120839381781571324e-02
1.188944723618090393e+03 1.835637306912502043e+00 1.121162877193703465e-02
1.193969849246231206e+03 1.835650440219888990e+00 1.121479012981040253e-02
1.198994974874372019e+03 1.835663419669570029e+00 1.121787972429305093e-02
1.204020100502512605e+03 1.835676247492250779e+00 1.122089933737013302e-02
1.209045226130653191e+03 1.835688925883271816e+00 1.122385070169245984e-02
1.214070351758794004e+03 1.835701457003100945e+00 1.122673550204502345e-02
1.219095477386934817e+03 1.835713842977822363e+00 1.122955537684575469e-02
1.224120603015075403e+03 1.835726085899628934e+00 1.123231191949698900e-02
1.229145728643215989e+03 1.835738187827310242e+00 1.123500667979781230e-02
1.234170854271356802e+03 1.835750150786743085e+00 1.123764116520022463e-02
1.239195979899497615e+03 1.835761976771378423e+00 1.124021684213692869e-02
1.244221105527638429e+03 1.835773667742726323e+00 1.124273513723332736e-02
1.249246231155779014e+03 1.835785225630839124e+00 1.124519743844374850e-02
1.254271356783919600e+03 1.835796652334791945e+00 1.124760509630971621e-02
1.259296482412060413e+03 1.835807949723158305e+00 1.124995942498511863e-02
1.264321608040201227e+03 1.835819119634484853e+00 1.125226170333473545e-02
1.269346733668341813e+03 1.835830163877761434e+00 1.125451317601751551e-02
1.274371859296482398e+03 1.835841084232885390e+00 1.125671505446609010e-02
1.279396984924623212e+03 1.835851882451124073e+00 1.125886851786149327e-02
1.284422110552764025e+03 1.835862560255572262e+00 1.126097471408363769e-02
1.289447236180904611e+03 1.835873119341604021e+00 1.126303476063771764e-02
1.294472361809045196e+03 1.835883561377321449e+00 1.126504974554696538e-02
1.299497487437186010e+03 1.835893888003996333e+00 1.126702072820210017e-02
1.304522613065326823e+03 1.835904100836508901e+00 1.126894874018742089e-02
1.309547738693467409e+03 1.835914201463780593e+00 1.127083478610340153e-02
1.314572864321607994e+03 1.835924191449201270e+00 1.127267984432690426e-02
1.319597989949748808e+03 1.835934072331051103e+00 1.127448486780764647e-02
1.324623115577889621e+03 1.835943845622917792e+00 1.127625078475338362e-02
1.329648241206030207e+03 1.835953512814107347e+00 1.127797849936152882e-02
1.334673366834170793e+03 1.835963075370050435e+00 1.127966889249887479e-02
1.339698492462311606e+03 1.835972534732701833e+00 1.128132282239847906e-02
1.344723618090452419e+03 1.835981892320935671e+00 1.128294112525571498e-02
1.349748743718593005e+03 1.835991149530934008e+00 1.128452461588113492e-02
1.354773869346733591e+03 1.836000307736570303e+00 1.128607408833144643e-02
1.359798994974874404e+03 1.836009368289787558e+00 1.128759031643026059e-02
1.364824120603015217e+03 1.836018332520970242e+00 1.128907405438525288e-02
1.369849246231156030e+03 1.836027201739310222e+00 1.129052603735430579e-02
1.374874371859296616e+03 1.836035977233169136e+00 1.129194698195087020e-02
1.379899497487437202e+03 1.836044660270431894e+00 1.129333758671820405e-02
1.384924623115578015e+03 1.836053252098858390e+00 1.129469853275932682e-02
1.389949748743718828e+03 1.836061753946426789e+00 1.129603048409019359e-02
1.394974874371859414e+03 1.836070167021671917e+00 1.129733408817824164e-02
1.400000000000000000e+03 1.836078492514020333e+00 1.129860997639110971e-02
