4.000000000000000000e+02 1.813018161734310407e+00 6.743582246389902106e-03
4.050251256281406995e+02 1.813064472598573174e+00 6.843073629254021149e-03
4.100502512562813990e+02 1.813111934208984755e+00 6.939237355965749941e-03
4.150753768844220986e+02 1.813160387241964155e+00 7.032129796674172623e-03
4.201005025125627981e+02 1.813209682006136303e+00 7.121813435059597130e-03
4.251256281407034976e+02 1.813259678310317646e+00 7.208355908332001252e-03
4.301507537688441971e+02 1.813310245268360932e+00 7.291829121055794401e-03
4.351758793969848966e+02 1.813361261052004902e+00 7.372308432128288173e-03
4.402010050251256530e+02 1.813412612601850604e+00 7.449871913837632573e-03
4.452261306532663525e+02 1.813464195305574123e+00 7.524599680586373587e-03
4.502512562814070520e+02 1.813515912651484818e+00 7.596573284818153131e-03
4.552763819095477515e+02 1.813567675864564022e+00 7.665875176329959260e-03
4.603015075376884511e+02 1.813619403531211205e+00 7.732588222083959170e-03
4.653266331658291506e+02 1.813671021218054680e+00 7.796795281996658257e-03
4.703517587939698501e+02 1.813722461089403604e+00 7.858578837137234277e-03
4.753768844221105496e+02 1.813773661527185110e+00 7.918020666491453613e-03
4.804020100502512491e+02 1.813824566756556234e+00 7.975201567894940613e-03
4.854271356783919487e+02 1.813875126479798761e+00 8.030201119850243277e-03
4.904522613065327050e+02 1.813925295520579128e+00 8.083097480266978122e-03
4.954773869346734045e+02 1.813975033480198507e+00 8.133967218494396814e-03
5.005025125628141041e+02 1.814024304407065413e+00 8.182885177650240857e-03
5.055276381909548036e+02 1.814073076480265501e+00 8.229924363857755998e-03
5.105527638190955031e+02 1.814121321707821144e+00 8.275155859476194392e-03
5.155778894472362026e+02 1.814169015639971905e+00 8.318648757823446024e-03
5.206030150753769021e+02 1.814216137097605319e+00 8.360470116616927974e-03
5.256281407035176017e+02 1.814262667915782501e+00 8.400684928079596089e-03
5.306532663316583012e+02 1.814308592702174039e+00 8.439356103459598815e-03
5.356783919597990007e+02 1.814353898610087557e+00 8.476544470215612026e-03
5.407035175879397002e+02 1.814398575125697244e+00 8.512308779862528402e-03
5.457286432160803997e+02 1.814442613868999965e+00 8.546705725283147703e-03
5.507537688442210992e+02 1.814486008407976358e+00 8.579789965885700406e-03
5.557788944723617988e+02 1.814528754085398488e+00 8.611614159388568390e-03
5.608040201005024983e+02 1.814570847857697622e+00 8.642228999171337744e-03
5.658291457286431978e+02 1.814612288145294183e+00 8.671683256057563516e-03
5.708542713567838973e+02 1.814653074693790114e+00 8.700023823979455284e-03
5.758793969849245968e+02 1.814693208445414818e+00 8.727295768289865252e-03
5.809045226130654100e+02 1.814732691420141375e+00 8.753542376478963896e-03
5.859296482412059959e+02 1.814771526605886365e+00 8.778805210433098666e-03
5.909547738693468091e+02 1.814809717857231330e+00 8.803124159776973615e-03
5.959798994974873949e+02 1.814847269802123408e+00 8.826537495904441394e-03
6.010050251256282081e+02 1.814884187756031775e+00 8.849081926314797397e-03
6.060301507537687939e+02 1.814920477643057417e+00 8.870792648794629739e-03
6.110552763819096072e+02 1.814956145923523723e+00 8.891703405334468180e-03
6.160804020100503067e+02 1.814991199527592691e+00 8.911846535425572979e-03
6.211055276381910062e+02 1.815025645794478448e+00 8.931253028653676762e-03
6.261306532663317057e+02 1.815059492416856823e+00 8.949952576202350324e-03
6.311557788944724052e+02 1.815092747390084638e+00 8.967973621385709124e-03
6.361809045226131047e+02 1.815125418965878756e+00 8.985343408988322178e-03
6.412060301507538043e+02 1.815157515610113403e+00 9.002088033287289695e-03
6.462311557788945038e+02 1.815189045964423542e+00 9.018232484739756305e-03
6.512562814070352033e+02 1.815220018811324110e+00 9.033800695303772707e-03
6.562814070351759028e+02 1.815250443042567330e+00 9.048815582321696055e-03
6.613065326633166023e+02 1.815280327630484303e+00 9.063299090943870845e-03
6.663316582914573019e+02 1.815309681602078618e+00 9.077272235155635360e-03
6.713567839195980014e+02 1.815338514015643501e+00 9.090755137287132026e-03
6.763819095477387009e+02 1.815366833939704660e+00 9.103767066083085641e-03
6.814070351758794004e+02 1.815394650434096979e+00 9.116326473447254608e-03
6.864321608040200999e+02 1.815421972532998085e+00 9.128451029637198177e-03
6.914572864321607994e+02 1.815448809229757599e+00 9.140157657164483737e-03
6.964824120603016127e+02 1.815475169463372396e+00 9.151462563329243460e-03
7.015075376884421985e+02 1.815501062106466668e+00 9.162381271444572373e-03
7.065326633165830117e+02 1.815526495954649988e+00 9.172928650726186808e-03
7.115577889447235975e+02 1.815551479717135264e+00 9.183118944998003991e-03
7.165829145728644107e+02 1.815576022008505097e+00 9.192965800175926377e-03
7.216080402010049966e+02 1.815600131341529311e+00 9.202482290547417398e-03
7.266331658291458098e+02 1.815623816120936596e+00 9.211680943955805750e-03
7.316582914572863956e+02 1.815647084638059905e+00 9.220573765836244384e-03
7.366834170854272088e+02 1.815669945066272106e+00 9.229172262359305184e-03
7.417085427135677946e+02 1.815692405457142167e+00 9.237487462283432843e-03
7.467336683417086078e+02 1.815714473737247037e+00 9.245529938173591492e-03
7.517587939698491937e+02 1.815736157705574172e+00 9.253309826351745204e-03
7.567839195979900069e+02 1.815757465031461848e+00 9.260836846181058971e-03
7.618090452261307064e+02 1.815778403253024642e+00 9.268120318464367208e-03
7.668341708542714059e+02 1.815798979776017896e+00 9.275169182868135340e-03
7.718592964824121054e+02 1.815819201873095867e+00 9.281992014735881980e-03
7.768844221105528050e+02 1.815839076683426700e+00 9.288597041017263370e-03
7.819095477386935045e+02 1.815858611212625373e+00 9.294992155552338556e-03
7.869346733668342040e+02 1.815877812332973962e+00 9.301184933637076171e-03
7.919597989949749035e+02 1.815896686783895930e+00 9.307182645878443392e-03
7.969849246231156030e+02 1.815915241172659123e+00 9.312992271524751439e-03
8.020100502512563025e+02 1.815933481975282593e+00 9.318620511085264069e-03
8.070351758793970021e+02 1.815951415537619074e+00 9.324073798457628570e-03
8.120603015075377016e+02 1.815969048076599535e+00 9.329358312398682712e-03
8.170854271356784011e+02 1.815986385681614745e+00 9.334479987613967730e-03
8.221105527638192143e+02 1.816003434316017628e+00 9.339444525216088200e-03
8.271356783919598001e+02 1.816020199818732639e+00 9.344257402777458865e-03
8.321608040201006133e+02 1.816036687905954849e+00 9.348923883892521977e-03
8.371859296482411992e+02 1.816052904172926530e+00 9.353449027330280191e-03
8.422110552763820124e+02 1.816068854095779894e+00 9.357837695750208240e-03
8.472361809045225982e+02 1.816084543033433807e+00 9.362094564025267088e-03
8.522613065326634114e+02 1.816099976229536894e+00 9.366224127226844762e-03
8.572864321608039972e+02 1.816115158814444186e+00 9.370230708171712469e-03
8.623115577889448105e+02 1.816130095807222622e+00 9.374118464691516897e-03
8.673366834170853963e+02 1.816144792117679208e+00 9.377891396583050432e-03
8.723618090452262095e+02 1.816159252548398273e+00 9.381553352161830020e-03
8.773869346733667953e+02 1.816173481796792721e+00 9.385108034637077573e-03
8.824120603015076085e+02 1.816187484457152834e+00 9.388559008052193774e-03
8.874371859296483080e+02 1.816201265022696409e+00 9.391909703185435596e-03
8.924623115577890076e+02 1.816214827887611349e+00 9.395163422929581759e-03
8.974874371859297071e+02 1.816228177349088257e+00 9.398323347591941435e-03
9.025125628140704066e+02 1.816241317609340600e+00 9.401392539940439316e-03
9.075376884422111061e+02 1.816254252777606659e+00 9.404373949975310815e-03
9.125628140703518056e+02 1.816266986872134837e+00 9.407270419570954931e-03
9.175879396984925052e+02 1.816279523822146524e+00 9.410084686766224601e-03
9.226130653266332047e+02 1.816291867469773891e+00 9.412819390083296614e-03
9.276381909547739042e+02 1.816304021571977012e+00 9.415477072440649187e-03
9.326633165829146037e+02 1.816315989802430364e+00 9.418060185016268598e-03
9.376884422110553032e+02 1.816327775753382445e+00 9.420571090956722168e-03
9.427135678391960028e+02 1.816339382937488978e+00 9.423012068827773050e-03
9.477386934673367023e+02 1.816350814789611468e+00 9.425385316020402221e-03
9.527638190954774018e+02 1.816362074668590676e+00 9.427692951925137343e-03
9.577889447236181013e+02 1.816373165858984340e+00 9.429937021017520404e-03
9.628140703517588008e+02 1.816384091572775139e+00 9.432119495808856738e-03
9.678391959798995003e+02 1.816394854951047355e+00 9.434242279663456257e-03
9.728643216080401999e+02 1.816405459065629779e+00 9.436307209495257628e-03
9.778894472361808994e+02 1.816415906920705758e+00 9.438316058297828784e-03
9.829145728643217126e+02 1.816426201454394374e+00 9.440270537696943132e-03
9.879396984924624121e+02 1.816436345540293873e+00 9.442172300267778068e-03
9.929648241206031116e+02 1.816446341988997348e+00 9.444022941817549130e-03
9.979899497487438111e+02 1.816456193549573106e+00 9.445824003516792994e-03
1.003015075376884511e+03 1.816465902911014840e+00 9.447576974068035496e-03
1.008040201005025210e+03 1.816475472703659166e+00 9.449283291630430903e-03
1.013065326633165910e+03 1.816484905500572733e+00 9.450944345712579409e-03
1.018090452261306609e+03 1.816494203818906472e+00 9.452561479081054291e-03
1.023115577889447309e+03 1.816503370121220762e+00 9.454135989450166561e-03
1.028140703517588008e+03 1.816512406816779723e+00 9.455669131211956110e-03
1.033165829145728821e+03 1.816521316262815544e+00 9.457162116995425361e-03
1.038190954773869407e+03 1.816530100765763933e+00 9.458616119290309820e-03
1.043216080402009993e+03 1.816538762582468269e+00 9.460032271865707193e-03
1.048241206030150806e+03 1.816547303921359768e+00 9.461411671230541068e-03
1.053266331658291620e+03 1.816555726943605231e+00 9.462755377983522731e-03
1.058291457286432205e+03 1.816564033764229480e+00 9.464064418123419031e-03
1.063316582914572791e+03 1.816572226453210481e+00 9.465339784366805578e-03
1.068341708542713604e+03 1.816580307036548492e+00 9.466582437238971887e-03
1.073366834170854418e+03 1.816588277497307002e+00 9.467793306372283835e-03
1.078391959798995003e+03 1.816596139776633034e+00 9.468973291496124434e-03
1.083417085427135589e+03 1.816603895774746125e+00 9.470123263611237435e-03
1.088442211055276402e+03 1.816611547351909550e+00 9.471244065973404014e-03
1.093467336683417216e+03 1.816619096329371796e+00 9.472336515027410947e-03
1.098492462311557802e+03 1.816626544490289596e+00 9.473401401455576465e-03
1.103517587939698387e+03 1.816633893580625436e+00 9.474439491036211122e-03
1.108542713567839201e+03 1.816641145310023076e+00 9.475451525523202398e-03
1.113567839195980014e+03 1.816648301352661754e+00 9.476438223453093057e-03
1.118592964824120827e+03 1.816655363348089969e+00 9.477400281090696266e-03
1.123618090452261413e+03 1.816662332902036159e+00 9.478338373009577433e-03
1.128643216080401999e+03 1.816669211587202515e+00 9.479253152998771623e-03
1.133668341708542812e+03 1.816676000944034364e+00 9.480145254710059186e-03
1.138693467336683625e+03 1.816682702481475120e+00 9.481015292362235738e-03
1.143718592964824211e+03 1.816689317677700588e+00 9.481863861420457631e-03
1.148743718592964797e+03 1.816695847980831946e+00 9.482691539227315267e-03
1.153768844221105610e+03 1.816702294809635632e+00 9.483498885632610578e-03
1.158793969849246423e+03 1.816708659554203242e+00 9.484286443551627477e-03
1.163819095477387009e+03 1.816714943576613450e+00 9.485054739569082766e-03
1.168844221105527595e+03 1.816721148211579262e+00 9.485804284495124097e-03
1.173869346733668408e+03 1.816727274767078848e+00 9.486535573873494664e-03
1.178894472361809221e+03 1.816733324524968829e+00 9.487249088512134804e-03
1.183919597989949807e+03 1.816739298741584241e+00 9.487945294919235967e-03
1.188944723618090393e+03 1.816745198648322290e+00 9.488624645855479531e-03
1.193969849246231206e+03 1.816751025452211898e+00 9.489287580756721255e-03
1.198994974874372019e+03 1.816756780336468813e+00 9.489934526144230831e-03
1.204020100502512605e+03 1.816762464461037174e+00 9.490565896081019567e-03
1.209045226130653191e+03 1.816768078963117539e+00 9.491182092592378994e-03
1.214070351758794004e+03 1.816773624957680466e+00 9.491783506015613256e-03
1.219095477386934817e+03 1.816779103537970119e+00 9.492370515407641887e-03
1.224120603015075403e+03 1.816784515775991649e+00 9.492943488893578613e-03
1.229145728643215989e+03 1.816789862722989923e+00 9.493502784049845031e-03
1.234170854271356802e+03 1.816795145409914491e+00 9.494048748204921354e-03
1.239195979899497615e+03 1.816800364847872995e+00 9.494581718798109776e-03
1.244221105527638429e+03 1.816805522028573483e+00 9.495102023667672045e-03
1.249246231155779014e+03 1.816810617924756510e+00 9.495609981397029956e-03
1.254271356783919600e+03 1.816815653490616134e+00 9.496105901543623953e-03
1.259296482412060413e+03 1.816820629662210473e+00 9.496590084996031980e-03
1.264321608040201227e+03 1.816825547357860948e+00 9.497062824190423067e-03
1.269346733668341813e+03 1.816830407478544629e+00 9.497524403408522109e-03
1.274371859296482398e+03 1.816835210908274156e+00 9.497975099005111915e-03
1.279396984924623212e+03 1.816839958514469888e+00 9.498415179705383890e-03
1.284422110552764025e+03 1.816844651148321388e+00 9.498844906773416114e-03
1.289447236180904611e+03 1.816849289645142695e+00 9.499264534285605660e-03
1.294472361809045196e+03 1.816853874824716275e+00 9.499674309357079502e-03
1.299497487437186010e+03 1.816858407491629857e+00 9.500074472332805525e-03
1.304522613065326823e+03 1.816862888435605949e+00 9.500465256990189150e-03
1.309547738693467409e+03 1.816867318431820033e+00 9.500846890764804223e-03
1.314572864321607994e+03 1.816871698241216304e+00 9.501219594940889940e-03
1.319597989949748808e+03 1.816876028610810545e+00 9.501583584806584312e-03
1.324623115577889621e+03 1.816880310273988774e+00 9.501939069879099947e-03
1.329648241206030207e+03 1.816884543950798792e+00 9.502286254047932409e-03
1.334673366834170793e+03 1.816888730348232617e+00 9.502625335729607964e-03
1.339698492462311606e+03 1.816892870160503159e+00 9.502956508080674658e-03
1.344723618090452419e+03 1.816896964069317111e+00 9.503279959117106809e-03
1.349748743718593005e+03 1.816901012744135180e+00 9.503595871891973648e-03
1.354773869346733591e+03 1.816905016842432552e+00 9.503904424579523100e-03
1.359798994974874404e+03 1.816908977009948911e+00 9.504205790722704272e-03
1.364824120603015217e+03 1.816912893880934021e+00 9.504500139281972168e-03
1.369849246231156030e+03 1.816916768078388422e+00 9.504787634812482747e-03
1.374874371859296616e+03 1.816920600214296133e+00 9.505068437571097609e-03
1.379899497487437202e+03 1.816924390889853358e+00 9.505342703658343356e-03
1.384924623115578015e+03 1.816928140695693639e+00 9.505610585113547298e-03
1.389949748743718828e+03 1.816931850212103017e+00 9.505872230103320358e-03
1.394974874371859414e+03 1.816935520009234084e+00 9.506127782899732523e-03
1.400000000000000000e+03 1.816939150647314705e+00 9.506377384162078767e-03
