4.000000000000000000e+02 1.814621241232916793e+00 7.340628446491999706e-03
4.050251256281406995e+02 1.814671868762520512e+00 7.448326574175479636e-03
4.100502512562813990e+02 1.814723723132238398e+00 7.552404837776956724e-03
4.150753768844220986e+02 1.814776631889848169e+00 7.652925957194444025e-03
4.201005025125627981e+02 1.814830433112838204e+00 7.749959176519978163e-03
4.251256281407034976e+02 1.814884975251832344e+00 7.843579223482201324e-03
4.301507537688441971e+02 1.814940116906600176e+00 7.933865349931708624e-03
4.351758793969848966e+02 1.814995726546753341e+00 8.020900452670207820e-03
4.402010050251256530e+02 1.815051682188101756e+00 8.104770273100204633e-03
4.452261306532663525e+02 1.815107871034524312e+00 8.185562673252589488e-03
4.502512562814070520e+02 1.815164189094104819e+00 8.263366984699824572e-03
4.552763819095477515e+02 1.815220540777225056e+00 8.338273427065211532e-03
4.603015075376884511e+02 1.815276838483307786e+00 8.410372591760143651e-03
4.653266331658291506e+02 1.815333002181960476e+00 8.479754986943763631e-03
4.703517587939698501e+02 1.815388958993413793e+00 8.546510639282134392e-03
4.753768844221105496e+02 1.815444642772362949e+00 8.610728748086059897e-03
4.804020100502512491e+02 1.815499993698602488e+00 8.672497387628581508e-03
4.854271356783919487e+02 1.815554957877220987e+00 8.731903253353009639e-03
4.904522613065327050e+02 1.815609486950555462e+00 8.789031448065462437e-03
4.954773869346734045e+02 1.815663537723609000e+00 8.843965304195965799e-03
5.005025125628141041e+02 1.815717071804210603e+00 8.896786238403817798e-03
5.055276381909548036e+02 1.815770055258825399e+00 8.947573635363277947e-03
5.105527638190955031e+02 1.815822458284603647e+00 8.996404757396369092e-03
5.155778894472362026e+02 1.815874254897988482e+00 9.043354676860954414e-03
5.206030150753769021e+02 1.815925422639986353e+00 9.088496229106065444e-03
5.256281407035176017e+02 1.815975942298004409e+00 9.131899982745564359e-03
5.306532663316583012e+02 1.816025797644022610e+00 9.173634225820738800e-03
5.356783919597990007e+02 1.816074975188730178e+00 9.213764965087290620e-03
5.407035175879397002e+02 1.816123463951178962e+00 9.252355937020916021e-03
5.457286432160803997e+02 1.816171255243413718e+00 9.289468628651185306e-03
5.507537688442210992e+02 1.816218342469499980e+00 9.325162306826791092e-03
5.557788944723617988e+02 1.816264720938322696e+00 9.359494054454407450e-03
5.608040201005024983e+02 1.816310387689508143e+00 9.392518812644096854e-03
5.658291457286431978e+02 1.816355341331809647e+00 9.424289427579585210e-03
5.708542713567838973e+02 1.816399581893289206e+00 9.454856701294820157e-03
5.758793969849245968e+02 1.816443110682638196e+00 9.484269445345925101e-03
5.809045226130654100e+02 1.816485930160983031e+00 9.512574536934948963e-03
5.859296482412059959e+02 1.816528043823542049e+00 9.539816976484573330e-03
5.909547738693468091e+02 1.816569456090519008e+00 9.566039946499040741e-03
5.959798994974873949e+02 1.816610172206635232e+00 9.591284870901196913e-03
6.010050251256282081e+02 1.816650198148732187e+00 9.615591474652081250e-03
6.060301507537687939e+02 1.816689540540901149e+00 9.638997843219936426e-03
6.110552763819096072e+02 1.816728206576614824e+00 9.661540481587790191e-03
6.160804020100503067e+02 1.816766203947377090e+00 9.683254372585478609e-03
6.211055276381910062e+02 1.816803540777417680e+00 9.704173034278468918e-03
6.261306532663317057e+02 1.816840225563997491e+00 9.724328576333853003e-03
6.311557788944724052e+02 1.816876267122909727e+00 9.743751755184167085e-03
6.361809045226131047e+02 1.816911674538786547e+00 9.762472027678770203e-03
6.412060301507538043e+02 1.816946457119854363e+00 9.780517603613238242e-03
6.462311557788945038e+02 1.816980624356787866e+00 9.797915496449491682e-03
6.512562814070352033e+02 1.817014185885355460e+00 9.814691572799415925e-03
6.562814070351759028e+02 1.817047151452550802e+00 9.830870600057521266e-03
6.613065326633166023e+02 1.817079530885942873e+00 9.846476292598995220e-03
6.663316582914573019e+02 1.817111334065982797e+00 9.861531356456036332e-03
6.713567839195980014e+02 1.817142570901028042e+00 9.876057532148929674e-03
6.763819095477387009e+02 1.817173251304871506e+00 9.890075636170846812e-03
6.814070351758794004e+02 1.817203385176559438e+00 9.903605600812459900e-03
6.864321608040200999e+02 1.817232982382316564e+00 9.916666512442568610e-03
6.914572864321607994e+02 1.817262052739400557e+00 9.929276648271721795e-03
6.964824120603016127e+02 1.817290606001720654e+00 9.941453511683901248e-03
7.015075376884421985e+02 1.817318651847076305e+00 9.953213866111965819e-03
7.065326633165830117e+02 1.817346199865870870e+00 9.964573767469973864e-03
7.115577889447235975e+02 1.817373259551179565e+00 9.975548595248647996e-03
7.165829145728644107e+02 1.817399840290046198e+00 9.986153082372967171e-03
7.216080402010049966e+02 1.817425951355907676e+00 9.996401343647758064e-03
7.266331658291458098e+02 1.817451601902042801e+00 1.000630690305703147e-02
7.316582914572863956e+02 1.817476800955949878e+00 1.001588271984323215e-02
7.366834170854272088e+02 1.817501557414578528e+00 1.002514121351016398e-02
7.417085427135677946e+02 1.817525880040326447e+00 1.003409428761153216e-02
7.467336683417086078e+02 1.817549777457738269e+00 1.004275335257122544e-02
7.517587939698491937e+02 1.817573258150837034e+00 1.005112934745584947e-02
7.567839195979900069e+02 1.817596330461026977e+00 1.005923276076095031e-02
7.618090452261307064e+02 1.817619002585518784e+00 1.006707365031310822e-02
7.668341708542714059e+02 1.817641282576216044e+00 1.007466166218844161e-02
7.718592964824121054e+02 1.817663178339028462e+00 1.008200604884349448e-02
7.768844221105528050e+02 1.817684697633559221e+00 1.008911568644203609e-02
7.819095477386935045e+02 1.817705848073134511e+00 1.009599909130433175e-02
7.869346733668342040e+02 1.817726637125135047e+00 1.010266443568970732e-02
7.919597989949749035e+02 1.817747072111600026e+00 1.010911956283480628e-02
7.969849246231156030e+02 1.817767160210072896e+00 1.011537200130048150e-02
8.020100502512563025e+02 1.817786908454660288e+00 1.012142897865660196e-02
8.070351758793970021e+02 1.817806323737282126e+00 1.012729743459835074e-02
8.120603015075377016e+02 1.817825412809086494e+00 1.013298403333396172e-02
8.170854271356784011e+02 1.817844182282013721e+00 1.013849517557616035e-02
8.221105527638192143e+02 1.817862638630486360e+00 1.014383700987615475e-02
8.271356783919598001e+02 1.817880788193208197e+00 1.014901544342198744e-02
8.321608040201006133e+02 1.817898637175062060e+00 1.015403615246548291e-02
8.371859296482411992e+02 1.817916191649084912e+00 1.015890459215805508e-02
8.422110552763820124e+02 1.817933457558511767e+00 1.016362600596901374e-02
8.472361809045225982e+02 1.817950440718878014e+00 1.016820543469490641e-02
8.522613065326634114e+02 1.817967146820164803e+00 1.017264772507871749e-02
8.572864321608039972e+02 1.817983581428982420e+00 1.017695753798073845e-02
8.623115577889448105e+02 1.817999749990781178e+00 1.018113935620619873e-02
8.673366834170853963e+02 1.818015657832081855e+00 1.018519749202849607e-02
8.723618090452262095e+02 1.818031310162719461e+00 1.018913609426108820e-02
8.773869346733667953e+02 1.818046712078094318e+00 1.019295915515597284e-02
8.824120603015076085e+02 1.818061868561423156e+00 1.019667051685012836e-02
8.874371859296483080e+02 1.818076784485987529e+00 1.020027387762606139e-02
8.924623115577890076e+02 1.818091464617371589e+00 1.020377279784886321e-02
8.974874371859297071e+02 1.818105913615691627e+00 1.020717070562729596e-02
9.025125628140704066e+02 1.818120136037805867e+00 1.021047090227852373e-02
9.075376884422111061e+02 1.818134136339505380e+00 1.021367656743665288e-02
9.125628140703518056e+02 1.818147918877686564e+00 1.021679076414517932e-02
9.175879396984925052e+02 1.818161487912495655e+00 1.021981644344686913e-02
9.226130653266332047e+02 1.818174847609448141e+00 1.022275644898465452e-02
9.276381909547739042e+02 1.818188002041520424e+00 1.022561352135493117e-02
9.326633165829146037e+02 1.818200955191212165e+00 1.022839030220471478e-02
9.376884422110553032e+02 1.818213710952575335e+00 1.023108933819417976e-02
9.427135678391960028e+02 1.818226273133213944e+00 1.023371308479386309e-02
9.477386934673367023e+02 1.818238645456247138e+00 1.023626390993995737e-02
9.527638190954774018e+02 1.818250831562241432e+00 1.023874409741914147e-02
9.577889447236181013e+02 1.818262835011108303e+00 1.024115585029906385e-02
9.628140703517588008e+02 1.818274659283962702e+00 1.024350129398281933e-02
9.678391959798995003e+02 1.818286307784952260e+00 1.024578247934421552e-02
9.728643216080401999e+02 1.818297783843045412e+00 1.024800138558717641e-02
9.778894472361808994e+02 1.818309090713787546e+00 1.025015992301473410e-02
9.829145728643217126e+02 1.818320231581020074e+00 1.025225993577357810e-02
9.879396984924624121e+02 1.818331209558562866e+00 1.025430320430430545e-02
9.929648241206031116e+02 1.818342027691862928e+00 1.025629144787737999e-02
9.979899497487438111e+02 1.818352688959606667e+00 1.025822632684737258e-02
1.003015075376884511e+03 1.818363196275297078e+00 1.026010944501606209e-02
1.008040201005025210e+03 1.818373552488796951e+00 1.026194235167205218e-02
1.013065326633165910e+03 1.818383760387835890e+00 1.026372654367565737e-02
1.018090452261306609e+03 1.818393822699486240e+00 1.026546346750296240e-02
1.023115577889447309e+03 1.818403742091601272e+00 1.026715452107657134e-02
1.028140703517588008e+03 1.818413521174225167e+00 1.026880105556751861e-02
1.033165829145728821e+03 1.818423162500965029e+00 1.027040437720122198e-02
1.038190954773869407e+03 1.818432668570335364e+00 1.027196574890569883e-02
1.043216080402009993e+03 1.818442041827068145e+00 1.027348639183502631e-02
1.048241206030150806e+03 1.818451284663392453e+00 1.027496748704937769e-02
1.053266331658291620e+03 1.818460399420283924e+00 1.027641017686568153e-02
1.058291457286432205e+03 1.818469388388683550e+00 1.027781556634395181e-02
1.063316582914572791e+03 1.818478253810688505e+00 1.027918472460702393e-02
1.068341708542713604e+03 1.818486997880711664e+00 1.028051868616689131e-02
1.073366834170854418e+03 1.818495622746614693e+00 1.028181845218227412e-02
1.078391959798995003e+03 1.818504130510813166e+00 1.028308499162609337e-02
1.083417085427135589e+03 1.818512523231354594e+00 1.028431924248189230e-02
1.088442211055276402e+03 1.818520802922969581e+00 1.028552211282902570e-02
1.093467336683417216e+03 1.818528971558096119e+00 1.028669448189245376e-02
1.098492462311557802e+03 1.818537031067881671e+00 1.028783720112205584e-02
1.103517587939698387e+03 1.818544983343155952e+00 1.028895109510738134e-02
1.108542713567839201e+03 1.818552830235383055e+00 1.029003696254388554e-02
1.113567839195980014e+03 1.818560573557589599e+00 1.029109557721837043e-02
1.118592964824120827e+03 1.818568215085265782e+00 1.029212768874408421e-02
1.123618090452261413e+03 1.818575756557250012e+00 1.029313402349875742e-02
1.128643216080401999e+03 1.818583199676587325e+00 1.029411528542044374e-02
1.133668341708542812e+03 1.818590546111365613e+00 1.029507215673683938e-02
1.138693467336683625e+03 1.818597797495534518e+00 1.029600529876840628e-02
1.143718592964824211e+03 1.818604955429701242e+00 1.029691535261124773e-02
1.148743718592964797e+03 1.818612021481907037e+00 1.029780293985085513e-02
1.153768844221105610e+03 1.818618997188383046e+00 1.029866866318816278e-02
1.158793969849246423e+03 1.818625884054289932e+00 1.029951310713977074e-02
1.163819095477387009e+03 1.818632683554435303e+00 1.030033683859676169e-02
1.168844221105527595e+03 1.818639397133977154e+00 1.030114040744702433e-02
1.173869346733668408e+03 1.818646026209105315e+00 1.030192434715336731e-02
1.178894472361809221e+03 1.818652572167709813e+00 1.030268917526592706e-02
1.183919597989949807e+03 1.818659036370029902e+00 1.030343539401981992e-02
1.188944723618090393e+03 1.818665420149286449e+00 1.030416349072713587e-02
1.193969849246231206e+03 1.818671724812302326e+00 1.030487393842667056e-02
1.198994974874372019e+03 1.818677951640100821e+00 1.030556719622038354e-02
1.204020100502512605e+03 1.818684101888496496e+00 1.030624370980303024e-02
1.209045226130653191e+03 1.818690176788664514e+00 1.030690391186179014e-02
1.214070351758794004e+03 1.818696177547700188e+00 1.030754822253985951e-02
1.219095477386934817e+03 1.818702105349163656e+00 1.030817704982399559e-02
1.224120603015075403e+03 1.818707961353608127e+00 1.030879078989914779e-02
1.229145728643215989e+03 1.818713746699100131e+00 1.030938982763178469e-02
1.234170854271356802e+03 1.818719462501721784e+00 1.030997453682648557e-02
1.239195979899497615e+03 1.818725109856063948e+00 1.031054528060053668e-02
1.244221105527638429e+03 1.818730689835705627e+00 1.031110241182262369e-02
1.249246231155779014e+03 1.818736203493680925e+00 1.031164627329266698e-02
1.254271356783919600e+03 1.818741651862937347e+00 1.031217719817965200e-02
1.259296482412060413e+03 1.818747035956779001e+00 1.031269551022218241e-02
1.264321608040201227e+03 1.818752356769300915e+00 1.031320152416552102e-02
1.269346733668341813e+03 1.818757615275813144e+00 1.031369554587530449e-02
1.274371859296482398e+03 1.818762812433253329e+00 1.031417787276311428e-02
1.279396984924623212e+03 1.818767949180589039e+00 1.031464879393184826e-02
1.284422110552764025e+03 1.818773026439211238e+00 1.031510859053608349e-02
1.289447236180904611e+03 1.818778045113317310e+00 1.031555753595915677e-02
1.294472361809045196e+03 1.818783006090285648e+00 1.031599589606535007e-02
1.299497487437186010e+03 1.818787910241039141e+00 1.031642392945179842e-02
1.304522613065326823e+03 1.818792758420402667e+00 1.031684188764636807e-02
1.309547738693467409e+03 1.818797551467449702e+00 1.031725001536985993e-02
1.314572864321607994e+03 1.818802290205840944e+00 1.031764855065812544e-02
1.319597989949748808e+03 1.818806975444156038e+00 1.031803772513462288e-02
1.324623115577889621e+03 1.818811607976215106e+00 1.031841776421821809e-02
1.329648241206030207e+03 1.818816188581394488e+00 1.031878888721245169e-02
1.334673366834170793e+03 1.818820718024933836e+00 1.031915130760983207e-02
1.339698492462311606e+03 1.818825197058237197e+00 1.031950523318076948e-02
1.344723618090452419e+03 1.818829626419163459e+00 1.031985086618071416e-02
1.349748743718593005e+03 1.818834006832314776e+00 1.032018840349260488e-02
1.354773869346733591e+03 1.818838339009314797e+00 1.032051803681220681e-02
1.359798994974874404e+03 1.818842623649080004e+00 1.032083995280104298e-02
1.364824120603015217e+03 1.818846861438087270e+00 1.032115433317466746e-02
1.369849246231156030e+03 1.818851053050632549e+00 1.032146135494141879e-02
1.374874371859296616e+03 1.818855199149084889e+00 1.032176119046895532e-02
1.379899497487437202e+03 1.818859300384133126e+00 1.032205400764749960e-02
1.384924623115578015e+03 1.818863357395029468e+00 1.032233997003145602e-02
1.389949748743718828e+03 1.818867370809823525e+00 1.032261923691642387e-02
1.394974874371859414e+03 1.818871341245593909e+00 1.032289196352365566e-02
1.400000000000000000e+03 1.818875269308673825e+00 1.032315830107690194e-02
