4.000000000000000000e+02 1.836543775113677279e+00 1.081291400669661534e-02
4.050251256281406995e+02 1.836626772928001916e+00 1.092869754074375990e-02
4.100502512562813990e+02 1.836709865051020962e+00 1.103970864105788784e-02
4.150753768844220986e+02 1.836792889561950526e+00 1.114611134698803921e-02
4.201005025125627981e+02 1.836875699902021264e+00 1.124806968831710587e-02
4.251256281407034976e+02 1.836958163939640176e+00 1.134574678166006337e-02
4.301507537688441971e+02 1.837040163043121010e+00 1.143930405721240925e-02
4.351758793969848966e+02 1.837121591170352897e+00 1.152890060418547413e-02
4.402010050251256530e+02 1.837202353982856584e+00 1.161469262338847043e-02
4.452261306532663525e+02 1.837282367989992560e+00 1.169683297607261759e-02
4.502512562814070520e+02 1.837361559727641369e+00 1.177547081870367052e-02
4.552763819095477515e+02 1.837439864974429460e+00 1.185075131389537462e-02
4.603015075376884511e+02 1.837517228007527148e+00 1.192281540857636699e-02
4.653266331658291506e+02 1.837593600899167567e+00 1.199179967108701499e-02
4.703517587939698501e+02 1.837668942854308485e+00 1.205783617951537712e-02
4.753768844221105496e+02 1.837743219589279109e+00 1.212105245463725341e-02
4.804020100502512491e+02 1.837816402750769740e+00 1.218157143085549232e-02
4.854271356783919487e+02 1.837888469374159506e+00 1.223951145993264558e-02
4.904522613065327050e+02 1.837959401379893665e+00 1.229498634217499053e-02
4.954773869346734045e+02 1.838029185106407670e+00 1.234810538083169415e-02
5.005025125628141041e+02 1.838097810877950211e+00 1.239897345564554450e-02
5.055276381909548036e+02 1.838165272605560396e+00 1.244769111215764980e-02
5.105527638190955031e+02 1.838231567419395418e+00 1.249435466358331422e-02
5.155778894472362026e+02 1.838296695330589925e+00 1.253905630274285143e-02
5.206030150753769021e+02 1.838360658920833668e+00 1.258188422161563708e-02
5.256281407035176017e+02 1.838423463057878404e+00 1.262292273655633845e-02
5.306532663316583012e+02 1.838485114635241890e+00 1.266225241745498435e-02
5.356783919597990007e+02 1.838545622334418983e+00 1.269995021923651934e-02
5.407035175879397002e+02 1.838604996407996017e+00 1.273608961470646880e-02
5.457286432160803997e+02 1.838663248482125701e+00 1.277074072739373470e-02
5.507537688442210992e+02 1.838720391376901464e+00 1.280397046363889769e-02
5.557788944723617988e+02 1.838776438943254377e+00 1.283584264320561559e-02
5.608040201005024983e+02 1.838831405915072770e+00 1.286641812773141325e-02
5.658291457286431978e+02 1.838885307775328215e+00 1.289575494660641017e-02
5.708542713567838973e+02 1.838938160635064545e+00 1.292390841974249902e-02
5.758793969849245968e+02 1.838989981124194983e+00 1.295093127711488892e-02
5.809045226130654100e+02 1.839040786293113738e+00 1.297687377473099625e-02
5.859296482412059959e+02 1.839090593524208117e+00 1.300178380678674618e-02
5.909547738693468091e+02 1.839139420452418960e+00 1.302570701410704808e-02
5.959798994974873949e+02 1.839187284894068020e+00 1.304868688849329487e-02
6.010050251256282081e+02 1.839234204783221749e+00 1.307076487335254167e-02
6.060301507537687939e+02 1.839280198114928488e+00 1.309198046014897060e-02
6.110552763819096072e+02 1.839325282894707758e+00 1.311237128106786977e-02
6.160804020100503067e+02 1.839369477093731664e+00 1.313197319773590048e-02
6.211055276381910062e+02 1.839412798609173061e+00 1.315082038623424480e-02
6.261306532663317057e+02 1.839455265229248848e+00 1.316894541827249958e-02
6.311557788944724052e+02 1.839496894602515642e+00 1.318637933878745276e-02
6.361809045226131047e+02 1.839537704211025471e+00 1.320315174003574427e-02
6.412060301507538043e+02 1.839577711346966238e+00 1.321929083225208308e-02
6.462311557788945038e+02 1.839616933092459883e+00 1.323482351098267777e-02
6.512562814070352033e+02 1.839655386302209816e+00 1.324977542129322089e-02
6.562814070351759028e+02 1.839693087588716525e+00 1.326417101883981334e-02
6.613065326633166023e+02 1.839730053309811542e+00 1.327803362806893005e-02
6.663316582914573019e+02 1.839766299558273754e+00 1.329138549753749489e-02
6.713567839195980014e+02 1.839801842153319100e+00 1.330424785256551293e-02
6.763819095477387009e+02 1.839836696633770918e+00 1.331664094526215265e-02
6.814070351758794004e+02 1.839870878252736430e+00 1.332858410213892675e-02
6.864321608040200999e+02 1.839904401973627923e+00 1.334009576925460419e-02
6.914572864321607994e+02 1.839937282467388968e+00 1.335119355524423679e-02
6.964824120603016127e+02 1.839969534110790894e+00 1.336189427210090520e-02
7.015075376884421985e+02 1.840001170985678502e+00 1.337221397386329121e-02
7.065326633165830117e+02 1.840032206879065990e+00 1.338216799356222071e-02
7.115577889447235975e+02 1.840062655283973836e+00 1.339177097807501410e-02
7.165829145728644107e+02 1.840092529400926935e+00 1.340103692134527943e-02
7.216080402010049966e+02 1.840121842140029829e+00 1.340997919593812579e-02
7.266331658291458098e+02 1.840150606123546417e+00 1.341861058290499432e-02
7.316582914572863956e+02 1.840178833688921989e+00 1.342694330022616879e-02
7.366834170854272088e+02 1.840206536892185163e+00 1.343498902982964358e-02
7.417085427135677946e+02 1.840233727511676909e+00 1.344275894312403456e-02
7.467336683417086078e+02 1.840260417052060893e+00 1.345026372538501297e-02
7.517587939698491937e+02 1.840286616748569859e+00 1.345751359883555834e-02
7.567839195979900069e+02 1.840312337571450296e+00 1.346451834453892688e-02
7.618090452261307064e+02 1.840337590230569420e+00 1.347128732327002205e-02
7.668341708542714059e+02 1.840362385180154714e+00 1.347782949527276050e-02
7.718592964824121054e+02 1.840386732623637833e+00 1.348415343906487346e-02
7.768844221105528050e+02 1.840410642518575335e+00 1.349026736924352834e-02
7.819095477386935045e+02 1.840434124581629138e+00 1.349617915347416097e-02
7.869346733668342040e+02 1.840457188293579405e+00 1.350189632856334254e-02
7.919597989949749035e+02 1.840479842904361396e+00 1.350742611578680495e-02
7.969849246231156030e+02 1.840502097438101670e+00 1.351277543542025138e-02
8.020100502512563025e+02 1.840523960698145611e+00 1.351795092056751191e-02
8.070351758793970021e+02 1.840545441272062099e+00 1.352295893028908694e-02
8.120603015075377016e+02 1.840566547536614417e+00 1.352780556209069902e-02
8.170854271356784011e+02 1.840587287662688531e+00 1.353249666379767978e-02
8.221105527638192143e+02 1.840607669620170750e+00 1.353703784485667944e-02
8.271356783919598001e+02 1.840627701182766973e+00 1.354143448706439379e-02
8.321608040201006133e+02 1.840647389932756672e+00 1.354569175478800673e-02
8.371859296482411992e+02 1.840666743265681138e+00 1.354981460467576115e-02
8.422110552763820124e+02 1.840685768394952460e+00 1.355380779492116640e-02
8.472361809045225982e+02 1.840704472356391008e+00 1.355767589404541749e-02
8.522613065326634114e+02 1.840722862012677430e+00 1.356142328927692139e-02
8.572864321608039972e+02 1.840740944057724260e+00 1.356505419453262265e-02
8.623115577889448105e+02 1.840758725020962938e+00 1.356857265802179600e-02
8.673366834170853963e+02 1.840776211271542229e+00 1.357198256944356154e-02
8.723618090452262095e+02 1.840793409022441374e+00 1.357528766689635943e-02
8.773869346733667953e+02 1.840810324334493320e+00 1.357849154343722733e-02
8.824120603015076085e+02 1.840826963120320459e+00 1.358159765332669390e-02
8.874371859296483080e+02 1.840843331148181106e+00 1.358460931799486057e-02
8.924623115577890076e+02 1.840859434045727383e+00 1.358752973169853953e-02
8.974874371859297071e+02 1.840875277303675173e+00 1.359036196695361486e-02
9.025125628140704066e+02 1.840890866279385918e+00 1.359310897968759105e-02
9.075376884422111061e+02 1.840906206200362938e+00 1.359577361417158188e-02
9.125628140703518056e+02 1.840921302167659146e+00 1.359835860767643484e-02
9.175879396984925052e+02 1.840936159159202168e+00 1.360086659502620157e-02
9.226130653266332047e+02 1.840950782033035971e+00 1.360330011275660660e-02
9.276381909547739042e+02 1.840965175530476783e+00 1.360566160332085661e-02
9.326633165829146037e+02 1.840979344279191965e+00 1.360795341888694845e-02
9.376884422110553032e+02 1.840993292796195169e+00 1.361017782507064310e-02
9.427135678391960028e+02 1.841007025490766225e+00 1.361233700453168619e-02
9.477386934673367023e+02 1.841020546667291979e+00 1.361443306031200236e-02
9.527638190954774018e+02 1.841033860528032973e+00 1.361646801908819940e-02
9.577889447236181013e+02 1.841046971175815505e+00 1.361844383424135572e-02
9.628140703517588008e+02 1.841059882616652432e+00 1.362036238886727563e-02
9.678391959798995003e+02 1.841072598762291568e+00 1.362222549851599754e-02
9.728643216080401999e+02 1.841085123432697923e+00 1.362403491399550963e-02
9.778894472361808994e+02 1.841097460358464666e+00 1.362579232383278119e-02
9.829145728643217126e+02 1.841109613183163018e+00 1.362749935685731231e-02
9.879396984924624121e+02 1.841121585465622212e+00 1.362915758445949407e-02
9.929648241206031116e+02 1.841133380682151710e+00 1.363076852291551441e-02
9.979899497487438111e+02 1.841145002228699923e+00 1.363233363552664341e-02
1.003015075376884511e+03 1.841156453422952977e+00 1.363385433466302379e-02
1.008040201005025210e+03 1.841167737506377522e+00 1.363533198376938073e-02
1.013065326633165910e+03 1.841178857646204925e+00 1.363676789925971460e-02
1.018090452261306609e+03 1.841189816937361945e+00 1.363816335228510562e-02
1.023115577889447309e+03 1.841200618404345457e+00 1.363951957054590491e-02
1.028140703517588008e+03 1.841211265003048547e+00 1.364083773986369229e-02
1.033165829145728821e+03 1.841221759622533760e+00 1.364211900584706184e-02
1.038190954773869407e+03 1.841232105086755722e+00 1.364336447537472727e-02
1.043216080402009993e+03 1.841242304156239351e+00 1.364457521807527218e-02
1.048241206030150806e+03 1.841252359529708338e+00 1.364575226770612174e-02
1.053266331658291620e+03 1.841262273845668762e+00 1.364689662352957036e-02
1.058291457286432205e+03 1.841272049683950751e+00 1.364800925158031475e-02
1.063316582914572791e+03 1.841281689567203950e+00 1.364909108587349790e-02
1.068341708542713604e+03 1.841291195962354577e+00 1.365014302965103336e-02
1.073366834170854418e+03 1.841300571282018517e+00 1.365116595644675322e-02
1.078391959798995003e+03 1.841309817885879774e+00 1.365216071123896181e-02
1.083417085427135589e+03 1.841318938082025625e+00 1.365312811143835729e-02
1.088442211055276402e+03 1.841327934128248023e+00 1.365406894793110525e-02
1.093467336683417216e+03 1.841336808233308142e+00 1.365498398601446006e-02
1.098492462311557802e+03 1.841345562558165838e+00 1.365587396634709155e-02
1.103517587939698387e+03 1.841354199217174470e+00 1.365673960581659588e-02
1.108542713567839201e+03 1.841362720279243304e+00 1.365758159838937301e-02
1.113567839195980014e+03 1.841371127768969274e+00 1.365840061592667881e-02
1.118592964824120827e+03 1.841379423667733439e+00 1.365919730899945068e-02
1.123618090452261413e+03 1.841387609914773016e+00 1.365997230762071822e-02
1.128643216080401999e+03 1.841395688408219211e+00 1.366072622195255160e-02
1.133668341708542812e+03 1.841403661006108194e+00 1.366145964302826685e-02
1.138693467336683625e+03 1.841411529527365420e+00 1.366217314343306372e-02
1.143718592964824211e+03 1.841419295752761975e+00 1.366286727791875787e-02
1.148743718592964797e+03 1.841426961425845166e+00 1.366354258402581803e-02
1.153768844221105610e+03 1.841434528253843128e+00 1.366419958269651617e-02
1.158793969849246423e+03 1.841441997908545902e+00 1.366483877886295883e-02
1.163819095477387009e+03 1.841449372027162079e+00 1.366546066192069440e-02
1.168844221105527595e+03 1.841456652213152134e+00 1.366606570636417703e-02
1.173869346733668408e+03 1.841463840037040223e+00 1.366665437221039996e-02
1.178894472361809221e+03 1.841470937037202660e+00 1.366722710553569704e-02
1.183919597989949807e+03 1.841477944720635529e+00 1.366778433893890525e-02
1.188944723618090393e+03 1.841484864563703194e+00 1.366832649197965988e-02
1.193969849246231206e+03 1.841491698012865053e+00 1.366885397164872319e-02
1.198994974874372019e+03 1.841498446485383189e+00 1.366936717273227117e-02
1.204020100502512605e+03 1.841505111370011605e+00 1.366986647829760912e-02
1.209045226130653191e+03 1.841511694027667678e+00 1.367035226000793725e-02
1.214070351758794004e+03 1.841518195792084756e+00 1.367082487855045617e-02
1.219095477386934817e+03 1.841524617970446975e+00 1.367128468396667379e-02
1.224120603015075403e+03 1.841530961844009662e+00 1.367173201601487760e-02
1.229145728643215989e+03 1.841537228668701065e+00 1.367216720451606103e-02
1.234170854271356802e+03 1.841543419675709448e+00 1.367259056965896072e-02
1.239195979899497615e+03 1.841549536072054405e+00 1.367300242232918558e-02
1.244221105527638429e+03 1.841555579041143531e+00 1.367340306440562557e-02
1.249246231155779014e+03 1.841561549743314652e+00 1.367379278902412613e-02
1.254271356783919600e+03 1.841567449316362515e+00 1.367417188092215352e-02
1.259296482412060413e+03 1.841573278876055486e+00 1.367454061664520083e-02
1.264321608040201227e+03 1.841579039516633820e+00 1.367489926484232940e-02
1.269346733668341813e+03 1.841584732311298822e+00 1.367524808650466550e-02
1.274371859296482398e+03 1.841590358312689579e+00 1.367558733521186641e-02
1.279396984924623212e+03 1.841595918553343481e+00 1.367591725734592679e-02
1.284422110552764025e+03 1.841601414046150520e+00 1.367623809238602273e-02
1.289447236180904611e+03 1.841606845784790503e+00 1.367655007302460285e-02
1.294472361809045196e+03 1.841612214744164033e+00 1.367685342545382939e-02
1.299497487437186010e+03 1.841617521880808850e+00 1.367714836956257680e-02
1.304522613065326823e+03 1.841622768133307941e+00 1.367743511907649166e-02
1.309547738693467409e+03 1.841627954422685898e+00 1.367771388182782363e-02
1.314572864321607994e+03 1.841633081652795934e+00 1.367798485986278928e-02
1.319597989949748808e+03 1.841638150710698030e+00 1.367824824968682552e-02
1.324623115577889621e+03 1.841643162467025086e+00 1.367850424237176087e-02
1.329648241206030207e+03 1.841648117776343518e+00 1.367875302377652598e-02
1.334673366834170793e+03 1.841653017477501209e+00 1.367899477464603122e-02
1.339698492462311606e+03 1.841657862393969669e+00 1.367922967083982574e-02
1.344723618090452419e+03 1.841662653334175559e+00 1.367945788341458184e-02
1.349748743718593005e+03 1.841667391091826644e+00 1.367967957881201235e-02
1.354773869346733591e+03 1.841672076446226436e+00 1.367989491897368681e-02
1.359798994974874404e+03 1.841676710162583941e+00 1.368010406146388976e-02
1.364824120603015217e+03 1.841681292992314090e+00 1.368030715965734383e-02
1.369849246231156030e+03 1.841685825673332166e+00 1.368050436278890961e-02
1.374874371859296616e+03 1.841690308930338915e+00 1.368069581613307745e-02
1.379899497487437202e+03 1.841694743475102536e+00 1.368088166108602684e-02
1.384924623115578015e+03 1.841699130006728691e+00 1.368106203532878234e-02
1.389949748743718828e+03 1.841703469211928734e+00 1.368123707284425554e-02
1.394974874371859414e+03 1.841707761765279061e+00 1.368140690414523103e-02
1.400000000000000000e+03 1.841712008329474903e+00 1.368157165626697827e-02
