4.000000000000000000e+02 1.841288797089492224e+00 1.159226563468574410e-02
4.050251256281406995e+02 1.841377962368756060e+00 1.171365429420302695e-02
4.100502512562813990e+02 1.841467129592594176e+00 1.182998476320764811e-02
4.150753768844220986e+02 1.841556132079032126e+00 1.194143564833478194e-02
4.201005025125627981e+02 1.841644819398921218e+00 1.204818496980259758e-02
4.251256281407034976e+02 1.841733056348024311e+00 1.215040924770860280e-02
4.301507537688441971e+02 1.841820721933707938e+00 1.224828272555452194e-02
4.351758793969848966e+02 1.841907708385461362e+00 1.234197671839230154e-02
4.402010050251256530e+02 1.841993920196445700e+00 1.243165907260065407e-02
4.452261306532663525e+02 1.842079273201547407e+00 1.251749372588797232e-02
4.502512562814070520e+02 1.842163693695909821e+00 1.259964035614339825e-02
4.552763819095477515e+02 1.842247117596654382e+00 1.267825410875455215e-02
4.603015075376884511e+02 1.842329489649441321e+00 1.275348539288950409e-02
4.653266331658291506e+02 1.842410762680636305e+00 1.282547973792005913e-02
4.703517587939698501e+02 1.842490896895135899e+00 1.289437770198467725e-02
4.753768844221105496e+02 1.842569859219316708e+00 1.296031482543829466e-02
4.804020100502512491e+02 1.842647622688130093e+00 1.302342162269162773e-02
4.854271356783919487e+02 1.842724165874994213e+00 1.308382360659750276e-02
4.904522613065327050e+02 1.842799472362886215e+00 1.314164134022096676e-02
4.954773869346734045e+02 1.842873530254834913e+00 1.319699051129598864e-02
5.005025125628141041e+02 1.842946331721897701e+00 1.324998202541643674e-02
5.055276381909548036e+02 1.843017872586617978e+00 1.330072211431516938e-02
5.105527638190955031e+02 1.843088151939933805e+00 1.334931245612910530e-02
5.155778894472362026e+02 1.843157171789501225e+00 1.339585030493073425e-02
5.206030150753769021e+02 1.843224936737423825e+00 1.344042862723953367e-02
5.256281407035176017e+02 1.843291453685427461e+00 1.348313624333517813e-02
5.306532663316583012e+02 1.843356731565578999e+00 1.352405797184736205e-02
5.356783919597990007e+02 1.843420781094720295e+00 1.356327477593892439e-02
5.407035175879397002e+02 1.843483614550877725e+00 1.360086390997570192e-02
5.457286432160803997e+02 1.843545245569984781e+00 1.363689906559894735e-02
5.507537688442210992e+02 1.843605688961353239e+00 1.367145051629248959e-02
5.557788944723617988e+02 1.843664960540416509e+00 1.370458525971790693e-02
5.608040201005024983e+02 1.843723076977359598e+00 1.373636715736717244e-02
5.658291457286431978e+02 1.843780055660340311e+00 1.376685707084726769e-02
5.708542713567838973e+02 1.843835914572096835e+00 1.379611299461679964e-02
5.758793969849245968e+02 1.843890672178809309e+00 1.382419018482704612e-02
5.809045226130654100e+02 1.843944347330183975e+00 1.385114128397589572e-02
5.859296482412059959e+02 1.843996959169783123e+00 1.387701644142987426e-02
5.909547738693468091e+02 1.844048527054712450e+00 1.390186342949531646e-02
5.959798994974873949e+02 1.844099070483841807e+00 1.392572775518487009e-02
6.010050251256282081e+02 1.844148609033793962e+00 1.394865276753853335e-02
6.060301507537687939e+02 1.844197162302009918e+00 1.397067976060405170e-02
6.110552763819096072e+02 1.844244749856239984e+00 1.399184807214898414e-02
6.160804020100503067e+02 1.844291391189874618e+00 1.401219517798166746e-02
6.211055276381910062e+02 1.844337105682575029e+00 1.403175678233612930e-02
6.261306532663317057e+02 1.844381912565702830e+00 1.405056690401387115e-02
6.311557788944724052e+02 1.844425830892099549e+00 1.406865795872478710e-02
6.361809045226131047e+02 1.844468879509798986e+00 1.408606083753534931e-02
6.412060301507538043e+02 1.844511077039293179e+00 1.410280498166459513e-02
6.462311557788945038e+02 1.844552441854006686e+00 1.411891845375094073e-02
6.512562814070352033e+02 1.844592992063663672e+00 1.413442800562215995e-02
6.562814070351759028e+02 1.844632745500258686e+00 1.414935914289718044e-02
6.613065326633166023e+02 1.844671719706369561e+00 1.416373618629881113e-02
6.663316582914573019e+02 1.844709931925575308e+00 1.417758233005229733e-02
6.713567839195980014e+02 1.844747399094759821e+00 1.419091969738444856e-02
6.763819095477387009e+02 1.844784137838103355e+00 1.420376939317322985e-02
6.814070351758794004e+02 1.844820164462588563e+00 1.421615155409121367e-02
6.864321608040200999e+02 1.844855494954847464e+00 1.422808539612944144e-02
6.914572864321607994e+02 1.844890144979212776e+00 1.423958925976233879e-02
6.964824120603016127e+02 1.844924129876833296e+00 1.425068065291113482e-02
7.015075376884421985e+02 1.844957464665731850e+00 1.426137629155145928e-02
7.065326633165830117e+02 1.844990164041700575e+00 1.427169213846643352e-02
7.115577889447235975e+02 1.845022242379927846e+00 1.428164343987581644e-02
7.165829145728644107e+02 1.845053713737272671e+00 1.429124476031277090e-02
7.216080402010049966e+02 1.845084591855100209e+00 1.430051001561598138e-02
7.266331658291458098e+02 1.845114890162610877e+00 1.430945250435894031e-02
7.316582914572863956e+02 1.845144621780590466e+00 1.431808493762154640e-02
7.366834170854272088e+02 1.845173799525525959e+00 1.432641946719978576e-02
7.417085427135677946e+02 1.845202435914032879e+00 1.433446771251583457e-02
7.467336683417086078e+02 1.845230543167543980e+00 1.434224078602231930e-02
7.517587939698491937e+02 1.845258133217218877e+00 1.434974931737230397e-02
7.567839195979900069e+02 1.845285217709031533e+00 1.435700347639096153e-02
7.618090452261307064e+02 1.845311808009005849e+00 1.436401299484386940e-02
7.668341708542714059e+02 1.845337915208562940e+00 1.437078718713385474e-02
7.718592964824121054e+02 1.845363550129958563e+00 1.437733496992475539e-02
7.768844221105528050e+02 1.845388723331777170e+00 1.438366488079676798e-02
7.819095477386935045e+02 1.845413445114469919e+00 1.438978509595131502e-02
7.869346733668342040e+02 1.845437725525910677e+00 1.439570344705132059e-02
7.919597989949749035e+02 1.845461574366954460e+00 1.440142743719640024e-02
7.969849246231156030e+02 1.845485001196982999e+00 1.440696425610841006e-02
8.020100502512563025e+02 1.845508015339425434e+00 1.441232079455528024e-02
8.070351758793970021e+02 1.845530625887239040e+00 1.441750365806310566e-02
8.120603015075377016e+02 1.845552841708342662e+00 1.442251917995778822e-02
8.170854271356784011e+02 1.845574671450990856e+00 1.442737343374576701e-02
8.221105527638192143e+02 1.845596123549085643e+00 1.443207224489657242e-02
8.271356783919598001e+02 1.845617206227413876e+00 1.443662120204285658e-02
8.321608040201006133e+02 1.845637927506807552e+00 1.444102566764376115e-02
8.371859296482411992e+02 1.845658295209221089e+00 1.444529078809528647e-02
8.422110552763820124e+02 1.845678316962723109e+00 1.444942150339378721e-02
8.472361809045225982e+02 1.845698000206397404e+00 1.445342255628908473e-02
8.522613065326634114e+02 1.845717352195151761e+00 1.445729850102460759e-02
8.572864321608039972e+02 1.845736380004431965e+00 1.446105371164625557e-02
8.623115577889448105e+02 1.845755090534838994e+00 1.446469238991513091e-02
8.673366834170853963e+02 1.845773490516649851e+00 1.446821857282809543e-02
8.723618090452262095e+02 1.845791586514239135e+00 1.447163613979597641e-02
8.773869346733667953e+02 1.845809384930403585e+00 1.447494881948274172e-02
8.824120603015076085e+02 1.845826892010585363e+00 1.447816019630880288e-02
8.874371859296483080e+02 1.845844113847000756e+00 1.448127371665197671e-02
8.924623115577890076e+02 1.845861056382666732e+00 1.448429269474876650e-02
8.974874371859297071e+02 1.845877725415334902e+00 1.448722031835203948e-02
9.025125628140704066e+02 1.845894126601324015e+00 1.449005965407066700e-02
9.075376884422111061e+02 1.845910265459262067e+00 1.449281365253118035e-02
9.125628140703518056e+02 1.845926147373731396e+00 1.449548515322534453e-02
9.175879396984925052e+02 1.845941777598821165e+00 1.449807688917571086e-02
9.226130653266332047e+02 1.845957161261589707e+00 1.450059149139007811e-02
9.276381909547739042e+02 1.845972303365437162e+00 1.450303149310631923e-02
9.326633165829146037e+02 1.845987208793385737e+00 1.450539933382898571e-02
9.376884422110553032e+02 1.846001882311281150e+00 1.450769736320488279e-02
9.427135678391960028e+02 1.846016328570901255e+00 1.450992784469281281e-02
9.477386934673367023e+02 1.846030552112984946e+00 1.451209295910516756e-02
9.527638190954774018e+02 1.846044557370181138e+00 1.451419480796870519e-02
9.577889447236181013e+02 1.846058348669913807e+00 1.451623541673612364e-02
9.628140703517588008e+02 1.846071930237173309e+00 1.451821673786450086e-02
9.678391959798995003e+02 1.846085306197228215e+00 1.452014065371556861e-02
9.728643216080401999e+02 1.846098480578264978e+00 1.452200897941614832e-02
9.778894472361808994e+02 1.846111457313954096e+00 1.452382346551119030e-02
9.829145728643217126e+02 1.846124240245945236e+00 1.452558580051711845e-02
9.879396984924624121e+02 1.846136833126294174e+00 1.452729761336839058e-02
9.929648241206031116e+02 1.846149239619821136e+00 1.452896047581130924e-02
9.979899497487438111e+02 1.846161463306405404e+00 1.453057590459269112e-02
1.003015075376884511e+03 1.846173507683214199e+00 1.453214536364260887e-02
1.008040201005025210e+03 1.846185376166870062e+00 1.453367026609110255e-02
1.013065326633165910e+03 1.846197072095558278e+00 1.453515197628738043e-02
1.018090452261306609e+03 1.846208598731074790e+00 1.453659181161558352e-02
1.023115577889447309e+03 1.846219959260816168e+00 1.453799104438244227e-02
1.028140703517588008e+03 1.846231156799715611e+00 1.453935090343345601e-02
1.033165829145728821e+03 1.846242194392123004e+00 1.454067257592555652e-02
1.038190954773869407e+03 1.846253075013633005e+00 1.454195720879830449e-02
1.043216080402009993e+03 1.846263801572862739e+00 1.454320591039445776e-02
1.048241206030150806e+03 1.846274376913176640e+00 1.454441975182538260e-02
1.053266331658291620e+03 1.846284803814367104e+00 1.454559976841754247e-02
1.058291457286432205e+03 1.846295084994284963e+00 1.454674696104933662e-02
1.063316582914572791e+03 1.846305223110425997e+00 1.454786229740142288e-02
1.068341708542713604e+03 1.846315220761471476e+00 1.454894671318938612e-02
1.073366834170854418e+03 1.846325080488787407e+00 1.455000111337889646e-02
1.078391959798995003e+03 1.846334804777880256e+00 1.455102637328430960e-02
1.083417085427135589e+03 1.846344396059814041e+00 1.455202333965005188e-02
1.088442211055276402e+03 1.846353856712584340e+00 1.455299283170730269e-02
1.093467336683417216e+03 1.846363189062458776e+00 1.455393564216791134e-02
1.098492462311557802e+03 1.846372395385276644e+00 1.455485253817858163e-02
1.103517587939698387e+03 1.846381477907713009e+00 1.455574426224305780e-02
1.108542713567839201e+03 1.846390438808509282e+00 1.455661153311238812e-02
1.113567839195980014e+03 1.846399280219668260e+00 1.455745504662811496e-02
1.118592964824120827e+03 1.846408004227615640e+00 1.455827547652610923e-02
1.123618090452261413e+03 1.846416612874332230e+00 1.455907347524689095e-02
1.128643216080401999e+03 1.846425108158451067e+00 1.455984967465334678e-02
1.133668341708542812e+03 1.846433492036327229e+00 1.456060468680083105e-02
1.138693467336683625e+03 1.846441766423077668e+00 1.456133910458431817e-02
1.143718592964824211e+03 1.846449933193591297e+00 1.456205350241516691e-02
1.148743718592964797e+03 1.846457994183512641e+00 1.456274843690468640e-02
1.153768844221105610e+03 1.846465951190198629e+00 1.456342444744017882e-02
1.158793969849246423e+03 1.846473805973648963e+00 1.456408205677551387e-02
1.163819095477387009e+03 1.846481560257410059e+00 1.456472177162862827e-02
1.168844221105527595e+03 1.846489215729457012e+00 1.456534408323265604e-02
1.173869346733668408e+03 1.846496774043049571e+00 1.456594946783309509e-02
1.178894472361809221e+03 1.846504236817565259e+00 1.456653838720727706e-02
1.183919597989949807e+03 1.846511605639310716e+00 1.456711128919092185e-02
1.188944723618090393e+03 1.846518882062311517e+00 1.456766860810512418e-02
1.193969849246231206e+03 1.846526067609078892e+00 1.456821076521334565e-02
1.198994974874372019e+03 1.846533163771358010e+00 1.456873816919321794e-02
1.204020100502512605e+03 1.846540172010855185e+00 1.456925121651647670e-02
1.209045226130653191e+03 1.846547093759945524e+00 1.456975029188185659e-02
1.214070351758794004e+03 1.846553930422363043e+00 1.457023576859427759e-02
1.219095477386934817e+03 1.846560683373871248e+00 1.457070800893606362e-02
1.224120603015075403e+03 1.846567353962915714e+00 1.457116736454546792e-02
1.229145728643215989e+03 1.846573943511260474e+00 1.457161417673392793e-02
1.234170854271356802e+03 1.846580453314607517e+00 1.457204877687161629e-02
1.239195979899497615e+03 1.846586884643199422e+00 1.457247148667367709e-02
1.244221105527638429e+03 1.846593238742406662e+00 1.457288261850905181e-02
1.249246231155779014e+03 1.846599516833298704e+00 1.457328247573955876e-02
1.254271356783919600e+03 1.846605720113202231e+00 1.457367135296732188e-02
1.259296482412060413e+03 1.846611849756242485e+00 1.457404953632769097e-02
1.264321608040201227e+03 1.846617906913872176e+00 1.457441730381244839e-02
1.269346733668341813e+03 1.846623892715385740e+00 1.457477492543284014e-02
1.274371859296482398e+03 1.846629808268421380e+00 1.457512266354241311e-02
1.279396984924623212e+03 1.846635654659449122e+00 1.457546077306065210e-02
1.284422110552764025e+03 1.846641432954247541e+00 1.457578950171170215e-02
1.289447236180904611e+03 1.846647144198366286e+00 1.457610909024008132e-02
1.294472361809045196e+03 1.846652789417579932e+00 1.457641977262626523e-02
1.299497487437186010e+03 1.846658369618326523e+00 1.457672177632498775e-02
1.304522613065326823e+03 1.846663885788138337e+00 1.457701532242724161e-02
1.309547738693467409e+03 1.846669338896060886e+00 1.457730062590596731e-02
1.314572864321607994e+03 1.846674729893057920e+00 1.457757789574735605e-02
1.319597989949748808e+03 1.846680059712413335e+00 1.457784733518109437e-02
1.324623115577889621e+03 1.846685329270115306e+00 1.457810914184954655e-02
1.329648241206030207e+03 1.846690539465235759e+00 1.457836350795402650e-02
1.334673366834170793e+03 1.846695691180299637e+00 1.457861062044666332e-02
1.339698492462311606e+03 1.846700785281642609e+00 1.457885066118410136e-02
1.344723618090452419e+03 1.846705822619763016e+00 1.457908380705067765e-02
1.349748743718593005e+03 1.846710804029663588e+00 1.457931023018051164e-02
1.354773869346733591e+03 1.846715730331183414e+00 1.457953009801199115e-02
1.359798994974874404e+03 1.846720602329325001e+00 1.457974357350211997e-02
1.364824120603015217e+03 1.846725420814570251e+00 1.457995081521133718e-02
1.369849246231156030e+03 1.846730186563190657e+00 1.458015197744920617e-02
1.374874371859296616e+03 1.846734900337548835e+00 1.458034721042766012e-02
1.379899497487437202e+03 1.846739562886392960e+00 1.458053666033804277e-02
1.384924623115578015e+03 1.846744174945144978e+00 1.458072046949664136e-02
1.389949748743718828e+03 1.846748737236180382e+00 1.458089877645970915e-02
1.394974874371859414e+03 1.846753250469101548e+00 1.458107171610036924e-02
1.400000000000000000e+03 1.846757715341006634e+00 1.458123941976924645e-02
