4.000000000000000000e+02 1.858030878316765167e+00 1.673202340111810960e-02
4.050251256281406995e+02 1.858119470147137076e+00 1.676983631807845224e-02
4.100502512562813990e+02 1.858205402463224853e+00 1.680536774420669788e-02
4.150753768844220986e+02 1.858288757287108295e+00 1.683876791628387617e-02
4.201005025125627981e+02 1.858369615663247210e+00 1.687017642389574898e-02
4.251256281407034976e+02 1.858448057380512219e+00 1.689972298778752435e-02
4.301507537688441971e+02 1.858524160748321830e+00 1.692752818390609246e-02
4.351758793969848966e+02 1.858598002419135087e+00 1.695370411614102041e-02
4.402010050251256530e+02 1.858669657250554774e+00 1.697835504054954689e-02
4.452261306532663525e+02 1.858739198201171838e+00 1.700157794400670649e-02
4.502512562814070520e+02 1.858806696255073776e+00 1.702346308023472421e-02
4.552763819095477515e+02 1.858872220370598072e+00 1.704409446591148569e-02
4.603015075376884511e+02 1.858935837449528838e+00 1.706355033970150328e-02
4.653266331658291506e+02 1.858997612323441961e+00 1.708190358669777961e-02
4.703517587939698501e+02 1.859057607754358354e+00 1.709922213079854286e-02
4.753768844221105496e+02 1.859115884447263722e+00 1.711556929735520358e-02
4.804020100502512491e+02 1.859172501072393180e+00 1.713100414826097470e-02
4.854271356783919487e+02 1.859227514295479944e+00 1.714558179157638432e-02
4.904522613065327050e+02 1.859280978814422891e+00 1.715935366757711383e-02
4.954773869346734045e+02 1.859332947401055147e+00 1.717236781310204838e-02
5.005025125628141041e+02 1.859383470946887051e+00 1.718466910569548325e-02
5.055276381909548036e+02 1.859432598511871371e+00 1.719629948936832534e-02
5.105527638190955031e+02 1.859480377375375193e+00 1.720729818313235931e-02
5.155778894472362026e+02 1.859526853088673937e+00 1.721770187384419337e-02
5.206030150753769021e+02 1.859572069528392158e+00 1.722754489446705686e-02
5.256281407035176017e+02 1.859616068950405765e+00 1.723685938895648875e-02
5.306532663316583012e+02 1.859658892043800860e+00 1.724567546477105348e-02
5.356783919597990007e+02 1.859700577984556791e+00 1.725402133399227267e-02
5.407035175879397002e+02 1.859741164488676990e+00 1.726192344398731066e-02
5.457286432160803997e+02 1.859780687864541759e+00 1.726940659830985061e-02
5.507537688442210992e+02 1.859819183064304271e+00 1.727649406873797353e-02
5.557788944723617988e+02 1.859856683734184113e+00 1.728320769909820823e-02
5.608040201005024983e+02 1.859893222263544255e+00 1.728956800140730998e-02
5.658291457286431978e+02 1.859928829832671271e+00 1.729559424509568080e-02
5.708542713567838973e+02 1.859963536459189992e+00 1.730130453975143451e-02
5.758793969849245968e+02 1.859997371043071279e+00 1.730671591182990701e-02
5.809045226130654100e+02 1.860030361410208055e+00 1.731184437598548911e-02
5.859296482412059959e+02 1.860062534354541830e+00 1.731670500116523626e-02
5.909547738693468091e+02 1.860093915678738830e+00 1.732131197213971838e-02
5.959798994974873949e+02 1.860124530233424611e+00 1.732567864658038359e-02
6.010050251256282081e+02 1.860154401954989378e+00 1.732981760822177239e-02
6.060301507537687939e+02 1.860183553901983755e+00 1.733374071622385132e-02
6.110552763819096072e+02 1.860212008290138330e+00 1.733745915115221872e-02
6.160804020100503067e+02 1.860239786526025840e+00 1.734098345778379083e-02
6.211055276381910062e+02 1.860266909239409294e+00 1.734432358494175305e-02
6.261306532663317057e+02 1.860293396314306680e+00 1.734748892260450440e-02
6.311557788944724052e+02 1.860319266918811110e+00 1.735048833653022801e-02
6.361809045226131047e+02 1.860344539533704600e+00 1.735333020053341987e-02
6.412060301507538043e+02 1.860369231979903670e+00 1.735602242651529750e-02
6.462311557788945038e+02 1.860393361444781624e+00 1.735857249261652316e-02
6.512562814070352033e+02 1.860416944507400583e+00 1.736098746939813281e-02
6.562814070351759028e+02 1.860439997162696590e+00 1.736327404432591592e-02
6.613065326633166023e+02 1.860462534844658844e+00 1.736543854465289957e-02
6.663316582914573019e+02 1.860484572448536378e+00 1.736748695879963139e-02
6.713567839195980014e+02 1.860506124352117485e+00 1.736942495633727809e-02
6.763819095477387009e+02 1.860527204436109860e+00 1.737125790671579031e-02
6.814070351758794004e+02 1.860547826103667424e+00 1.737299089673154454e-02
6.864321608040200999e+02 1.860568002299090695e+00 1.737462874691978257e-02
6.914572864321607994e+02 1.860587745525740466e+00 1.737617602691580998e-02
6.964824120603016127e+02 1.860607067863195407e+00 1.737763706980922918e-02
7.015075376884421985e+02 1.860625980983684480e+00 1.737901598562983929e-02
7.065326633165830117e+02 1.860644496167828787e+00 1.738031667397559737e-02
7.115577889447235975e+02 1.860662624319717073e+00 1.738154283585011464e-02
7.165829145728644107e+02 1.860680375981350387e+00 1.738269798479591399e-02
7.216080402010049966e+02 1.860697761346474799e+00 1.738378545732628330e-02
7.266331658291458098e+02 1.860714790273837904e+00 1.738480842272213320e-02
7.316582914572863956e+02 1.860731472299887557e+00 1.738576989223447611e-02
7.366834170854272088e+02 1.860747816650937692e+00 1.738667272772009831e-02
7.417085427135677946e+02 1.860763832254831884e+00 1.738751964982715448e-02
7.467336683417086078e+02 1.860779527752114193e+00 1.738831324555355565e-02
7.517587939698491937e+02 1.860794911506741700e+00 1.738905597551802101e-02
7.567839195979900069e+02 1.860809991616349635e+00 1.738975018067690642e-02
7.618090452261307064e+02 1.860824775922095053e+00 1.739039808874339246e-02
7.668341708542714059e+02 1.860839272018092405e+00 1.739100182010577117e-02
7.718592964824121054e+02 1.860853487260462957e+00 1.739156339358413281e-02
7.768844221105528050e+02 1.860867428776014298e+00 1.739208473167518781e-02
7.819095477386935045e+02 1.860881103470563236e+00 1.739256766557960993e-02
7.869346733668342040e+02 1.860894518036922740e+00 1.739301393998710088e-02
7.919597989949749035e+02 1.860907678962563372e+00 1.739342521747929207e-02
7.969849246231156030e+02 1.860920592536965179e+00 1.739380308278086484e-02
8.020100502512563025e+02 1.860933264858674496e+00 1.739414904670620599e-02
8.070351758793970021e+02 1.860945701842077638e+00 1.739446454993602564e-02
8.120603015075377016e+02 1.860957909223902362e+00 1.739475096656697278e-02
8.170854271356784011e+02 1.860969892569461326e+00 1.739500960740901839e-02
8.221105527638192143e+02 1.860981657278649060e+00 1.739524172321603099e-02
8.271356783919598001e+02 1.860993208591700254e+00 1.739544850763925787e-02
8.321608040201006133e+02 1.861004551594721779e+00 1.739563110005072286e-02
8.371859296482411992e+02 1.861015691225007762e+00 1.739579058825594868e-02
8.422110552763820124e+02 1.861026632276147952e+00 1.739592801096219443e-02
8.472361809045225982e+02 1.861037379402936898e+00 1.739604436023214212e-02
8.522613065326634114e+02 1.861047937126091290e+00 1.739614058373813166e-02
8.572864321608039972e+02 1.861058309836788327e+00 1.739621758688094863e-02
8.623115577889448105e+02 1.861068501801027786e+00 1.739627623484983274e-02
8.673366834170853963e+02 1.861078517163826440e+00 1.739631735453455244e-02
8.723618090452262095e+02 1.861088359953255056e+00 1.739634173636619985e-02
8.773869346733667953e+02 1.861098034084320174e+00 1.739635013604215810e-02
8.824120603015076085e+02 1.861107543362700012e+00 1.739634327615446202e-02
8.874371859296483080e+02 1.861116891488339142e+00 1.739632184775995183e-02
8.924623115577890076e+02 1.861126082058910169e+00 1.739628651186038086e-02
8.974874371859297071e+02 1.861135118573143066e+00 1.739623790079889917e-02
9.025125628140704066e+02 1.861144004434034827e+00 1.739617661957942180e-02
9.075376884422111061e+02 1.861152742951937444e+00 1.739610324714076575e-02
9.125628140703518056e+02 1.861161337347531974e+00 1.739601833756014571e-02
9.175879396984925052e+02 1.861169790754696685e+00 1.739592242118605595e-02
9.226130653266332047e+02 1.861178106223266626e+00 1.739581600571331668e-02
9.276381909547739042e+02 1.861186286721694838e+00 1.739569957722589960e-02
9.326633165829146037e+02 1.861194335139617406e+00 1.739557360117558599e-02
9.376884422110553032e+02 1.861202254290325486e+00 1.739543852329659968e-02
9.427135678391960028e+02 1.861210046913147842e+00 1.739529477050077641e-02
9.477386934673367023e+02 1.861217715675750117e+00 1.739514275171511956e-02
9.527638190954774018e+02 1.861225263176350175e+00 1.739498285868724264e-02
9.577889447236181013e+02 1.861232691945856832e+00 1.739481546674594842e-02
9.628140703517588008e+02 1.861240004449931318e+00 1.739464093551697926e-02
9.678391959798995003e+02 1.861247203090978797e+00 1.739445960963225193e-02
9.728643216080401999e+02 1.861254290210066165e+00 1.739427181936875275e-02
9.778894472361808994e+02 1.861261268088778786e+00 1.739407788127456805e-02
9.829145728643217126e+02 1.861268138951006623e+00 1.739387809878841645e-02
9.879396984924624121e+02 1.861274904964673960e+00 1.739367276278252009e-02
9.929648241206031116e+02 1.861281568243405848e+00 1.739346215213092781e-02
9.979899497487438111e+02 1.861288130848140154e+00 1.739324653418838559e-02
1.003015075376884511e+03 1.861294594788683421e+00 1.739302616532664367e-02
1.008040201005025210e+03 1.861300962025213446e+00 1.739280129136214909e-02
1.013065326633165910e+03 1.861307234469732563e+00 1.739257214804755883e-02
1.018090452261306609e+03 1.861313413987470744e+00 1.739233896145468347e-02
1.023115577889447309e+03 1.861319502398242287e+00 1.739210194844038881e-02
1.028140703517588008e+03 1.861325501477756772e+00 1.739186131695288559e-02
1.033165829145728821e+03 1.861331412958888043e+00 1.739161726649117445e-02
1.038190954773869407e+03 1.861337238532898564e+00 1.739136998841130793e-02
1.043216080402009993e+03 1.861342979850625357e+00 1.739111966625812855e-02
1.048241206030150806e+03 1.861348638523626864e+00 1.739086647612894318e-02
1.053266331658291620e+03 1.861354216125292504e+00 1.739061058695416662e-02
1.058291457286432205e+03 1.861359714191913817e+00 1.739035216079076393e-02
1.063316582914572791e+03 1.861365134223725182e+00 1.739009135312841181e-02
1.068341708542713604e+03 1.861370477685906799e+00 1.738982831312546259e-02
1.073366834170854418e+03 1.861375746009559018e+00 1.738956318390872530e-02
1.078391959798995003e+03 1.861380940592641586e+00 1.738929610277750379e-02
1.083417085427135589e+03 1.861386062800887808e+00 1.738902720147784617e-02
1.088442211055276402e+03 1.861391113968684285e+00 1.738875660640656906e-02
1.093467336683417216e+03 1.861396095399928008e+00 1.738848443882805295e-02
1.098492462311557802e+03 1.861401008368852805e+00 1.738821081509106178e-02
1.103517587939698387e+03 1.861405854120831815e+00 1.738793584681360208e-02
1.108542713567839201e+03 1.861410633873154641e+00 1.738765964108697840e-02
1.113567839195980014e+03 1.861415348815778970e+00 1.738738230066068716e-02
1.118592964824120827e+03 1.861420000112061546e+00 1.738710392406983898e-02
1.123618090452261413e+03 1.861424588899464716e+00 1.738682460588392847e-02
1.128643216080401999e+03 1.861429116290240993e+00 1.738654443678956663e-02
1.133668341708542812e+03 1.861433583372098299e+00 1.738626350377541971e-02
1.138693467336683625e+03 1.861437991208843901e+00 1.738598189029795862e-02
1.143718592964824211e+03 1.861442340841008791e+00 1.738569967635785959e-02
1.148743718592964797e+03 1.861446633286454322e+00 1.738541693872962604e-02
1.153768844221105610e+03 1.861450869540958841e+00 1.738513375098691555e-02
1.158793969849246423e+03 1.861455050578788128e+00 1.738485018371303467e-02
1.163819095477387009e+03 1.861459177353248506e+00 1.738456630455818830e-02
1.168844221105527595e+03 1.861463250797223079e+00 1.738428217839252041e-02
1.173869346733668408e+03 1.861467271823692426e+00 1.738399786740171121e-02
1.178894472361809221e+03 1.861471241326240644e+00 1.738371343115700102e-02
1.183919597989949807e+03 1.861475160179544952e+00 1.738342892679382162e-02
1.188944723618090393e+03 1.861479029239852645e+00 1.738314440902436267e-02
1.193969849246231206e+03 1.861482849345442947e+00 1.738285993027789689e-02
1.198994974874372019e+03 1.861486621317075985e+00 1.738257554078360620e-02
1.204020100502512605e+03 1.861490345958428660e+00 1.738229128865345988e-02
1.209045226130653191e+03 1.861494024056518759e+00 1.738200721993949510e-02
1.214070351758794004e+03 1.861497656382115062e+00 1.738172337874863485e-02
1.219095477386934817e+03 1.861501243690137697e+00 1.738143980729999621e-02
1.224120603015075403e+03 1.861504786720046045e+00 1.738115654599501139e-02
1.229145728643215989e+03 1.861508286196216000e+00 1.738087363349389777e-02
1.234170854271356802e+03 1.861511742828306337e+00 1.738059110677302524e-02
1.239195979899497615e+03 1.861515157311614876e+00 1.738030900118863256e-02
1.244221105527638429e+03 1.861518530327424870e+00 1.738002735056612055e-02
1.249246231155779014e+03 1.861521862543341621e+00 1.737974618721270167e-02
1.254271356783919600e+03 1.861525154613619559e+00 1.737946554201947810e-02
1.259296482412060413e+03 1.861528407179480427e+00 1.737918544446769367e-02
1.264321608040201227e+03 1.861531620869422810e+00 1.737890592273083970e-02
1.269346733668341813e+03 1.861534796299522343e+00 1.737862700369370225e-02
1.274371859296482398e+03 1.861537934073725475e+00 1.737834871300334913e-02
1.279396984924623212e+03 1.861541034784133686e+00 1.737807107513930985e-02
1.284422110552764025e+03 1.861544099011279485e+00 1.737779411341984839e-02
1.289447236180904611e+03 1.861547127324397310e+00 1.737751785007854086e-02
1.294472361809045196e+03 1.861550120281684650e+00 1.737724230627055166e-02
1.299497487437186010e+03 1.861553078430557839e+00 1.737696750217478797e-02
1.304522613065326823e+03 1.861556002307899638e+00 1.737669345696184892e-02
1.309547738693467409e+03 1.861558892440301483e+00 1.737642018885783221e-02
1.314572864321607994e+03 1.861561749344298189e+00 1.737614771520176737e-02
1.319597989949748808e+03 1.861564573526597544e+00 1.737587605243913480e-02
1.324623115577889621e+03 1.861567365484303460e+00 1.737560521619847115e-02
1.329648241206030207e+03 1.861570125705131584e+00 1.737533522128490923e-02
1.334673366834170793e+03 1.861572854667622678e+00 1.737506608173121359e-02
1.339698492462311606e+03 1.861575552841346903e+00 1.737479781081690405e-02
1.344723618090452419e+03 1.861578220687106100e+00 1.737453042111289370e-02
1.349748743718593005e+03 1.861580858657126525e+00 1.737426392448145410e-02
1.354773869346733591e+03 1.861583467195252473e+00 1.737399833213364511e-02
1.359798994974874404e+03 1.861586046737128575e+00 1.737373365462287905e-02
1.364824120603015217e+03 1.861588597710382542e+00 1.737346990189598747e-02
1.369849246231156030e+03 1.861591120534800137e+00 1.737320708330595403e-02
1.374874371859296616e+03 1.861593615622497921e+00 1.737294520763102423e-02
1.379899497487437202e+03 1.861596083378088462e+00 1.737268428308744173e-02
1.384924623115578015e+03 1.861598524198845528e+00 1.737242431738054288e-02
1.389949748743718828e+03 1.861600938474861078e+00 1.737216531769830360e-02
1.394974874371859414e+03 1.861603326589201801e+00 1.737190729073687101e-02
1.400000000000000000e+03 1.861605688918058998e+00 1.737165024271329281e-02
