4.000000000000000000e+02 1.855307164029941447e+00 1.548037884077155084e-02
4.050251256281406995e+02 1.855384216701905675e+00 1.550847610063396317e-02
4.100502512562813990e+02 1.855458852308988327e+00 1.553478410425885269e-02
4.150753768844220986e+02 1.855531153898659857e+00 1.555942493171019909e-02
4.201005025125627981e+02 1.855601202517519477e+00 1.558251165980809733e-02
4.251256281407034976e+02 1.855669077079560525e+00 1.560414905904533751e-02
4.301507537688441971e+02 1.855734854271373857e+00 1.562443423686554062e-02
4.351758793969848966e+02 1.855798608488359314e+00 1.564345723074159894e-02
4.402010050251256530e+02 1.855860411796868004e+00 1.566130155484601535e-02
4.452261306532663525e+02 1.855920333917907339e+00 1.567804470343539536e-02
4.502512562814070520e+02 1.855978442228681580e+00 1.569375861446847820e-02
4.552763819095477515e+02 1.856034801778773558e+00 1.570851009622244512e-02
4.603015075376884511e+02 1.856089475318249749e+00 1.572236122004347370e-02
4.653266331658291506e+02 1.856142523335370775e+00 1.573536968162486324e-02
4.703517587939698501e+02 1.856194004101942019e+00 1.574758913354635040e-02
4.753768844221105496e+02 1.856243973724635454e+00 1.575906949120248549e-02
4.804020100502512491e+02 1.856292486200872727e+00 1.576985721438924071e-02
4.854271356783919487e+02 1.856339593478084415e+00 1.577999556640939660e-02
4.904522613065327050e+02 1.856385345515346952e+00 1.578952485264036379e-02
4.954773869346734045e+02 1.856429790346560305e+00 1.579848264014217796e-02
5.005025125628141041e+02 1.856472974144476762e+00 1.580690395994713282e-02
5.055276381909548036e+02 1.856514941284996612e+00 1.581482149335388179e-02
5.105527638190955031e+02 1.856555734411264869e+00 1.582226574364149763e-02
5.155778894472362026e+02 1.856595394497174700e+00 1.582926519430540718e-02
5.206030150753769021e+02 1.856633960909968017e+00 1.583584645496974308e-02
5.256281407035176017e+02 1.856671471471678325e+00 1.584203439600659000e-02
5.306532663316583012e+02 1.856707962519221322e+00 1.584785227269740540e-02
5.356783919597990007e+02 1.856743468962976040e+00 1.585332183990376814e-02
5.407035175879397002e+02 1.856778024343744615e+00 1.585846345790880782e-02
5.457286432160803997e+02 1.856811660888004312e+00 1.586329619022319032e-02
5.507537688442210992e+02 1.856844409561396070e+00 1.586783789399029074e-02
5.557788944723617988e+02 1.856876300120416268e+00 1.587210530353910104e-02
5.608040201005024983e+02 1.856907361162290826e+00 1.587611410770322154e-02
5.658291457286431978e+02 1.856937620173038317e+00 1.587987902133705664e-02
5.708542713567838973e+02 1.856967103573725408e+00 1.588341385159679209e-02
5.758793969849245968e+02 1.856995836764942620e+00 1.588673155923673100e-02
5.809045226130654100e+02 1.857023844169526594e+00 1.588984431544342504e-02
5.859296482412059959e+02 1.857051149273569735e+00 1.589276355460410295e-02
5.909547738693468091e+02 1.857077774665751413e+00 1.589550002309253474e-02
5.959798994974873949e+02 1.857103742075045361e+00 1.589806382467429807e-02
6.010050251256282081e+02 1.857129072406843662e+00 1.590046446259084367e-02
6.060301507537687939e+02 1.857153785777553301e+00 1.590271087862241139e-02
6.110552763819096072e+02 1.857177901547712562e+00 1.590481148946117432e-02
6.160804020100503067e+02 1.857201438353683010e+00 1.590677422045778597e-02
6.211055276381910062e+02 1.857224414137967905e+00 1.590860653699025656e-02
6.261306532663317057e+02 1.857246846178208566e+00 1.591031547371589416e-02
6.311557788944724052e+02 1.857268751114915073e+00 1.591190766174850960e-02
6.361809045226131047e+02 1.857290144977973290e+00 1.591338935395502155e-02
6.412060301507538043e+02 1.857311043211989920e+00 1.591476644857792166e-02
6.462311557788945038e+02 1.857331460700514469e+00 1.591604451119342165e-02
6.512562814070352033e+02 1.857351411789191165e+00 1.591722879522311854e-02
6.562814070351759028e+02 1.857370910307885925e+00 1.591832426102084141e-02
6.613065326633166023e+02 1.857389969591831225e+00 1.591933559375053112e-02
6.663316582914573019e+02 1.857408602501836148e+00 1.592026722002625599e-02
6.713567839195980014e+02 1.857426821443597831e+00 1.592112332345208339e-02
6.763819095477387009e+02 1.857444638386160474e+00 1.592190785919191456e-02
6.814070351758794004e+02 1.857462064879554342e+00 1.592262456752461044e-02
6.864321608040200999e+02 1.857479112071657390e+00 1.592327698656224866e-02
6.914572864321607994e+02 1.857495790724311258e+00 1.592386846412784107e-02
6.964824120603016127e+02 1.857512111228728502e+00 1.592440216887886645e-02
7.015075376884421985e+02 1.857528083620218817e+00 1.592488110072109303e-02
7.065326633165830117e+02 1.857543717592273991e+00 1.592530810057752808e-02
7.115577889447235975e+02 1.857559022510031577e+00 1.592568585948663309e-02
7.165829145728644107e+02 1.857574007423152374e+00 1.592601692721978476e-02
7.216080402010049966e+02 1.857588681078138571e+00 1.592630372026609259e-02
7.266331658291458098e+02 1.857603051930112770e+00 1.592654852938817783e-02
7.316582914572863956e+02 1.857617128154090969e+00 1.592675352669429070e-02
7.366834170854272088e+02 1.857630917655767488e+00 1.592692077224881070e-02
7.417085427135677946e+02 1.857644428081834720e+00 1.592705222036148310e-02
7.467336683417086078e+02 1.857657666829862553e+00 1.592714972537498039e-02
7.517587939698491937e+02 1.857670641057752370e+00 1.592721504719554065e-02
7.567839195979900069e+02 1.857683357692792692e+00 1.592724985646282176e-02
7.618090452261307064e+02 1.857695823440326466e+00 1.592725573943616288e-02
7.668341708542714059e+02 1.857708044792055091e+00 1.592723420250725941e-02
7.718592964824121054e+02 1.857720028033990944e+00 1.592718667659755519e-02
7.768844221105528050e+02 1.857731779254077509e+00 1.592711452109229694e-02
7.819095477386935045e+02 1.857743304349489089e+00 1.592701902778560427e-02
7.869346733668342040e+02 1.857754609033630322e+00 1.592690142436983466e-02
7.919597989949749035e+02 1.857765698842841706e+00 1.592676287788085190e-02
7.969849246231156030e+02 1.857776579142831119e+00 1.592660449786937119e-02
8.020100502512563025e+02 1.857787255134839111e+00 1.592642733942414845e-02
8.070351758793970021e+02 1.857797731861554169e+00 1.592623240599836190e-02
8.120603015075377016e+02 1.857808014212783521e+00 1.592602065208125611e-02
8.170854271356784011e+02 1.857818106930897439e+00 1.592579298575698757e-02
8.221105527638192143e+02 1.857828014616050183e+00 1.592555027106022647e-02
8.271356783919598001e+02 1.857837741731194203e+00 1.592529333024017210e-02
8.321608040201006133e+02 1.857847292606890743e+00 1.592502294589822134e-02
8.371859296482411992e+02 1.857856671445928587e+00 1.592473986297155558e-02
8.422110552763820124e+02 1.857865882327763174e+00 1.592444479068816018e-02
8.472361809045225982e+02 1.857874929212774751e+00 1.592413840429124025e-02
8.522613065326634114e+02 1.857883815946362649e+00 1.592382134679797695e-02
8.572864321608039972e+02 1.857892546262878586e+00 1.592349423059054303e-02
8.623115577889448105e+02 1.857901123789405418e+00 1.592315763891611127e-02
8.673366834170853963e+02 1.857909552049389124e+00 1.592281212735864940e-02
8.723618090452262095e+02 1.857917834466133344e+00 1.592245822517098300e-02
8.773869346733667953e+02 1.857925974366154476e+00 1.592209643658572954e-02
8.824120603015076085e+02 1.857933974982412639e+00 1.592172724204930778e-02
8.874371859296483080e+02 1.857941839457416755e+00 1.592135109933726089e-02
8.924623115577890076e+02 1.857949570846213483e+00 1.592096844468337408e-02
8.974874371859297071e+02 1.857957172119261591e+00 1.592057969383895571e-02
9.025125628140704066e+02 1.857964646165199740e+00 1.592018524300648288e-02
9.075376884422111061e+02 1.857971995793509024e+00 1.591978546981503984e-02
9.125628140703518056e+02 1.857979223737077579e+00 1.591938073420502350e-02
9.175879396984925052e+02 1.857986332654670170e+00 1.591897137924306455e-02
9.226130653266332047e+02 1.857993325133303619e+00 1.591855773195088516e-02
9.276381909547739042e+02 1.858000203690540753e+00 1.591814010406435859e-02
9.326633165829146037e+02 1.858006970776692635e+00 1.591771879271588683e-02
9.376884422110553032e+02 1.858013628776948201e+00 1.591729408116555541e-02
9.427135678391960028e+02 1.858020180013421285e+00 1.591686623942768428e-02
9.477386934673367023e+02 1.858026626747125265e+00 1.591643552488346963e-02
9.527638190954774018e+02 1.858032971179878645e+00 1.591600218287964053e-02
9.577889447236181013e+02 1.858039215456138926e+00 1.591556644729230294e-02
9.628140703517588008e+02 1.858045361664774298e+00 1.591512854102800426e-02
9.678391959798995003e+02 1.858051411840770495e+00 1.591468867655972119e-02
9.728643216080401999e+02 1.858057367966878815e+00 1.591424705639309795e-02
9.778894472361808994e+02 1.858063231975204399e+00 1.591380387351878922e-02
9.829145728643217126e+02 1.858069005748741231e+00 1.591335931185783661e-02
9.879396984924624121e+02 1.858074691122851618e+00 1.591291354665827149e-02
9.929648241206031116e+02 1.858080289886695269e+00 1.591246674490567892e-02
9.979899497487438111e+02 1.858085803784609746e+00 1.591201906569894575e-02
1.003015075376884511e+03 1.858091234517441626e+00 1.591157066058414976e-02
1.008040201005025210e+03 1.858096583743833907e+00 1.591112167391642643e-02
1.013065326633165910e+03 1.858101853081468802e+00 1.591067224316603315e-02
1.018090452261306609e+03 1.858107044108267880e+00 1.591022249925935078e-02
1.023115577889447309e+03 1.858112158363553146e+00 1.590977256682222715e-02
1.028140703517588008e+03 1.858117197349166583e+00 1.590932256450010990e-02
1.033165829145728821e+03 1.858122162530556176e+00 1.590887260522240790e-02
1.038190954773869407e+03 1.858127055337821076e+00 1.590842279643896531e-02
1.043216080402009993e+03 1.858131877166725454e+00 1.590797324034957591e-02
1.048241206030150806e+03 1.858136629379677718e+00 1.590752403419637070e-02
1.053266331658291620e+03 1.858141313306677755e+00 1.590707527042361027e-02
1.058291457286432205e+03 1.858145930246232647e+00 1.590662703690035040e-02
1.063316582914572791e+03 1.858150481466242621e+00 1.590617941715706529e-02
1.068341708542713604e+03 1.858154968204859481e+00 1.590573249051764615e-02
1.073366834170854418e+03 1.858159391671315275e+00 1.590528633235702843e-02
1.078391959798995003e+03 1.858163753046726097e+00 1.590484101420531690e-02
1.083417085427135589e+03 1.858168053484868354e+00 1.590439660395661856e-02
1.088442211055276402e+03 1.858172294112932610e+00 1.590395316600813277e-02
1.093467336683417216e+03 1.858176476032251001e+00 1.590351076143413020e-02
1.098492462311557802e+03 1.858180600319003339e+00 1.590306944811111303e-02
1.103517587939698387e+03 1.858184668024899899e+00 1.590262928086395855e-02
1.108542713567839201e+03 1.858188680177843555e+00 1.590219031160506821e-02
1.113567839195980014e+03 1.858192637782571710e+00 1.590175258944564671e-02
1.118592964824120827e+03 1.858196541821275360e+00 1.590131616083491350e-02
1.123618090452261413e+03 1.858200393254203719e+00 1.590088106966442219e-02
1.128643216080401999e+03 1.858204193020245309e+00 1.590044735737243184e-02
1.133668341708542812e+03 1.858207942037495286e+00 1.590001506308315674e-02
1.138693467336683625e+03 1.858211641203801889e+00 1.589958422366928928e-02
1.143718592964824211e+03 1.858215291397299351e+00 1.589915487385638523e-02
1.148743718592964797e+03 1.858218893476922595e+00 1.589872704634823566e-02
1.153768844221105610e+03 1.858222448282906170e+00 1.589830077186149895e-02
1.158793969849246423e+03 1.858225956637271414e+00 1.589787607927202820e-02
1.163819095477387009e+03 1.858229419344293643e+00 1.589745299563558034e-02
1.168844221105527595e+03 1.858232837190960218e+00 1.589703154631321586e-02
1.173869346733668408e+03 1.858236210947411982e+00 1.589661175499901963e-02
1.178894472361809221e+03 1.858239541367374903e+00 1.589619364385952069e-02
1.183919597989949807e+03 1.858242829188573531e+00 1.589577723353346669e-02
1.188944723618090393e+03 1.858246075133138442e+00 1.589536254322939518e-02
1.193969849246231206e+03 1.858249279907997709e+00 1.589494959078129044e-02
1.198994974874372019e+03 1.858252444205257925e+00 1.589453839272523400e-02
1.204020100502512605e+03 1.858255568702575466e+00 1.589412896432015540e-02
1.209045226130653191e+03 1.858258654063515092e+00 1.589372131963149790e-02
1.214070351758794004e+03 1.858261700937899441e+00 1.589331547159389055e-02
1.219095477386934817e+03 1.858264709962148320e+00 1.589291143201799691e-02
1.224120603015075403e+03 1.858267681759607548e+00 1.589250921167417036e-02
1.229145728643215989e+03 1.858270616940870257e+00 1.589210882034821151e-02
1.234170854271356802e+03 1.858273516104086198e+00 1.589171026682725807e-02
1.239195979899497615e+03 1.858276379835265280e+00 1.589131355901840861e-02
1.244221105527638429e+03 1.858279208708571550e+00 1.589091870393462974e-02
1.249246231155779014e+03 1.858282003286606754e+00 1.589052570775054476e-02
1.254271356783919600e+03 1.858284764120690324e+00 1.589013457586518907e-02
1.259296482412060413e+03 1.858287491751127840e+00 1.588974531286698258e-02
1.264321608040201227e+03 1.858290186707472369e+00 1.588935792265239177e-02
1.269346733668341813e+03 1.858292849508782485e+00 1.588897240841188885e-02
1.274371859296482398e+03 1.858295480663867183e+00 1.588858877265779401e-02
1.279396984924623212e+03 1.858298080671529462e+00 1.588820701728708290e-02
1.284422110552764025e+03 1.858300650020799694e+00 1.588782714357432971e-02
1.289447236180904611e+03 1.858303189191164551e+00 1.588744915221355219e-02
1.294472361809045196e+03 1.858305698652789051e+00 1.588707304336705456e-02
1.299497487437186010e+03 1.858308178866732829e+00 1.588669881664441647e-02
1.304522613065326823e+03 1.858310630285159970e+00 1.588632647116530738e-02
1.309547738693467409e+03 1.858313053351544397e+00 1.588595600557341295e-02
1.314572864321607994e+03 1.858315448500868605e+00 1.588558741805734531e-02
1.319597989949748808e+03 1.858317816159818170e+00 1.588522070635759592e-02
1.324623115577889621e+03 1.858320156746969820e+00 1.588485586781538186e-02
1.329648241206030207e+03 1.858322470672975957e+00 1.588449289936564451e-02
1.334673366834170793e+03 1.858324758340743177e+00 1.588413179757193483e-02
1.339698492462311606e+03 1.858327020145607245e+00 1.588377255865433199e-02
1.344723618090452419e+03 1.858329256475502067e+00 1.588341517846146925e-02
1.349748743718593005e+03 1.858331467711125340e+00 1.588305965256133975e-02
1.354773869346733591e+03 1.858333654226099751e+00 1.588270597617838162e-02
1.359798994974874404e+03 1.858335816387130190e+00 1.588235414426333869e-02
1.364824120603015217e+03 1.858337954554156068e+00 1.588200415148623840e-02
1.369849246231156030e+03 1.858340069080500312e+00 1.588165599226434507e-02
1.374874371859296616e+03 1.858342160313014579e+00 1.588130966074814340e-02
1.379899497487437202e+03 1.858344228592221592e+00 1.588096515087026109e-02
1.384924623115578015e+03 1.858346274252451691e+00 1.588062245632447175e-02
1.389949748743718828e+03 1.858348297621977618e+00 1.588028157061462109e-02
1.394974874371859414e+03 1.858350299023146190e+00 1.587994248701964789e-02
1.400000000000000000e+03 1.858352278772505084e+00 1.587960519864951500e-02
