4.000000000000000000e+02 1.853920098645929659e+00 1.490830779249763434e-02
4.050251256281406995e+02 1.853992171406813494e+00 1.493186149358379476e-02
4.100502512562813990e+02 1.854061934661175748e+00 1.495383614060448625e-02
4.150753768844220986e+02 1.854129471362321979e+00 1.497434203107811390e-02
4.201005025125627981e+02 1.854194862085291495e+00 1.499348115879140832e-02
4.251256281407034976e+02 1.854258184951766975e+00 1.501134787329342843e-02
4.301507537688441971e+02 1.854319515585040712e+00 1.502802948640668927e-02
4.351758793969848966e+02 1.854378927089888718e+00 1.504360682975853028e-02
4.402010050251256530e+02 1.854436490052953745e+00 1.505815476702130305e-02
4.452261306532663525e+02 1.854492272559892463e+00 1.507174266445922457e-02
4.502512562814070520e+02 1.854546340226111978e+00 1.508443482297813255e-02
4.552763819095477515e+02 1.854598756238391877e+00 1.509629087490677382e-02
4.603015075376884511e+02 1.854649581405115155e+00 1.510736614823815493e-02
4.653266331658291506e+02 1.854698874213183357e+00 1.511771200113410166e-02
4.703517587939698501e+02 1.854746690889990335e+00 1.512737612902024208e-02
4.753768844221105496e+02 1.854793085469103042e+00 1.513640284659117062e-02
4.804020100502512491e+02 1.854838109858506057e+00 1.514483334694960610e-02
4.854271356783919487e+02 1.854881813910469246e+00 1.515270593953558023e-02
4.904522613065327050e+02 1.854924245492252100e+00 1.516005626886775433e-02
4.954773869346734045e+02 1.854965450556998352e+00 1.516691751553762325e-02
5.005025125628141041e+02 1.855005473214296652e+00 1.517332058107637160e-02
5.055276381909548036e+02 1.855044355799973843e+00 1.517929425796071298e-02
5.105527638190955031e+02 1.855082138944780690e+00 1.518486538605322983e-02
5.155778894472362026e+02 1.855118861641692929e+00 1.519005899654551212e-02
5.206030150753769021e+02 1.855154561311619155e+00 1.519489844457359677e-02
5.256281407035176017e+02 1.855189273867349664e+00 1.519940553134280573e-02
5.306532663316583012e+02 1.855223033775629027e+00 1.520360061664455080e-02
5.356783919597990007e+02 1.855255874117266446e+00 1.520750272267471816e-02
5.407035175879397002e+02 1.855287826645229954e+00 1.521112962968484278e-02
5.457286432160803997e+02 1.855318921840694690e+00 1.521449796432284424e-02
5.507537688442210992e+02 1.855349188967034602e+00 1.521762328113250053e-02
5.557788944723617988e+02 1.855378656121762670e+00 1.522052013788668945e-02
5.608040201005024983e+02 1.855407350286444546e+00 1.522320216514088179e-02
5.658291457286431978e+02 1.855435297374609771e+00 1.522568213053682173e-02
5.708542713567838973e+02 1.855462522277705251e+00 1.522797199831957965e-02
5.758793969849245968e+02 1.855489048909134908e+00 1.523008298434151524e-02
5.809045226130654100e+02 1.855514900246436838e+00 1.523202560703927101e-02
5.859296482412059959e+02 1.855540098371654345e+00 1.523380973459461697e-02
5.909547738693468091e+02 1.855564664509956607e+00 1.523544462868946063e-02
5.959798994974873949e+02 1.855588619066570688e+00 1.523693898502066768e-02
6.010050251256282081e+02 1.855611981662083743e+00 1.523830097088264314e-02
6.060301507537687939e+02 1.855634771166178698e+00 1.523953826007148210e-02
6.110552763819096072e+02 1.855657005729862474e+00 1.524065806523799103e-02
6.160804020100503067e+02 1.855678702816245806e+00 1.524166716796760898e-02
6.211055276381910062e+02 1.855699879229939508e+00 1.524257194673205550e-02
6.261306532663317057e+02 1.855720551145119579e+00 1.524337840283397985e-02
6.311557788944724052e+02 1.855740734132320657e+00 1.524409218459547508e-02
6.361809045226131047e+02 1.855760443184014230e+00 1.524471860980686905e-02
6.412060301507538043e+02 1.855779692739023545e+00 1.524526268663323886e-02
6.462311557788945038e+02 1.855798496705827860e+00 1.524572913313126769e-02
6.512562814070352033e+02 1.855816868484806648e+00 1.524612239534620453e-02
6.562814070351759028e+02 1.855834820989472833e+00 1.524644666429289530e-02
6.613065326633166023e+02 1.855852366666738584e+00 1.524670589163624329e-02
6.663316582914573019e+02 1.855869517516262279e+00 1.524690380449034328e-02
6.713567839195980014e+02 1.855886285108917733e+00 1.524704391909228844e-02
6.763819095477387009e+02 1.855902680604424759e+00 1.524712955363058398e-02
6.814070351758794004e+02 1.855918714768185040e+00 1.524716384023091717e-02
6.864321608040200999e+02 1.855934397987356821e+00 1.524714973613090080e-02
6.914572864321607994e+02 1.855949740286206406e+00 1.524709003412598983e-02
6.964824120603016127e+02 1.855964751340767993e+00 1.524698737236859954e-02
7.015075376884421985e+02 1.855979440492850463e+00 1.524684424348564035e-02
7.065326633165830117e+02 1.855993816763414905e+00 1.524666300316886158e-02
7.115577889447235975e+02 1.856007888865358391e+00 1.524644587817372554e-02
7.165829145728644107e+02 1.856021665215729533e+00 1.524619497381532809e-02
7.216080402010049966e+02 1.856035153947402483e+00 1.524591228102789055e-02
7.266331658291458098e+02 1.856048362920237782e+00 1.524559968291583703e-02
7.316582914572863956e+02 1.856061299731750713e+00 1.524525896097203050e-02
7.366834170854272088e+02 1.856073971727313365e+00 1.524489180084727911e-02
7.417085427135677946e+02 1.856086386009912381e+00 1.524449979781736068e-02
7.467336683417086078e+02 1.856098549449479940e+00 1.524408446185340771e-02
7.517587939698491937e+02 1.856110468691823723e+00 1.524364722244902527e-02
7.567839195979900069e+02 1.856122150167168527e+00 1.524318943308073521e-02
7.618090452261307064e+02 1.856133600098334169e+00 1.524271237549144724e-02
7.668341708542714059e+02 1.856144824508561220e+00 1.524221726362246301e-02
7.718592964824121054e+02 1.856155829229003906e+00 1.524170524737636367e-02
7.768844221105528050e+02 1.856166619905904369e+00 1.524117741613087093e-02
7.819095477386935045e+02 1.856177202007465832e+00 1.524063480202577855e-02
7.869346733668342040e+02 1.856187580830435113e+00 1.524007838312504623e-02
7.919597989949749035e+02 1.856197761506408472e+00 1.523950908627944370e-02
7.969849246231156030e+02 1.856207749007876329e+00 1.523892778995936809e-02
8.020100502512563025e+02 1.856217548154016406e+00 1.523833532679569683e-02
8.070351758793970021e+02 1.856227163616246623e+00 1.523773248607650233e-02
8.120603015075377016e+02 1.856236599923550612e+00 1.523712001602482366e-02
8.170854271356784011e+02 1.856245861467583858e+00 1.523649862599601654e-02
8.221105527638192143e+02 1.856254952507572886e+00 1.523586898852189418e-02
8.271356783919598001e+02 1.856263877175013732e+00 1.523523174125998234e-02
8.321608040201006133e+02 1.856272639478183439e+00 1.523458748881151813e-02
8.371859296482411992e+02 1.856281243306465711e+00 1.523393680444466020e-02
8.422110552763820124e+02 1.856289692434508476e+00 1.523328023174480572e-02
8.472361809045225982e+02 1.856297990526210917e+00 1.523261828613373461e-02
8.522613065326634114e+02 1.856306141138556187e+00 1.523195145634508030e-02
8.572864321608039972e+02 1.856314147725289576e+00 1.523128020576866408e-02
8.623115577889448105e+02 1.856322013640454571e+00 1.523060497378761133e-02
8.673366834170853963e+02 1.856329742141789474e+00 1.522992617697708877e-02
8.723618090452262095e+02 1.856337336393990345e+00 1.522924421028857243e-02
8.773869346733667953e+02 1.856344799471850937e+00 1.522855944811029108e-02
8.824120603015076085e+02 1.856352134363278061e+00 1.522787224538613843e-02
8.874371859296483080e+02 1.856359343972192377e+00 1.522718293848683742e-02
8.924623115577890076e+02 1.856366431121319494e+00 1.522649184625621439e-02
8.974874371859297071e+02 1.856373398554872267e+00 1.522579927080972700e-02
9.025125628140704066e+02 1.856380248941133626e+00 1.522510549842063382e-02
9.075376884422111061e+02 1.856386984874942359e+00 1.522441080028233244e-02
9.125628140703518056e+02 1.856393608880082757e+00 1.522371543327814825e-02
9.175879396984925052e+02 1.856400123411587888e+00 1.522301964067104829e-02
9.226130653266332047e+02 1.856406530857956261e+00 1.522232365280807090e-02
9.276381909547739042e+02 1.856412833543286789e+00 1.522162768772280551e-02
9.326633165829146037e+02 1.856419033729333812e+00 1.522093195177446484e-02
9.376884422110553032e+02 1.856425133617488621e+00 1.522023664021416277e-02
9.427135678391960028e+02 1.856431135350686157e+00 1.521954193770026081e-02
9.477386934673367023e+02 1.856437041015247091e+00 1.521884801885759787e-02
9.527638190954774018e+02 1.856442852642647523e+00 1.521815504875662778e-02
9.577889447236181013e+02 1.856448572211228720e+00 1.521746318335617972e-02
9.628140703517588008e+02 1.856454201647844693e+00 1.521677256999011060e-02
9.678391959798995003e+02 1.856459742829451143e+00 1.521608334775194707e-02
9.728643216080401999e+02 1.856465197584637128e+00 1.521539564788691040e-02
9.778894472361808994e+02 1.856470567695103657e+00 1.521470959421324098e-02
9.829145728643217126e+02 1.856475854897091438e+00 1.521402530346337850e-02
9.879396984924624121e+02 1.856481060882753331e+00 1.521334288559601788e-02
9.929648241206031116e+02 1.856486187301486845e+00 1.521266244416666531e-02
9.979899497487438111e+02 1.856491235761213998e+00 1.521198407663260088e-02
1.003015075376884511e+03 1.856496207829619216e+00 1.521130787459953372e-02
1.008040201005025210e+03 1.856501105035346377e+00 1.521063392416322803e-02
1.013065326633165910e+03 1.856505928869151445e+00 1.520996230614902502e-02
1.018090452261306609e+03 1.856510680785018241e+00 1.520929309634415361e-02
1.023115577889447309e+03 1.856515362201236030e+00 1.520862636578118078e-02
1.028140703517588008e+03 1.856519974501439574e+00 1.520796218093397462e-02
1.033165829145728821e+03 1.856524519035616549e+00 1.520730060395750552e-02
1.038190954773869407e+03 1.856528997121077662e+00 1.520664169286932606e-02
1.043216080402009993e+03 1.856533410043398336e+00 1.520598550178950750e-02
1.048241206030150806e+03 1.856537759057326209e+00 1.520533208109303008e-02
1.053266331658291620e+03 1.856542045387660211e+00 1.520468147758413310e-02
1.058291457286432205e+03 1.856546270230100326e+00 1.520403373472182552e-02
1.063316582914572791e+03 1.856550434752069156e+00 1.520338889269941957e-02
1.068341708542713604e+03 1.856554540093507066e+00 1.520274698867014017e-02
1.073366834170854418e+03 1.856558587367641788e+00 1.520210805687786763e-02
1.078391959798995003e+03 1.856562577661732938e+00 1.520147212877331032e-02
1.083417085427135589e+03 1.856566512037791217e+00 1.520083923315942824e-02
1.088442211055276402e+03 1.856570391533278075e+00 1.520020939634421191e-02
1.093467336683417216e+03 1.856574217161778728e+00 1.519958264222775329e-02
1.098492462311557802e+03 1.856577989913656745e+00 1.519895899243318624e-02
1.103517587939698387e+03 1.856581710756686876e+00 1.519833846643035835e-02
1.108542713567839201e+03 1.856585380636668337e+00 1.519772108161570288e-02
1.113567839195980014e+03 1.856589000478018558e+00 1.519710685343596962e-02
1.118592964824120827e+03 1.856592571184348506e+00 1.519649579545355629e-02
1.123618090452261413e+03 1.856596093639019562e+00 1.519588791949222015e-02
1.128643216080401999e+03 1.856599568705684655e+00 1.519528323568053452e-02
1.133668341708542812e+03 1.856602997228810281e+00 1.519468175250998990e-02
1.138693467336683625e+03 1.856606380034186099e+00 1.519408347700270355e-02
1.143718592964824211e+03 1.856609717929414538e+00 1.519348841470381448e-02
1.148743718592964797e+03 1.856613011704389082e+00 1.519289656979809326e-02
1.153768844221105610e+03 1.856616262131756345e+00 1.519230794516082499e-02
1.158793969849246423e+03 1.856619469967363933e+00 1.519172254243062944e-02
1.163819095477387009e+03 1.856622635950696987e+00 1.519114036206037355e-02
1.168844221105527595e+03 1.856625760805298064e+00 1.519056140341926847e-02
1.173869346733668408e+03 1.856628845239178593e+00 1.518998566477072765e-02
1.178894472361809221e+03 1.856631889945214553e+00 1.518941314341835241e-02
1.183919597989949807e+03 1.856634895601531943e+00 1.518884383569844496e-02
1.188944723618090393e+03 1.856637862871882705e+00 1.518827773704561207e-02
1.193969849246231206e+03 1.856640792406005103e+00 1.518771484202186169e-02
1.198994974874372019e+03 1.856643684839978548e+00 1.518715514442608994e-02
1.204020100502512605e+03 1.856646540796563771e+00 1.518659863724278886e-02
1.209045226130653191e+03 1.856649360885537448e+00 1.518604531278081558e-02
1.214070351758794004e+03 1.856652145704012380e+00 1.518549516261478993e-02
1.219095477386934817e+03 1.856654895836753250e+00 1.518494817771659337e-02
1.224120603015075403e+03 1.856657611856479484e+00 1.518440434843332937e-02
1.229145728643215989e+03 1.856660294324161020e+00 1.518386366451649101e-02
1.234170854271356802e+03 1.856662943789306963e+00 1.518332611520961661e-02
1.239195979899497615e+03 1.856665560790243363e+00 1.518279168922628125e-02
1.244221105527638429e+03 1.856668145854384999e+00 1.518226037478659536e-02
1.249246231155779014e+03 1.856670699498499388e+00 1.518173215967563716e-02
1.254271356783919600e+03 1.856673222228962361e+00 1.518120703125072635e-02
1.259296482412060413e+03 1.856675714542008304e+00 1.518068497646330069e-02
1.264321608040201227e+03 1.856678176923971080e+00 1.518016598190276983e-02
1.269346733668341813e+03 1.856680609851520725e+00 1.517965003378184130e-02
1.274371859296482398e+03 1.856683013791891934e+00 1.517913711800962517e-02
1.279396984924623212e+03 1.856685389203106773e+00 1.517862722016967772e-02
1.284422110552764025e+03 1.856687736534191391e+00 1.517812032558579424e-02
1.289447236180904611e+03 1.856690056225386964e+00 1.517761641928543070e-02
1.294472361809045196e+03 1.856692348708354201e+00 1.517711548606551046e-02
1.299497487437186010e+03 1.856694614406373400e+00 1.517661751048510893e-02
1.304522613065326823e+03 1.856696853734538966e+00 1.517612247690933343e-02
1.309547738693467409e+03 1.856699067099946587e+00 1.517563036947274131e-02
1.314572864321607994e+03 1.856701254901878428e+00 1.517514117215981381e-02
1.319597989949748808e+03 1.856703417531982980e+00 1.517465486876837938e-02
1.324623115577889621e+03 1.856705555374446037e+00 1.517417144296814499e-02
1.329648241206030207e+03 1.856707668806164557e+00 1.517369087826412472e-02
1.334673366834170793e+03 1.856709758196907423e+00 1.517321315804786436e-02
1.339698492462311606e+03 1.856711823909479975e+00 1.517273826561208773e-02
1.344723618090452419e+03 1.856713866299877669e+00 1.517226618412144228e-02
1.349748743718593005e+03 1.856715885717441061e+00 1.517179689667105293e-02
1.354773869346733591e+03 1.856717882505001693e+00 1.517133038625726772e-02
1.359798994974874404e+03 1.856719856999029528e+00 1.517086663583622728e-02
1.364824120603015217e+03 1.856721809529771949e+00 1.517040562827264884e-02
1.369849246231156030e+03 1.856723740421391655e+00 1.516994734639108382e-02
1.374874371859296616e+03 1.856725649992100546e+00 1.516949177299789335e-02
1.379899497487437202e+03 1.856727538554290291e+00 1.516903889083004615e-02
1.384924623115578015e+03 1.856729406414658667e+00 1.516858868262100854e-02
1.389949748743718828e+03 1.856731253874335019e+00 1.516814113107882271e-02
1.394974874371859414e+03 1.856733081228998827e+00 1.516769621889344465e-02
1.400000000000000000e+03 1.856734888768999170e+00 1.516725392877337451e-02
