4.000000000000000000e+02 1.849596882284240573e+00 1.491939020810671875e-02
4.050251256281406995e+02 1.849659877770849725e+00 1.492066533363648091e-02
4.100502512562813990e+02 1.849720596243609183e+00 1.492112602300490337e-02
4.150753768844220986e+02 1.849779136850552952e+00 1.492084825375214648e-02
4.201005025125627981e+02 1.849835594198619759e+00 1.491990130295781959e-02
4.251256281407034976e+02 1.849890058516207914e+00 1.491834835932938017e-02
4.301507537688441971e+02 1.849942615820828751e+00 1.491624707708026978e-02
4.351758793969848966e+02 1.849993348089232326e+00 1.491365007742940715e-02
4.402010050251256530e+02 1.850042333427892149e+00 1.491060540266392689e-02
4.452261306532663525e+02 1.850089646242180530e+00 1.490715692740606987e-02
4.502512562814070520e+02 1.850135357402932890e+00 1.490334473124576772e-02
4.552763819095477515e+02 1.850179534409393645e+00 1.489920543648891663e-02
4.603015075376884511e+02 1.850222241547782476e+00 1.489477251431765327e-02
4.653266331658291506e+02 1.850263540044925881e+00 1.489007656262066048e-02
4.703517587939698501e+02 1.850303488216561210e+00 1.488514555802221938e-02
4.753768844221105496e+02 1.850342141610054281e+00 1.488000508472760337e-02
4.804020100502512491e+02 1.850379553141376920e+00 1.487467854241094310e-02
4.854271356783919487e+02 1.850415773226289584e+00 1.486918733505602358e-02
4.904522613065327050e+02 1.850450849905723061e+00 1.486355104278519294e-02
4.954773869346734045e+02 1.850484828965429873e+00 1.485778757798402079e-02
5.005025125628141041e+02 1.850517754050000407e+00 1.485191332753839528e-02
5.055276381909548036e+02 1.850549666771384549e+00 1.484594328230450996e-02
5.105527638190955031e+02 1.850580606812073370e+00 1.483989115503043209e-02
5.155778894472362026e+02 1.850610612023120494e+00 1.483376948789238113e-02
5.206030150753769021e+02 1.850639718517192556e+00 1.482758975050112865e-02
5.256281407035176017e+02 1.850667960756843478e+00 1.482136242939907991e-02
5.306532663316583012e+02 1.850695371638214848e+00 1.481509710969664863e-02
5.356783919597990007e+02 1.850721982570364021e+00 1.480880254971678536e-02
5.407035175879397002e+02 1.850747823550422000e+00 1.480248674907889625e-02
5.457286432160803997e+02 1.850772923234778489e+00 1.479615701108543020e-02
5.507537688442210992e+02 1.850797309006489311e+00 1.478981999969556510e-02
5.557788944723617988e+02 1.850821007039094912e+00 1.478348179168364855e-02
5.608040201005024983e+02 1.850844042357034480e+00 1.477714792443684047e-02
5.658291457286431978e+02 1.850866438892830423e+00 1.477082343966542102e-02
5.708542713567838973e+02 1.850888219541213964e+00 1.476451292352406498e-02
5.758793969849245968e+02 1.850909406210358599e+00 1.475822054339441004e-02
5.809045226130654100e+02 1.850930019870369758e+00 1.475195008155639510e-02
5.859296482412059959e+02 1.850950080599186087e+00 1.474570496616393542e-02
5.909547738693468091e+02 1.850969607626031133e+00 1.473948829966244788e-02
5.959798994974873949e+02 1.850988619372549104e+00 1.473330288484589988e-02
6.010050251256282081e+02 1.851007133491755940e+00 1.472715124886434315e-02
6.060301507537687939e+02 1.851025166904921582e+00 1.472103566524463059e-02
6.110552763819096072e+02 1.851042735836503805e+00 1.471495817413034923e-02
6.160804020100503067e+02 1.851059855847237534e+00 1.470892060097003275e-02
6.211055276381910062e+02 1.851076541865486202e+00 1.470292457361905072e-02
6.261306532663317057e+02 1.851092808216948882e+00 1.469697153814516176e-02
6.311557788944724052e+02 1.851108668652817091e+00 1.469106277337157984e-02
6.361809045226131047e+02 1.851124136376466778e+00 1.468519940426710364e-02
6.412060301507538043e+02 1.851139224068766964e+00 1.467938241425530664e-02
6.462311557788945038e+02 1.851153943912083655e+00 1.467361265664365172e-02
6.512562814070352033e+02 1.851168307613048514e+00 1.466789086503339501e-02
6.562814070351759028e+02 1.851182326424164470e+00 1.466221766307801606e-02
6.613065326633166023e+02 1.851196011164309541e+00 1.465659357329252704e-02
6.663316582914573019e+02 1.851209372238201700e+00 1.465101902540315998e-02
6.713567839195980014e+02 1.851222419654881879e+00 1.464549436384908650e-02
6.763819095477387009e+02 1.851235163045266363e+00 1.464001985483542184e-02
6.814070351758794004e+02 1.851247611678825677e+00 1.463459569278412718e-02
6.864321608040200999e+02 1.851259774479429909e+00 1.462922200634775120e-02
6.914572864321607994e+02 1.851271660040411993e+00 1.462389886389340969e-02
6.964824120603016127e+02 1.851283276638888919e+00 1.461862627860708967e-02
7.015075376884421985e+02 1.851294632249380845e+00 1.461340421323216975e-02
7.065326633165830117e+02 1.851305734556765614e+00 1.460823258440286515e-02
7.115577889447235975e+02 1.851316590968606013e+00 1.460311126665488589e-02
7.165829145728644107e+02 1.851327208626882381e+00 1.459804009617305526e-02
7.216080402010049966e+02 1.851337594419161237e+00 1.459301887421406499e-02
7.266331658291458098e+02 1.851347754989231209e+00 1.458804737026421321e-02
7.316582914572863956e+02 1.851357696747232717e+00 1.458312532501497560e-02
7.366834170854272088e+02 1.851367425879312245e+00 1.457825245304149309e-02
7.417085427135677946e+02 1.851376948356818319e+00 1.457342844531258133e-02
7.467336683417086078e+02 1.851386269945071827e+00 1.456865297153928963e-02
7.517587939698491937e+02 1.851395396211726441e+00 1.456392568228519549e-02
7.567839195979900069e+02 1.851404332534742236e+00 1.455924621095213735e-02
7.618090452261307064e+02 1.851413084109994722e+00 1.455461417562565508e-02
7.668341708542714059e+02 1.851421655958532808e+00 1.455002918074916989e-02
7.718592964824121054e+02 1.851430052933509263e+00 1.454549081867983346e-02
7.768844221105528050e+02 1.851438279726795644e+00 1.454099867114853895e-02
7.819095477386935045e+02 1.851446340875301022e+00 1.453655231058560357e-02
7.869346733668342040e+02 1.851454240767005821e+00 1.453215130131938100e-02
7.919597989949749035e+02 1.851461983646729648e+00 1.452779520074675215e-02
7.969849246231156030e+02 1.851469573621641551e+00 1.452348356037601318e-02
8.020100502512563025e+02 1.851477014666528698e+00 1.451921592675707237e-02
8.070351758793970021e+02 1.851484310628833452e+00 1.451499184239811446e-02
8.120603015075377016e+02 1.851491465233471745e+00 1.451081084657681458e-02
8.170854271356784011e+02 1.851498482087442499e+00 1.450667247609175453e-02
8.221105527638192143e+02 1.851505364684237653e+00 1.450257626596150942e-02
8.271356783919598001e+02 1.851512116408064568e+00 1.449852175002533904e-02
8.321608040201006133e+02 1.851518740537886121e+00 1.449450846158308916e-02
8.371859296482411992e+02 1.851525240251292503e+00 1.449053593388281713e-02
8.422110552763820124e+02 1.851531618628206255e+00 1.448660370064740362e-02
8.472361809045225982e+02 1.851537878654434977e+00 1.448271129650986755e-02
8.522613065326634114e+02 1.851544023225072833e+00 1.447885825741088497e-02
8.572864321608039972e+02 1.851550055147764162e+00 1.447504412099672594e-02
8.623115577889448105e+02 1.851555977145829424e+00 1.447126842697159591e-02
8.673366834170853963e+02 1.851561791861262574e+00 1.446753071735822418e-02
8.723618090452262095e+02 1.851567501857609432e+00 1.446383053685071710e-02
8.773869346733667953e+02 1.851573109622725699e+00 1.446016743299881682e-02
8.824120603015076085e+02 1.851578617571424612e+00 1.445654095653042467e-02
8.874371859296483080e+02 1.851584028048017139e+00 1.445295066146693591e-02
8.924623115577890076e+02 1.851589343328752690e+00 1.444939610537680427e-02
8.974874371859297071e+02 1.851594565624160804e+00 1.444587684952930093e-02
9.025125628140704066e+02 1.851599697081300899e+00 1.444239245904054697e-02
9.075376884422111061e+02 1.851604739785922327e+00 1.443894250300409125e-02
9.125628140703518056e+02 1.851609695764542263e+00 1.443552655462912448e-02
9.175879396984925052e+02 1.851614566986438337e+00 1.443214419132474516e-02
9.226130653266332047e+02 1.851619355365569319e+00 1.442879499480716372e-02
9.276381909547739042e+02 1.851624062762417422e+00 1.442547855117600440e-02
9.326633165829146037e+02 1.851628690985761105e+00 1.442219445098273482e-02
9.376884422110553032e+02 1.851633241794380824e+00 1.441894228927583649e-02
9.427135678391960028e+02 1.851637716898700381e+00 1.441572166569196276e-02
9.477386934673367023e+02 1.851642117962362999e+00 1.441253218441601765e-02
9.527638190954774018e+02 1.851646446603752993e+00 1.440937345431041357e-02
9.577889447236181013e+02 1.851650704397455938e+00 1.440624508885159256e-02
9.628140703517588008e+02 1.851654892875667535e+00 1.440314670619724513e-02
9.678391959798995003e+02 1.851659013529548536e+00 1.440007792919938828e-02
9.728643216080401999e+02 1.851663067810530139e+00 1.439703838536325435e-02
9.778894472361808994e+02 1.851667057131572314e+00 1.439402770689070590e-02
9.829145728643217126e+02 1.851670982868374171e+00 1.439104553066177308e-02
9.879396984924624121e+02 1.851674846360543025e+00 1.438809149820047782e-02
9.929648241206031116e+02 1.851678648912719050e+00 1.438516525570987005e-02
9.979899497487438111e+02 1.851682391795659077e+00 1.438226645399107509e-02
1.003015075376884511e+03 1.851686076247284873e+00 1.437939474846240337e-02
1.008040201005025210e+03 1.851689703473690107e+00 1.437654979913964570e-02
1.013065326633165910e+03 1.851693274650113574e+00 1.437373127056980684e-02
1.018090452261306609e+03 1.851696790921878000e+00 1.437093883182633154e-02
1.023115577889447309e+03 1.851700253405296426e+00 1.436817215647324605e-02
1.028140703517588008e+03 1.851703663188544402e+00 1.436543092252129915e-02
1.033165829145728821e+03 1.851707021332505088e+00 1.436271481240708296e-02
1.038190954773869407e+03 1.851710328871582156e+00 1.436002351292552104e-02
1.043216080402009993e+03 1.851713586814487611e+00 1.435735671520851388e-02
1.048241206030150806e+03 1.851716796144999178e+00 1.435471411468016746e-02
1.053266331658291620e+03 1.851719957822695717e+00 1.435209541101180493e-02
1.058291457286432205e+03 1.851723072783663770e+00 1.434950030807674581e-02
1.063316582914572791e+03 1.851726141941182568e+00 1.434692851391261396e-02
1.068341708542713604e+03 1.851729166186385500e+00 1.434437974063700570e-02
1.073366834170854418e+03 1.851732146388899825e+00 1.434185370446353254e-02
1.078391959798995003e+03 1.851735083397463288e+00 1.433935012559385894e-02
1.083417085427135589e+03 1.851737978040522092e+00 1.433686872821787923e-02
1.088442211055276402e+03 1.851740831126808651e+00 1.433440924042854968e-02
1.093467336683417216e+03 1.851743643445899812e+00 1.433197139418298030e-02
1.098492462311557802e+03 1.851746415768757537e+00 1.432955492527107806e-02
1.103517587939698387e+03 1.851749148848250259e+00 1.432715957324528534e-02
1.108542713567839201e+03 1.851751843419660259e+00 1.432478508137336945e-02
1.113567839195980014e+03 1.851754500201171494e+00 1.432243119659102129e-02
1.118592964824120827e+03 1.851757119894344106e+00 1.432009766946980463e-02
1.123618090452261413e+03 1.851759703184572281e+00 1.431778425413841350e-02
1.128643216080401999e+03 1.851762250741527893e+00 1.431549070824251688e-02
1.133668341708542812e+03 1.851764763219590160e+00 1.431321679291995726e-02
1.138693467336683625e+03 1.851767241258262198e+00 1.431096227272150856e-02
1.143718592964824211e+03 1.851769685482573369e+00 1.430872691557025060e-02
1.148743718592964797e+03 1.851772096503469855e+00 1.430651049271302461e-02
1.153768844221105610e+03 1.851774474918192359e+00 1.430431277868727570e-02
1.158793969849246423e+03 1.851776821310642918e+00 1.430213355125670160e-02
1.163819095477387009e+03 1.851779136251739954e+00 1.429997259136227793e-02
1.168844221105527595e+03 1.851781420299762226e+00 1.429782968309643680e-02
1.173869346733668408e+03 1.851783674000681668e+00 1.429570461363052422e-02
1.178894472361809221e+03 1.851785897888488019e+00 1.429359717318095212e-02
1.183919597989949807e+03 1.851788092485501469e+00 1.429150715495968414e-02
1.188944723618090393e+03 1.851790258302676406e+00 1.428943435514789563e-02
1.193969849246231206e+03 1.851792395839896743e+00 1.428737857283069422e-02
1.198994974874372019e+03 1.851794505586261907e+00 1.428533960993944550e-02
1.204020100502512605e+03 1.851796588020363954e+00 1.428331727125617921e-02
1.209045226130653191e+03 1.851798643610556461e+00 1.428131136432461701e-02
1.214070351758794004e+03 1.851800672815216764e+00 1.427932169941548146e-02
1.219095477386934817e+03 1.851802676082997534e+00 1.427734808953058480e-02
1.224120603015075403e+03 1.851804653853074356e+00 1.427539035028240789e-02
1.229145728643215989e+03 1.851806606555383761e+00 1.427344829991353085e-02
1.234170854271356802e+03 1.851808534610855705e+00 1.427152175923820585e-02
1.239195979899497615e+03 1.851810438431637396e+00 1.426961055159939318e-02
1.244221105527638429e+03 1.851812318421312220e+00 1.426771450284123992e-02
1.249246231155779014e+03 1.851814174975113358e+00 1.426583344124258447e-02
1.254271356783919600e+03 1.851816008480127396e+00 1.426396719750482045e-02
1.259296482412060413e+03 1.851817819315497271e+00 1.426211560472412550e-02
1.264321608040201227e+03 1.851819607852614125e+00 1.426027849830911222e-02
1.269346733668341813e+03 1.851821374455308700e+00 1.425845571599180205e-02
1.274371859296482398e+03 1.851823119480033197e+00 1.425664709776845555e-02
1.279396984924623212e+03 1.851824843276040911e+00 1.425485248584810669e-02
1.284422110552764025e+03 1.851826546185558753e+00 1.425307172467110001e-02
1.289447236180904611e+03 1.851828228543956900e+00 1.425130466081853987e-02
1.294472361809045196e+03 1.851829890679912216e+00 1.424955114298393465e-02
1.299497487437186010e+03 1.851831532915567013e+00 1.424781102200713308e-02
1.304522613065326823e+03 1.851833155566685374e+00 1.424608415072898052e-02
1.309547738693467409e+03 1.851834758942803028e+00 1.424437038406406106e-02
1.314572864321607994e+03 1.851836343347373459e+00 1.424266957890976681e-02
1.319597989949748808e+03 1.851837909077912236e+00 1.424098159412539970e-02
1.324623115577889621e+03 1.851839456426133568e+00 1.423930629052683715e-02
1.329648241206030207e+03 1.851840985678086859e+00 1.423764353079535333e-02
1.334673366834170793e+03 1.851842497114287056e+00 1.423599317953453541e-02
1.339698492462311606e+03 1.851843991009843648e+00 1.423435510315559059e-02
1.344723618090452419e+03 1.851845467634583242e+00 1.423272916991075512e-02
1.349748743718593005e+03 1.851846927253172126e+00 1.423111524982527583e-02
1.354773869346733591e+03 1.851848370125233734e+00 1.422951321470733096e-02
1.359798994974874404e+03 1.851849796505462331e+00 1.422792293807207710e-02
1.364824120603015217e+03 1.851851206643736258e+00 1.422634429514367006e-02
1.369849246231156030e+03 1.851852600785225622e+00 1.422477716284163175e-02
1.374874371859296616e+03 1.851853979170498876e+00 1.422322141973596243e-02
1.379899497487437202e+03 1.851855342035624963e+00 1.422167694600999163e-02
1.384924623115578015e+03 1.851856689612274565e+00 1.422014362346221521e-02
1.389949748743718828e+03 1.851858022127818026e+00 1.421862133544564248e-02
1.394974874371859414e+03 1.851859339805419946e+00 1.421710996689296534e-02
1.400000000000000000e+03 1.851860642864132878e+00 1.421560940427144155e-02
