4.000000000000000000e+02 1.842377215801455304e+00 1.451067961435047703e-02
4.050251256281406995e+02 1.842452026499996842e+00 1.446941251849797119e-02
4.100502512562813990e+02 1.842523640611988922e+00 1.442799399845253079e-02
4.150753768844220986e+02 1.842592207966670337e+00 1.438654571322280432e-02
4.201005025125627981e+02 1.842657872349968251e+00 1.434517542443810266e-02
4.251256281407034976e+02 1.842720771528791657e+00 1.430397819774621541e-02
4.301507537688441971e+02 1.842781037315879944e+00 1.426303752116724402e-02
4.351758793969848966e+02 1.842838795667749441e+00 1.422242634470458414e-02
4.402010050251256530e+02 1.842894166809301515e+00 1.418220804492366198e-02
4.452261306532663525e+02 1.842947265379567323e+00 1.414243731839414861e-02
4.502512562814070520e+02 1.842998200593862546e+00 1.410316100782772926e-02
4.552763819095477515e+02 1.843047076418286245e+00 1.406441886446684573e-02
4.603015075376884511e+02 1.843093991753121719e+00 1.402624425050311846e-02
4.653266331658291506e+02 1.843139040622191693e+00 1.398866478494710866e-02
4.703517587939698501e+02 1.843182312365694742e+00 1.395170293643963576e-02
4.753768844221105496e+02 1.843223891834426809e+00 1.391537656638374733e-02
4.804020100502512491e+02 1.843263859583651687e+00 1.387969942556782806e-02
4.854271356783919487e+02 1.843302292065172043e+00 1.384468160745502482e-02
4.904522613065327050e+02 1.843339261816421049e+00 1.381032996119409099e-02
4.954773869346734045e+02 1.843374837645617159e+00 1.377664846721794734e-02
5.005025125628141041e+02 1.843409084812221765e+00 1.374363857810568731e-02
5.055276381909548036e+02 1.843442065202107516e+00 1.371129952750414598e-02
5.105527638190955031e+02 1.843473837496991674e+00 1.367962860944843539e-02
5.155778894472362026e+02 1.843504457337805880e+00 1.364862143054261512e-02
5.206030150753769021e+02 1.843533977481795816e+00 1.361827213716326930e-02
5.256281407035176017e+02 1.843562447953209116e+00 1.358857361980534903e-02
5.306532663316583012e+02 1.843589916187529987e+00 1.355951769648065450e-02
5.356783919597990007e+02 1.843616427169260330e+00 1.353109527702856321e-02
5.407035175879397002e+02 1.843642023563316634e+00 1.350329651000495290e-02
5.457286432160803997e+02 1.843666745840137011e+00 1.347611091373091506e-02
5.507537688442210992e+02 1.843690632394641371e+00 1.344952749297782628e-02
5.557788944723617988e+02 1.843713719659203054e+00 1.342353484254825424e-02
5.608040201005024983e+02 1.843736042210819326e+00 1.339812123914504646e-02
5.658291457286431978e+02 1.843757632872675911e+00 1.337327472243921185e-02
5.708542713567838973e+02 1.843778522810317400e+00 1.334898316661982734e-02
5.758793969849245968e+02 1.843798741622640680e+00 1.332523434321101520e-02
5.809045226130654100e+02 1.843818317427930786e+00 1.330201597606683189e-02
5.859296482412059959e+02 1.843837276945159198e+00 1.327931578940527019e-02
5.909547738693468091e+02 1.843855645570770418e+00 1.325712154946423992e-02
5.959798994974873949e+02 1.843873447451171321e+00 1.323542110064859431e-02
6.010050251256282081e+02 1.843890705551137321e+00 1.321420239649448783e-02
6.060301507537687939e+02 1.843907441718347417e+00 1.319345352625193001e-02
6.110552763819096072e+02 1.843923676744247953e+00 1.317316273738899923e-02
6.160804020100503067e+02 1.843939430421442704e+00 1.315331845455848352e-02
6.211055276381910062e+02 1.843954721597798052e+00 1.313390929538468116e-02
6.261306532663317057e+02 1.843969568227444400e+00 1.311492408346190235e-02
6.311557788944724052e+02 1.843983987418847725e+00 1.309635185882017210e-02
6.361809045226131047e+02 1.843997995480116003e+00 1.307818188621290290e-02
6.412060301507538043e+02 1.844011607961701049e+00 1.306040366151973997e-02
6.462311557788945038e+02 1.844024839696644325e+00 1.304300691638436878e-02
6.512562814070352033e+02 1.844037704838507263e+00 1.302598162139749320e-02
6.562814070351759028e+02 1.844050216897126449e+00 1.300931798796924749e-02
6.613065326633166023e+02 1.844062388772316652e+00 1.299300646902934800e-02
6.663316582914573019e+02 1.844074232785646972e+00 1.297703775884958589e-02
6.713567839195980014e+02 1.844085760710399535e+00 1.296140279187572852e-02
6.763819095477387009e+02 1.844096983799824008e+00 1.294609274095272038e-02
6.814070351758794004e+02 1.844107912813785166e+00 1.293109901485031341e-02
6.864321608040200999e+02 1.844118558043900791e+00 1.291641325525352997e-02
6.914572864321607994e+02 1.844128929337262468e+00 1.290202733340122324e-02
6.964824120603016127e+02 1.844139036118819241e+00 1.288793334620456921e-02
7.015075376884421985e+02 1.844148887412507820e+00 1.287412361217596390e-02
7.065326633165830117e+02 1.844158491861202842e+00 1.286059066707865087e-02
7.115577889447235975e+02 1.844167857745557138e+00 1.284732725932754248e-02
7.165829145728644107e+02 1.844176993001800824e+00 1.283432634531880487e-02
7.216080402010049966e+02 1.844185905238555634e+00 1.282158108454676052e-02
7.266331658291458098e+02 1.844194601752729756e+00 1.280908483473801318e-02
7.316582914572863956e+02 1.844203089544543817e+00 1.279683114687856990e-02
7.366834170854272088e+02 1.844211375331738623e+00 1.278481376022572169e-02
7.417085427135677946e+02 1.844219465563016636e+00 1.277302659728385588e-02
7.467336683417086078e+02 1.844227366430758241e+00 1.276146375890573753e-02
7.517587939698491937e+02 1.844235083883059678e+00 1.275011951928118649e-02
7.567839195979900069e+02 1.844242623635126588e+00 1.273898832112216328e-02
7.618090452261307064e+02 1.844249991180068049e+00 1.272806477074468236e-02
7.668341708542714059e+02 1.844257191799117290e+00 1.271734363340040926e-02
7.718592964824121054e+02 1.844264230571322383e+00 1.270681982852272206e-02
7.768844221105528050e+02 1.844271112382727118e+00 1.269648842521416132e-02
7.819095477386935045e+02 1.844277841935078932e+00 1.268634463767400605e-02
7.869346733668342040e+02 1.844284423754088076e+00 1.267638382083186542e-02
7.919597989949749035e+02 1.844290862197262459e+00 1.266660146603395230e-02
7.969849246231156030e+02 1.844297161461345036e+00 1.265699319686441025e-02
8.020100502512563025e+02 1.844303325589373710e+00 1.264755476502632883e-02
8.070351758793970021e+02 1.844309358477385752e+00 1.263828204633830020e-02
8.120603015075377016e+02 1.844315263880787814e+00 1.262917103692886255e-02
8.170854271356784011e+02 1.844321045420408200e+00 1.262021784934202681e-02
8.221105527638192143e+02 1.844326706588249376e+00 1.261141870897835617e-02
8.271356783919598001e+02 1.844332250752959590e+00 1.260276995048790170e-02
8.321608040201006133e+02 1.844337681165035381e+00 1.259426801427548925e-02
8.371859296482411992e+02 1.844343000961771839e+00 1.258590944322678096e-02
8.422110552763820124e+02 1.844348213171974615e+00 1.257769087936672602e-02
8.472361809045225982e+02 1.844353320720445222e+00 1.256960906078747470e-02
8.522613065326634114e+02 1.844358326432252504e+00 1.256166081853051647e-02
8.572864321608039972e+02 1.844363233036801608e+00 1.255384307365432252e-02
8.623115577889448105e+02 1.844368043171711324e+00 1.254615283439246450e-02
8.673366834170853963e+02 1.844372759386510463e+00 1.253858719330662452e-02
8.723618090452262095e+02 1.844377384146159926e+00 1.253114332471043021e-02
8.773869346733667953e+02 1.844381919834415129e+00 1.252381848198532224e-02
8.824120603015076085e+02 1.844386368757031658e+00 1.251660999510851267e-02
8.874371859296483080e+02 1.844390733144823713e+00 1.250951526819087806e-02
8.924623115577890076e+02 1.844395015156586437e+00 1.250253177721236987e-02
8.974874371859297071e+02 1.844399216881883685e+00 1.249565706762796428e-02
9.025125628140704066e+02 1.844403340343711450e+00 1.248888875229795144e-02
9.075376884422111061e+02 1.844407387501042495e+00 1.248222450925553367e-02
9.125628140703518056e+02 1.844411360251258625e+00 1.247566207975684717e-02
9.175879396984925052e+02 1.844415260432475945e+00 1.246919926622355387e-02
9.226130653266332047e+02 1.844419089825765523e+00 1.246283393037226316e-02
9.276381909547739042e+02 1.844422850157281690e+00 1.245656399133611252e-02
9.326633165829146037e+02 1.844426543100294857e+00 1.245038742389507729e-02
9.376884422110553032e+02 1.844430170277137515e+00 1.244430225675352206e-02
9.427135678391960028e+02 1.844433733261068742e+00 1.243830657084795191e-02
9.477386934673367023e+02 1.844437233578056778e+00 1.243239849775702212e-02
9.527638190954774018e+02 1.844440672708488549e+00 1.242657621813429529e-02
9.577889447236181013e+02 1.844444052088804797e+00 1.242083796018219298e-02
9.628140703517588008e+02 1.844447373113070832e+00 1.241518199823927679e-02
9.678391959798995003e+02 1.844450637134477322e+00 1.240960665134749341e-02
9.728643216080401999e+02 1.844453845466782704e+00 1.240411028189818306e-02
9.778894472361808994e+02 1.844456999385694740e+00 1.239869129430376526e-02
9.829145728643217126e+02 1.844460100130195901e+00 1.239334813375828938e-02
9.879396984924624121e+02 1.844463148903816130e+00 1.238807928499783932e-02
9.929648241206031116e+02 1.844466146875851198e+00 1.238288327109699459e-02
9.979899497487438111e+02 1.844469095182536433e+00 1.237775865238251519e-02
1.003015075376884511e+03 1.844471994928170044e+00 1.237270402522259657e-02
1.008040201005025210e+03 1.844474847186193589e+00 1.236771802106867608e-02
1.013065326633165910e+03 1.844477653000230033e+00 1.236279930534664104e-02
1.018090452261306609e+03 1.844480413385079842e+00 1.235794657648477297e-02
1.023115577889447309e+03 1.844483129327679549e+00 1.235315856494423672e-02
1.028140703517588008e+03 1.844485801788022794e+00 1.234843403227032371e-02
1.033165829145728821e+03 1.844488431700044062e+00 1.234377177020972750e-02
1.038190954773869407e+03 1.844491019972473111e+00 1.233917059981320258e-02
1.043216080402009993e+03 1.844493567489650987e+00 1.233462937062284465e-02
1.048241206030150806e+03 1.844496075112319389e+00 1.233014695979126399e-02
1.053266331658291620e+03 1.844498543678378732e+00 1.232572227137588954e-02
1.058291457286432205e+03 1.844500974003617788e+00 1.232135423547562648e-02
1.063316582914572791e+03 1.844503366882415785e+00 1.231704180757917794e-02
1.068341708542713604e+03 1.844505723088419868e+00 1.231278396779208507e-02
1.073366834170854418e+03 1.844508043375195472e+00 1.230857972016785075e-02
1.078391959798995003e+03 1.844510328476855143e+00 1.230442809200816764e-02
1.083417085427135589e+03 1.844512579108662065e+00 1.230032813325867246e-02
1.088442211055276402e+03 1.844514795967613363e+00 1.229627891581099725e-02
1.093467336683417216e+03 1.844516979733002326e+00 1.229227953298191699e-02
1.098492462311557802e+03 1.844519131066959083e+00 1.228832909884492765e-02
1.103517587939698387e+03 1.844521250614972629e+00 1.228442674769412470e-02
1.108542713567839201e+03 1.844523339006395979e+00 1.228057163347811079e-02
1.113567839195980014e+03 1.844525396854929555e+00 1.227676292928531025e-02
1.118592964824120827e+03 1.844527424759092371e+00 1.227299982679045005e-02
1.123618090452261413e+03 1.844529423302672999e+00 1.226928153579794761e-02
1.128643216080401999e+03 1.844531393055165669e+00 1.226560728369239031e-02
1.133668341708542812e+03 1.844533334572193706e+00 1.226197631503143752e-02
1.138693467336683625e+03 1.844535248395913873e+00 1.225838789103693427e-02
1.143718592964824211e+03 1.844537135055411170e+00 1.225484128916532259e-02
1.148743718592964797e+03 1.844538995067078524e+00 1.225133580271227027e-02
1.153768844221105610e+03 1.844540828934981391e+00 1.224787074032470877e-02
1.158793969849246423e+03 1.844542637151215025e+00 1.224444542568315676e-02
1.163819095477387009e+03 1.844544420196244205e+00 1.224105919701910100e-02
1.168844221105527595e+03 1.844546178539235859e+00 1.223771140681194532e-02
1.173869346733668408e+03 1.844547912638378584e+00 1.223440142138458413e-02
1.178894472361809221e+03 1.844549622941191735e+00 1.223112862050641271e-02
1.183919597989949807e+03 1.844551309884824519e+00 1.222789239715815594e-02
1.188944723618090393e+03 1.844552973896345982e+00 1.222469215707746269e-02
1.193969849246231206e+03 1.844554615393024122e+00 1.222152731848456797e-02
1.198994974874372019e+03 1.844556234782597448e+00 1.221839731177944491e-02
1.204020100502512605e+03 1.844557832463536551e+00 1.221530157919223022e-02
1.209045226130653191e+03 1.844559408825297675e+00 1.221223957452325162e-02
1.214070351758794004e+03 1.844560964248568746e+00 1.220921076283646399e-02
1.219095477386934817e+03 1.844562499105507181e+00 1.220621462016079073e-02
1.224120603015075403e+03 1.844564013759969034e+00 1.220325063327225117e-02
1.229145728643215989e+03 1.844565508567733048e+00 1.220031829933857642e-02
1.234170854271356802e+03 1.844566983876715804e+00 1.219741712575386251e-02
1.239195979899497615e+03 1.844568440027181122e+00 1.219454662983578998e-02
1.244221105527638429e+03 1.844569877351943443e+00 1.219170633860380999e-02
1.249246231155779014e+03 1.844571296176562347e+00 1.218889578850179331e-02
1.254271356783919600e+03 1.844572696819535507e+00 1.218611452522910636e-02
1.259296482412060413e+03 1.844574079592480986e+00 1.218336210347979211e-02
1.264321608040201227e+03 1.844575444800316433e+00 1.218063808674472136e-02
1.269346733668341813e+03 1.844576792741434046e+00 1.217794204705829539e-02
1.274371859296482398e+03 1.844578123707866668e+00 1.217527356485377348e-02
1.279396984924623212e+03 1.844579437985452097e+00 1.217263222874500998e-02
1.284422110552764025e+03 1.844580735853991404e+00 1.217001763528924134e-02
1.289447236180904611e+03 1.844582017587401479e+00 1.216742938884952420e-02
1.294472361809045196e+03 1.844583283453865574e+00 1.216486710141097272e-02
1.299497487437186010e+03 1.844584533715975194e+00 1.216233039235987794e-02
1.304522613065326823e+03 1.844585768630873091e+00 1.215981888834436267e-02
1.309547738693467409e+03 1.844586988450388043e+00 1.215733222311623889e-02
1.314572864321607994e+03 1.844588193421166755e+00 1.215487003732667465e-02
1.319597989949748808e+03 1.844589383784803305e+00 1.215243197841264951e-02
1.324623115577889621e+03 1.844590559777962380e+00 1.215001770040070525e-02
1.329648241206030207e+03 1.844591721632501624e+00 1.214762686376502816e-02
1.334673366834170793e+03 1.844592869575587990e+00 1.214525913532160835e-02
1.339698492462311606e+03 1.844594003829812978e+00 1.214291418804887800e-02
1.344723618090452419e+03 1.844595124613302550e+00 1.214059170090785872e-02
1.349748743718593005e+03 1.844596232139825931e+00 1.213829135880818699e-02
1.354773869346733591e+03 1.844597326618899080e+00 1.213601285238175530e-02
1.359798994974874404e+03 1.844598408255887945e+00 1.213375587791138896e-02
1.364824120603015217e+03 1.844599477252106379e+00 1.213152013716770061e-02
1.369849246231156030e+03 1.844600533804912512e+00 1.212930533730961769e-02
1.374874371859296616e+03 1.844601578107802675e+00 1.212711119080289550e-02
1.379899497487437202e+03 1.844602610350501992e+00 1.212493741518266659e-02
1.384924623115578015e+03 1.844603630719052534e+00 1.212278373309944382e-02
1.389949748743718828e+03 1.844604639395900358e+00 1.212064987208102441e-02
1.394974874371859414e+03 1.844605636559977668e+00 1.211853556448633761e-02
1.400000000000000000e+03 1.844606622386785411e+00 1.211644054740409863e-02
