4.000000000000000000e+02 1.839293695097008463e+00 1.370497415124463832e-02
4.050251256281406995e+02 1.839362048785020631e+00 1.367270140892790260e-02
4.100502512562813990e+02 1.839427543510262275e+00 1.364021264069793966e-02
4.150753768844220986e+02 1.839490314228400036e+00 1.360760711990147663e-02
4.201005025125627981e+02 1.839550490005353423e+00 1.357497286426072661e-02
4.251256281407034976e+02 1.839608194118547813e+00 1.354238767615357011e-02
4.301507537688441971e+02 1.839663544186484589e+00 1.350992009805115392e-02
4.351758793969848966e+02 1.839716652320242618e+00 1.347763028890066293e-02
4.402010050251256530e+02 1.839767625291524045e+00 1.344557082699404486e-02
4.452261306532663525e+02 1.839816564712741354e+00 1.341378744489822410e-02
4.502512562814070520e+02 1.839863567225359597e+00 1.338231970118950072e-02
4.552763819095477515e+02 1.839908724693371411e+00 1.335120159400147652e-02
4.603015075376884511e+02 1.839952124399302891e+00 1.332046212064082365e-02
4.653266331658291506e+02 1.839993849240625590e+00 1.329012578760951045e-02
4.703517587939698501e+02 1.840033977924842246e+00 1.326021307488272488e-02
4.753768844221105496e+02 1.840072585161843355e+00 1.323074085814772254e-02
4.804020100502512491e+02 1.840109741852430369e+00 1.320172279229788782e-02
4.854271356783919487e+02 1.840145515272128662e+00 1.317316965956287153e-02
4.904522613065327050e+02 1.840179969249629455e+00 1.314508968508121788e-02
4.954773869346734045e+02 1.840213164339361551e+00 1.311748882269566686e-02
5.005025125628141041e+02 1.840245157987846270e+00 1.309037101351981716e-02
5.055276381909548036e+02 1.840276004693604195e+00 1.306373841964451193e-02
5.105527638190955031e+02 1.840305756160480311e+00 1.303759163513801798e-02
5.155778894472362026e+02 1.840334461444341985e+00 1.301192987631169876e-02
5.206030150753769021e+02 1.840362167093164025e+00 1.298675115319231077e-02
5.256281407035176017e+02 1.840388917280577186e+00 1.296205242377696659e-02
5.306532663316583012e+02 1.840414753932991809e+00 1.293782973270423027e-02
5.356783919597990007e+02 1.840439716850447605e+00 1.291407833577458766e-02
5.407035175879397002e+02 1.840463843821367185e+00 1.289079281160066329e-02
5.457286432160803997e+02 1.840487170731407884e+00 1.286796716162319498e-02
5.507537688442210992e+02 1.840509731666619908e+00 1.284559489950091137e-02
5.557788944723617988e+02 1.840531559011135965e+00 1.282366913102208315e-02
5.608040201005024983e+02 1.840552683539612877e+00 1.280218262533159776e-02
5.658291457286431978e+02 1.840573134504656094e+00 1.278112787833244994e-02
5.708542713567838973e+02 1.840592939719457366e+00 1.276049716908102434e-02
5.758793969849245968e+02 1.840612125635867624e+00 1.274028260978857761e-02
5.809045226130654100e+02 1.840630717418132667e+00 1.272047619006601987e-02
5.859296482412059959e+02 1.840648739012508361e+00 1.270106981606437986e-02
5.909547738693468091e+02 1.840666213212967417e+00 1.268205534495019972e-02
5.959798994974873949e+02 1.840683161723202677e+00 1.266342461513992462e-02
6.010050251256282081e+02 1.840699605215125212e+00 1.264516947283283663e-02
6.060301507537687939e+02 1.840715563384052178e+00 1.262728179522585974e-02
6.110552763819096072e+02 1.840731055000757621e+00 1.260975351059057809e-02
6.160804020100503067e+02 1.840746097960572314e+00 1.259257661575975684e-02
6.211055276381910062e+02 1.840760709329689382e+00 1.257574319107660279e-02
6.261306532663317057e+02 1.840774905388840699e+00 1.255924541328745127e-02
6.311557788944724052e+02 1.840788701674491268e+00 1.254307556646768601e-02
6.361809045226131047e+02 1.840802113017697916e+00 1.252722605117113398e-02
6.412060301507538043e+02 1.840815153580762198e+00 1.251168939208546424e-02
6.462311557788945038e+02 1.840827836891813618e+00 1.249645824440061108e-02
6.512562814070352033e+02 1.840840175877434870e+00 1.248152539879794284e-02
6.562814070351759028e+02 1.840852182893453204e+00 1.246688378547575887e-02
6.613065326633166023e+02 1.840863869753999182e+00 1.245252647724816135e-02
6.663316582914573019e+02 1.840875247758936517e+00 1.243844669171970119e-02
6.713567839195980014e+02 1.840886327719761351e+00 1.242463779278009384e-02
6.763819095477387009e+02 1.840897119984055585e+00 1.241109329141560323e-02
6.814070351758794004e+02 1.840907634458587072e+00 1.239780684595039040e-02
6.864321608040200999e+02 1.840917880631131043e+00 1.238477226187738138e-02
6.914572864321607994e+02 1.840927867591087175e+00 1.237198349108074857e-02
6.964824120603016127e+02 1.840937604048971110e+00 1.235943463086157899e-02
7.015075376884421985e+02 1.840947098354834610e+00 1.234711992253438931e-02
7.065326633165830117e+02 1.840956358515689617e+00 1.233503374978338861e-02
7.115577889447235975e+02 1.840965392211984852e+00 1.232317063676175231e-02
7.165829145728644107e+02 1.840974206813196679e+00 1.231152524603433898e-02
7.216080402010049966e+02 1.840982809392581299e+00 1.230009237624835571e-02
7.266331658291458098e+02 1.840991206741141584e+00 1.228886695983127594e-02
7.316582914572863956e+02 1.840999405380850051e+00 1.227784406042964696e-02
7.366834170854272088e+02 1.841007411577173514e+00 1.226701887028905369e-02
7.417085427135677946e+02 1.841015231350939585e+00 1.225638670766820808e-02
7.467336683417086078e+02 1.841022870489580576e+00 1.224594301402707162e-02
7.517587939698491937e+02 1.841030334557793191e+00 1.223568335130784633e-02
7.567839195979900069e+02 1.841037628907646662e+00 1.222560339918468859e-02
7.618090452261307064e+02 1.841044758688169303e+00 1.221569895222987361e-02
7.668341708542714059e+02 1.841051728854443903e+00 1.220596591712556911e-02
7.718592964824121054e+02 1.841058544176240819e+00 1.219640030989637726e-02
7.768844221105528050e+02 1.841065209246213419e+00 1.218699825317404173e-02
7.819095477386935045e+02 1.841071728487678749e+00 1.217775597341444645e-02
7.869346733668342040e+02 1.841078106162011174e+00 1.216866979815988195e-02
7.919597989949749035e+02 1.841084346375666092e+00 1.215973615346735773e-02
7.969849246231156030e+02 1.841090453086855261e+00 1.215095156115845315e-02
8.020100502512563025e+02 1.841096430111893945e+00 1.214231263631204358e-02
8.070351758793970021e+02 1.841102281131238305e+00 1.213381608466426557e-02
8.120603015075377016e+02 1.841108009695225700e+00 1.212545870013653077e-02
8.170854271356784011e+02 1.841113619229540532e+00 1.211723736236543052e-02
8.221105527638192143e+02 1.841119113040414312e+00 1.210914903432764450e-02
8.271356783919598001e+02 1.841124494319579030e+00 1.210119075999739613e-02
8.321608040201006133e+02 1.841129766148981606e+00 1.209335966201955867e-02
8.371859296482411992e+02 1.841134931505279848e+00 1.208565293952826476e-02
8.422110552763820124e+02 1.841139993264122809e+00 1.207806786593821485e-02
8.472361809045225982e+02 1.841144954204232853e+00 1.207060178680160502e-02
8.522613065326634114e+02 1.841149817011297873e+00 1.206325211776884329e-02
8.572864321608039972e+02 1.841154584281683215e+00 1.205601634254396294e-02
8.623115577889448105e+02 1.841159258525974174e+00 1.204889201096465134e-02
8.673366834170853963e+02 1.841163842172354403e+00 1.204187673703314976e-02
8.723618090452262095e+02 1.841168337569832447e+00 1.203496819710158684e-02
8.773869346733667953e+02 1.841172746991323050e+00 1.202816412804705130e-02
8.824120603015076085e+02 1.841177072636589918e+00 1.202146232553871763e-02
8.874371859296483080e+02 1.841181316635054355e+00 1.201486064230567440e-02
8.924623115577890076e+02 1.841185481048484007e+00 1.200835698648014191e-02
8.974874371859297071e+02 1.841189567873559252e+00 1.200194932005399853e-02
9.025125628140704066e+02 1.841193579044329010e+00 1.199563565721828429e-02
9.075376884422111061e+02 1.841197516434558201e+00 1.198941406292844576e-02
9.125628140703518056e+02 1.841201381859974395e+00 1.198328265140024759e-02
9.175879396984925052e+02 1.841205177080418087e+00 1.197723958469418259e-02
9.226130653266332047e+02 1.841208903801897945e+00 1.197128307134285446e-02
9.276381909547739042e+02 1.841212563678561898e+00 1.196541136497553288e-02
9.326633165829146037e+02 1.841216158314583851e+00 1.195962276306102197e-02
9.376884422110553032e+02 1.841219689265969794e+00 1.195391560561178540e-02
9.427135678391960028e+02 1.841223158042287755e+00 1.194828827399825252e-02
9.477386934673367023e+02 1.841226566108329132e+00 1.194273918972534390e-02
9.527638190954774018e+02 1.841229914885696983e+00 1.193726681331093269e-02
9.577889447236181013e+02 1.841233205754331692e+00 1.193186964315529237e-02
9.628140703517588008e+02 1.841236440053973356e+00 1.192654621447627149e-02
9.678391959798995003e+02 1.841239619085564216e+00 1.192129509826417647e-02
9.728643216080401999e+02 1.841242744112595586e+00 1.191611490024738554e-02
9.778894472361808994e+02 1.841245816362397703e+00 1.191100425991560227e-02
9.829145728643217126e+02 1.841248837027382068e+00 1.190596184959190340e-02
9.879396984924624121e+02 1.841251807266231166e+00 1.190098637349795707e-02
9.929648241206031116e+02 1.841254728205041769e+00 1.189607656681268034e-02
9.979899497487438111e+02 1.841257600938423611e+00 1.189123119489255732e-02
1.003015075376884511e+03 1.841260426530555661e+00 1.188644905237412619e-02
1.008040201005025210e+03 1.841263206016199083e+00 1.188172896233602623e-02
1.013065326633165910e+03 1.841265940401674017e+00 1.187706977557705795e-02
1.018090452261306609e+03 1.841268630665795047e+00 1.187247036979567974e-02
1.023115577889447309e+03 1.841271277760775371e+00 1.186792964890473132e-02
1.028140703517588008e+03 1.841273882613091883e+00 1.186344654221986594e-02
1.033165829145728821e+03 1.841276446124320065e+00 1.185902000385855894e-02
1.038190954773869407e+03 1.841278969171938007e+00 1.185464901201323425e-02
1.043216080402009993e+03 1.841281452610097347e+00 1.185033256832319221e-02
1.048241206030150806e+03 1.841283897270369119e+00 1.184606969718638055e-02
1.053266331658291620e+03 1.841286303962458071e+00 1.184185944521726729e-02
1.058291457286432205e+03 1.841288673474894555e+00 1.183770088057932608e-02
1.063316582914572791e+03 1.841291006575698219e+00 1.183359309247337086e-02
1.068341708542713604e+03 1.841293304013017718e+00 1.182953519051010809e-02
1.073366834170854418e+03 1.841295566515748661e+00 1.182552630420141172e-02
1.078391959798995003e+03 1.841297794794128029e+00 1.182156558245800980e-02
1.083417085427135589e+03 1.841299989540307047e+00 1.181765219299977382e-02
1.088442211055276402e+03 1.841302151428904965e+00 1.181378532193220858e-02
1.093467336683417216e+03 1.841304281117541519e+00 1.180996417323582071e-02
1.098492462311557802e+03 1.841306379247350966e+00 1.180618796828107088e-02
1.103517587939698387e+03 1.841308446443478575e+00 1.180245594540669553e-02
1.108542713567839201e+03 1.841310483315559576e+00 1.179876735945810905e-02
1.113567839195980014e+03 1.841312490458181239e+00 1.179512148135173841e-02
1.118592964824120827e+03 1.841314468451327846e+00 1.179151759771252320e-02
1.123618090452261413e+03 1.841316417860812793e+00 1.178795501038699088e-02
1.128643216080401999e+03 1.841318339238692925e+00 1.178443303613322356e-02
1.133668341708542812e+03 1.841320233123671768e+00 1.178095100616767706e-02
1.138693467336683625e+03 1.841322100041485665e+00 1.177750826587032826e-02
1.143718592964824211e+03 1.841323940505279699e+00 1.177410417436560407e-02
1.148743718592964797e+03 1.841325755015970289e+00 1.177073810421472126e-02
1.153768844221105610e+03 1.841327544062593136e+00 1.176740944105929970e-02
1.158793969849246423e+03 1.841329308122644282e+00 1.176411758329172844e-02
1.163819095477387009e+03 1.841331047662405407e+00 1.176086194176178233e-02
1.168844221105527595e+03 1.841332763137260020e+00 1.175764193940633494e-02
1.173869346733668408e+03 1.841334454992001435e+00 1.175445701105706092e-02
1.178894472361809221e+03 1.841336123661125201e+00 1.175130660301079016e-02
1.183919597989949807e+03 1.841337769569119098e+00 1.174819017287246324e-02
1.188944723618090393e+03 1.841339393130736912e+00 1.174510718921745710e-02
1.193969849246231206e+03 1.841340994751269111e+00 1.174205713128101403e-02
1.198994974874372019e+03 1.841342574826800194e+00 1.173903948882619973e-02
1.204020100502512605e+03 1.841344133744460931e+00 1.173605376174607744e-02
1.209045226130653191e+03 1.841345671882671065e+00 1.173309945992959819e-02
1.214070351758794004e+03 1.841347189611375335e+00 1.173017610295628947e-02
1.219095477386934817e+03 1.841348687292270414e+00 1.172728321989402987e-02
1.224120603015075403e+03 1.841350165279027173e+00 1.172442034905807513e-02
1.229145728643215989e+03 1.841351623917503399e+00 1.172158703780706510e-02
1.234170854271356802e+03 1.841353063545951629e+00 1.171878284229082960e-02
1.239195979899497615e+03 1.841354484495220101e+00 1.171600732733000041e-02
1.244221105527638429e+03 1.841355887088947485e+00 1.171326006609590097e-02
1.249246231155779014e+03 1.841357271643750959e+00 1.171054064000758010e-02
1.254271356783919600e+03 1.841358638469410725e+00 1.170784863848598964e-02
1.259296482412060413e+03 1.841359987869044978e+00 1.170518365881174222e-02
1.264321608040201227e+03 1.841361320139284885e+00 1.170254530590633321e-02
1.269346733668341813e+03 1.841362635570438666e+00 1.169993319216013072e-02
1.274371859296482398e+03 1.841363934446655248e+00 1.169734693728819927e-02
1.279396984924623212e+03 1.841365217046080138e+00 1.169478616812860867e-02
1.284422110552764025e+03 1.841366483641009744e+00 1.169225051851607508e-02
1.289447236180904611e+03 1.841367734498035924e+00 1.168973962908861040e-02
1.294472361809045196e+03 1.841368969878192097e+00 1.168725314716007567e-02
1.299497487437186010e+03 1.841370190037092236e+00 1.168479072655425298e-02
1.304522613065326823e+03 1.841371395225064544e+00 1.168235202744788946e-02
1.309547738693467409e+03 1.841372585687284236e+00 1.167993671627028801e-02
1.314572864321607994e+03 1.841373761663900543e+00 1.167754446552641059e-02
1.319597989949748808e+03 1.841374923390159957e+00 1.167517495366704461e-02
1.324623115577889621e+03 1.841376071096527234e+00 1.167282786495853382e-02
1.329648241206030207e+03 1.841377205008801088e+00 1.167050288939966603e-02
1.334673366834170793e+03 1.841378325348229428e+00 1.166819972251450371e-02
1.339698492462311606e+03 1.841379432331617716e+00 1.166591806528750018e-02
1.344723618090452419e+03 1.841380526171436882e+00 1.166365762403164842e-02
1.349748743718593005e+03 1.841381607075927462e+00 1.166141811026580495e-02
1.354773869346733591e+03 1.841382675249201073e+00 1.165919924061066711e-02
1.359798994974874404e+03 1.841383730891337889e+00 1.165700073669397388e-02
1.364824120603015217e+03 1.841384774198483010e+00 1.165482232499822843e-02
1.369849246231156030e+03 1.841385805362939276e+00 1.165266373681285612e-02
1.374874371859296616e+03 1.841386824573257197e+00 1.165052470806224837e-02
1.379899497487437202e+03 1.841387832014323767e+00 1.164840497929545658e-02
1.384924623115578015e+03 1.841388827867447286e+00 1.164630429551364969e-02
1.389949748743718828e+03 1.841389812310440410e+00 1.164422240610207999e-02
1.394974874371859414e+03 1.841390785517702522e+00 1.164215906477136971e-02
1.400000000000000000e+03 1.841391747660295675e+00 1.164011402938409760e-02
