4.000000000000000000e+02 1.833651999059933368e+00 1.300230938385975310e-02
4.050251256281406995e+02 1.833717144198599769e+00 1.297121459439081609e-02
4.100502512562813990e+02 1.833779571132941433e+00 1.293988232698170711e-02
4.150753768844220986e+02 1.833839407052635595e+00 1.290841003599667129e-02
4.201005025125627981e+02 1.833896773707187178e+00 1.287688437350724413e-02
4.251256281407034976e+02 1.833951787487771101e+00 1.284538216508276584e-02
4.301507537688441971e+02 1.834004559536658308e+00 1.281397130769154451e-02
4.351758793969848966e+02 1.834055195878218525e+00 1.278271159522539197e-02
4.402010050251256530e+02 1.834103797566428051e+00 1.275165547672306270e-02
4.452261306532663525e+02 1.834150460844622632e+00 1.272084875180395577e-02
4.502512562814070520e+02 1.834195277313910966e+00 1.269033120819599084e-02
4.552763819095477515e+02 1.834238334107275215e+00 1.266013720527817132e-02
4.603015075376884511e+02 1.834279714066868072e+00 1.263029620781556950e-02
4.653266331658291506e+02 1.834319495922469123e+00 1.260083327366707043e-02
4.703517587939698501e+02 1.834357754469413626e+00 1.257176949884029372e-02
4.753768844221105496e+02 1.834394560744638580e+00 1.254312242334254014e-02
4.804020100502512491e+02 1.834429982199741849e+00 1.251490640085128024e-02
4.854271356783919487e+02 1.834464082870196577e+00 1.248713293507785690e-02
4.904522613065327050e+02 1.834496923540033686e+00 1.245981098551401239e-02
4.954773869346734045e+02 1.834528561901492383e+00 1.243294724509100800e-02
5.005025125628141041e+02 1.834559052709253235e+00 1.240654639201835795e-02
5.055276381909548036e+02 1.834588447929000221e+00 1.238061131803082533e-02
5.105527638190955031e+02 1.834616796880144562e+00 1.235514333494943696e-02
5.155778894472362026e+02 1.834644146372627516e+00 1.233014236150494110e-02
5.206030150753769021e+02 1.834670540837782138e+00 1.230560709209216168e-02
5.256281407035176017e+02 1.834696022453288222e+00 1.228153514895673724e-02
5.306532663316583012e+02 1.834720631262302337e+00 1.225792321944480998e-02
5.356783919597990007e+02 1.834744405286870661e+00 1.223476717950540936e-02
5.407035175879397002e+02 1.834767380635770939e+00 1.221206220465883251e-02
5.457286432160803997e+02 1.834789591606940107e+00 1.218980286983145991e-02
5.507537688442210992e+02 1.834811070784666098e+00 1.216798323860626696e-02
5.557788944723617988e+02 1.834831849131734582e+00 1.214659694342765280e-02
5.608040201005024983e+02 1.834851956076722912e+00 1.212563725712416211e-02
5.658291457286431978e+02 1.834871419596644460e+00 1.210509715679792750e-02
5.708542713567838973e+02 1.834890266295142736e+00 1.208496938091513546e-02
5.758793969849245968e+02 1.834908521476441567e+00 1.206524647985380248e-02
5.809045226130654100e+02 1.834926209215244297e+00 1.204592086101539256e-02
5.859296482412059959e+02 1.834943352422786944e+00 1.202698482865003325e-02
5.909547738693468091e+02 1.834959972909230075e+00 1.200843061919140697e-02
5.959798994974873949e+02 1.834976091442580115e+00 1.199025043223731976e-02
6.010050251256282081e+02 1.834991727804320627e+00 1.197243645800507086e-02
6.060301507537687939e+02 1.835006900841927191e+00 1.195498090124164775e-02
6.110552763819096072e+02 1.835021628518433534e+00 1.193787600214926865e-02
6.160804020100503067e+02 1.835035927959211222e+00 1.192111405464539586e-02
6.211055276381910062e+02 1.835049815496115233e+00 1.190468742204070333e-02
6.261306532663317057e+02 1.835063306709143305e+00 1.188858855072643696e-02
6.311557788944724052e+02 1.835076416465747817e+00 1.187280998166729759e-02
6.361809045226131047e+02 1.835089158957935451e+00 1.185734436036667977e-02
6.412060301507538043e+02 1.835101547737278516e+00 1.184218444513614535e-02
6.462311557788945038e+02 1.835113595747957183e+00 1.182732311395140110e-02
6.512562814070352033e+02 1.835125315357951647e+00 1.181275337017188322e-02
6.562814070351759028e+02 1.835136718388481913e+00 1.179846834710381737e-02
6.613065326633166023e+02 1.835147816141807775e+00 1.178446131154752517e-02
6.663316582914573019e+02 1.835158619427472715e+00 1.177072566650023966e-02
6.713567839195980014e+02 1.835169138587093851e+00 1.175725495315967442e-02
6.763819095477387009e+02 1.835179383517775209e+00 1.174404285213914365e-02
6.814070351758794004e+02 1.835189363694225362e+00 1.173108318418320146e-02
6.864321608040200999e+02 1.835199088189660710e+00 1.171836991026844153e-02
6.914572864321607994e+02 1.835208565695556349e+00 1.170589713135265775e-02
6.964824120603016127e+02 1.835217804540322684e+00 1.169365908766785943e-02
7.015075376884421985e+02 1.835226812706959532e+00 1.168165015764198282e-02
7.065326633165830117e+02 1.835235597849756095e+00 1.166986485658254649e-02
7.115577889447235975e+02 1.835244167310086105e+00 1.165829783508530275e-02
7.165829145728644107e+02 1.835252528131355643e+00 1.164694387720690769e-02
7.216080402010049966e+02 1.835260687073149377e+00 1.163579789846006830e-02
7.266331658291458098e+02 1.835268650624623188e+00 1.162485494367101850e-02
7.316582914572863956e+02 1.835276425017184243e+00 1.161411018470115929e-02
7.366834170854272088e+02 1.835284016236506721e+00 1.160355891806344637e-02
7.417085427135677946e+02 1.835291430033909599e+00 1.159319656244509750e-02
7.467336683417086078e+02 1.835298671937144910e+00 1.158301865616739694e-02
7.517587939698491937e+02 1.835305747260621567e+00 1.157302085464230121e-02
7.567839195979900069e+02 1.835312661115101829e+00 1.156319892771310275e-02
7.618090452261307064e+02 1.835319418416897719e+00 1.155354875707299660e-02
7.668341708542714059e+02 1.835326023896596492e+00 1.154406633357197946e-02
7.718592964824121054e+02 1.835332482107343122e+00 1.153474775461577236e-02
7.768844221105528050e+02 1.835338797432699121e+00 1.152558922149567872e-02
7.819095477386935045e+02 1.835344974094110793e+00 1.151658703679561170e-02
7.869346733668342040e+02 1.835351016157999116e+00 1.150773760181118301e-02
7.919597989949749035e+02 1.835356927542497241e+00 1.149903741394414126e-02
7.969849246231156030e+02 1.835362712023854481e+00 1.149048306418979856e-02
8.020100502512563025e+02 1.835368373242524331e+00 1.148207123465195233e-02
8.070351758793970021e+02 1.835373914708954945e+00 1.147379869608708934e-02
8.120603015075377016e+02 1.835379339809094734e+00 1.146566230546021414e-02
8.170854271356784011e+02 1.835384651809634615e+00 1.145765900363014157e-02
8.221105527638192143e+02 1.835389853862994691e+00 1.144978581299176471e-02
8.271356783919598001e+02 1.835394949012073562e+00 1.144203983520258004e-02
8.321608040201006133e+02 1.835399940194771817e+00 1.143441824898546941e-02
8.371859296482411992e+02 1.835404830248298369e+00 1.142691830796072928e-02
8.422110552763820124e+02 1.835409621913278055e+00 1.141953733849892030e-02
8.472361809045225982e+02 1.835414317837663400e+00 1.141227273769303795e-02
8.522613065326634114e+02 1.835418920580466073e+00 1.140512197128610260e-02
8.572864321608039972e+02 1.835423432615314265e+00 1.139808257178873477e-02
8.623115577889448105e+02 1.835427856333848862e+00 1.139115213647662155e-02
8.673366834170853963e+02 1.835432194048961296e+00 1.138432832560958181e-02
8.723618090452262095e+02 1.835436447997884857e+00 1.137760886056176333e-02
8.773869346733667953e+02 1.835440620345147433e+00 1.137099152207822136e-02
8.824120603015076085e+02 1.835444713185390375e+00 1.136447414857125887e-02
8.874371859296483080e+02 1.835448728546061226e+00 1.135805463445738184e-02
8.924623115577890076e+02 1.835452668389986774e+00 1.135173092851621615e-02
8.974874371859297071e+02 1.835456534617833757e+00 1.134550103232102695e-02
9.025125628140704066e+02 1.835460329070458529e+00 1.133936299876131711e-02
9.075376884422111061e+02 1.835464053531157491e+00 1.133331493051156075e-02
9.125628140703518056e+02 1.835467709727816032e+00 1.132735497857377018e-02
9.175879396984925052e+02 1.835471299334969109e+00 1.132148134096342199e-02
9.226130653266332047e+02 1.835474823975768333e+00 1.131569226128463848e-02
9.276381909547739042e+02 1.835478285223868689e+00 1.130998602744011546e-02
9.326633165829146037e+02 1.835481684605234864e+00 1.130436097034907307e-02
9.376884422110553032e+02 1.835485023599868759e+00 1.129881546275228466e-02
9.427135678391960028e+02 1.835488303643466601e+00 1.129334791792795459e-02
9.477386934673367023e+02 1.835491526129006346e+00 1.128795678863324381e-02
9.527638190954774018e+02 1.835494692408270678e+00 1.128264056588883929e-02
9.577889447236181013e+02 1.835497803793303184e+00 1.127739777795093434e-02
9.628140703517588008e+02 1.835500861557809227e+00 1.127222698919581011e-02
9.678391959798995003e+02 1.835503866938496875e+00 1.126712679914366327e-02
9.728643216080401999e+02 1.835506821136363653e+00 1.126209584145487254e-02
9.778894472361808994e+02 1.835509725317933771e+00 1.125713278292844038e-02
9.829145728643217126e+02 1.835512580616441181e+00 1.125223632257201824e-02
9.879396984924624121e+02 1.835515388132970438e+00 1.124740519077353090e-02
9.929648241206031116e+02 1.835518148937547833e+00 1.124263814830840126e-02
9.979899497487438111e+02 1.835520864070193658e+00 1.123793398557721562e-02
1.003015075376884511e+03 1.835523534541928736e+00 1.123329152170909895e-02
1.008040201005025210e+03 1.835526161335745421e+00 1.122870960384698968e-02
1.013065326633165910e+03 1.835528745407538631e+00 1.122418710625944574e-02
1.018090452261306609e+03 1.835531287687001578e+00 1.121972292971409359e-02
1.023115577889447309e+03 1.835533789078487965e+00 1.121531600064833677e-02
1.028140703517588008e+03 1.835536250461839325e+00 1.121096527050338514e-02
1.033165829145728821e+03 1.835538672693182383e+00 1.120666971504385989e-02
1.038190954773869407e+03 1.835541056605696220e+00 1.120242833367302016e-02
1.043216080402009993e+03 1.835543403010349905e+00 1.119824014883296498e-02
1.048241206030150806e+03 1.835545712696612597e+00 1.119410420529182160e-02
1.053266331658291620e+03 1.835547986433138101e+00 1.119001956963524246e-02
1.058291457286432205e+03 1.835550224968423016e+00 1.118598532964527534e-02
1.063316582914572791e+03 1.835552429031442001e+00 1.118200059369548437e-02
1.068341708542713604e+03 1.835554599332256842e+00 1.117806449022210394e-02
1.073366834170854418e+03 1.835556736562607982e+00 1.117417616723175543e-02
1.078391959798995003e+03 1.835558841396480290e+00 1.117033479171673262e-02
1.083417085427135589e+03 1.835560914490650397e+00 1.116653954916661806e-02
1.088442211055276402e+03 1.835562956485214503e+00 1.116278964310695246e-02
1.093467336683417216e+03 1.835564968004097075e+00 1.115908429461535609e-02
1.098492462311557802e+03 1.835566949655541125e+00 1.115542274184499333e-02
1.103517587939698387e+03 1.835568902032580496e+00 1.115180423957539725e-02
1.108542713567839201e+03 1.835570825713499055e+00 1.114822805881070071e-02
1.113567839195980014e+03 1.835572721262268336e+00 1.114469348631588405e-02
1.118592964824120827e+03 1.835574589228974540e+00 1.114119982425041018e-02
1.123618090452261413e+03 1.835576430150228866e+00 1.113774638975997475e-02
1.128643216080401999e+03 1.835578244549563864e+00 1.113433251456622669e-02
1.133668341708542812e+03 1.835580032937815798e+00 1.113095754463432410e-02
1.138693467336683625e+03 1.835581795813495010e+00 1.112762083976886161e-02
1.143718592964824211e+03 1.835583533663142752e+00 1.112432177327783538e-02
1.148743718592964797e+03 1.835585246961676686e+00 1.112105973167486217e-02
1.153768844221105610e+03 1.835586936172724393e+00 1.111783411427001364e-02
1.158793969849246423e+03 1.835588601748944892e+00 1.111464433289878484e-02
1.163819095477387009e+03 1.835590244132341953e+00 1.111148981159970801e-02
1.168844221105527595e+03 1.835591863754563846e+00 1.110836998631049323e-02
1.173869346733668408e+03 1.835593461037195562e+00 1.110528430456278817e-02
1.178894472361809221e+03 1.835595036392040358e+00 1.110223222518560635e-02
1.183919597989949807e+03 1.835596590221392432e+00 1.109921321807747288e-02
1.188944723618090393e+03 1.835598122918301600e+00 1.109622676388738981e-02
1.193969849246231206e+03 1.835599634866826424e+00 1.109327235376460219e-02
1.198994974874372019e+03 1.835601126442283126e+00 1.109034948907722598e-02
1.204020100502512605e+03 1.835602598011484510e+00 1.108745768123989804e-02
1.209045226130653191e+03 1.835604049932970216e+00 1.108459645139026062e-02
1.214070351758794004e+03 1.835605482557231882e+00 1.108176533019456823e-02
1.219095477386934817e+03 1.835606896226930074e+00 1.107896385761229091e-02
1.224120603015075403e+03 1.835608291277104342e+00 1.107619158265980321e-02
1.229145728643215989e+03 1.835609668035377062e+00 1.107344806323329496e-02
1.234170854271356802e+03 1.835611026822149938e+00 1.107073286584064724e-02
1.239195979899497615e+03 1.835612367950796298e+00 1.106804556546278281e-02
1.244221105527638429e+03 1.835613691727845609e+00 1.106538574528389933e-02
1.249246231155779014e+03 1.835614998453163338e+00 1.106275299658140455e-02
1.254271356783919600e+03 1.835616288420125031e+00 1.106014691845461778e-02
1.259296482412060413e+03 1.835617561915784623e+00 1.105756711770326632e-02
1.264321608040201227e+03 1.835618819221038756e+00 1.105501320859491113e-02
1.269346733668341813e+03 1.835620060610785309e+00 1.105248481276222342e-02
1.274371859296482398e+03 1.835621286354076398e+00 1.104998155896911964e-02
1.279396984924623212e+03 1.835622496714269358e+00 1.104750308299679018e-02
1.284422110552764025e+03 1.835623691949170411e+00 1.104504902740858531e-02
1.289447236180904611e+03 1.835624872311174771e+00 1.104261904150526975e-02
1.294472361809045196e+03 1.835626038047405428e+00 1.104021278108880538e-02
1.299497487437186010e+03 1.835627189399842152e+00 1.103782990832608869e-02
1.304522613065326823e+03 1.835628326605453164e+00 1.103547009165243946e-02
1.309547738693467409e+03 1.835629449896317711e+00 1.103313300556396301e-02
1.314572864321607994e+03 1.835630559499748182e+00 1.103081833053014965e-02
1.319597989949748808e+03 1.835631655638408244e+00 1.102852575286580525e-02
1.324623115577889621e+03 1.835632738530425634e+00 1.102625496455220989e-02
1.329648241206030207e+03 1.835633808389504074e+00 1.102400566317864733e-02
1.334673366834170793e+03 1.835634865425031625e+00 1.102177755174258388e-02
1.339698492462311606e+03 1.835635909842183944e+00 1.101957033860049076e-02
1.344723618090452419e+03 1.835636941842026859e+00 1.101738373731760319e-02
1.349748743718593005e+03 1.835637961621616299e+00 1.101521746655758499e-02
1.354773869346733591e+03 1.835638969374092433e+00 1.101307124997185326e-02
1.359798994974874404e+03 1.835639965288774489e+00 1.101094481609864346e-02
1.364824120603015217e+03 1.835640949551250678e+00 1.100883789824157362e-02
1.369849246231156030e+03 1.835641922343467902e+00 1.100675023439831937e-02
1.374874371859296616e+03 1.835642883843815687e+00 1.100468156711839965e-02
1.379899497487437202e+03 1.835643834227211890e+00 1.100263164346150860e-02
1.384924623115578015e+03 1.835644773665181528e+00 1.100060021482443702e-02
1.389949748743718828e+03 1.835645702325938045e+00 1.099858703693923009e-02
1.394974874371859414e+03 1.835646620374458360e+00 1.099659186969954329e-02
1.400000000000000000e+03 1.835647527972559034e+00 1.099461447713811699e-02
