4.000000000000000000e+02 1.831882001035520124e+00 1.207905034228101519e-02
4.050251256281406995e+02 1.831942098950988251e+00 1.204959753270346857e-02
4.100502512562813990e+02 1.831999713156855503e+00 1.201985114648656747e-02
4.150753768844220986e+02 1.832054957588489241e+00 1.198990529334491989e-02
4.201005025125627981e+02 1.832107941444920396e+00 1.195984428431736205e-02
4.251256281407034976e+02 1.832158769255221475e+00 1.192974347105911492e-02
4.301507537688441971e+02 1.832207540968312953e+00 1.189967002044262263e-02
4.351758793969848966e+02 1.832254352061198466e+00 1.186968362910322851e-02
4.402010050251256530e+02 1.832299293661401984e+00 1.183983718208864687e-02
4.452261306532663525e+02 1.832342452680053579e+00 1.181017735970038215e-02
4.502512562814070520e+02 1.832383911952649269e+00 1.178074519628604343e-02
4.552763819095477515e+02 1.832423750384994943e+00 1.175157659424797690e-02
4.603015075376884511e+02 1.832462043102259797e+00 1.172270279683634495e-02
4.653266331658291506e+02 1.832498861599423989e+00 1.169415082241086548e-02
4.703517587939698501e+02 1.832534273891706533e+00 1.166594386320323612e-02
4.753768844221105496e+02 1.832568344663817905e+00 1.163810165120295753e-02
4.804020100502512491e+02 1.832601135417094351e+00 1.161064079347878288e-02
4.854271356783919487e+02 1.832632704613774033e+00 1.158357507935078856e-02
4.904522613065327050e+02 1.832663107817810610e+00 1.155691576149535035e-02
4.954773869346734045e+02 1.832692397831774400e+00 1.153067181296740448e-02
5.005025125628141041e+02 1.832720624829491607e+00 1.150485016202323039e-02
5.055276381909548036e+02 1.832747836484171611e+00 1.147945590637536664e-02
5.105527638190955031e+02 1.832774078091856662e+00 1.145449250865675228e-02
5.155778894472362026e+02 1.832799392690082518e+00 1.142996197439159929e-02
5.206030150753769021e+02 1.832823821171715384e+00 1.140586501398478843e-02
5.256281407035176017e+02 1.832847402393951608e+00 1.138220119006160165e-02
5.306532663316583012e+02 1.832870173282526549e+00 1.135896905112142828e-02
5.356783919597990007e+02 1.832892168931197663e+00 1.133616625300520528e-02
5.407035175879397002e+02 1.832913422696591077e+00 1.131378966876020117e-02
5.457286432160803997e+02 1.832933966288530669e+00 1.129183548825366326e-02
5.507537688442210992e+02 1.832953829855969996e+00 1.127029930812139570e-02
5.557788944723617988e+02 1.832973042068673397e+00 1.124917621308148610e-02
5.608040201005024983e+02 1.832991630194787058e+00 1.122846084923439028e-02
5.658291457286431978e+02 1.833009620174455678e+00 1.120814749000929866e-02
5.708542713567838973e+02 1.833027036689644840e+00 1.118823009563405316e-02
5.758793969849245968e+02 1.833043903230318072e+00 1.116870236636087650e-02
5.809045226130654100e+02 1.833060242157139363e+00 1.114955779035845494e-02
5.859296482412059959e+02 1.833076074760842333e+00 1.113078968642269330e-02
5.909547738693468091e+02 1.833091421318437719e+00 1.111239124226651685e-02
5.959798994974873949e+02 1.833106301146394612e+00 1.109435554854474454e-02
6.010050251256282081e+02 1.833120732650955098e+00 1.107667562926862095e-02
6.060301507537687939e+02 1.833134733375719305e+00 1.105934446861524256e-02
6.110552763819096072e+02 1.833148320046640967e+00 1.104235503487548814e-02
6.160804020100503067e+02 1.833161508614569168e+00 1.102570030140099036e-02
6.211055276381910062e+02 1.833174314295461738e+00 1.100937326515863401e-02
6.261306532663317057e+02 1.833186751608396614e+00 1.099336696296607761e-02
6.311557788944724052e+02 1.833198834411498668e+00 1.097767448563704076e-02
6.361809045226131047e+02 1.833210575935892983e+00 1.096228899033088386e-02
6.412060301507538043e+02 1.833221988817797188e+00 1.094720371113258595e-02
6.462311557788945038e+02 1.833233085128847417e+00 1.093241196829760481e-02
6.512562814070352033e+02 1.833243876404765826e+00 1.091790717593123586e-02
6.562814070351759028e+02 1.833254373672452031e+00 1.090368284861430517e-02
6.613065326633166023e+02 1.833264587475594620e+00 1.088973260690235742e-02
6.663316582914573019e+02 1.833274527898880235e+00 1.087605018185026917e-02
6.713567839195980014e+02 1.833284204590883704e+00 1.086262941857358590e-02
6.763819095477387009e+02 1.833293626785710062e+00 1.084946427928856934e-02
6.814070351758794004e+02 1.833302803323462182e+00 1.083654884533528755e-02
6.864321608040200999e+02 1.833311742669597955e+00 1.082387731885321377e-02
6.914572864321607994e+02 1.833320452933242750e+00 1.081144402378946684e-02
6.964824120603016127e+02 1.833328941884514007e+00 1.079924340641070200e-02
7.015075376884421985e+02 1.833337216970917449e+00 1.078727003549150368e-02
7.065326633165830117e+02 1.833345285332862673e+00 1.077551860206548036e-02
7.115577889447235975e+02 1.833353153818354508e+00 1.076398391877911309e-02
7.165829145728644107e+02 1.833360828996901004e+00 1.075266091913673269e-02
7.216080402010049966e+02 1.833368317172686446e+00 1.074154465635911680e-02
7.266331658291458098e+02 1.833375624397049375e+00 1.073063030203115845e-02
7.316582914572863956e+02 1.833382756480306686e+00 1.071991314467412443e-02
7.366834170854272088e+02 1.833389719002955776e+00 1.070938858804745299e-02
7.417085427135677946e+02 1.833396517326298714e+00 1.069905214935700129e-02
7.467336683417086078e+02 1.833403156602510631e+00 1.068889945738187019e-02
7.517587939698491937e+02 1.833409641784192079e+00 1.067892625048003433e-02
7.567839195979900069e+02 1.833415977633428895e+00 1.066912837451588179e-02
7.618090452261307064e+02 1.833422168730389545e+00 1.065950178074264246e-02
7.668341708542714059e+02 1.833428219481484600e+00 1.065004252364163718e-02
7.718592964824121054e+02 1.833434134127113646e+00 1.064074675868883872e-02
7.768844221105528050e+02 1.833439916749021403e+00 1.063161074020706025e-02
7.819095477386935045e+02 1.833445571277285913e+00 1.062263081906584909e-02
7.869346733668342040e+02 1.833451101496955893e+00 1.061380344046022536e-02
7.919597989949749035e+02 1.833456511054361915e+00 1.060512514167637893e-02
7.969849246231156030e+02 1.833461803463112494e+00 1.059659254988792702e-02
8.020100502512563025e+02 1.833466982109799304e+00 1.058820237992169275e-02
8.070351758793970021e+02 1.833472050259420616e+00 1.057995143205745121e-02
8.120603015075377016e+02 1.833477011060542505e+00 1.057183658989489621e-02
8.170854271356784011e+02 1.833481867550210476e+00 1.056385481819511335e-02
8.221105527638192143e+02 1.833486622658623943e+00 1.055600316076097354e-02
8.271356783919598001e+02 1.833491279213590230e+00 1.054827873840012177e-02
8.321608040201006133e+02 1.833495839944760508e+00 1.054067874682484106e-02
8.371859296482411992e+02 1.833500307487673453e+00 1.053320045474269960e-02
8.422110552763820124e+02 1.833504684387601058e+00 1.052584120181316099e-02
8.472361809045225982e+02 1.833508973103219697e+00 1.051859839673448607e-02
8.522613065326634114e+02 1.833513176010107548e+00 1.051146951542042754e-02
8.572864321608039972e+02 1.833517295404080816e+00 1.050445209909906842e-02
8.623115577889448105e+02 1.833521333504378070e+00 1.049754375254593163e-02
8.673366834170853963e+02 1.833525292456694711e+00 1.049074214232595045e-02
8.723618090452262095e+02 1.833529174336084200e+00 1.048404499506639699e-02
8.773869346733667953e+02 1.833532981149724295e+00 1.047745009581473909e-02
8.824120603015076085e+02 1.833536714839560711e+00 1.047095528635540694e-02
8.874371859296483080e+02 1.833540377284831324e+00 1.046455846369819150e-02
8.924623115577890076e+02 1.833543970304479132e+00 1.045825757847441279e-02
8.974874371859297071e+02 1.833547495659456184e+00 1.045205063345355442e-02
9.025125628140704066e+02 1.833550955054930265e+00 1.044593568208589986e-02
9.075376884422111061e+02 1.833554350142389211e+00 1.043991082705063647e-02
9.125628140703518056e+02 1.833557682521659071e+00 1.043397421893771208e-02
9.175879396984925052e+02 1.833560953742830790e+00 1.042812405476648344e-02
9.226130653266332047e+02 1.833564165308107174e+00 1.042235857686297021e-02
9.276381909547739042e+02 1.833567318673567703e+00 1.041667607142620321e-02
9.326633165829146037e+02 1.833570415250861174e+00 1.041107486736944296e-02
9.376884422110553032e+02 1.833573456408823743e+00 1.040555333509634965e-02
9.427135678391960028e+02 1.833576443475032125e+00 1.040010988538313426e-02
9.477386934673367023e+02 1.833579377737287963e+00 1.039474296816450712e-02
9.527638190954774018e+02 1.833582260445043133e+00 1.038945107148001035e-02
9.577889447236181013e+02 1.833585092810765982e+00 1.038423272044262068e-02
9.628140703517588008e+02 1.833587876011249618e+00 1.037908647611246286e-02
9.678391959798995003e+02 1.833590611188867348e+00 1.037401093458595498e-02
9.728643216080401999e+02 1.833593299452778602e+00 1.036900472593742413e-02
9.778894472361808994e+02 1.833595941880081570e+00 1.036406651335579354e-02
9.829145728643217126e+02 1.833598539516926529e+00 1.035919499214504533e-02
9.879396984924624121e+02 1.833601093379575886e+00 1.035438888889923109e-02
9.929648241206031116e+02 1.833603604455429803e+00 1.034964696057396119e-02
9.979899497487438111e+02 1.833606073704005857e+00 1.034496799370112317e-02
1.003015075376884511e+03 1.833608502057883838e+00 1.034035080356500436e-02
1.008040201005025210e+03 1.833610890423609030e+00 1.033579423339362272e-02
1.013065326633165910e+03 1.833613239682565066e+00 1.033129715356552805e-02
1.018090452261306609e+03 1.833615550691810370e+00 1.032685846097210550e-02
1.023115577889447309e+03 1.833617824284881292e+00 1.032247707814883120e-02
1.028140703517588008e+03 1.833620061272567936e+00 1.031815195270220815e-02
1.033165829145728821e+03 1.833622262443656004e+00 1.031388205654906916e-02
1.038190954773869407e+03 1.833624428565644449e+00 1.030966638533396471e-02
1.043216080402009993e+03 1.833626560385433146e+00 1.030550395770213519e-02
1.048241206030150806e+03 1.833628658629986141e+00 1.030139381472957964e-02
1.053266331658291620e+03 1.833630724006970025e+00 1.029733501933828912e-02
1.058291457286432205e+03 1.833632757205367447e+00 1.029332665565360974e-02
1.063316582914572791e+03 1.833634758896069972e+00 1.028936782849791329e-02
1.068341708542713604e+03 1.833636729732446735e+00 1.028545766280521481e-02
1.073366834170854418e+03 1.833638670350894673e+00 1.028159530312937851e-02
1.078391959798995003e+03 1.833640581371365874e+00 1.027777991303025114e-02
1.083417085427135589e+03 1.833642463397878952e+00 1.027401067470493264e-02
1.088442211055276402e+03 1.833644317019009762e+00 1.027028678840006225e-02
1.093467336683417216e+03 1.833646142808364798e+00 1.026660747198315272e-02
1.098492462311557802e+03 1.833647941325039499e+00 1.026297196044631023e-02
1.103517587939698387e+03 1.833649713114056778e+00 1.025937950551539246e-02
1.108542713567839201e+03 1.833651458706794024e+00 1.025582937517009914e-02
1.113567839195980014e+03 1.833653178621392321e+00 1.025232085325894146e-02
1.118592964824120827e+03 1.833654873363152138e+00 1.024885323904692509e-02
1.123618090452261413e+03 1.833656543424915686e+00 1.024542584688006505e-02
1.128643216080401999e+03 1.833658189287435736e+00 1.024203800573944209e-02
1.133668341708542812e+03 1.833659811419731556e+00 1.023868905890148312e-02
1.138693467336683625e+03 1.833661410279432191e+00 1.023537836358544631e-02
1.143718592964824211e+03 1.833662986313109977e+00 1.023210529055561951e-02
1.148743718592964797e+03 1.833664539956599393e+00 1.022886922385181190e-02
1.153768844221105610e+03 1.833666071635309258e+00 1.022566956036622711e-02
1.158793969849246423e+03 1.833667581764520493e+00 1.022250570961394378e-02
1.163819095477387009e+03 1.833669070749676999e+00 1.021937709332813339e-02
1.168844221105527595e+03 1.833670538986663878e+00 1.021628314524913525e-02
1.173869346733668408e+03 1.833671986862079883e+00 1.021322331073828624e-02
1.178894472361809221e+03 1.833673414753498099e+00 1.021019704655324462e-02
1.183919597989949807e+03 1.833674823029719292e+00 1.020720382054590182e-02
1.188944723618090393e+03 1.833676212051016607e+00 1.020424311140244455e-02
1.193969849246231206e+03 1.833677582169372267e+00 1.020131440836039537e-02
1.198994974874372019e+03 1.833678933728706717e+00 1.019841721093526533e-02
1.204020100502512605e+03 1.833680267065101566e+00 1.019555102874401820e-02
1.209045226130653191e+03 1.833681582507012520e+00 1.019271538118591419e-02
1.214070351758794004e+03 1.833682880375478552e+00 1.018990979723108196e-02
1.219095477386934817e+03 1.833684160984321743e+00 1.018713381522988980e-02
1.224120603015075403e+03 1.833685424640344230e+00 1.018438698260145520e-02
1.229145728643215989e+03 1.833686671643515176e+00 1.018166885571730740e-02
1.234170854271356802e+03 1.833687902287153282e+00 1.017897899962068482e-02
1.239195979899497615e+03 1.833689116858106205e+00 1.017631698785391274e-02
1.244221105527638429e+03 1.833690315636919754e+00 1.017368240224132518e-02
1.249246231155779014e+03 1.833691498898005090e+00 1.017107483271498768e-02
1.254271356783919600e+03 1.833692666909800151e+00 1.016849387709597465e-02
1.259296482412060413e+03 1.833693819934925306e+00 1.016593914095128767e-02
1.264321608040201227e+03 1.833694958230335903e+00 1.016341023736269493e-02
1.269346733668341813e+03 1.833696082047467479e+00 1.016090678680404286e-02
1.274371859296482398e+03 1.833697191632379875e+00 1.015842841694146632e-02
1.279396984924623212e+03 1.833698287225893564e+00 1.015597476247660606e-02
1.284422110552764025e+03 1.833699369063725992e+00 1.015354546497826589e-02
1.289447236180904611e+03 1.833700437376619252e+00 1.015114017274626641e-02
1.294472361809045196e+03 1.833701492390467758e+00 1.014875854063096786e-02
1.299497487437186010e+03 1.833702534326439482e+00 1.014640022990689720e-02
1.304522613065326823e+03 1.833703563401096304e+00 1.014406490812396269e-02
1.309547738693467409e+03 1.833704579826507919e+00 1.014175224895814270e-02
1.314572864321607994e+03 1.833705583810363748e+00 1.013946193208353948e-02
1.319597989949748808e+03 1.833706575556083296e+00 1.013719364304395409e-02
1.324623115577889621e+03 1.833707555262919398e+00 1.013494707309113736e-02
1.329648241206030207e+03 1.833708523126062584e+00 1.013272191909923153e-02
1.334673366834170793e+03 1.833709479336739667e+00 1.013051788342403045e-02
1.339698492462311606e+03 1.833710424082310775e+00 1.012833467378371037e-02
1.344723618090452419e+03 1.833711357546362830e+00 1.012617200311722969e-02
1.349748743718593005e+03 1.833712279908801701e+00 1.012402958951905650e-02
1.354773869346733591e+03 1.833713191345940574e+00 1.012190715609680158e-02
1.359798994974874404e+03 1.833714092030585219e+00 1.011980443087231660e-02
1.364824120603015217e+03 1.833714982132119475e+00 1.011772114663856900e-02
1.369849246231156030e+03 1.833715861816585635e+00 1.011565704093684084e-02
1.374874371859296616e+03 1.833716731246763043e+00 1.011361185588001595e-02
1.379899497487437202e+03 1.833717590582247148e+00 1.011158533809622395e-02
1.384924623115578015e+03 1.833718439979522330e+00 1.010957723860633588e-02
1.389949748743718828e+03 1.833719279592035845e+00 1.010758731274506543e-02
1.394974874371859414e+03 1.833720109570268431e+00 1.010561532008179796e-02
1.400000000000000000e+03 1.833720930061802701e+00 1.010366102430817863e-02
