4.000000000000000000e+02 1.865093584861100329e+00 7.324673836915069659e-03
4.050251256281406995e+02 1.865122083087503713e+00 7.333279959896710568e-03
4.100502512562813990e+02 1.865149634554841951e+00 7.341358855652770944e-03
4.150753768844220986e+02 1.865176277102574831e+00 7.348946905470037788e-03
4.201005025125627981e+02 1.865202047010162456e+00 7.356077694821014021e-03
4.251256281407034976e+02 1.865226979040582433e+00 7.362782247262855163e-03
4.301507537688441971e+02 1.865251106487140431e+00 7.369089237375254543e-03
4.351758793969848966e+02 1.865274461222528712e+00 7.375025185107408898e-03
4.402010050251256530e+02 1.865297073749288659e+00 7.380614632910981188e-03
4.452261306532663525e+02 1.865318973250980505e+00 7.385880307194458289e-03
4.502512562814070520e+02 1.865340187643502068e+00 7.390843265865826989e-03
4.552763819095477515e+02 1.865360743626105045e+00 7.395523032816916920e-03
4.603015075376884511e+02 1.865380666731750958e+00 7.399937720880054096e-03
4.653266331658291506e+02 1.865399981376526295e+00 7.404104144060133508e-03
4.703517587939698501e+02 1.865418710907897015e+00 7.408037920192827447e-03
4.753768844221105496e+02 1.865436877651643011e+00 7.411753564872485683e-03
4.804020100502512491e+02 1.865454502957349048e+00 7.415264577222680648e-03
4.854271356783919487e+02 1.865471607242367158e+00 7.418583518670188691e-03
4.904522613065327050e+02 1.865488210034199623e+00 7.421722084856728803e-03
4.954773869346734045e+02 1.865504330011270140e+00 7.424691171777255370e-03
5.005025125628141041e+02 1.865519985042071394e+00 7.427500936199092282e-03
5.055276381909548036e+02 1.865535192222698813e+00 7.430160851330045411e-03
5.105527638190955031e+02 1.865549967912780716e+00 7.432679757749156152e-03
5.155778894472362026e+02 1.865564327769841269e+00 7.435065910246786182e-03
5.206030150753769021e+02 1.865578286782125783e+00 7.437327020957435961e-03
5.256281407035176017e+02 1.865591859299929878e+00 7.439470298877575577e-03
5.306532663316583012e+02 1.865605059065482907e+00 7.441502486377019401e-03
5.356783919597990007e+02 1.865617899241427402e+00 7.443429892724369792e-03
5.407035175879397002e+02 1.865630392437951368e+00 7.445258424970870731e-03
5.457286432160803997e+02 1.865642550738622285e+00 7.446993616517748153e-03
5.507537688442210992e+02 1.865654385724974773e+00 7.448640653315749885e-03
5.557788944723617988e+02 1.865665908499906545e+00 7.450204398179439275e-03
5.608040201005024983e+02 1.865677129709934601e+00 7.451689413174147729e-03
5.658291457286431978e+02 1.865688059566357637e+00 7.453099980299702880e-03
5.708542713567838973e+02 1.865698707865383055e+00 7.454440120573752916e-03
5.758793969849245968e+02 1.865709084007260543e+00 7.455713611869017356e-03
5.809045226130654100e+02 1.865719197014471531e+00 7.456924005127412575e-03
5.859296482412059959e+02 1.865729055549021131e+00 7.458074639570774246e-03
5.909547738693468091e+02 1.865738667928875216e+00 7.459168656856268557e-03
5.959798994974873949e+02 1.865748042143585250e+00 7.460209013930383520e-03
6.010050251256282081e+02 1.865757185869141743e+00 7.461198495257440576e-03
6.060301507537687939e+02 1.865766106482094511e+00 7.462139723892037037e-03
6.110552763819096072e+02 1.865774811072977712e+00 7.463035172010302511e-03
6.160804020100503067e+02 1.865783306459072977e+00 7.463887170502253587e-03
6.211055276381910062e+02 1.865791599196548356e+00 7.464697918015749528e-03
6.261306532663317057e+02 1.865799695591999763e+00 7.465469489217192549e-03
6.311557788944724052e+02 1.865807601713430852e+00 7.466203842703147964e-03
6.361809045226131047e+02 1.865815323400696446e+00 7.466902828089422642e-03
6.412060301507538043e+02 1.865822866275438807e+00 7.467568192874675381e-03
6.462311557788945038e+02 1.865830235750543409e+00 7.468201588649240295e-03
6.512562814070352033e+02 1.865837437039136848e+00 7.468804576978009535e-03
6.562814070351759028e+02 1.865844475163152882e+00 7.469378634825095745e-03
6.613065326633166023e+02 1.865851354961489239e+00 7.469925159744584403e-03
6.663316582914573019e+02 1.865858081097771182e+00 7.470445474481838405e-03
6.713567839195980014e+02 1.865864658067750925e+00 7.470940831595837897e-03
6.763819095477387009e+02 1.865871090206351557e+00 7.471412417449500507e-03
6.814070351758794004e+02 1.865877381694382775e+00 7.471861356193070479e-03
6.864321608040200999e+02 1.865883536564938439e+00 7.472288713369740557e-03
6.914572864321607994e+02 1.865889558709496132e+00 7.472695499263101032e-03
6.964824120603016127e+02 1.865895451883733847e+00 7.473082672165285052e-03
7.015075376884421985e+02 1.865901219713073766e+00 7.473451141284039902e-03
7.065326633165830117e+02 1.865906865697974037e+00 7.473801769541781395e-03
7.115577889447235975e+02 1.865912393218974730e+00 7.474135376222463580e-03
7.165829145728644107e+02 1.865917805541514429e+00 7.474452739392371467e-03
7.216080402010049966e+02 1.865923105820527450e+00 7.474754598228863268e-03
7.266331658291458098e+02 1.865928297104832767e+00 7.475041655108823936e-03
7.316582914572863956e+02 1.865933382341325109e+00 7.475314577724464886e-03
7.366834170854272088e+02 1.865938364378978420e+00 7.475574000974189934e-03
7.417085427135677946e+02 1.865943245972670139e+00 7.475820528643622141e-03
7.467336683417086078e+02 1.865948029786836271e+00 7.476054735248273929e-03
7.517587939698491937e+02 1.865952718398963706e+00 7.476277167473665934e-03
7.567839195979900069e+02 1.865957314302931103e+00 7.476488345718007925e-03
7.618090452261307064e+02 1.865961819912201447e+00 7.476688765559344647e-03
7.668341708542714059e+02 1.865966237562876273e+00 7.476878898909721134e-03
7.718592964824121054e+02 1.865970569516619104e+00 7.477059195405899236e-03
7.768844221105528050e+02 1.865974817963449883e+00 7.477230083517008921e-03
7.819095477386935045e+02 1.865978985024422165e+00 7.477391971621650223e-03
7.869346733668342040e+02 1.865983072754185956e+00 7.477545249099088950e-03
7.919597989949749035e+02 1.865987083143438419e+00 7.477690287256420418e-03
7.969849246231156030e+02 1.865991018121277101e+00 7.477827440299662440e-03
8.020100502512563025e+02 1.865994879557447472e+00 7.477957046155793951e-03
8.070351758793970021e+02 1.865998669264502530e+00 7.478079427338830444e-03
8.120603015075377016e+02 1.866002388999867367e+00 7.478194891696656257e-03
8.170854271356784011e+02 1.866006040467822702e+00 7.478303733157430980e-03
8.221105527638192143e+02 1.866009625321404020e+00 7.478406232401388007e-03
8.271356783919598001e+02 1.866013145164223674e+00 7.478502657547126710e-03
8.321608040201006133e+02 1.866016601552217935e+00 7.478593264778204963e-03
8.371859296482411992e+02 1.866019995995325864e+00 7.478678298880376066e-03
8.422110552763820124e+02 1.866023329959096477e+00 7.478757993837945039e-03
8.472361809045225982e+02 1.866026604866234617e+00 7.478832573311125498e-03
8.522613065326634114e+02 1.866029822098083768e+00 7.478902251202257725e-03
8.572864321608039972e+02 1.866032982996049139e+00 7.478967232073373099e-03
8.623115577889448105e+02 1.866036088862967013e+00 7.479027711608129264e-03
8.673366834170853963e+02 1.866039140964417031e+00 7.479083877014190522e-03
8.723618090452262095e+02 1.866042140529985405e+00 7.479135907484852491e-03
8.773869346733667953e+02 1.866045088754478165e+00 7.479183974482393575e-03
8.824120603015076085e+02 1.866047986799087122e+00 7.479228242184595386e-03
8.874371859296483080e+02 1.866050835792510965e+00 7.479268867767867833e-03
8.924623115577890076e+02 1.866053636832034401e+00 7.479306001794176588e-03
8.974874371859297071e+02 1.866056390984563773e+00 7.479339788390073490e-03
9.025125628140704066e+02 1.866059099287626477e+00 7.479370365707668951e-03
9.075376884422111061e+02 1.866061762750329089e+00 7.479397866118345055e-03
9.125628140703518056e+02 1.866064382354282403e+00 7.479422416406395803e-03
9.175879396984925052e+02 1.866066959054490271e+00 7.479444138170423910e-03
9.226130653266332047e+02 1.866069493780205146e+00 7.479463147898108254e-03
9.276381909547739042e+02 1.866071987435753865e+00 7.479479557367492253e-03
9.326633165829146037e+02 1.866074440901329901e+00 7.479493473691969582e-03
9.376884422110553032e+02 1.866076855033759641e+00 7.479504999617569809e-03
9.427135678391960028e+02 1.866079230667237798e+00 7.479514233716302862e-03
9.477386934673367023e+02 1.866081568614039066e+00 7.479521270534932390e-03
9.527638190954774018e+02 1.866083869665200901e+00 7.479526200788254309e-03
9.577889447236181013e+02 1.866086134591184997e+00 7.479529111552335463e-03
9.628140703517588008e+02 1.866088364142511002e+00 7.479530086383519120e-03
9.678391959798995003e+02 1.866090559050372910e+00 7.479529205496771894e-03
9.728643216080401999e+02 1.866092720027227481e+00 7.479526545869794908e-03
9.778894472361808994e+02 1.866094847767367781e+00 7.479522181436174845e-03
9.829145728643217126e+02 1.866096942947471859e+00 7.479516183174612053e-03
9.879396984924624121e+02 1.866099006227135204e+00 7.479508619287189401e-03
9.929648241206031116e+02 1.866101038249383004e+00 7.479499555244044015e-03
9.979899497487438111e+02 1.866103039641165751e+00 7.479489053931918582e-03
1.003015075376884511e+03 1.866105011013837078e+00 7.479477175802706594e-03
1.008040201005025210e+03 1.866106952963614507e+00 7.479463978903236679e-03
1.013065326633165910e+03 1.866108866072027084e+00 7.479449519053482480e-03
1.018090452261306609e+03 1.866110750906343929e+00 7.479433849861482145e-03
1.023115577889447309e+03 1.866112608019991903e+00 7.479417022842153005e-03
1.028140703517588008e+03 1.866114437952956395e+00 7.479399087565795183e-03
1.033165829145728821e+03 1.866116241232171014e+00 7.479380091628451237e-03
1.038190954773869407e+03 1.866118018371892173e+00 7.479360080844921904e-03
1.043216080402009993e+03 1.866119769874062584e+00 7.479339099204280854e-03
1.048241206030150806e+03 1.866121496228661858e+00 7.479317189048028183e-03
1.053266331658291620e+03 1.866123197914046683e+00 7.479294391084970010e-03
1.058291457286432205e+03 1.866124875397278782e+00 7.479270744465462036e-03
1.063316582914572791e+03 1.866126529134441991e+00 7.479246286870498001e-03
1.068341708542713604e+03 1.866128159570950018e+00 7.479221054467192348e-03
1.073366834170854418e+03 1.866129767141844420e+00 7.479195082161146924e-03
1.078391959798995003e+03 1.866131352272080379e+00 7.479168403448022834e-03
1.083417085427135589e+03 1.866132915376807588e+00 7.479141050576833434e-03
1.088442211055276402e+03 1.866134456861637814e+00 7.479113054579641928e-03
1.093467336683417216e+03 1.866135977122906908e+00 7.479084445316102128e-03
1.098492462311557802e+03 1.866137476547927943e+00 7.479055251547678598e-03
1.103517587939698387e+03 1.866138955515234787e+00 7.479025500907962067e-03
1.108542713567839201e+03 1.866140414394820146e+00 7.478995220021425992e-03
1.113567839195980014e+03 1.866141853548365148e+00 7.478964434503425698e-03
1.118592964824120827e+03 1.866143273329461172e+00 7.478933169004727856e-03
1.123618090452261413e+03 1.866144674083826338e+00 7.478901447270887466e-03
1.128643216080401999e+03 1.866146056149513788e+00 7.478869292127396894e-03
1.133668341708542812e+03 1.866147419857114853e+00 7.478836725583598403e-03
1.138693467336683625e+03 1.866148765529954678e+00 7.478803768802984829e-03
1.143718592964824211e+03 1.866150093484283845e+00 7.478770442177417113e-03
1.148743718592964797e+03 1.866151404029461114e+00 7.478736765312278545e-03
1.153768844221105610e+03 1.866152697468134170e+00 7.478702757115530259e-03
1.158793969849246423e+03 1.866153974096412371e+00 7.478668435782863735e-03
1.163819095477387009e+03 1.866155234204035063e+00 7.478633818797688661e-03
1.168844221105527595e+03 1.866156478074535219e+00 7.478598923049892093e-03
1.173869346733668408e+03 1.866157705985398430e+00 7.478563764761598370e-03
1.178894472361809221e+03 1.866158918208216111e+00 7.478528359561387520e-03
1.183919597989949807e+03 1.866160115008834275e+00 7.478492722499138420e-03
1.188944723618090393e+03 1.866161296647500745e+00 7.478456868075701244e-03
1.193969849246231206e+03 1.866162463379002601e+00 7.478420810257744092e-03
1.198994974874372019e+03 1.866163615452805846e+00 7.478384562448044982e-03
1.204020100502512605e+03 1.866164753113185748e+00 7.478348137604252759e-03
1.209045226130653191e+03 1.866165876599356732e+00 7.478311548179496226e-03
1.214070351758794004e+03 1.866166986145597839e+00 7.478274806181754199e-03
1.219095477386934817e+03 1.866168081981372850e+00 7.478237923129313867e-03
1.224120603015075403e+03 1.866169164331449748e+00 7.478200910139835844e-03
1.229145728643215989e+03 1.866170233416014179e+00 7.478163777930346354e-03
1.234170854271356802e+03 1.866171289450782478e+00 7.478126536817227693e-03
1.239195979899497615e+03 1.866172332647108245e+00 7.478089196671673135e-03
1.244221105527638429e+03 1.866173363212088487e+00 7.478051767068141960e-03
1.249246231155779014e+03 1.866174381348666200e+00 7.478014257210115895e-03
1.254271356783919600e+03 1.866175387255728957e+00 7.477976675930098245e-03
1.259296482412060413e+03 1.866176381128206385e+00 7.477939031734138174e-03
1.264321608040201227e+03 1.866177363157163649e+00 7.477901332831521364e-03
1.269346733668341813e+03 1.866178333529893152e+00 7.477863587090222315e-03
1.274371859296482398e+03 1.866179292430003800e+00 7.477825802111127962e-03
1.279396984924623212e+03 1.866180240037506488e+00 7.477787985183494308e-03
1.284422110552764025e+03 1.866181176528899366e+00 7.477750143344322545e-03
1.289447236180904611e+03 1.866182102077248883e+00 7.477712283348663183e-03
1.294472361809045196e+03 1.866183016852269505e+00 7.477674411669606516e-03
1.299497487437186010e+03 1.866183921020402092e+00 7.477636534572512303e-03
1.304522613065326823e+03 1.866184814744888287e+00 7.477598658100157933e-03
1.309547738693467409e+03 1.866185698185844011e+00 7.477560787983646498e-03
1.314572864321607994e+03 1.866186571500331626e+00 7.477522929805724937e-03
1.319597989949748808e+03 1.866187434842428772e+00 7.477485088911691238e-03
1.324623115577889621e+03 1.866188288363296310e+00 7.477447270424235869e-03
1.329648241206030207e+03 1.866189132211244495e+00 7.477409479287981664e-03
1.334673366834170793e+03 1.866189966531797362e+00 7.477371720224935264e-03
1.339698492462311606e+03 1.866190791467753352e+00 7.477333997808718533e-03
1.344723618090452419e+03 1.866191607159249477e+00 7.477296316420022591e-03
1.349748743718593005e+03 1.866192413743817502e+00 7.477258680246602618e-03
1.354773869346733591e+03 1.866193211356444337e+00 7.477221093312968504e-03
1.359798994974874404e+03 1.866194000129625774e+00 7.477183559510076384e-03
1.364824120603015217e+03 1.866194780193423997e+00 7.477146082535933436e-03
1.369849246231156030e+03 1.866195551675518649e+00 7.477108665969832771e-03
1.374874371859296616e+03 1.866196314701260128e+00 7.477071313212956503e-03
1.379899497487437202e+03 1.866197069393720431e+00 7.477034027577464208e-03
1.384924623115578015e+03 1.866197815873742449e+00 7.476996812167699923e-03
1.389949748743718828e+03 1.866198554259987485e+00 7.476959670013823972e-03
1.394974874371859414e+03 1.866199284668983882e+00 7.476922604012417768e-03
1.400000000000000000e+03 1.866200007215170986e+00 7.476885616911629374e-03
