4.000000000000000000e+02 1.859934922351932363e+00 8.435526487829822159e-03
4.050251256281406995e+02 1.859966507790971724e+00 8.444231520891007370e-03
4.100502512562813990e+02 1.859997030462362311e+00 8.452387637957034863e-03
4.150753768844220986e+02 1.860026533863920140e+00 8.460033302762898569e-03
4.201005025125627981e+02 1.860055059602222505e+00 8.467203982691823283e-03
4.251256281407034976e+02 1.860082647457946381e+00 8.473932403294920021e-03
4.301507537688441971e+02 1.860109335452992063e+00 8.480248779825391020e-03
4.351758793969848966e+02 1.860135159918456349e+00 8.486181027917417269e-03
4.402010050251256530e+02 1.860160155562684547e+00 8.491754955226818447e-03
4.452261306532663525e+02 1.860184355538809786e+00 8.496994436105506643e-03
4.502512562814070520e+02 1.860207791511290010e+00 8.501921570487579877e-03
4.552763819095477515e+02 1.860230493721080069e+00 8.506556828971258144e-03
4.603015075376884511e+02 1.860252491049151580e+00 8.510919184858413769e-03
4.653266331658291506e+02 1.860273811078153816e+00 8.515026234830662052e-03
4.703517587939698501e+02 1.860294480152060448e+00 8.518894308971397891e-03
4.753768844221105496e+02 1.860314523433703959e+00 8.522538571303849356e-03
4.804020100502512491e+02 1.860333964960132924e+00 8.525973111723681580e-03
4.854271356783919487e+02 1.860352827695761491e+00 8.529211029944704786e-03
4.904522613065327050e+02 1.860371133583308412e+00 8.532264512419248867e-03
4.954773869346734045e+02 1.860388903592541388e+00 8.535144902746203896e-03
5.005025125628141041e+02 1.860406157766854029e+00 8.537862766038283382e-03
5.055276381909548036e+02 1.860422915267730071e+00 8.540427948187923751e-03
5.105527638190955031e+02 1.860439194417139230e+00 8.542849629879950210e-03
5.155778894472362026e+02 1.860455012737932456e+00 8.545136376503191522e-03
5.206030150753769021e+02 1.860470386992300718e+00 8.547296183687257479e-03
5.256281407035176017e+02 1.860485333218369730e+00 8.549336519431719253e-03
5.306532663316583012e+02 1.860499866764999455e+00 8.551264362567038285e-03
5.356783919597990007e+02 1.860514002324866745e+00 8.553086238294966767e-03
5.407035175879397002e+02 1.860527753965898645e+00 8.554808250914792966e-03
5.457286432160803997e+02 1.860541135161135395e+00 8.556436113851255409e-03
5.507537688442210992e+02 1.860554158817091963e+00 8.557975177485892954e-03
5.557788944723617988e+02 1.860566837300686283e+00 8.559430454654780654e-03
5.608040201005024983e+02 1.860579182464808357e+00 8.560806644322018280e-03
5.658291457286431978e+02 1.860591205672592618e+00 8.562108153352170070e-03
5.708542713567838973e+02 1.860602917820457725e+00 8.563339116614589186e-03
5.758793969849245968e+02 1.860614329359979502e+00 8.564503415663683381e-03
5.809045226130654100e+02 1.860625450318649454e+00 8.565604695887815354e-03
5.859296482412059959e+02 1.860636290319584107e+00 8.566646382472085930e-03
5.909547738693468091e+02 1.860646858600232045e+00 8.567631695130282360e-03
5.959798994974873949e+02 1.860657164030136812e+00 8.568563661780714824e-03
6.010050251256282081e+02 1.860667215127799423e+00 8.569445131210308431e-03
6.060301507537687939e+02 1.860677020076692001e+00 8.570278784796525259e-03
6.110552763819096072e+02 1.860686586740465831e+00 8.571067147459738786e-03
6.160804020100503067e+02 1.860695922677395142e+00 8.571812597694307076e-03
6.211055276381910062e+02 1.860705035154099241e+00 8.572517377070215314e-03
6.261306532663317057e+02 1.860713931158578305e+00 8.573183598897205979e-03
6.311557788944724052e+02 1.860722617412605029e+00 8.573813256364842122e-03
6.361809045226131047e+02 1.860731100383496317e+00 8.574408230108828202e-03
6.412060301507538043e+02 1.860739386295309439e+00 8.574970295231474152e-03
6.462311557788945038e+02 1.860747481139483961e+00 8.575501127881596936e-03
6.512562814070352033e+02 1.860755390684964317e+00 8.576002311304745107e-03
6.562814070351759028e+02 1.860763120487826550e+00 8.576475341572237579e-03
6.613065326633166023e+02 1.860770675900440985e+00 8.576921632912520507e-03
6.663316582914573019e+02 1.860778062080186146e+00 8.577342522555252494e-03
6.713567839195980014e+02 1.860785283997748563e+00 8.577739275503334579e-03
6.763819095477387009e+02 1.860792346445021339e+00 8.578113088702914862e-03
6.814070351758794004e+02 1.860799254042625472e+00 8.578465095194630352e-03
6.864321608040200999e+02 1.860806011247077452e+00 8.578796367793671898e-03
6.914572864321607994e+02 1.860812622357612467e+00 8.579107922674616277e-03
6.964824120603016127e+02 1.860819091522692315e+00 8.579400722628549927e-03
7.015075376884421985e+02 1.860825422746203106e+00 8.579675680174134178e-03
7.065326633165830117e+02 1.860831619893368760e+00 8.579933660458298819e-03
7.115577889447235975e+02 1.860837686696387161e+00 8.580175483908110412e-03
7.165829145728644107e+02 1.860843626759807412e+00 8.580401928879979531e-03
7.216080402010049966e+02 1.860849443565660843e+00 8.580613733879503130e-03
7.266331658291458098e+02 1.860855140478355541e+00 8.580811599934455233e-03
7.316582914572863956e+02 1.860860720749350827e+00 8.580996192642379936e-03
7.366834170854272088e+02 1.860866187521618809e+00 8.581168144074193677e-03
7.417085427135677946e+02 1.860871543833905628e+00 8.581328054740921044e-03
7.467336683417086078e+02 1.860876792624801768e+00 8.581476495209751018e-03
7.517587939698491937e+02 1.860881936736631825e+00 8.581614007822365581e-03
7.567839195979900069e+02 1.860886978919170875e+00 8.581741108166358184e-03
7.618090452261307064e+02 1.860891921833197626e+00 8.581858286532713723e-03
7.668341708542714059e+02 1.860896768053892814e+00 8.581966009320667402e-03
7.718592964824121054e+02 1.860901520074086157e+00 8.582064720234771488e-03
7.768844221105528050e+02 1.860906180307366986e+00 8.582154841520051383e-03
7.819095477386935045e+02 1.860910751091056303e+00 8.582236775118916999e-03
7.869346733668342040e+02 1.860915234689054509e+00 8.582310903698106910e-03
7.919597989949749035e+02 1.860919633294564779e+00 8.582377591675138112e-03
7.969849246231156030e+02 1.860923949032702973e+00 8.582437186153717493e-03
8.020100502512563025e+02 1.860928183962996529e+00 8.582490017845815014e-03
8.070351758793970021e+02 1.860932340081776326e+00 8.582536401863988251e-03
8.120603015075377016e+02 1.860936419324471736e+00 8.582576638552176160e-03
8.170854271356784011e+02 1.860940423567808422e+00 8.582611014238584676e-03
8.221105527638192143e+02 1.860944354631913988e+00 8.582639801936539289e-03
8.271356783919598001e+02 1.860948214282340141e+00 8.582663261993361825e-03
8.321608040201006133e+02 1.860952004231998469e+00 8.582681642764895119e-03
8.371859296482411992e+02 1.860955726143019628e+00 8.582695181186331124e-03
8.422110552763820124e+02 1.860959381628536580e+00 8.582704103355816988e-03
8.472361809045225982e+02 1.860962972254394776e+00 8.582708625027333366e-03
8.522613065326634114e+02 1.860966499540795516e+00 8.582708952155175541e-03
8.572864321608039972e+02 1.860969964963873347e+00 8.582705281412439727e-03
8.623115577889448105e+02 1.860973369957208190e+00 8.582697800541227301e-03
8.673366834170853963e+02 1.860976715913282176e+00 8.582686688870893449e-03
8.723618090452262095e+02 1.860980004184875192e+00 8.582672117655129954e-03
8.773869346733667953e+02 1.860983236086408477e+00 8.582654250564168696e-03
8.824120603015076085e+02 1.860986412895233366e+00 8.582633243918200844e-03
8.874371859296483080e+02 1.860989535852874077e+00 8.582609247101840450e-03
8.924623115577890076e+02 1.860992606166218089e+00 8.582582402939702496e-03
8.974874371859297071e+02 1.860995625008663445e+00 8.582552847890839373e-03
9.025125628140704066e+02 1.860998593521222988e+00 8.582520712450089975e-03
9.075376884422111061e+02 1.861001512813583725e+00 8.582486121381233471e-03
9.125628140703518056e+02 1.861004383965129572e+00 8.582449193988898536e-03
9.175879396984925052e+02 1.861007208025922788e+00 8.582410044338703234e-03
9.226130653266332047e+02 1.861009986017651441e+00 8.582368781593779222e-03
9.276381909547739042e+02 1.861012718934539345e+00 8.582325510131362523e-03
9.326633165829146037e+02 1.861015407744222916e+00 8.582280329814596931e-03
9.376884422110553032e+02 1.861018053388596494e+00 8.582233336212552466e-03
9.427135678391960028e+02 1.861020656784625915e+00 8.582184620742635758e-03
9.477386934673367023e+02 1.861023218825133441e+00 8.582134270916438532e-03
9.527638190954774018e+02 1.861025740379551818e+00 8.582082370495057802e-03
9.577889447236181013e+02 1.861028222294654144e+00 8.582028999631424737e-03
9.628140703517588008e+02 1.861030665395255301e+00 8.581974235051461827e-03
9.678391959798995003e+02 1.861033070484889862e+00 8.581918150209342372e-03
9.728643216080401999e+02 1.861035438346462900e+00 8.581860815442744761e-03
9.778894472361808994e+02 1.861037769742883485e+00 8.581802298076353017e-03
9.829145728643217126e+02 1.861040065417668199e+00 8.581742662590027826e-03
9.879396984924624121e+02 1.861042326095530441e+00 8.581681970722301878e-03
9.929648241206031116e+02 1.861044552482945091e+00 8.581620281625601185e-03
9.979899497487438111e+02 1.861046745268694069e+00 8.581557651879168774e-03
1.003015075376884511e+03 1.861048905124395025e+00 8.581494135747777877e-03
1.008040201005025210e+03 1.861051032705009378e+00 8.581429785181709374e-03
1.013065326633165910e+03 1.861053128649333921e+00 8.581364649920219384e-03
1.018090452261306609e+03 1.861055193580475775e+00 8.581298777620878504e-03
1.023115577889447309e+03 1.861057228106311801e+00 8.581232213924224958e-03
1.028140703517588008e+03 1.861059232819930909e+00 8.581165002583103843e-03
1.033165829145728821e+03 1.861061208300062830e+00 8.581097185475566533e-03
1.038190954773869407e+03 1.861063155111492229e+00 8.581028802734209926e-03
1.043216080402009993e+03 1.861065073805457715e+00 8.580959892797883348e-03
1.048241206030150806e+03 1.861066964920040201e+00 8.580890492489280999e-03
1.053266331658291620e+03 1.861068828980536605e+00 8.580820637092530928e-03
1.058291457286432205e+03 1.861070666499820891e+00 8.580750360417836037e-03
1.063316582914572791e+03 1.861072477978694684e+00 8.580679694814378686e-03
1.068341708542713604e+03 1.861074263906225212e+00 8.580608671312595775e-03
1.073366834170854418e+03 1.861076024760074166e+00 8.580537319611204750e-03
1.078391959798995003e+03 1.861077761006812548e+00 8.580465668180669442e-03
1.083417085427135589e+03 1.861079473102229986e+00 8.580393744263160177e-03
1.088442211055276402e+03 1.861081161491628722e+00 8.580321573976023089e-03
1.093467336683417216e+03 1.861082826610114038e+00 8.580249182311741954e-03
1.098492462311557802e+03 1.861084468882870269e+00 8.580176593241416183e-03
1.103517587939698387e+03 1.861086088725432353e+00 8.580103829662960244e-03
1.108542713567839201e+03 1.861087686543944519e+00 8.580030913569279896e-03
1.113567839195980014e+03 1.861089262735415861e+00 8.579957865970601685e-03
1.118592964824120827e+03 1.861090817687963028e+00 8.579884706997952665e-03
1.123618090452261413e+03 1.861092351781049148e+00 8.579811455941943610e-03
1.128643216080401999e+03 1.861093865385713197e+00 8.579738131213918151e-03
1.133668341708542812e+03 1.861095358864792715e+00 8.579664750488255609e-03
1.138693467336683625e+03 1.861096832573141180e+00 8.579591330689405673e-03
1.143718592964824211e+03 1.861098286857835626e+00 8.579517887953028860e-03
1.148743718592964797e+03 1.861099722058381589e+00 8.579444437742434620e-03
1.153768844221105610e+03 1.861101138506909392e+00 8.579370994887371496e-03
1.158793969849246423e+03 1.861102536528364881e+00 8.579297573506354871e-03
1.163819095477387009e+03 1.861103916440695283e+00 8.579224187148987157e-03
1.168844221105527595e+03 1.861105278555028386e+00 8.579150848757112133e-03
1.173869346733668408e+03 1.861106623175847741e+00 8.579077570703606825e-03
1.178894472361809221e+03 1.861107950601162297e+00 8.579004364792358964e-03
1.183919597989949807e+03 1.861109261122668279e+00 8.578931242310005104e-03
1.188944723618090393e+03 1.861110555025912161e+00 8.578858214077675695e-03
1.193969849246231206e+03 1.861111832590441884e+00 8.578785290373326308e-03
1.198994974874372019e+03 1.861113094089960063e+00 8.578712481035241644e-03
1.204020100502512605e+03 1.861114339792468098e+00 8.578639795449075414e-03
1.209045226130653191e+03 1.861115569960408500e+00 8.578567242573715071e-03
1.214070351758794004e+03 1.861116784850802119e+00 8.578494830967146531e-03
1.219095477386934817e+03 1.861117984715382256e+00 8.578422568747605045e-03
1.224120603015075403e+03 1.861119169800724338e+00 8.578350463697100026e-03
1.229145728643215989e+03 1.861120340348371371e+00 8.578278523209624876e-03
1.234170854271356802e+03 1.861121496594957625e+00 8.578206754329966224e-03
1.239195979899497615e+03 1.861122638772327198e+00 8.578135163766634555e-03
1.244221105527638429e+03 1.861123767107649041e+00 8.578063757891845123e-03
1.249246231155779014e+03 1.861124881823530863e+00 8.577992542780332394e-03
1.254271356783919600e+03 1.861125983138127049e+00 8.577921524183448887e-03
1.259296482412060413e+03 1.861127071265246569e+00 8.577850707606809663e-03
1.264321608040201227e+03 1.861128146414453788e+00 8.577780098232623551e-03
1.269346733668341813e+03 1.861129208791172607e+00 8.577709700997335901e-03
1.274371859296482398e+03 1.861130258596780829e+00 8.577639520578671933e-03
1.279396984924623212e+03 1.861131296028706972e+00 8.577569561408574308e-03
1.284422110552764025e+03 1.861132321280522639e+00 8.577499827673182309e-03
1.289447236180904611e+03 1.861133334542032003e+00 8.577430323364606396e-03
1.294472361809045196e+03 1.861134335999359957e+00 8.577361052203249028e-03
1.299497487437186010e+03 1.861135325835036269e+00 8.577292017715457823e-03
1.304522613065326823e+03 1.861136304228079519e+00 8.577223223285293172e-03
1.309547738693467409e+03 1.861137271354077471e+00 8.577154672012135203e-03
1.314572864321607994e+03 1.861138227385265242e+00 8.577086366866007450e-03
1.319597989949748808e+03 1.861139172490601901e+00 8.577018310622835234e-03
1.324623115577889621e+03 1.861140106835845520e+00 8.576950505877400585e-03
1.329648241206030207e+03 1.861141030583624456e+00 8.576882955095094241e-03
1.334673366834170793e+03 1.861141943893508621e+00 8.576815660508366537e-03
1.339698492462311606e+03 1.861142846922078320e+00 8.576748624284990380e-03
1.344723618090452419e+03 1.861143739822990417e+00 8.576681848385669937e-03
1.349748743718593005e+03 1.861144622747044508e+00 8.576615334641697272e-03
1.354773869346733591e+03 1.861145495842245756e+00 8.576549084767893377e-03
1.359798994974874404e+03 1.861146359253866400e+00 8.576483100323769454e-03
1.364824120603015217e+03 1.861147213124507260e+00 8.576417382791192215e-03
1.369849246231156030e+03 1.861148057594154803e+00 8.576351933444921471e-03
1.374874371859296616e+03 1.861148892800239762e+00 8.576286753533841900e-03
1.379899497487437202e+03 1.861149718877692427e+00 8.576221844151509302e-03
1.384924623115578015e+03 1.861150535958996155e+00 8.576157206287919957e-03
1.389949748743718828e+03 1.861151344174242439e+00 8.576092840829510622e-03
1.394974874371859414e+03 1.861152143651179980e+00 8.576028748585047545e-03
1.400000000000000000e+03 1.861152934515266866e+00 8.575964930246777335e-03
