4.000000000000000000e+02 1.821936706034170017e+00 1.338960946011039273e-02
4.050251256281406995e+02 1.822004705566879545e+00 1.334127582116044139e-02
4.100502512562813990e+02 1.822071274699045951e+00 1.328762664790805390e-02
4.150753768844220986e+02 1.822136522982573448e+00 1.322837967576277578e-02
4.201005025125627981e+02 1.822200557821357592e+00 1.316321475942633726e-02
4.251256281407034976e+02 1.822263484010891110e+00 1.309177319816581114e-02
4.301507537688441971e+02 1.822325403033026481e+00 1.301365794681721283e-02
4.351758793969848966e+02 1.822386412019532775e+00 1.292843524721430833e-02
4.402010050251256530e+02 1.822446602277383976e+00 1.283563842228789380e-02
4.452261306532663525e+02 1.822506057246880307e+00 1.273477484227062730e-02
4.502512562814070520e+02 1.822564849744463755e+00 1.262533739814876779e-02
4.552763819095477515e+02 1.822623038332821466e+00 1.250682218552633465e-02
4.603015075376884511e+02 1.822680662674505792e+00 1.237875446172963072e-02
4.653266331658291506e+02 1.822737737782596401e+00 1.224072517804298404e-02
4.703517587939698501e+02 1.822794247212879970e+00 1.209244030166247742e-02
4.753768844221105496e+02 1.822850135483968348e+00 1.193378439306124611e-02
4.804020100502512491e+02 1.822905300399412676e+00 1.176489802678206548e-02
4.854271356783919487e+02 1.822959586486494254e+00 1.158626512550238810e-02
4.904522613065327050e+02 1.823012781395354276e+00 1.139880082895199966e-02
4.954773869346734045e+02 1.823064617626223738e+00 1.120392360111983898e-02
5.005025125628141041e+02 1.823114782018184332e+00 1.100358878188489702e-02
5.055276381909548036e+02 1.823162934596714413e+00 1.080025840464322526e-02
5.105527638190955031e+02 1.823208736356191073e+00 1.059678844295328624e-02
5.155778894472362026e+02 1.823251882615863240e+00 1.039623239968553992e-02
5.206030150753769021e+02 1.823292135799213565e+00 1.020158616597705882e-02
5.256281407035176017e+02 1.823329350384133907e+00 1.001552291746510455e-02
5.306532663316583012e+02 1.823363484382682476e+00 9.840175353798715635e-03
5.356783919597990007e+02 1.823394595602287893e+00 9.677009223534371873e-03
5.407035175879397002e+02 1.823422825293526284e+00 9.526802773333160543e-03
5.457286432160803997e+02 1.823448374610435074e+00 9.389716300029025270e-03
5.507537688442210992e+02 1.823471479726941569e+00 9.265417506906530390e-03
5.557788944723617988e+02 1.823492389987534157e+00 9.153225815359032971e-03
5.608040201005024983e+02 1.823511351310256101e+00 9.052247550585522731e-03
5.658291457286431978e+02 1.823528595200652358e+00 8.961486497294364820e-03
5.708542713567838973e+02 1.823544332603873608e+00 8.879925136314118297e-03
5.758793969849245968e+02 1.823558751380770282e+00 8.806578722169351031e-03
5.809045226130654100e+02 1.823572016204394242e+00 8.740527482916230981e-03
5.859296482412059959e+02 1.823584269896169507e+00 8.680932829247820295e-03
5.909547738693468091e+02 1.823595635494639655e+00 8.627042765288526691e-03
5.959798994974873949e+02 1.823606218592793038e+00 8.578190543999624287e-03
6.010050251256282081e+02 1.823616109665163521e+00 8.533789462999392256e-03
6.060301507537687939e+02 1.823625386233909351e+00 8.493325748348989901e-03
6.110552763819096072e+02 1.823634114805147588e+00 8.456350762108049909e-03
6.160804020100503067e+02 1.823642352555977286e+00 8.422473271801678152e-03
6.211055276381910062e+02 1.823650148779878188e+00 8.391352189221684688e-03
6.261306532663317057e+02 1.823657546111647099e+00 8.362689974347088662e-03
6.311557788944724052e+02 1.823664581558326114e+00 8.336226771608709618e-03
6.361809045226131047e+02 1.823671287363274107e+00 8.311735271937400332e-03
6.412060301507538043e+02 1.823677691728856409e+00 8.289016253558729314e-03
6.462311557788945038e+02 1.823683819420492069e+00 8.267894736403224448e-03
6.512562814070352033e+02 1.823689692271755147e+00 8.248216678988541661e-03
6.562814070351759028e+02 1.823695329607259108e+00 8.229846148175712015e-03
6.613065326633166023e+02 1.823700748597346877e+00 8.212662896478662919e-03
6.663316582914573019e+02 1.823705964556261661e+00 8.196560289123020968e-03
6.713567839195980014e+02 1.823710991193444819e+00 8.181443529241244628e-03
6.763819095477387009e+02 1.823715840825925971e+00 8.167228137068299754e-03
6.814070351758794004e+02 1.823720524558360090e+00 8.153838644937901753e-03
6.864321608040200999e+02 1.823725052436106386e+00 8.141207475602520172e-03
6.914572864321607994e+02 1.823729433575798531e+00 8.129273976546020491e-03
6.964824120603016127e+02 1.823733676277061955e+00 8.117983586579159000e-03
7.015075376884421985e+02 1.823737788118410919e+00 8.107287115558914348e-03
7.065326633165830117e+02 1.823741776039820017e+00 8.097140120035746166e-03
7.115577889447235975e+02 1.823745646414050903e+00 8.087502361254552199e-03
7.165829145728644107e+02 1.823749405108454624e+00 8.078337333373184631e-03
7.216080402010049966e+02 1.823753057538683775e+00 8.069611851887306328e-03
7.266331658291458098e+02 1.823756608715519922e+00 8.061295693902443757e-03
7.316582914572863956e+02 1.823760063285812416e+00 8.053361282869054769e-03
7.366834170854272088e+02 1.823763425568379670e+00 8.045783411845489064e-03
7.417085427135677946e+02 1.823766699585578133e+00 8.038538999805996260e-03
7.467336683417086078e+02 1.823769889091140461e+00 8.031606876938837680e-03
7.517587939698491937e+02 1.823772997594791168e+00 8.024967594669848991e-03
7.567839195979900069e+02 1.823776028384068271e+00 8.018603257686274244e-03
7.618090452261307064e+02 1.823778984543722004e+00 8.012497374654627136e-03
7.668341708542714059e+02 1.823781868973000098e+00 8.006634725709118119e-03
7.718592964824121054e+02 1.823784684401086986e+00 8.001001244177500041e-03
7.768844221105528050e+02 1.823787433400932523e+00 7.995583911308215205e-03
7.819095477386935045e+02 1.823790118401661831e+00 7.990370661879081168e-03
7.869346733668342040e+02 1.823792741699738817e+00 7.985350299839290983e-03
7.919597989949749035e+02 1.823795305469032568e+00 7.980512422569632433e-03
7.969849246231156030e+02 1.823797811769912292e+00 7.975847352767604509e-03
8.020100502512563025e+02 1.823800262557482066e+00 7.971346077210129596e-03
8.070351758793970021e+02 1.823802659689051753e+00 7.967000191464287256e-03
8.120603015075377016e+02 1.823805004930931117e+00 7.962801849937284002e-03
8.170854271356784011e+02 1.823807299964616657e+00 7.958743720869205368e-03
8.221105527638192143e+02 1.823809546392436642e+00 7.954818945319261023e-03
8.271356783919598001e+02 1.823811745742715429e+00 7.951021100150041862e-03
8.321608040201006133e+02 1.823813899474500344e+00 7.947344164324821394e-03
8.371859296482411992e+02 1.823816008981900882e+00 7.943782488245466553e-03
8.422110552763820124e+02 1.823818075598073074e+00 7.940330765839911237e-03
8.472361809045225982e+02 1.823820100598892546e+00 7.936984009118080649e-03
8.522613065326634114e+02 1.823822085206335819e+00 7.933737524883537409e-03
8.572864321608039972e+02 1.823824030591605361e+00 7.930586893522868427e-03
8.623115577889448105e+02 1.823825937878019277e+00 7.927527949456458084e-03
8.673366834170853963e+02 1.823827808143686946e+00 7.924556763377797741e-03
8.723618090452262095e+02 1.823829642423991038e+00 7.921669625860765229e-03
8.773869346733667953e+02 1.823831441713891888e+00 7.918863032276381164e-03
8.824120603015076085e+02 1.823833206970072451e+00 7.916133668987336558e-03
8.874371859296483080e+02 1.823834939112931597e+00 7.913478400619207778e-03
8.924623115577890076e+02 1.823836639028446616e+00 7.910894258318200076e-03
8.974874371859297071e+02 1.823838307569910500e+00 7.908378428890232986e-03
9.025125628140704066e+02 1.823839945559553088e+00 7.905928244855770642e-03
9.075376884422111061e+02 1.823841553790061409e+00 7.903541175117172538e-03
9.125628140703518056e+02 1.823843133026001206e+00 7.901214816496188523e-03
9.175879396984925052e+02 1.823844684005151873e+00 7.898946885752882938e-03
9.226130653266332047e+02 1.823846207439756117e+00 7.896735212230238804e-03
9.276381909547739042e+02 1.823847704017698357e+00 7.894577731071814042e-03
9.326633165829146037e+02 1.823849174403610052e+00 7.892472476875054405e-03
9.376884422110553032e+02 1.823850619239911097e+00 7.890417577797027501e-03
9.427135678391960028e+02 1.823852039147791926e+00 7.888411250129224311e-03
9.477386934673367023e+02 1.823853434728136991e+00 7.886451793118561329e-03
9.527638190954774018e+02 1.823854806562401176e+00 7.884537584275756739e-03
9.577889447236181013e+02 1.823856155213432917e+00 7.882667074933734017e-03
9.628140703517588008e+02 1.823857481226254906e+00 7.880838786113933750e-03
9.678391959798995003e+02 1.823858785128804172e+00 7.879051304687944776e-03
9.728643216080401999e+02 1.823860067432629295e+00 7.877303279737183500e-03
9.778894472361808994e+02 1.823861328633553658e+00 7.875593419139939946e-03
9.829145728643217126e+02 1.823862569212304940e+00 7.873920486570174307e-03
9.879396984924624121e+02 1.823863789635110200e+00 7.872283298359343193e-03
9.929648241206031116e+02 1.823864990354263860e+00 7.870680720814104275e-03
9.979899497487438111e+02 1.823866171808664172e+00 7.869111667610152738e-03
1.003015075376884511e+03 1.823867334424327691e+00 7.867575097347499768e-03
1.008040201005025210e+03 1.823868478614874000e+00 7.866070011281948646e-03
1.013065326633165910e+03 1.823869604781991116e+00 7.864595451092261033e-03
1.018090452261306609e+03 1.823870713315876912e+00 7.863150496965839314e-03
1.023115577889447309e+03 1.823871804595659896e+00 7.861734265580002864e-03
1.028140703517588008e+03 1.823872878989802659e+00 7.860345908459269101e-03
1.033165829145728821e+03 1.823873936856483358e+00 7.858984610101961421e-03
1.038190954773869407e+03 1.823874978543962966e+00 7.857649586554287316e-03
1.043216080402009993e+03 1.823876004390934558e+00 7.856340083782643868e-03
1.048241206030150806e+03 1.823877014726858370e+00 7.855055376381207127e-03
1.053266331658291620e+03 1.823878009872281103e+00 7.853794766092332680e-03
1.058291457286432205e+03 1.823878990139140788e+00 7.852557580677044236e-03
1.063316582914572791e+03 1.823879955831061883e+00 7.851343172627053488e-03
1.068341708542713604e+03 1.823880907243632832e+00 7.850150918100188072e-03
1.073366834170854418e+03 1.823881844664676954e+00 7.848980215810834674e-03
1.078391959798995003e+03 1.823882768374508689e+00 7.847830486059394206e-03
1.083417085427135589e+03 1.823883678646181172e+00 7.846701169717090404e-03
1.088442211055276402e+03 1.823884575745721603e+00 7.845591727364273696e-03
1.093467336683417216e+03 1.823885459932360398e+00 7.844501638455155315e-03
1.098492462311557802e+03 1.823886331458748122e+00 7.843430400409955386e-03
1.103517587939698387e+03 1.823887190571164663e+00 7.842377527960110728e-03
1.108542713567839201e+03 1.823888037509721727e+00 7.841342552336273350e-03
1.113567839195980014e+03 1.823888872508555137e+00 7.840325020582203028e-03
1.118592964824120827e+03 1.823889695796011567e+00 7.839324494909805791e-03
1.123618090452261413e+03 1.823890507594826627e+00 7.838340552067050993e-03
1.128643216080401999e+03 1.823891308122297161e+00 7.837372782761364842e-03
1.133668341708542812e+03 1.823892097590447570e+00 7.836420791039418188e-03
1.138693467336683625e+03 1.823892876206188118e+00 7.835484193750840223e-03
1.143718592964824211e+03 1.823893644171468820e+00 7.834562620124328400e-03
1.148743718592964797e+03 1.823894401683427757e+00 7.833655711144485445e-03
1.153768844221105610e+03 1.823895148934532973e+00 7.832763119197018106e-03
1.158793969849246423e+03 1.823895886112719911e+00 7.831884507543095120e-03
1.163819095477387009e+03 1.823896613401523981e+00 7.831019549977202496e-03
1.168844221105527595e+03 1.823897330980208009e+00 7.830167930300016566e-03
1.173869346733668408e+03 1.823898039023886142e+00 7.829329342074135833e-03
1.178894472361809221e+03 1.823898737703641304e+00 7.828503488138195340e-03
1.183919597989949807e+03 1.823899427186641553e+00 7.827690080347237539e-03
1.188944723618090393e+03 1.823900107636249324e+00 7.826888839156576419e-03
1.193969849246231206e+03 1.823900779212129342e+00 7.826099493361111936e-03
1.198994974874372019e+03 1.823901442070352319e+00 7.825321779763284857e-03
1.204020100502512605e+03 1.823902096363492653e+00 7.824555442854715104e-03
1.209045226130653191e+03 1.823902742240728125e+00 7.823800234596741884e-03
1.214070351758794004e+03 1.823903379847930051e+00 7.823055914087053211e-03
1.219095477386934817e+03 1.823904009327755427e+00 7.822322247367811607e-03
1.224120603015075403e+03 1.823904630819733086e+00 7.821599007091530747e-03
1.229145728643215989e+03 1.823905244460348518e+00 7.820885972399466146e-03
1.234170854271356802e+03 1.823905850383125582e+00 7.820182928586815255e-03
1.239195979899497615e+03 1.823906448718704887e+00 7.819489666966309219e-03
1.244221105527638429e+03 1.823907039594920620e+00 7.818805984603769896e-03
1.249246231155779014e+03 1.823907623136874712e+00 7.818131684181174254e-03
1.254271356783919600e+03 1.823908199467007663e+00 7.817466573717457567e-03
1.259296482412060413e+03 1.823908768705168715e+00 7.816810466473683022e-03
1.264321608040201227e+03 1.823909330968683129e+00 7.816163180758582685e-03
1.269346733668341813e+03 1.823909886372416356e+00 7.815524539677057292e-03
1.274371859296482398e+03 1.823910435028837984e+00 7.814894371119927505e-03
1.279396984924623212e+03 1.823910977048083248e+00 7.814272507469417761e-03
1.284422110552764025e+03 1.823911512538010760e+00 7.813658785503309334e-03
1.289447236180904611e+03 1.823912041604262013e+00 7.813053046270513821e-03
1.294472361809045196e+03 1.823912564350314902e+00 7.812455134952284858e-03
1.299497487437186010e+03 1.823913080877539894e+00 7.811864900652207289e-03
1.304522613065326823e+03 1.823913591285251323e+00 7.811282196413408228e-03
1.309547738693467409e+03 1.823914095670758684e+00 7.810706878951410512e-03
1.314572864321607994e+03 1.823914594129415701e+00 7.810138808600009322e-03
1.319597989949748808e+03 1.823915086754668291e+00 7.809577849228614352e-03
1.324623115577889621e+03 1.823915573638101417e+00 7.809023868074187191e-03
1.329648241206030207e+03 1.823916054869484382e+00 7.808476735672553216e-03
1.334673366834170793e+03 1.823916530536813685e+00 7.807936325718527366e-03
1.339698492462311606e+03 1.823917000726357651e+00 7.807402515053902051e-03
1.344723618090452419e+03 1.823917465522694625e+00 7.806875183456267117e-03
1.349748743718593005e+03 1.823917925008757379e+00 7.806354213641025601e-03
1.354773869346733591e+03 1.823918379265868195e+00 7.805839491121113576e-03
1.359798994974874404e+03 1.823918828373779055e+00 7.805330904166196855e-03
1.364824120603015217e+03 1.823919272410708281e+00 7.804828343676434299e-03
1.369849246231156030e+03 1.823919711453376058e+00 7.804331703141513185e-03
1.374874371859296616e+03 1.823920145577039076e+00 7.803840878542711058e-03
1.379899497487437202e+03 1.823920574855525167e+00 7.803355768254876049e-03
1.384924623115578015e+03 1.823920999361265949e+00 7.802876273090620686e-03
1.389949748743718828e+03 1.823921419165328572e+00 7.802402296059896165e-03
1.394974874371859414e+03 1.823921834337447478e+00 7.801933742456748470e-03
1.400000000000000000e+03 1.823922244946053928e+00 7.801470519689896604e-03
