4.000000000000000000e+02 1.826417384582017078e+00 1.443755914827770867e-02
4.050251256281406995e+02 1.826489179480055292e+00 1.439189149558802762e-02
4.100502512562813990e+02 1.826559364934353225e+00 1.434108600108104960e-02
4.150753768844220986e+02 1.826628053920310357e+00 1.428489655094215480e-02
4.201005025125627981e+02 1.826695357415735188e+00 1.422304075166175644e-02
4.251256281407034976e+02 1.826761384189677928e+00 1.415519864191018551e-02
4.301507537688441971e+02 1.826826240438842452e+00 1.408101181582684450e-02
4.351758793969848966e+02 1.826890029212759448e+00 1.400008328330204325e-02
4.402010050251256530e+02 1.826952849553439062e+00 1.391197852842582586e-02
4.452261306532663525e+02 1.827014795257029256e+00 1.381622840717816082e-02
4.502512562814070520e+02 1.827075953145098630e+00 1.371233475846979355e-02
4.552763819095477515e+02 1.827136400714131081e+00 1.359977989278622450e-02
4.603015075376884511e+02 1.827196203018798037e+00 1.347804145977410037e-02
4.653266331658291506e+02 1.827255408646981438e+00 1.334661455025166685e-02
4.703517587939698501e+02 1.827314044677768035e+00 1.320504317947627029e-02
4.753768844221105496e+02 1.827372110601010124e+00 1.305296338024212500e-02
4.804020100502512491e+02 1.827429571349465931e+00 1.289015974823605991e-02
4.854271356783919487e+02 1.827486349885790506e+00 1.271663605087752606e-02
4.904522613065327050e+02 1.827542320218264571e+00 1.253269795971079757e-02
4.954773869346734045e+02 1.827597302270153268e+00 1.233904168549378351e-02
5.005025125628141041e+02 1.827651060588092236e+00 1.213683629222947827e-02
5.055276381909548036e+02 1.827703309201736070e+00 1.192778074183120131e-02
5.105527638190955031e+02 1.827753724669257895e+00 1.171411182769732835e-02
5.155778894472362026e+02 1.827801968092910734e+00 1.149854011506138210e-02
5.206030150753769021e+02 1.827847714589944994e+00 1.128410172921435160e-02
5.256281407035176017e+02 1.827890685902035184e+00 1.107393486829753339e-02
5.306532663316583012e+02 1.827930679727401531e+00 1.087101539589785393e-02
5.356783919597990007e+02 1.827967589280630190e+00 1.067790421504980977e-02
5.407035175879397002e+02 1.828001408999198940e+00 1.049655946960154421e-02
5.457286432160803997e+02 1.828032226288305306e+00 1.032824702319625615e-02
5.507537688442210992e+02 1.828060202879368434e+00 1.017355256604168291e-02
5.557788944723617988e+02 1.828085551243329387e+00 1.003247245946002966e-02
5.608040201005024983e+02 1.828108511219862065e+00 9.904547787010263907e-03
5.658291457286431978e+02 1.828129330354140158e+00 9.789007709797160894e-03
5.708542713567838973e+02 1.828148249452998586e+00 9.684898383640607941e-03
5.758793969849245968e+02 1.828165493333272718e+00 9.591185613887292030e-03
5.809045226130654100e+02 1.828181265879647466e+00 9.506828810756619980e-03
5.859296482412059959e+02 1.828195748251778996e+00 9.430829361208970668e-03
5.909547738693468091e+02 1.828209099154713524e+00 9.362258823983383299e-03
5.959798994974873949e+02 1.828221456312140170e+00 9.300272566332019528e-03
6.010050251256282081e+02 1.828232938531950014e+00 9.244113656175523622e-03
6.060301507537687939e+02 1.828243647967657148e+00 9.193110704498144714e-03
6.110552763819096072e+02 1.828253672339594127e+00 9.146672285891445722e-03
6.160804020100503067e+02 1.828263086989713182e+00 9.104279698699514756e-03
6.211055276381910062e+02 1.828271956714000002e+00 9.065479180223753874e-03
6.261306532663317057e+02 1.828280337358450858e+00 9.029874243689532329e-03
6.311557788944724052e+02 1.828288277187741118e+00 8.997118502385086786e-03
6.361809045226131047e+02 1.828295818047105392e+00 8.966909156375386936e-03
6.412060301507538043e+02 1.828302996342312747e+00 8.938981199226174110e-03
6.462311557788945038e+02 1.828309843863033413e+00 8.913102334719589723e-03
6.512562814070352033e+02 1.828316388473267384e+00 8.889068557280948787e-03
6.562814070351759028e+02 1.828322654689955806e+00 8.866700332583828462e-03
6.613065326633166023e+02 1.828328664168099582e+00 8.845839309612794910e-03
6.663316582914573019e+02 1.828334436107977856e+00 8.826345496751160369e-03
6.713567839195980014e+02 1.828339987597581873e+00 8.808094839075178081e-03
6.763819095477387009e+02 1.828345333901194358e+00 8.790977140335927073e-03
6.814070351758794004e+02 1.828350488703193832e+00 8.774894279937592301e-03
6.864321608040200999e+02 1.828355464314588064e+00 8.759758681523236584e-03
6.914572864321607994e+02 1.828360271848472829e+00 8.745491996123131231e-03
6.964824120603016127e+02 1.828364921369540763e+00 8.732023967889333133e-03
7.015075376884421985e+02 1.828369422021857815e+00 8.719291455451597117e-03
7.065326633165830117e+02 1.828373782138407622e+00 8.707237585905375915e-03
7.115577889447235975e+02 1.828378009335292154e+00 8.695811022090254444e-03
7.165829145728644107e+02 1.828382110592988052e+00 8.684965326331856722e-03
7.216080402010049966e+02 1.828386092326650614e+00 8.674658407231979063e-03
7.266331658291458098e+02 1.828389960447126539e+00 8.664852037191807591e-03
7.316582914572863956e+02 1.828393720414062784e+00 8.655511430904613487e-03
7.366834170854272088e+02 1.828397377282267700e+00 8.646604876443151136e-03
7.417085427135677946e+02 1.828400935742301892e+00 8.638103411313699520e-03
7.467336683417086078e+02 1.828404400156116605e+00 8.629980537785032421e-03
7.517587939698491937e+02 1.828407774588430179e+00 8.622211971965602906e-03
7.567839195979900069e+02 1.828411062834428558e+00 8.614775422150427325e-03
7.618090452261307064e+02 1.828414268444283675e+00 8.607650392821838969e-03
7.668341708542714059e+02 1.828417394744913382e+00 8.600818010828735136e-03
7.718592964824121054e+02 1.828420444859341742e+00 8.594260870891380980e-03
7.768844221105528050e+02 1.828423421723966324e+00 8.587962898218714017e-03
7.819095477386935045e+02 1.828426328103996301e+00 8.581909225916126496e-03
7.869346733668342040e+02 1.828429166607288048e+00 8.576086085498394948e-03
7.919597989949749035e+02 1.828431939696772979e+00 8.570480708886935375e-03
7.969849246231156030e+02 1.828434649701644599e+00 8.565081240561243231e-03
8.020100502512563025e+02 1.828437298827452429e+00 8.559876658662746857e-03
8.070351758793970021e+02 1.828439889165228260e+00 8.554856703968964290e-03
8.120603015075377016e+02 1.828442422699753767e+00 8.550011816077934118e-03
8.170854271356784011e+02 1.828444901317065607e+00 8.545333075543240509e-03
8.221105527638192143e+02 1.828447326811285079e+00 8.540812151841145616e-03
8.271356783919598001e+02 1.828449700890836693e+00 8.536441256067036146e-03
8.321608040201006133e+02 1.828452025184131413e+00 8.532213098196449533e-03
8.371859296482411992e+02 1.828454301244761160e+00 8.528120848231535503e-03
8.422110552763820124e+02 1.828456530556260340e+00 8.524158100832568419e-03
8.472361809045225982e+02 1.828458714536474794e+00 8.520318843249718999e-03
8.522613065326634114e+02 1.828460854541580138e+00 8.516597425909664190e-03
8.572864321608039972e+02 1.828462951869780140e+00 8.512988535775542834e-03
8.623115577889448105e+02 1.828465007764719097e+00 8.509487171839752104e-03
8.673366834170853963e+02 1.828467023418631987e+00 8.506088622796328588e-03
8.723618090452262095e+02 1.828468999975261688e+00 8.502788446506903339e-03
8.773869346733667953e+02 1.828470938532557710e+00 8.499582451302329159e-03
8.824120603015076085e+02 1.828472840145182188e+00 8.496466678598813688e-03
8.874371859296483080e+02 1.828474705826836910e+00 8.493437387206457384e-03
8.924623115577890076e+02 1.828476536552428255e+00 8.490491038557401379e-03
8.974874371859297071e+02 1.828478333260083133e+00 8.487624283451039586e-03
9.025125628140704066e+02 1.828480096853027925e+00 8.484833949501412176e-03
9.075376884422111061e+02 1.828481828201345083e+00 8.482117029790932697e-03
9.125628140703518056e+02 1.828483528143612702e+00 8.479470672266399903e-03
9.175879396984925052e+02 1.828485197488439962e+00 8.476892169974645230e-03
9.226130653266332047e+02 1.828486837015904865e+00 8.474378951972909649e-03
9.276381909547739042e+02 1.828488447478904044e+00 8.471928575036518499e-03
9.326633165829146037e+02 1.828490029604416645e+00 8.469538715775040347e-03
9.376884422110553032e+02 1.828491584094697142e+00 8.467207163448800533e-03
9.427135678391960028e+02 1.828493111628391121e+00 8.464931813305728511e-03
9.477386934673367023e+02 1.828494612861591984e+00 8.462710660284158970e-03
9.527638190954774018e+02 1.828496088428832156e+00 8.460541793228401608e-03
9.577889447236181013e+02 1.828497538944020118e+00 8.458423389527795072e-03
9.628140703517588008e+02 1.828498965001324805e+00 8.456353709971376614e-03
9.678391959798995003e+02 1.828500367176010943e+00 8.454331094161290569e-03
9.728643216080401999e+02 1.828501746025229080e+00 8.452353956066768412e-03
9.778894472361808994e+02 1.828503102088763654e+00 8.450420779917023478e-03
9.829145728643217126e+02 1.828504435889740654e+00 8.448530116395172249e-03
9.879396984924624121e+02 1.828505747935298853e+00 8.446680579068797934e-03
9.929648241206031116e+02 1.828507038717226196e+00 8.444870840953157959e-03
9.979899497487438111e+02 1.828508308712565311e+00 8.443099631470900659e-03
1.003015075376884511e+03 1.828509558384185274e+00 8.441365733388706688e-03
1.008040201005025210e+03 1.828510788181329616e+00 8.439667980191790236e-03
1.013065326633165910e+03 1.828511998540132133e+00 8.438005253318496546e-03
1.018090452261306609e+03 1.828513189884114043e+00 8.436376479886988425e-03
1.023115577889447309e+03 1.828514362624651168e+00 8.434780630283290198e-03
1.028140703517588008e+03 1.828515517161424242e+00 8.433216716058566931e-03
1.033165829145728821e+03 1.828516653882843457e+00 8.431683787873012204e-03
1.038190954773869407e+03 1.828517773166458360e+00 8.430180933618480060e-03
1.043216080402009993e+03 1.828518875379345543e+00 8.428707276575459276e-03
1.048241206030150806e+03 1.828519960878479456e+00 8.427261973762844791e-03
1.053266331658291620e+03 1.828521030011088344e+00 8.425844214270132929e-03
1.058291457286432205e+03 1.828522083114992647e+00 8.424453217875388020e-03
1.063316582914572791e+03 1.828523120518928957e+00 8.423088233409099790e-03
1.068341708542713604e+03 1.828524142542861552e+00 8.421748537641642746e-03
1.073366834170854418e+03 1.828525149498278379e+00 8.420433433811699842e-03
1.078391959798995003e+03 1.828526141688475715e+00 8.419142250573469211e-03
1.083417085427135589e+03 1.828527119408831725e+00 8.417874340743350739e-03
1.088442211055276402e+03 1.828528082947066036e+00 8.416629080254995482e-03
1.093467336683417216e+03 1.828529032583492642e+00 8.415405867217493063e-03
1.098492462311557802e+03 1.828529968591257937e+00 8.414204120799831724e-03
1.103517587939698387e+03 1.828530891236572531e+00 8.413023280429874143e-03
1.108542713567839201e+03 1.828531800778933736e+00 8.411862804872660693e-03
1.113567839195980014e+03 1.828532697471336066e+00 8.410722171425678156e-03
1.118592964824120827e+03 1.828533581560477961e+00 8.409600875112418009e-03
1.123618090452261413e+03 1.828534453286956518e+00 8.408498427953575716e-03
1.128643216080401999e+03 1.828535312885457564e+00 8.407414358236763377e-03
1.133668341708542812e+03 1.828536160584936843e+00 8.406348209903692636e-03
1.138693467336683625e+03 1.828536996608794762e+00 8.405299541817236667e-03
1.143718592964824211e+03 1.828537821175045375e+00 8.404267927238561961e-03
1.148743718592964797e+03 1.828538634496477577e+00 8.403252953184302265e-03
1.153768844221105610e+03 1.828539436780811878e+00 8.402254219927952211e-03
1.158793969849246423e+03 1.828540228230849829e+00 8.401271340434257259e-03
1.163819095477387009e+03 1.828541009044619914e+00 8.400303939898351446e-03
1.168844221105527595e+03 1.828541779415516766e+00 8.399351655191540991e-03
1.173869346733668408e+03 1.828542539532435729e+00 8.398414134504497697e-03
1.178894472361809221e+03 1.828543289579902975e+00 8.397491036857548247e-03
1.183919597989949807e+03 1.828544029738200294e+00 8.396582031702749457e-03
1.188944723618090393e+03 1.828544760183487439e+00 8.395686798498868883e-03
1.193969849246231206e+03 1.828545481087917146e+00 8.394805026378253723e-03
1.198994974874372019e+03 1.828546192619748822e+00 8.393936413760254636e-03
1.204020100502512605e+03 1.828546894943457346e+00 8.393080668003731135e-03
1.209045226130653191e+03 1.828547588219837872e+00 8.392237505111940429e-03
1.214070351758794004e+03 1.828548272606108416e+00 8.391406649370812890e-03
1.219095477386934817e+03 1.828548948256006668e+00 8.390587833039626561e-03
1.224120603015075403e+03 1.828549615319886135e+00 8.389780796186825998e-03
1.229145728643215989e+03 1.828550273944807403e+00 8.388985286194614727e-03
1.234170854271356802e+03 1.828550924274626954e+00 8.388201057713038852e-03
1.239195979899497615e+03 1.828551566450084209e+00 8.387427872269674275e-03
1.244221105527638429e+03 1.828552200608882128e+00 8.386665498103922436e-03
1.249246231155779014e+03 1.828552826885770255e+00 8.385913709855384590e-03
1.254271356783919600e+03 1.828553445412621770e+00 8.385172288437240870e-03
1.259296482412060413e+03 1.828554056318508314e+00 8.384441020737256819e-03
1.264321608040201227e+03 1.828554659729773268e+00 8.383719699450871768e-03
1.269346733668341813e+03 1.828555255770103471e+00 8.383008122914053020e-03
1.274371859296482398e+03 1.828555844560596499e+00 8.382306094856437767e-03
1.279396984924623212e+03 1.828556426219827724e+00 8.381613424260180370e-03
1.284422110552764025e+03 1.828557000863914261e+00 8.380929925152354534e-03
1.289447236180904611e+03 1.828557568606578032e+00 8.380255416489859610e-03
1.294472361809045196e+03 1.828558129559205714e+00 8.379589721938158348e-03
1.299497487437186010e+03 1.828558683830907583e+00 8.378932669782297726e-03
1.304522613065326823e+03 1.828559231528574802e+00 8.378284092705259867e-03
1.309547738693467409e+03 1.828559772756933821e+00 8.377643827725142489e-03
1.314572864321607994e+03 1.828560307618600111e+00 8.377011715959900920e-03
1.319597989949748808e+03 1.828560836214131013e+00 8.376387602643739494e-03
1.324623115577889621e+03 1.828561358642075252e+00 8.375771336812033729e-03
1.329648241206030207e+03 1.828561874999021786e+00 8.375162771330685318e-03
1.334673366834170793e+03 1.828562385379648880e+00 8.374561762713292681e-03
1.339698492462311606e+03 1.828562889876767850e+00 8.373968171030990448e-03
1.344723618090452419e+03 1.828563388581369908e+00 8.373381859782376424e-03
1.349748743718593005e+03 1.828563881582668804e+00 8.372802695776591225e-03
1.354773869346733591e+03 1.828564368968143228e+00 8.372230549082581089e-03
1.359798994974874404e+03 1.828564850823578114e+00 8.371665292911974546e-03
1.364824120603015217e+03 1.828565327233104387e+00 8.371106803488570502e-03
1.369849246231156030e+03 1.828565798279238042e+00 8.370554959997332165e-03
1.374874371859296616e+03 1.828566264042917666e+00 8.370009644466946258e-03
1.379899497487437202e+03 1.828566724603540861e+00 8.369470741758431101e-03
1.384924623115578015e+03 1.828567180038999984e+00 8.368938139354695563e-03
1.389949748743718828e+03 1.828567630425718349e+00 8.368411727402038855e-03
1.394974874371859414e+03 1.828568075838681084e+00 8.367891398579137274e-03
1.400000000000000000e+03 1.828568516351470885e+00 8.367377048032286976e-03
