4.000000000000000000e+02 1.831060379354073842e+00 1.729240493356800148e-02
4.050251256281406995e+02 1.831145742882729577e+00 1.724340577813651687e-02
4.100502512562813990e+02 1.831229335131662195e+00 1.718794122623470977e-02
4.150753768844220986e+02 1.831311312836423122e+00 1.712560198874182524e-02
4.201005025125627981e+02 1.831391834368348404e+00 1.705590922857217265e-02
4.251256281407034976e+02 1.831471060084582714e+00 1.697830737264992632e-02
4.301507537688441971e+02 1.831549152535511871e+00 1.689215636851444310e-02
4.351758793969848966e+02 1.831626276423435673e+00 1.679672371400543415e-02
4.402010050251256530e+02 1.831702598157689543e+00 1.669117685899471071e-02
4.452261306532663525e+02 1.831778284782658250e+00 1.657457700288368294e-02
4.502512562814070520e+02 1.831853501960273078e+00 1.644587596418761039e-02
4.552763819095477515e+02 1.831928410562268850e+00 1.630391877601963108e-02
4.603015075376884511e+02 1.832003161268558999e+00 1.614745607915006598e-02
4.653266331658291506e+02 1.832077886386948240e+00 1.597517234766219693e-02
4.703517587939698501e+02 1.832152687943221947e+00 1.578573851044193233e-02
4.753768844221105496e+02 1.832227621028995612e+00 1.557790037995047602e-02
4.804020100502512491e+02 1.832302671618141643e+00 1.535061662218959941e-02
4.854271356783919487e+02 1.832377728881823931e+00 1.510325980579909841e-02
4.904522613065327050e+02 1.832452553882836233e+00 1.483588759638300274e-02
4.954773869346734045e+02 1.832526749810973410e+00 1.454957286133136754e-02
5.005025125628141041e+02 1.832599743502019596e+00 1.424674615752001203e-02
5.055276381909548036e+02 1.832670792311020147e+00 1.393145372140879197e-02
5.105527638190955031e+02 1.832739030754679366e+00 1.360938872861187920e-02
5.155778894472362026e+02 1.832803562826549104e+00 1.328755689045568560e-02
5.206030150753769021e+02 1.832863587088522594e+00 1.297353498235256919e-02
5.256281407035176017e+02 1.832918520457094580e+00 1.267446354264283731e-02
5.306532663316583012e+02 1.832968078930689249e+00 1.239607931784571931e-02
5.356783919597990007e+02 1.833012289465484779e+00 1.214210400229489423e-02
5.407035175879397002e+02 1.833051437850865995e+00 1.191413612390314000e-02
5.457286432160803997e+02 1.833085981346965987e+00 1.171196727566179048e-02
5.507537688442210992e+02 1.833116458899907375e+00 1.153411324895435228e-02
5.557788944723617988e+02 1.833143420289226500e+00 1.137835742374916984e-02
5.608040201005024983e+02 1.833167380851323802e+00 1.124218719778985985e-02
5.658291457286431978e+02 1.833188798634159511e+00 1.112308903518578578e-02
5.708542713567838973e+02 1.833208067221628434e+00 1.101871862532355015e-02
5.758793969849245968e+02 1.833225517750916245e+00 1.092698059030641766e-02
5.809045226130654100e+02 1.833241425391512136e+00 1.084605105796743012e-02
5.859296482412059959e+02 1.833256017352317802e+00 1.077436828577072424e-02
5.909547738693468091e+02 1.833269480828165765e+00 1.071060791267021244e-02
5.959798994974873949e+02 1.833281970151643625e+00 1.065365271016595339e-02
6.010050251256282081e+02 1.833293612900427139e+00 1.060256219037948762e-02
6.060301507537687939e+02 1.833304514956995313e+00 1.055654465934702940e-02
6.110552763819096072e+02 1.833314764626666982e+00 1.051493272359397754e-02
6.160804020100503067e+02 1.833324435955673071e+00 1.047716241800324827e-02
6.211055276381910062e+02 1.833333591391061335e+00 1.044275571765264886e-02
6.261306532663317057e+02 1.833342283909146664e+00 1.041130603156935168e-02
6.311557788944724052e+02 1.833350558719411882e+00 1.038246623712014809e-02
6.361809045226131047e+02 1.833358454631212275e+00 1.035593883671203676e-02
6.412060301507538043e+02 1.833366005153286515e+00 1.033146786521091549e-02
6.462311557788945038e+02 1.833373239381589803e+00 1.030883223203323852e-02
6.512562814070352033e+02 1.833380182719183349e+00 1.028784023396264388e-02
6.562814070351759028e+02 1.833386857462559805e+00 1.026832502205976896e-02
6.613065326633166023e+02 1.833393283281397057e+00 1.025014084605618998e-02
6.663316582914573019e+02 1.833399477612969175e+00 1.023315993302470472e-02
6.713567839195980014e+02 1.833405455987936250e+00 1.021726988445167267e-02
6.763819095477387009e+02 1.833411232300724558e+00 1.020237149804277717e-02
6.814070351758794004e+02 1.833416819034971779e+00 1.018837693852231961e-02
6.864321608040200999e+02 1.833422227452368825e+00 1.017520819599775431e-02
6.914572864321607994e+02 1.833427467751553186e+00 1.016279578217507348e-02
6.964824120603016127e+02 1.833432549202394624e+00 1.015107762370800332e-02
7.015075376884421985e+02 1.833437480259971109e+00 1.013999811987563622e-02
7.065326633165830117e+02 1.833442268661707564e+00 1.012950733723941982e-02
7.115577889447235975e+02 1.833446921510506922e+00 1.011956031929703292e-02
7.165829145728644107e+02 1.833451445346171660e+00 1.011011649271642727e-02
7.216080402010049966e+02 1.833455846206999418e+00 1.010113915511490039e-02
7.266331658291458098e+02 1.833460129683104789e+00 1.009259503175040547e-02
7.316582914572863956e+02 1.833464300962745153e+00 1.008445389084948983e-02
7.366834170854272088e+02 1.833468364872706813e+00 1.007668820874029272e-02
7.417085427135677946e+02 1.833472325913636736e+00 1.006927287770265772e-02
7.467336683417086078e+02 1.833476188291051745e+00 1.006218495023519441e-02
7.517587939698491937e+02 1.833479955942641348e+00 1.005540341464672416e-02
7.567839195979900069e+02 1.833483632562381560e+00 1.004890899788483428e-02
7.618090452261307064e+02 1.833487221621899366e+00 1.004268399145951188e-02
7.668341708542714059e+02 1.833490726389449543e+00 1.003671209777177130e-02
7.718592964824121054e+02 1.833494149946827578e+00 1.003097829390155529e-02
7.768844221105528050e+02 1.833497495204475358e+00 1.002546871084572869e-02
7.819095477386935045e+02 1.833500764915015235e+00 1.002017052585990782e-02
7.869346733668342040e+02 1.833503961685404526e+00 1.001507186676574464e-02
7.919597989949749035e+02 1.833507087987876760e+00 1.001016172622925908e-02
7.969849246231156030e+02 1.833510146169818888e+00 1.000542988523453990e-02
8.020100502512563025e+02 1.833513138462705472e+00 1.000086684437249789e-02
8.070351758793970021e+02 1.833516066990197091e+00 9.996463762214490012e-03
8.120603015075377016e+02 1.833518933775503790e+00 9.992212399706618814e-03
8.170854271356784011e+02 1.833521740748085271e+00 9.988105070242702874e-03
8.221105527638192143e+02 1.833524489749768227e+00 9.984134594443614535e-03
8.271356783919598001e+02 1.833527182540338307e+00 9.980294259340646845e-03
8.321608040201006133e+02 1.833529820802663135e+00 9.976577781376831655e-03
8.371859296482411992e+02 1.833532406147394100e+00 9.972979272879402973e-03
8.422110552763820124e+02 1.833534940117290013e+00 9.969493211574313035e-03
8.472361809045225982e+02 1.833537424191198584e+00 9.966114412854507401e-03
8.522613065326634114e+02 1.833539859787731707e+00 9.962838004543960596e-03
8.572864321608039972e+02 1.833542248268659636e+00 9.959659403818659981e-03
8.623115577889448105e+02 1.833544590942055352e+00 9.956574296244212474e-03
8.673366834170853963e+02 1.833546889065208019e+00 9.953578616464274845e-03
8.723618090452262095e+02 1.833549143847328367e+00 9.950668530595979666e-03
8.773869346733667953e+02 1.833551356452064240e+00 9.947840420097383424e-03
8.824120603015076085e+02 1.833553527999843391e+00 9.945090866915130140e-03
8.874371859296483080e+02 1.833555659570056173e+00 9.942416639853212876e-03
8.924623115577890076e+02 1.833557752203094360e+00 9.939814682091770159e-03
8.974874371859297071e+02 1.833559806902257838e+00 9.937282099538221822e-03
9.025125628140704066e+02 1.833561824635536075e+00 9.934816150284159209e-03
9.075376884422111061e+02 1.833563806337281443e+00 9.932414234714937243e-03
9.125628140703518056e+02 1.833565752909773972e+00 9.930073886466028385e-03
9.175879396984925052e+02 1.833567665224695942e+00 9.927792764028853592e-03
9.226130653266332047e+02 1.833569544124513229e+00 9.925568642931138080e-03
9.276381909547739042e+02 1.833571390423779812e+00 9.923399408606601094e-03
9.326633165829146037e+02 1.833573204910361909e+00 9.921283049677123017e-03
9.376884422110553032e+02 1.833574988346597046e+00 9.919217651772753094e-03
9.427135678391960028e+02 1.833576741470383631e+00 9.917201391701458216e-03
9.477386934673367023e+02 1.833578464996213020e+00 9.915232532250385644e-03
9.527638190954774018e+02 1.833580159616143623e+00 9.913309417038275798e-03
9.577889447236181013e+02 1.833581826000724613e+00 9.911430465946639498e-03
9.628140703517588008e+02 1.833583464799867890e+00 9.909594170817707937e-03
9.678391959798995003e+02 1.833585076643676759e+00 9.907799091330689659e-03
9.728643216080401999e+02 1.833586662143231738e+00 9.906043851359935468e-03
9.778894472361808994e+02 1.833588221891334413e+00 9.904327135323092238e-03
9.829145728643217126e+02 1.833589756463217535e+00 9.902647684979483389e-03
9.879396984924624121e+02 1.833591266417215593e+00 9.901004296298619028e-03
9.929648241206031116e+02 1.833592752295406747e+00 9.899395816590014427e-03
9.979899497487438111e+02 1.833594214624221008e+00 9.897821141827837024e-03
1.003015075376884511e+03 1.833595653915021995e+00 9.896279214069996985e-03
1.008040201005025210e+03 1.833597070664657824e+00 9.894769019095615153e-03
1.013065326633165910e+03 1.833598465355989138e+00 9.893289584182887383e-03
1.018090452261306609e+03 1.833599838458393361e+00 9.891839976027789333e-03
1.023115577889447309e+03 1.833601190428244099e+00 9.890419298725501920e-03
1.028140703517588008e+03 1.833602521709368327e+00 9.889026691927120180e-03
1.033165829145728821e+03 1.833603832733488037e+00 9.887661329127155063e-03
1.038190954773869407e+03 1.833605123920636126e+00 9.886322416003567870e-03
1.043216080402009993e+03 1.833606395679559409e+00 9.885009188833029231e-03
1.048241206030150806e+03 1.833607648408102087e+00 9.883720913082757326e-03
1.053266331658291620e+03 1.833608882493571679e+00 9.882456881988297900e-03
1.058291457286432205e+03 1.833610098313093406e+00 9.881216415308351902e-03
1.063316582914572791e+03 1.833611296233945698e+00 9.879998857998522135e-03
1.068341708542713604e+03 1.833612476613884157e+00 9.878803579174906188e-03
1.073366834170854418e+03 1.833613639801452866e+00 9.877629970907042881e-03
1.078391959798995003e+03 1.833614786136280150e+00 9.876477447244883315e-03
1.083417085427135589e+03 1.833615915949366126e+00 9.875345443221481001e-03
1.088442211055276402e+03 1.833617029563356482e+00 9.874233413876467441e-03
1.093467336683417216e+03 1.833618127292806044e+00 9.873140833469074007e-03
1.098492462311557802e+03 1.833619209444433018e+00 9.872067194566021275e-03
1.103517587939698387e+03 1.833620276317361464e+00 9.871012007262976867e-03
1.108542713567839201e+03 1.833621328203356660e+00 9.869974798449717909e-03
1.113567839195980014e+03 1.833622365387050479e+00 9.868955111085367035e-03
1.118592964824120827e+03 1.833623388146157662e+00 9.867952503517522095e-03
1.123618090452261413e+03 1.833624396751685648e+00 9.866966548890342484e-03
1.128643216080401999e+03 1.833625391468134858e+00 9.865996834427922732e-03
1.133668341708542812e+03 1.833626372553693429e+00 9.865042960941780223e-03
1.138693467336683625e+03 1.833627340260423288e+00 9.864104542270015624e-03
1.143718592964824211e+03 1.833628294834440231e+00 9.863181204693156900e-03
1.148743718592964797e+03 1.833629236516088667e+00 9.862272586506832736e-03
1.153768844221105610e+03 1.833630165540107049e+00 9.861378337492468504e-03
1.158793969849246423e+03 1.833631082135790180e+00 9.860498118488636096e-03
1.163819095477387009e+03 1.833631986527146651e+00 9.859631600939276416e-03
1.168844221105527595e+03 1.833632878933046495e+00 9.858778466508916899e-03
1.173869346733668408e+03 1.833633759567368626e+00 9.857938406663572725e-03
1.178894472361809221e+03 1.833634628639140063e+00 9.857111122307445419e-03
1.183919597989949807e+03 1.833635486352671595e+00 9.856296323419154806e-03
1.188944723618090393e+03 1.833636332907689237e+00 9.855493728710047058e-03
1.193969849246231206e+03 1.833637168499459680e+00 9.854703065293355171e-03
1.198994974874372019e+03 1.833637993318913972e+00 9.853924068420562635e-03
1.204020100502512605e+03 1.833638807552764760e+00 9.853156481070927952e-03
1.209045226130653191e+03 1.833639611383620860e+00 9.852400053788528192e-03
1.214070351758794004e+03 1.833640404990098061e+00 9.851654544338712613e-03
1.219095477386934817e+03 1.833641188546926371e+00 9.850919717465640366e-03
1.224120603015075403e+03 1.833641962225053268e+00 9.850195344638275341e-03
1.229145728643215989e+03 1.833642726191744288e+00 9.849481203818627115e-03
1.234170854271356802e+03 1.833643480610679388e+00 9.848777079229757703e-03
1.239195979899497615e+03 1.833644225642048875e+00 9.848082761146060432e-03
1.244221105527638429e+03 1.833644961442641108e+00 9.847398045626962540e-03
1.249246231155779014e+03 1.833645688165934429e+00 9.846722734419492695e-03
1.254271356783919600e+03 1.833646405962180204e+00 9.846056634669008920e-03
1.259296482412060413e+03 1.833647114978486536e+00 9.845399558787548688e-03
1.264321608040201227e+03 1.833647815358898203e+00 9.844751324243080845e-03
1.269346733668341813e+03 1.833648507244475034e+00 9.844111753438796603e-03
1.274371859296482398e+03 1.833649190773366744e+00 9.843480673456896091e-03
1.279396984924623212e+03 1.833649866080886648e+00 9.842857916027777931e-03
1.284422110552764025e+03 1.833650533299582053e+00 9.842243317273523945e-03
1.289447236180904611e+03 1.833651192559303977e+00 9.841636717597860434e-03
1.294472361809045196e+03 1.833651843987273100e+00 9.841037961564691114e-03
1.299497487437186010e+03 1.833652487708145262e+00 9.840446897742697110e-03
1.304522613065326823e+03 1.833653123844074306e+00 9.839863378606192312e-03
1.309547738693467409e+03 1.833653752514772473e+00 9.839287260334344740e-03
1.314572864321607994e+03 1.833654373837571239e+00 9.838718402802072716e-03
1.319597989949748808e+03 1.833654987927477054e+00 9.838156669379056335e-03
1.324623115577889621e+03 1.833655594897228625e+00 9.837601926841452182e-03
1.329648241206030207e+03 1.833656194857351540e+00 9.837054045317395259e-03
1.334673366834170793e+03 1.833656787916209341e+00 9.836512898096987784e-03
1.339698492462311606e+03 1.833657374180056809e+00 9.835978361588896407e-03
1.344723618090452419e+03 1.833657953753088377e+00 9.835450315220472042e-03
1.349748743718593005e+03 1.833658526737487859e+00 9.834928641337760402e-03
1.354773869346733591e+03 1.833659093233474202e+00 9.834413225139329237e-03
1.359798994974874404e+03 1.833659653339348328e+00 9.833903954519707807e-03
1.364824120603015217e+03 1.833660207151537325e+00 9.833400720104662485e-03
1.369849246231156030e+03 1.833660754764637968e+00 9.832903415060642582e-03
1.374874371859296616e+03 1.833661296271457797e+00 9.832411935084793553e-03
1.379899497487437202e+03 1.833661831763058192e+00 9.831926178293289367e-03
1.384924623115578015e+03 1.833662361328792345e+00 9.831446045211252038e-03
1.389949748743718828e+03 1.833662885056344338e+00 9.830971438615811187e-03
1.394974874371859414e+03 1.833663403031768002e+00 9.830502263537215998e-03
1.400000000000000000e+03 1.833663915339522443e+00 9.830038427180831651e-03
