4.000000000000000000e+02 1.839183070239533757e+00 1.972878744740969373e-02
4.050251256281406995e+02 1.839283091481220600e+00 1.966076594477331879e-02
4.100502512562813990e+02 1.839381130248181728e+00 1.958451884124368450e-02
4.150753768844220986e+02 1.839477367473675296e+00 1.949951623956326305e-02
4.201005025125627981e+02 1.839571984219304568e+00 1.940514800753300947e-02
4.251256281407034976e+02 1.839665161375249713e+00 1.930071805977780566e-02
4.301507537688441971e+02 1.839757078955071234e+00 1.918543935488119245e-02
4.351758793969848966e+02 1.839847914790107009e+00 1.905843056045367773e-02
4.402010050251256530e+02 1.839937842358114084e+00 1.891871585666157415e-02
4.452261306532663525e+02 1.840027027391809344e+00 1.876523009000230155e-02
4.502512562814070520e+02 1.840115622807642737e+00 1.859683251507848745e-02
4.552763819095477515e+02 1.840203761384746617e+00 1.841233371699023749e-02
4.603015075376884511e+02 1.840291545537740214e+00 1.821054196440885509e-02
4.653266331658291506e+02 1.840379033526141406e+00 1.799033700715838360e-02
4.703517587939698501e+02 1.840466221639621924e+00 1.775078065005492381e-02
4.753768844221105496e+02 1.840553022471569600e+00 1.749127313286439472e-02
4.804020100502512491e+02 1.840639240581542602e+00 1.721176034475341982e-02
4.854271356783919487e+02 1.840724548864890453e+00 1.691298620770095504e-02
4.904522613065327050e+02 1.840808471757541032e+00 1.659676421866390639e-02
4.954773869346734045e+02 1.840890384304565419e+00 1.626621208646657907e-02
5.005025125628141041e+02 1.840969537329088190e+00 1.592586152796551802e-02
5.055276381909548036e+02 1.841045115770347795e+00 1.558154172322527217e-02
5.105527638190955031e+02 1.841116327787316598e+00 1.523996734716238054e-02
5.155778894472362026e+02 1.841182508285759356e+00 1.490805413398270038e-02
5.206030150753769021e+02 1.841243209351796750e+00 1.459210722860298029e-02
5.256281407035176017e+02 1.841298250531887337e+00 1.429710715818683156e-02
5.306532663316583012e+02 1.841347716320247851e+00 1.402629124577565653e-02
5.356783919597990007e+02 1.841391908415764167e+00 1.378110425623179161e-02
5.407035175879397002e+02 1.841431274067241830e+00 1.356145181808357005e-02
5.457286432160803997e+02 1.841466333220907581e+00 1.336611297178936023e-02
5.507537688442210992e+02 1.841497619518829065e+00 1.319317232975513246e-02
5.557788944723617988e+02 1.841525640521832319e+00 1.304038351927373426e-02
5.608040201005024983e+02 1.841550855662765773e+00 1.290543119232421057e-02
5.658291457286431978e+02 1.841573667423380245e+00 1.278609617764882300e-02
5.708542713567838973e+02 1.841594420946411681e+00 1.268034489126033601e-02
5.758793969849245968e+02 1.841613408267427143e+00 1.258636674468331662e-02
5.809045226130654100e+02 1.841630874581709820e+00 1.250257941892823910e-02
5.859296482412059959e+02 1.841647024996261761e+00 1.242761632295957298e-02
5.909547738693468091e+02 1.841662030942844197e+00 1.236030558280564601e-02
5.959798994974873949e+02 1.841676035881864681e+00 1.229964619283900780e-02
6.010050251256282081e+02 1.841689160185666641e+00 1.224478445924248593e-02
6.060301507537687939e+02 1.841701505223668045e+00 1.219499229790589438e-02
6.110552763819096072e+02 1.841713156732030177e+00 1.214964802390710794e-02
6.160804020100503067e+02 1.841724187570297433e+00 1.210821975608536438e-02
6.211055276381910062e+02 1.841734659966699716e+00 1.207025129786024227e-02
6.261306532663317057e+02 1.841744627343848695e+00 1.203535023772344878e-02
6.311557788944724052e+02 1.841754135803477022e+00 1.200317797710712640e-02
6.361809045226131047e+02 1.841763225335662835e+00 1.197344139857751434e-02
6.412060301507538043e+02 1.841771930806006541e+00 1.194588591274954419e-02
6.462311557788945038e+02 1.841780282763979981e+00 1.192028965531252357e-02
6.512562814070352033e+02 1.841788308107137562e+00 1.189645863884932105e-02
6.562814070351759028e+02 1.841796030628950476e+00 1.187422269544007036e-02
6.613065326633166023e+02 1.841803471472448051e+00 1.185343207375393233e-02
6.663316582914573019e+02 1.841810649507390263e+00 1.183395457796972486e-02
6.713567839195980014e+02 1.841817581645162294e+00 1.181567315554713123e-02
6.763819095477387009e+02 1.841824283102758253e+00 1.179848385765239378e-02
6.814070351758794004e+02 1.841830767625003640e+00 1.178229410962053358e-02
6.864321608040200999e+02 1.841837047672382655e+00 1.176702123973265637e-02
6.914572864321607994e+02 1.841843134580434693e+00 1.175259122410527053e-02
6.964824120603016127e+02 1.841849038695555496e+00 1.173893761249064117e-02
7.015075376884421985e+02 1.841854769491146016e+00 1.172600060644357102e-02
7.065326633165830117e+02 1.841860335667325099e+00 1.171372626560744125e-02
7.115577889447235975e+02 1.841865745236851870e+00 1.170206582258979770e-02
7.165829145728644107e+02 1.841871005599426736e+00 1.169097508965138629e-02
7.216080402010049966e+02 1.841876123606172255e+00 1.168041394371114108e-02
7.266331658291458098e+02 1.841881105615780001e+00 1.167034587792241569e-02
7.316582914572863956e+02 1.841885957543565322e+00 1.166073761029492312e-02
7.366834170854272088e+02 1.841890684904459841e+00 1.165155874121362456e-02
7.417085427135677946e+02 1.841895292850815213e+00 1.164278145292606086e-02
7.467336683417086078e+02 1.841899786205739353e+00 1.163438024538942205e-02
7.517587939698491937e+02 1.841904169492586396e+00 1.162633170325948727e-02
7.567839195979900069e+02 1.841908446961112444e+00 1.161861429014466804e-02
7.618090452261307064e+02 1.841912622610746952e+00 1.161120816637163829e-02
7.668341708542714059e+02 1.841916700211345015e+00 1.160409502729661119e-02
7.718592964824121054e+02 1.841920683321750074e+00 1.159725795952049922e-02
7.768844221105528050e+02 1.841924575306435496e+00 1.159068131273895130e-02
7.819095477386935045e+02 1.841928379350463274e+00 1.158435058540692453e-02
7.869346733668342040e+02 1.841932098472960577e+00 1.157825232236491322e-02
7.919597989949749035e+02 1.841935735539291796e+00 1.157237402317900718e-02
7.969849246231156030e+02 1.841939293272074174e+00 1.156670405980017580e-02
8.020100502512563025e+02 1.841942774261172922e+00 1.156123160255120332e-02
8.070351758793970021e+02 1.841946180972785285e+00 1.155594655340535029e-02
8.120603015075377016e+02 1.841949515757715927e+00 1.155083948580513074e-02
8.170854271356784011e+02 1.841952780858932881e+00 1.154590159028752797e-02
8.221105527638192143e+02 1.841955978418474027e+00 1.154112462520132457e-02
8.271356783919598001e+02 1.841959110483778694e+00 1.153650087212118071e-02
8.321608040201006133e+02 1.841962179013497902e+00 1.153202309525837820e-02
8.371859296482411992e+02 1.841965185882838085e+00 1.152768450464328534e-02
8.422110552763820124e+02 1.841968132888482268e+00 1.152347872258055114e-02
8.472361809045225982e+02 1.841971021753132653e+00 1.151939975299877926e-02
8.522613065326634114e+02 1.841973854129708155e+00 1.151544195363089079e-02
8.572864321608039972e+02 1.841976631605226400e+00 1.151160001035135376e-02
8.623115577889448105e+02 1.841979355704408183e+00 1.150786891389957850e-02
8.673366834170853963e+02 1.841982027893019014e+00 1.150424393847462694e-02
8.723618090452262095e+02 1.841984649580976852e+00 1.150072062202147673e-02
8.773869346733667953e+02 1.841987222125245793e+00 1.149729474823021728e-02
8.824120603015076085e+02 1.841989746832533248e+00 1.149396232996906762e-02
8.874371859296483080e+02 1.841992224961806812e+00 1.149071959394782662e-02
8.924623115577890076e+02 1.841994657726646611e+00 1.148756296671633696e-02
8.974874371859297071e+02 1.841997046297447094e+00 1.148448906158973902e-02
9.025125628140704066e+02 1.841999391803477160e+00 1.148149466674829207e-02
9.075376884422111061e+02 1.842001695334815281e+00 1.147857673410184604e-02
9.125628140703518056e+02 1.842003957944163384e+00 1.147573236903012481e-02
9.175879396984925052e+02 1.842006180648552593e+00 1.147295882089694775e-02
9.226130653266332047e+02 1.842008364430948619e+00 1.147025347425524588e-02
9.276381909547739042e+02 1.842010510241762100e+00 1.146761384065930062e-02
9.326633165829146037e+02 1.842012619000273244e+00 1.146503755108731724e-02
9.376884422110553032e+02 1.842014691595975195e+00 1.146252234888037180e-02
9.427135678391960028e+02 1.842016728889842803e+00 1.146006608318082994e-02
9.477386934673367023e+02 1.842018731715531654e+00 1.145766670282411838e-02
9.527638190954774018e+02 1.842020700880513173e+00 1.145532225067617815e-02
9.577889447236181013e+02 1.842022637167147314e+00 1.145303085826339211e-02
9.628140703517588008e+02 1.842024541333699528e+00 1.145079074088071851e-02
9.678391959798995003e+02 1.842026414115306876e+00 1.144860019292757991e-02
9.728643216080401999e+02 1.842028256224891081e+00 1.144645758359879618e-02
9.778894472361808994e+02 1.842030068354028716e+00 1.144436135282513554e-02
9.829145728643217126e+02 1.842031851173776547e+00 1.144231000749366782e-02
9.879396984924624121e+02 1.842033605335456459e+00 1.144030211793922724e-02
9.929648241206031116e+02 1.842035331471401749e+00 1.143833631453321405e-02
9.979899497487438111e+02 1.842037030195669001e+00 1.143641128466165412e-02
1.003015075376884511e+03 1.842038702104714654e+00 1.143452576972449689e-02
1.008040201005025210e+03 1.842040347778040488e+00 1.143267856243827298e-02
1.013065326633165910e+03 1.842041967778810019e+00 1.143086850420974888e-02
1.018090452261306609e+03 1.842043562654435584e+00 1.142909448274618926e-02
1.023115577889447309e+03 1.842045132937139451e+00 1.142735542975708944e-02
1.028140703517588008e+03 1.842046679144488941e+00 1.142565031878665927e-02
1.033165829145728821e+03 1.842048201779909800e+00 1.142397816320661966e-02
1.038190954773869407e+03 1.842049701333175138e+00 1.142233801428230514e-02
1.043216080402009993e+03 1.842051178280874613e+00 1.142072895941926604e-02
1.048241206030150806e+03 1.842052633086861846e+00 1.141915012039634858e-02
1.053266331658291620e+03 1.842054066202685192e+00 1.141760065181881244e-02
1.058291457286432205e+03 1.842055478067998520e+00 1.141607973956818879e-02
1.063316582914572791e+03 1.842056869110955342e+00 1.141458659938522288e-02
1.068341708542713604e+03 1.842058239748587845e+00 1.141312047548890575e-02
1.073366834170854418e+03 1.842059590387168155e+00 1.141168063932905194e-02
1.078391959798995003e+03 1.842060921422558728e+00 1.141026638836563877e-02
1.083417085427135589e+03 1.842062233240544078e+00 1.140887704489453730e-02
1.088442211055276402e+03 1.842063526217152969e+00 1.140751195497814556e-02
1.093467336683417216e+03 1.842064800718967055e+00 1.140617048741301119e-02
1.098492462311557802e+03 1.842066057103416643e+00 1.140485203275402523e-02
1.103517587939698387e+03 1.842067295719064912e+00 1.140355600235636729e-02
1.108542713567839201e+03 1.842068516905884357e+00 1.140228182753269363e-02
1.113567839195980014e+03 1.842069720995517468e+00 1.140102895869911370e-02
1.118592964824120827e+03 1.842070908311532529e+00 1.139979686456846220e-02
1.123618090452261413e+03 1.842072079169666976e+00 1.139858503142992044e-02
1.128643216080401999e+03 1.842073233878062988e+00 1.139739296235927485e-02
1.133668341708542812e+03 1.842074372737493970e+00 1.139622017663255264e-02
1.138693467336683625e+03 1.842075496041583049e+00 1.139506620897304950e-02
1.143718592964824211e+03 1.842076604077012902e+00 1.139393060901164496e-02
1.148743718592964797e+03 1.842077697123730040e+00 1.139281294067803589e-02
1.153768844221105610e+03 1.842078775455138873e+00 1.139171278158132745e-02
1.158793969849246423e+03 1.842079839338292002e+00 1.139062972256521880e-02
1.163819095477387009e+03 1.842080889034071189e+00 1.138956336711625938e-02
1.168844221105527595e+03 1.842081924797364767e+00 1.138851333093705148e-02
1.173869346733668408e+03 1.842082946877235283e+00 1.138747924143107548e-02
1.178894472361809221e+03 1.842083955517085370e+00 1.138646073730385268e-02
1.183919597989949807e+03 1.842084950954815170e+00 1.138545746809526728e-02
1.188944723618090393e+03 1.842085933422975774e+00 1.138446909380882999e-02
1.193969849246231206e+03 1.842086903148916432e+00 1.138349528451116505e-02
1.198994974874372019e+03 1.842087860354928663e+00 1.138253571996025552e-02
1.204020100502512605e+03 1.842088805258383699e+00 1.138159008925272893e-02
1.209045226130653191e+03 1.842089738071865712e+00 1.138065809049995658e-02
1.214070351758794004e+03 1.842090659003301933e+00 1.137973943046472619e-02
1.219095477386934817e+03 1.842091568256087886e+00 1.137883382430482718e-02
1.224120603015075403e+03 1.842092466029207731e+00 1.137794099521870564e-02
1.229145728643215989e+03 1.842093352517351512e+00 1.137706067423712407e-02
1.234170854271356802e+03 1.842094227911029058e+00 1.137619259984861894e-02
1.239195979899497615e+03 1.842095092396679679e+00 1.137533651784907070e-02
1.244221105527638429e+03 1.842095946156778297e+00 1.137449218099581896e-02
1.249246231155779014e+03 1.842096789369938481e+00 1.137365934884692655e-02
1.254271356783919600e+03 1.842097622211012808e+00 1.137283778745376735e-02
1.259296482412060413e+03 1.842098444851189010e+00 1.137202726920954685e-02
1.264321608040201227e+03 1.842099257458083894e+00 1.137122757259998243e-02
1.269346733668341813e+03 1.842100060195834832e+00 1.137043848201231208e-02
1.274371859296482398e+03 1.842100853225186796e+00 1.136965978753435615e-02
1.279396984924623212e+03 1.842101636703578960e+00 1.136889128475334319e-02
1.284422110552764025e+03 1.842102410785226407e+00 1.136813277462293825e-02
1.289447236180904611e+03 1.842103175621202071e+00 1.136738406321287365e-02
1.294472361809045196e+03 1.842103931359513336e+00 1.136664496164398359e-02
1.299497487437186010e+03 1.842104678145178642e+00 1.136591528582773548e-02
1.304522613065326823e+03 1.842105416120300321e+00 1.136519485637165275e-02
1.309547738693467409e+03 1.842106145424136754e+00 1.136448349841621616e-02
1.314572864321607994e+03 1.842106866193170989e+00 1.136378104149115761e-02
1.319597989949748808e+03 1.842107578561178016e+00 1.136308731938140588e-02
1.324623115577889621e+03 1.842108282659290719e+00 1.136240217000266187e-02
1.329648241206030207e+03 1.842108978616062043e+00 1.136172543523777598e-02
1.334673366834170793e+03 1.842109666557528502e+00 1.136105696087073152e-02
1.339698492462311606e+03 1.842110346607268134e+00 1.136039659641301797e-02
1.344723618090452419e+03 1.842111018886460005e+00 1.135974419502762747e-02
1.349748743718593005e+03 1.842111683513940168e+00 1.135909961342365312e-02
1.354773869346733591e+03 1.842112340606256948e+00 1.135846271171167543e-02
1.359798994974874404e+03 1.842112990277724016e+00 1.135783335332748306e-02
1.364824120603015217e+03 1.842113632640473009e+00 1.135721140494595251e-02
1.369849246231156030e+03 1.842114267804503491e+00 1.135659673636549641e-02
1.374874371859296616e+03 1.842114895877731584e+00 1.135598922040223155e-02
1.379899497487437202e+03 1.842115516966039479e+00 1.135538873286226665e-02
1.384924623115578015e+03 1.842116131173320293e+00 1.135479515237705628e-02
1.389949748743718828e+03 1.842116738601524251e+00 1.135420836038534761e-02
1.394974874371859414e+03 1.842117339350701988e+00 1.135362824102705351e-02
1.400000000000000000e+03 1.842117933519048512e+00 1.135305468105663081e-02
