4.000000000000000000e+02 1.845168215096435693e+00 2.044451813290454681e-02
4.050251256281406995e+02 1.845270066275599863e+00 2.038372056279638342e-02
4.100502512562813990e+02 1.845369869047386979e+00 2.031489132166288195e-02
4.150753768844220986e+02 1.845467816080414325e+00 2.023749096404324141e-02
4.201005025125627981e+02 1.845564102743116219e+00 2.015088884773758374e-02
4.251256281407034976e+02 1.845658927524961745e+00 2.005435336953271738e-02
4.301507537688441971e+02 1.845752492235076314e+00 1.994704153280887210e-02
4.351758793969848966e+02 1.845845001816579511e+00 1.982798837540906967e-02
4.402010050251256530e+02 1.845936663539013312e+00 1.969609721621411874e-02
4.452261306532663525e+02 1.846027685223651238e+00 1.955013235736480573e-02
4.502512562814070520e+02 1.846118272008322458e+00 1.938871692402855187e-02
4.552763819095477515e+02 1.846208620962822566e+00 1.921034008869744111e-02
4.603015075376884511e+02 1.846298912625211841e+00 1.901338018459060655e-02
4.653266331658291506e+02 1.846389298269507595e+00 1.879615329113630551e-02
4.703517587939698501e+02 1.846479881515389998e+00 1.855700069628179322e-02
4.753768844221105496e+02 1.846570692929790480e+00 1.829443256657559483e-02
4.804020100502512491e+02 1.846661656892495840e+00 1.800734733944273774e-02
4.854271356783919487e+02 1.846752551755899585e+00 1.769534280003986701e-02
4.904522613065327050e+02 1.846842967895611975e+00 1.735911864531971757e-02
4.954773869346734045e+02 1.846932273959521309e+00 1.700093298122659288e-02
5.005025125628141041e+02 1.847019608392985957e+00 1.662501272437508573e-02
5.055276381909548036e+02 1.847103917180892507e+00 1.623774532921481994e-02
5.105527638190955031e+02 1.847184052780685759e+00 1.584744595090149116e-02
5.155778894472362026e+02 1.847258928054127392e+00 1.546357290420063285e-02
5.206030150753769021e+02 1.847327688056035866e+00 1.509548469472496782e-02
5.256281407035176017e+02 1.847389842128644544e+00 1.475109476003136182e-02
5.306532663316583012e+02 1.847445309749388587e+00 1.443588423084285997e-02
5.356783919597990007e+02 1.847494373130862622e+00 1.415256605453216882e-02
5.407035175879397002e+02 1.847537569206567420e+00 1.390137607299523487e-02
5.457286432160803997e+02 1.847575567647999462e+00 1.368073209275736529e-02
5.507537688442210992e+02 1.847609069545082860e+00 1.348796570364315175e-02
5.557788944723617988e+02 1.847638740273787938e+00 1.331993362681661332e-02
5.608040201005024983e+02 1.847665174264014221e+00 1.317344040767989832e-02
5.658291457286431978e+02 1.847688882708663050e+00 1.304548615069404081e-02
5.708542713567838973e+02 1.847710294957860322e+00 1.293338505138847370e-02
5.758793969849245968e+02 1.847729766659589101e+00 1.283480172606931043e-02
5.809045226130654100e+02 1.847747590305569121e+00 1.274774150439257799e-02
5.859296482412059959e+02 1.847764005827245981e+00 1.267051856543912822e-02
5.909547738693468091e+02 1.847779210153752460e+00 1.260171608422187318e-02
5.959798994974873949e+02 1.847793365358844753e+00 1.254014601668771052e-02
6.010050251256282081e+02 1.847806605385017509e+00 1.248481216703376147e-02
6.060301507537687939e+02 1.847819041490769587e+00 1.243487793035171103e-02
6.110552763819096072e+02 1.847830766617715614e+00 1.238963892559746469e-02
6.160804020100503067e+02 1.847841858873640497e+00 1.234850017489240968e-02
6.211055276381910062e+02 1.847852384305673112e+00 1.231095726552342007e-02
6.261306532663317057e+02 1.847862399109580611e+00 1.227658088546365427e-02
6.311557788944724052e+02 1.847871951393659229e+00 1.224500416009497404e-02
6.361809045226131047e+02 1.847881082591567248e+00 1.221591228723251966e-02
6.412060301507538043e+02 1.847889828598444195e+00 1.218903404516699825e-02
6.462311557788945038e+02 1.847898220688540372e+00 1.216413482156199731e-02
6.512562814070352033e+02 1.847906286259864528e+00 1.214101087593259624e-02
6.562814070351759028e+02 1.847914049441401030e+00 1.211948460287712304e-02
6.613065326633166023e+02 1.847921531590707156e+00 1.209940060816608147e-02
6.663316582914573019e+02 1.847928751703703965e+00 1.208062244681086354e-02
6.713567839195980014e+02 1.847935726753816787e+00 1.206302990128079074e-02
6.763819095477387009e+02 1.847942471974005407e+00 1.204651670212599293e-02
6.814070351758794004e+02 1.847949001092424215e+00 1.203098861193239479e-02
6.864321608040200999e+02 1.847955326530252407e+00 1.201636180874548175e-02
6.914572864321607994e+02 1.847961459568525200e+00 1.200256151726553783e-02
6.964824120603016127e+02 1.847967410489444129e+00 1.198952084561612751e-02
7.015075376884421985e+02 1.847973188696588887e+00 1.197717979342257169e-02
7.065326633165830117e+02 1.847978802817610289e+00 1.196548440309518069e-02
7.115577889447235975e+02 1.847984260792309374e+00 1.195438603120781151e-02
7.165829145728644107e+02 1.847989569948487176e+00 1.194384072106133288e-02
7.216080402010049966e+02 1.847994737067505611e+00 1.193380866050920697e-02
7.266331658291458098e+02 1.847999768441172197e+00 1.192425371227937361e-02
7.316582914572863956e+02 1.848004669921269105e+00 1.191514300577391390e-02
7.366834170854272088e+02 1.848009446962831204e+00 1.190644658130446225e-02
7.417085427135677946e+02 1.848014104662087709e+00 1.189813707916875796e-02
7.467336683417086078e+02 1.848018647789835933e+00 1.189018946730686400e-02
7.517587939698491937e+02 1.848023080820888620e+00 1.188258080199972380e-02
7.567839195979900069e+02 1.848027407960140200e+00 1.187529001714045414e-02
7.618090452261307064e+02 1.848031633165702070e+00 1.186829773826006233e-02
7.668341708542714059e+02 1.848035760169504327e+00 1.186158611794202282e-02
7.718592964824121054e+02 1.848039792495686173e+00 1.185513868991344699e-02
7.768844221105528050e+02 1.848043733477059192e+00 1.184894023933453014e-02
7.819095477386935045e+02 1.848047586269885523e+00 1.184297668734060789e-02
7.869346733668342040e+02 1.848051353867174784e+00 1.183723498799084742e-02
7.919597989949749035e+02 1.848055039110678477e+00 1.183170303608874034e-02
7.969849246231156030e+02 1.848058644701736641e+00 1.182636958470248932e-02
8.020100502512563025e+02 1.848062173211107551e+00 1.182122417105491326e-02
8.070351758793970021e+02 1.848065627087896790e+00 1.181625704990643504e-02
8.120603015075377016e+02 1.848069008667683866e+00 1.181145913361764804e-02
8.170854271356784011e+02 1.848072320179939387e+00 1.180682193802048280e-02
8.221105527638192143e+02 1.848075563754799866e+00 1.180233753350932134e-02
8.271356783919598001e+02 1.848078741429276528e+00 1.179799850078425659e-02
8.321608040201006133e+02 1.848081855152950537e+00 1.179379789076658892e-02
8.371859296482411992e+02 1.848084906793209470e+00 1.178972918816355471e-02
8.422110552763820124e+02 1.848087898140069463e+00 1.178578627836178276e-02
8.472361809045225982e+02 1.848090830910624094e+00 1.178196341726870690e-02
8.522613065326634114e+02 1.848093706753154652e+00 1.177825520386853106e-02
8.572864321608039972e+02 1.848096527250936205e+00 1.177465655510581341e-02
8.623115577889448105e+02 1.848099293925762776e+00 1.177116268299940871e-02
8.673366834170853963e+02 1.848102008241224503e+00 1.176776907359522104e-02
8.723618090452262095e+02 1.848104671605748761e+00 1.176447146780756209e-02
8.773869346733667953e+02 1.848107285375437669e+00 1.176126584370703644e-02
8.824120603015076085e+02 1.848109850856708203e+00 1.175814840034908500e-02
8.874371859296483080e+02 1.848112369308761771e+00 1.175511554290612284e-02
8.924623115577890076e+02 1.848114841945888154e+00 1.175216386888386540e-02
8.974874371859297071e+02 1.848117269939624441e+00 1.174929015551317603e-02
9.025125628140704066e+02 1.848119654420777191e+00 1.174649134808702054e-02
9.075376884422111061e+02 1.848121996481318918e+00 1.174376454920027756e-02
9.125628140703518056e+02 1.848124297176169994e+00 1.174110700876452619e-02
9.175879396984925052e+02 1.848126557524872871e+00 1.173851611479226863e-02
9.226130653266332047e+02 1.848128778513168147e+00 1.173598938492581047e-02
9.276381909547739042e+02 1.848130961094479163e+00 1.173352445843020737e-02
9.326633165829146037e+02 1.848133106191311548e+00 1.173111908891782962e-02
9.376884422110553032e+02 1.848135214696575046e+00 1.172877113753282956e-02
9.427135678391960028e+02 1.848137287474830970e+00 1.172647856656923795e-02
9.477386934673367023e+02 1.848139325363472141e+00 1.172423943360990234e-02
9.527638190954774018e+02 1.848141329173840886e+00 1.172205188601769567e-02
9.577889447236181013e+02 1.848143299692284858e+00 1.171991415584686808e-02
9.628140703517588008e+02 1.848145237681159569e+00 1.171782455500551719e-02
9.678391959798995003e+02 1.848147143879780741e+00 1.171578147088834197e-02
9.728643216080401999e+02 1.848149019005325355e+00 1.171378336215880486e-02
9.778894472361808994e+02 1.848150863753688977e+00 1.171182875488068278e-02
9.829145728643217126e+02 1.848152678800301540e+00 1.170991623887679411e-02
9.879396984924624121e+02 1.848154464800901620e+00 1.170804446430629212e-02
9.929648241206031116e+02 1.848156222392274728e+00 1.170621213851820094e-02
9.979899497487438111e+02 1.848157952192956310e+00 1.170441802301123990e-02
1.003015075376884511e+03 1.848159654803900986e+00 1.170266093067125895e-02
1.008040201005025210e+03 1.848161330809121594e+00 1.170093972310670173e-02
1.013065326633165910e+03 1.848162980776298481e+00 1.169925330818693578e-02
1.018090452261306609e+03 1.848164605257360371e+00 1.169760063771757043e-02
1.023115577889447309e+03 1.848166204789042144e+00 1.169598070525317002e-02
1.028140703517588008e+03 1.848167779893413742e+00 1.169439254407627325e-02
1.033165829145728821e+03 1.848169331078389099e+00 1.169283522516272739e-02
1.038190954773869407e+03 1.848170858838211750e+00 1.169130785549437820e-02
1.043216080402009993e+03 1.848172363653919348e+00 1.168980957620682076e-02
1.048241206030150806e+03 1.848173845993789532e+00 1.168833956105665671e-02
1.053266331658291620e+03 1.848175306313766253e+00 1.168689701485723861e-02
1.058291457286432205e+03 1.848176745057868109e+00 1.168548117201604307e-02
1.063316582914572791e+03 1.848178162658580925e+00 1.168409129522140176e-02
1.068341708542713604e+03 1.848179559537233452e+00 1.168272667407932106e-02
1.073366834170854418e+03 1.848180936104358185e+00 1.168138662396655224e-02
1.078391959798995003e+03 1.848182292760037315e+00 1.168007048481506209e-02
1.083417085427135589e+03 1.848183629894236901e+00 1.167877762006562167e-02
1.088442211055276402e+03 1.848184947887123952e+00 1.167750741559105479e-02
1.093467336683417216e+03 1.848186247109375957e+00 1.167625927874139241e-02
1.098492462311557802e+03 1.848187527922475537e+00 1.167503263739695131e-02
1.103517587939698387e+03 1.848188790678993332e+00 1.167382693911503400e-02
1.108542713567839201e+03 1.848190035722862890e+00 1.167264165024674283e-02
1.113567839195980014e+03 1.848191263389642458e+00 1.167147625517613724e-02
1.118592964824120827e+03 1.848192474006769226e+00 1.167033025556773150e-02
1.123618090452261413e+03 1.848193667893801795e+00 1.166920316960334825e-02
1.128643216080401999e+03 1.848194845362656435e+00 1.166809453138919518e-02
1.133668341708542812e+03 1.848196006717833351e+00 1.166700389018118789e-02
1.138693467336683625e+03 1.848197152256633169e+00 1.166593080989480197e-02
1.143718592964824211e+03 1.848198282269369885e+00 1.166487486844282676e-02
1.148743718592964797e+03 1.848199397039571368e+00 1.166383565717697343e-02
1.153768844221105610e+03 1.848200496844176977e+00 1.166281278038584952e-02
1.158793969849246423e+03 1.848201581953725414e+00 1.166180585480176314e-02
1.163819095477387009e+03 1.848202652632537024e+00 1.166081450904023382e-02
1.168844221105527595e+03 1.848203709138890760e+00 1.165983838321023661e-02
1.173869346733668408e+03 1.848204751725192718e+00 1.165887712845722554e-02
1.178894472361809221e+03 1.848205780638141782e+00 1.165793040653420251e-02
1.183919597989949807e+03 1.848206796118887718e+00 1.165699788939128512e-02
1.188944723618090393e+03 1.848207798403183943e+00 1.165607925882195146e-02
1.193969849246231206e+03 1.848208787721537183e+00 1.165517420608027169e-02
1.198994974874372019e+03 1.848209764299349134e+00 1.165428243151674266e-02
1.204020100502512605e+03 1.848210728357056354e+00 1.165340364427088632e-02
1.209045226130653191e+03 1.848211680110263488e+00 1.165253756193489025e-02
1.214070351758794004e+03 1.848212619769874276e+00 1.165168391024547397e-02
1.219095477386934817e+03 1.848213547542215229e+00 1.165084242283259165e-02
1.224120603015075403e+03 1.848214463629158644e+00 1.165001284086299681e-02
1.229145728643215989e+03 1.848215368228239619e+00 1.164919491282644451e-02
1.234170854271356802e+03 1.848216261532770632e+00 1.164838839429303483e-02
1.239195979899497615e+03 1.848217143731950118e+00 1.164759304759403237e-02
1.244221105527638429e+03 1.848218015010972382e+00 1.164680864169306308e-02
1.249246231155779014e+03 1.848218875551127738e+00 1.164603495183785462e-02
1.254271356783919600e+03 1.848219725529905544e+00 1.164527175945002414e-02
1.259296482412060413e+03 1.848220565121089898e+00 1.164451885184310774e-02
1.264321608040201227e+03 1.848221394494854897e+00 1.164377602210242904e-02
1.269346733668341813e+03 1.848222213817855453e+00 1.164304306876456918e-02
1.274371859296482398e+03 1.848223023253316333e+00 1.164231979578268447e-02
1.279396984924623212e+03 1.848223822961117868e+00 1.164160601224376382e-02
1.284422110552764025e+03 1.848224613097879443e+00 1.164090153225735141e-02
1.289447236180904611e+03 1.848225393817040541e+00 1.164020617473920764e-02
1.294472361809045196e+03 1.848226165268939791e+00 1.163951976332835633e-02
1.299497487437186010e+03 1.848226927600890246e+00 1.163884212615139656e-02
1.304522613065326823e+03 1.848227680957253760e+00 1.163817309574881331e-02
1.309547738693467409e+03 1.848228425479513604e+00 1.163751250887717047e-02
1.314572864321607994e+03 1.848229161306343071e+00 1.163686020646382407e-02
1.319597989949748808e+03 1.848229888573673874e+00 1.163621603335163179e-02
1.324623115577889621e+03 1.848230607414762305e+00 1.163557983827252611e-02
1.329648241206030207e+03 1.848231317960252529e+00 1.163495147371604484e-02
1.334673366834170793e+03 1.848232020338238524e+00 1.163433079575005441e-02
1.339698492462311606e+03 1.848232714674326038e+00 1.163371766400358304e-02
1.344723618090452419e+03 1.848233401091689210e+00 1.163311194147782432e-02
1.349748743718593005e+03 1.848234079711128963e+00 1.163251349450973061e-02
1.354773869346733591e+03 1.848234750651128300e+00 1.163192219261145917e-02
1.359798994974874404e+03 1.848235414027905588e+00 1.163133790840518815e-02
1.364824120603015217e+03 1.848236069955467631e+00 1.163076051754831884e-02
1.369849246231156030e+03 1.848236718545660739e+00 1.163018989862042718e-02
1.374874371859296616e+03 1.848237359908219801e+00 1.162962593302923654e-02
1.379899497487437202e+03 1.848237994150816688e+00 1.162906850496426246e-02
1.384924623115578015e+03 1.848238621379107771e+00 1.162851750127403411e-02
1.389949748743718828e+03 1.848239241696779223e+00 1.162797281141961063e-02
1.394974874371859414e+03 1.848239855205590754e+00 1.162743432738033190e-02
1.400000000000000000e+03 1.848240462005420470e+00 1.162690194359769502e-02
