4.000000000000000000e+02 1.854616679090430598e+00 2.282122651360186591e-02
4.050251256281406995e+02 1.854731063503076260e+00 2.275268041153360316e-02
4.100502512562813990e+02 1.854843342428842190e+00 2.267442574092965596e-02
4.150753768844220986e+02 1.854953759787986822e+00 2.258569192106631499e-02
4.201005025125627981e+02 1.855062567750867863e+00 2.248556933514279932e-02
4.251256281407034976e+02 1.855170028035658447e+00 2.237299012088726780e-02
4.301507537688441971e+02 1.855276412987176382e+00 2.224670663052064762e-02
4.351758793969848966e+02 1.855382006168003972e+00 2.210526814229303930e-02
4.402010050251256530e+02 1.855487102030021207e+00 2.194699719114798567e-02
4.452261306532663525e+02 1.855592003985280014e+00 2.176996825096614782e-02
4.502512562814070520e+02 1.855697019823731031e+00 2.157199379770195422e-02
4.552763819095477515e+02 1.855802452892011178e+00 2.135062652545704348e-02
4.603015075376884511e+02 1.855908586727253340e+00 2.110319234773328639e-02
4.653266331658291506e+02 1.856015659971890441e+00 2.082687746908323811e-02
4.703517587939698501e+02 1.856123827596073417e+00 2.051890438848043285e-02
4.753768844221105496e+02 1.856233104336314277e+00 2.017684433526030496e-02
4.804020100502512491e+02 1.856343288164848504e+00 1.979912047502216388e-02
4.854271356783919487e+02 1.856453867866443286e+00 1.938574066553162487e-02
4.904522613065327050e+02 1.856563932179879917e+00 1.893923113101562972e-02
4.954773869346734045e+02 1.856672118658522219e+00 1.846559141074346697e-02
5.005025125628141041e+02 1.856776659427695098e+00 1.797486835781269068e-02
5.055276381909548036e+02 1.856875574698218401e+00 1.748078904094812341e-02
5.105527638190955031e+02 1.856967007204147313e+00 1.699906891651310065e-02
5.155778894472362026e+02 1.857049594390199898e+00 1.654467258639728822e-02
5.206030150753769021e+02 1.857122717413328017e+00 1.612907706639193223e-02
5.256281407035176017e+02 1.857186521453597861e+00 1.575871961623214607e-02
5.306532663316583012e+02 1.857241734796914123e+00 1.543507507997446924e-02
5.356783919597990007e+02 1.857289406302981005e+00 1.515589145732714089e-02
5.407035175879397002e+02 1.857330673643412977e+00 1.491676143486893140e-02
5.457286432160803997e+02 1.857366612458559274e+00 1.471243873070659722e-02
5.507537688442210992e+02 1.857398163365982624e+00 1.453769643198189049e-02
5.557788944723617988e+02 1.857426112018097264e+00 1.438777655474141222e-02
5.608040201005024983e+02 1.857451097621898972e+00 1.425856256229689201e-02
5.658291457286431978e+02 1.857473633143135627e+00 1.414659543920836031e-02
5.708542713567838973e+02 1.857494127938735806e+00 1.404901561623495866e-02
5.758793969849245968e+02 1.857512908579687316e+00 1.396347837536514661e-02
5.809045226130654100e+02 1.857530236398995171e+00 1.388806695566481043e-02
5.859296482412059959e+02 1.857546321624068186e+00 1.382121396691845042e-02
5.909547738693468091e+02 1.857561334485505977e+00 1.376163458598834294e-02
5.959798994974873949e+02 1.857575413841400902e+00 1.370827163171724206e-02
6.010050251256282081e+02 1.857588673837428761e+00 1.366025122802633392e-02
6.060301507537687939e+02 1.857601209045691926e+00 1.361684735860740209e-02
6.110552763819096072e+02 1.857613098437632893e+00 1.357745365336282886e-02
6.160804020100503067e+02 1.857624408467202892e+00 1.354156095234733403e-02
6.211055276381910062e+02 1.857635195475379586e+00 1.350873944195604172e-02
6.261306532663317057e+02 1.857645507576017874e+00 1.347862439341063027e-02
6.311557788944724052e+02 1.857655386143888476e+00 1.345090473574276323e-02
6.361809045226131047e+02 1.857664866996183495e+00 1.342531386138549193e-02
6.412060301507538043e+02 1.857673981336592339e+00 1.340162219412918340e-02
6.462311557788945038e+02 1.857682756514425160e+00 1.337963115307778256e-02
6.512562814070352033e+02 1.857691216638827525e+00 1.335916822635874884e-02
6.562814070351759028e+02 1.857699383078782018e+00 1.334008293106775378e-02
6.613065326633166023e+02 1.857707274872558934e+00 1.332224348399560325e-02
6.663316582914573019e+02 1.857714909064953623e+00 1.330553404502463760e-02
6.713567839195980014e+02 1.857722300986603958e+00 1.328985242422905597e-02
6.763819095477387009e+02 1.857729464486591153e+00 1.327510816598235013e-02
6.814070351758794004e+02 1.857736412127151793e+00 1.326122094117996100e-02
6.864321608040200999e+02 1.857743155347497455e+00 1.324811919222685513e-02
6.914572864321607994e+02 1.857749704602317475e+00 1.323573898654320166e-02
6.964824120603016127e+02 1.857756069479431504e+00 1.322402304255366687e-02
7.015075376884421985e+02 1.857762258800181643e+00 1.321291989911547657e-02
7.065326633165830117e+02 1.857768280705477171e+00 1.320238320474489795e-02
7.115577889447235975e+02 1.857774142729851974e+00 1.319237110708222638e-02
7.165829145728644107e+02 1.857779851865467124e+00 1.318284572684494046e-02
7.216080402010049966e+02 1.857785414617643571e+00 1.317377270299829352e-02
7.266331658291458098e+02 1.857790837053227673e+00 1.316512079831496339e-02
7.316582914572863956e+02 1.857796124842871599e+00 1.315686155620923205e-02
7.366834170854272088e+02 1.857801283298126327e+00 1.314896900145945055e-02
7.417085427135677946e+02 1.857806317404093521e+00 1.314141937825397469e-02
7.467336683417086078e+02 1.857811231848268685e+00 1.313419092054603568e-02
7.517587939698491937e+02 1.857816031046094052e+00 1.312726364995158573e-02
7.567839195979900069e+02 1.857820719163676637e+00 1.312061919766104902e-02
7.618090452261307064e+02 1.857825300138038482e+00 1.311424064698935368e-02
7.668341708542714059e+02 1.857829777695223505e+00 1.310811239390207925e-02
7.718592964824121054e+02 1.857834155366533624e+00 1.310222002319788581e-02
7.768844221105528050e+02 1.857838436503126189e+00 1.309655019831748764e-02
7.819095477386935045e+02 1.857842624289170130e+00 1.309109056310456091e-02
7.869346733668342040e+02 1.857846721753740438e+00 1.308582965400054143e-02
7.919597989949749035e+02 1.857850731781587328e+00 1.308075682148514621e-02
7.969849246231156030e+02 1.857854657122921527e+00 1.307586215957677080e-02
8.020100502512563025e+02 1.857858500402316482e+00 1.307113644250001115e-02
8.070351758793970021e+02 1.857862264126830310e+00 1.306657106767683887e-02
8.120603015075377016e+02 1.857865950693430079e+00 1.306215800427421546e-02
8.170854271356784011e+02 1.857869562395792373e+00 1.305788974683961233e-02
8.221105527638192143e+02 1.857873101430544738e+00 1.305375927321845292e-02
8.271356783919598001e+02 1.857876569903005093e+00 1.304976000651168061e-02
8.321608040201006133e+02 1.857879969832470168e+00 1.304588578053848640e-02
8.371859296482411992e+02 1.857883303157096266e+00 1.304213080843548075e-02
8.422110552763820124e+02 1.857886571738409431e+00 1.303848965403747034e-02
8.472361809045225982e+02 1.857889777365486550e+00 1.303495720589510805e-02
8.522613065326634114e+02 1.857892921758828253e+00 1.303152865346751330e-02
8.572864321608039972e+02 1.857896006573961367e+00 1.302819946539192711e-02
8.623115577889448105e+02 1.857899033404787792e+00 1.302496536962872466e-02
8.673366834170853963e+02 1.857902003786705114e+00 1.302182233521047804e-02
8.723618090452262095e+02 1.857904919199519389e+00 1.301876655561218406e-02
8.773869346733667953e+02 1.857907781070163855e+00 1.301579443329845508e-02
8.824120603015076085e+02 1.857910590775245563e+00 1.301290256573567686e-02
8.874371859296483080e+02 1.857913349643427026e+00 1.301008773230364138e-02
8.924623115577890076e+02 1.857916058957662209e+00 1.300734688240181257e-02
8.974874371859297071e+02 1.857918719957294851e+00 1.300467712437947294e-02
9.025125628140704066e+02 1.857921333840029332e+00 1.300207571536200930e-02
9.075376884422111061e+02 1.857923901763787855e+00 1.299954005181481326e-02
9.125628140703518056e+02 1.857926424848456604e+00 1.299706766084796072e-02
9.175879396984925052e+02 1.857928904177533314e+00 1.299465619210228920e-02
9.226130653266332047e+02 1.857931340799683362e+00 1.299230341031335813e-02
9.276381909547739042e+02 1.857933735730206593e+00 1.299000718836765961e-02
9.326633165829146037e+02 1.857936089952427539e+00 1.298776550080177859e-02
9.376884422110553032e+02 1.857938404419007927e+00 1.298557641784888611e-02
9.427135678391960028e+02 1.857940680053191240e+00 1.298343809988892865e-02
9.477386934673367023e+02 1.857942917749983103e+00 1.298134879217568635e-02
9.527638190954774018e+02 1.857945118377267057e+00 1.297930682008142933e-02
9.577889447236181013e+02 1.857947282776870601e+00 1.297731058456108415e-02
9.628140703517588008e+02 1.857949411765569936e+00 1.297535855788824188e-02
9.678391959798995003e+02 1.857951506136050757e+00 1.297344927979226029e-02
9.728643216080401999e+02 1.857953566657821076e+00 1.297158135375787134e-02
9.778894472361808994e+02 1.857955594078078088e+00 1.296975344357353260e-02
9.829145728643217126e+02 1.857957589122535280e+00 1.296796427011216203e-02
9.879396984924624121e+02 1.857959552496211364e+00 1.296621260835345742e-02
9.929648241206031116e+02 1.857961484884182779e+00 1.296449728449429462e-02
9.979899497487438111e+02 1.857963386952298901e+00 1.296281717333603971e-02
1.003015075376884511e+03 1.857965259347868381e+00 1.296117119581233039e-02
1.008040201005025210e+03 1.857967102700312623e+00 1.295955831660632052e-02
1.013065326633165910e+03 1.857968917621792615e+00 1.295797754198626736e-02
1.018090452261306609e+03 1.857970704707803788e+00 1.295642791768849937e-02
1.023115577889447309e+03 1.857972464537752000e+00 1.295490852708800107e-02
1.028140703517588008e+03 1.857974197675497541e+00 1.295341848920278718e-02
1.033165829145728821e+03 1.857975904669882050e+00 1.295195695714072316e-02
1.038190954773869407e+03 1.857977586055229002e+00 1.295052311631205572e-02
1.043216080402009993e+03 1.857979242351827098e+00 1.294911618303351206e-02
1.048241206030150806e+03 1.857980874066390564e+00 1.294773540299279206e-02
1.053266331658291620e+03 1.857982481692502352e+00 1.294638004989932464e-02
1.058291457286432205e+03 1.857984065711040689e+00 1.294504942421865167e-02
1.063316582914572791e+03 1.857985626590584749e+00 1.294374285193055328e-02
1.068341708542713604e+03 1.857987164787809231e+00 1.294245968338824868e-02
1.073366834170854418e+03 1.857988680747858723e+00 1.294119929219303411e-02
1.078391959798995003e+03 1.857990174904711189e+00 1.293996107419599466e-02
1.083417085427135589e+03 1.857991647681525915e+00 1.293874444652398994e-02
1.088442211055276402e+03 1.857993099490977684e+00 1.293754884661283723e-02
1.093467336683417216e+03 1.857994530735578964e+00 1.293637373133358845e-02
1.098492462311557802e+03 1.857995941807990326e+00 1.293521857622059908e-02
1.103517587939698387e+03 1.857997333091319092e+00 1.293408287458691977e-02
1.108542713567839201e+03 1.857998704959405778e+00 1.293296613683603616e-02
1.113567839195980014e+03 1.858000057777102088e+00 1.293186788971257238e-02
1.118592964824120827e+03 1.858001391900537369e+00 1.293078767566366999e-02
1.123618090452261413e+03 1.858002707677375076e+00 1.292972505213944683e-02
1.128643216080401999e+03 1.858004005447063234e+00 1.292867959103858634e-02
1.133668341708542812e+03 1.858005285541070029e+00 1.292765087808453624e-02
1.138693467336683625e+03 1.858006548283118287e+00 1.292663851226968225e-02
1.143718592964824211e+03 1.858007793989404854e+00 1.292564210534180753e-02
1.148743718592964797e+03 1.858009022968818424e+00 1.292466128130714820e-02
1.153768844221105610e+03 1.858010235523145148e+00 1.292369567591566959e-02
1.158793969849246423e+03 1.858011431947270031e+00 1.292274493625749678e-02
1.163819095477387009e+03 1.858012612529369889e+00 1.292180872026433593e-02
1.168844221105527595e+03 1.858013777551101420e+00 1.292088669634787815e-02
1.173869346733668408e+03 1.858014927287781282e+00 1.291997854296904336e-02
1.178894472361809221e+03 1.858016062008560176e+00 1.291908394824114840e-02
1.183919597989949807e+03 1.858017181976593601e+00 1.291820260964440976e-02
1.188944723618090393e+03 1.858018287449203942e+00 1.291733423360259467e-02
1.193969849246231206e+03 1.858019378678038569e+00 1.291647853516241645e-02
1.198994974874372019e+03 1.858020455909223712e+00 1.291563523772419619e-02
1.204020100502512605e+03 1.858021519383511455e+00 1.291480407270346152e-02
1.209045226130653191e+03 1.858022569336423846e+00 1.291398477921801638e-02
1.214070351758794004e+03 1.858023605998390115e+00 1.291317710387790939e-02
1.219095477386934817e+03 1.858024629594883015e+00 1.291238080045478860e-02
1.224120603015075403e+03 1.858025640346547380e+00 1.291159562967996756e-02
1.229145728643215989e+03 1.858026638469326253e+00 1.291082135895628251e-02
1.234170854271356802e+03 1.858027624174583892e+00 1.291005776214712054e-02
1.239195979899497615e+03 1.858028597669223014e+00 1.290930461935663881e-02
1.244221105527638429e+03 1.858029559155799371e+00 1.290856171672699268e-02
1.249246231155779014e+03 1.858030508832633876e+00 1.290782884618377896e-02
1.254271356783919600e+03 1.858031446893919636e+00 1.290710580530171278e-02
1.259296482412060413e+03 1.858032373529826309e+00 1.290639239706692365e-02
1.264321608040201227e+03 1.858033288926601356e+00 1.290568842972511336e-02
1.269346733668341813e+03 1.858034193266669964e+00 1.290499371659515997e-02
1.274371859296482398e+03 1.858035086728726970e+00 1.290430807589118198e-02
1.279396984924623212e+03 1.858035969487833672e+00 1.290363133059608744e-02
1.284422110552764025e+03 1.858036841715503540e+00 1.290296330826616947e-02
1.289447236180904611e+03 1.858037703579792588e+00 1.290230384092162438e-02
1.294472361809045196e+03 1.858038555245382417e+00 1.290165276485951383e-02
1.299497487437186010e+03 1.858039396873662152e+00 1.290100992056127452e-02
1.304522613065326823e+03 1.858040228622809931e+00 1.290037515252267196e-02
1.309547738693467409e+03 1.858041050647868175e+00 1.289974830916972535e-02
1.314572864321607994e+03 1.858041863100820201e+00 1.289912924268847398e-02
1.319597989949748808e+03 1.858042666130663934e+00 1.289851780894071820e-02
1.324623115577889621e+03 1.858043459883480963e+00 1.289791386733663871e-02
1.329648241206030207e+03 1.858044244502507825e+00 1.289731728072456701e-02
1.334673366834170793e+03 1.858045020128201719e+00 1.289672791531509648e-02
1.339698492462311606e+03 1.858045786898306462e+00 1.289614564052765470e-02
1.344723618090452419e+03 1.858046544947915768e+00 1.289557032893170162e-02
1.349748743718593005e+03 1.858047294409534755e+00 1.289500185613620328e-02
1.354773869346733591e+03 1.858048035413139898e+00 1.289444010072209566e-02
1.359798994974874404e+03 1.858048768086237867e+00 1.289388494412303625e-02
1.364824120603015217e+03 1.858049492553921711e+00 1.289333627054913695e-02
1.369849246231156030e+03 1.858050208938927028e+00 1.289279396692786725e-02
1.374874371859296616e+03 1.858050917361684373e+00 1.289225792279325745e-02
1.379899497487437202e+03 1.858051617940372324e+00 1.289172803023530371e-02
1.384924623115578015e+03 1.858052310790968997e+00 1.289120418383213167e-02
1.389949748743718828e+03 1.858052996027300008e+00 1.289068628053042023e-02
1.394974874371859414e+03 1.858053673761087987e+00 1.289017421963776187e-02
1.400000000000000000e+03 1.858054344101998767e+00 1.288966790272022198e-02
