4.000000000000000000e+02 1.802316863581964412e+00 5.107277729516563822e-03
4.050251256281406995e+02 1.802282681550390064e+00 5.265497191885317591e-03
4.100502512562813990e+02 1.802252624200202158e+00 5.423341031431074682e-03
4.150753768844220986e+02 1.802226634782427395e+00 5.580628067685688455e-03
4.201005025125627981e+02 1.802204646844862701e+00 5.737184026258885031e-03
4.251256281407034976e+02 1.802186584963964444e+00 5.892842056592693771e-03
4.301507537688441971e+02 1.802172365498932116e+00 6.047443172219868143e-03
4.351758793969848966e+02 1.802161897359583875e+00 6.200836614517830220e-03
4.402010050251256530e+02 1.802155082780040329e+00 6.352880141060678748e-03
4.452261306532663525e+02 1.802151818090743207e+00 6.503440241157376275e-03
4.502512562814070520e+02 1.802151994481940855e+00 6.652392281535079131e-03
4.552763819095477515e+02 1.802155498752397333e+00 6.799620585707069793e-03
4.603015075376884511e+02 1.802162214037777765e+00 6.945018451243492076e-03
4.653266331658291506e+02 1.802172020513857165e+00 7.088488109293158285e-03
4.703517587939698501e+02 1.802184796070412265e+00 7.229940631346641437e-03
4.753768844221105496e+02 1.802200416952349560e+00 7.369295788046350930e-03
4.804020100502512491e+02 1.802218758365308426e+00 7.506481865112558591e-03
4.854271356783919487e+02 1.802239695043624357e+00 7.641435441492296955e-03
4.904522613065327050e+02 1.802263101779149945e+00 7.774101134622910317e-03
4.954773869346734045e+02 1.802288853909998823e+00 7.904431317992110032e-03
5.005025125628141041e+02 1.802316827768799978e+00 8.032385815158046491e-03
5.055276381909548036e+02 1.802346901090510878e+00 8.157931575342494343e-03
5.105527638190955031e+02 1.802378953380257665e+00 8.281042334172535740e-03
5.155778894472362026e+02 1.802412866242032896e+00 8.401698264120620319e-03
5.206030150753769021e+02 1.802448523669381908e+00 8.519885617714441708e-03
5.256281407035176017e+02 1.802485812299476686e+00 8.635596367242211191e-03
5.306532663316583012e+02 1.802524621632181079e+00 8.748827843808527210e-03
5.356783919597990007e+02 1.802564844215875262e+00 8.859582378366762795e-03
5.407035175879397002e+02 1.802606375801932392e+00 8.967866947069759107e-03
5.457286432160803997e+02 1.802649115469828756e+00 9.073692823371495506e-03
5.507537688442210992e+02 1.802692965724910446e+00 9.177075238036808830e-03
5.557788944723617988e+02 1.802737832570874499e+00 9.278033049119800008e-03
5.608040201005024983e+02 1.802783625559004843e+00 9.376588422900351827e-03
5.658291457286431978e+02 1.802830257816182336e+00 9.472766526813820517e-03
5.708542713567838973e+02 1.802877646053642646e+00 9.566595235158882604e-03
5.758793969849245968e+02 1.802925710558387795e+00 9.658104848285779115e-03
5.809045226130654100e+02 1.802974375169086763e+00 9.747327825462101525e-03
5.859296482412059959e+02 1.803023567238214664e+00 9.834298531848938152e-03
5.909547738693468091e+02 1.803073217582088050e+00 9.919052999695400497e-03
5.959798994974873949e+02 1.803123260420355312e+00 1.000162870345393251e-02
6.010050251256282081e+02 1.803173633306401680e+00 1.008206434912467357e-02
6.060301507537687939e+02 1.803224277050027524e+00 1.016039967719084905e-02
6.110552763819096072e+02 1.803275135633657378e+00 1.023667527911170487e-02
6.160804020100503067e+02 1.803326156123230550e+00 1.031093242687570327e-02
6.211055276381910062e+02 1.803377288574838033e+00 1.038321291520337593e-02
6.261306532663317057e+02 1.803428485938063597e+00 1.045355891603275307e-02
6.311557788944724052e+02 1.803479703956899938e+00 1.052201284457550574e-02
6.361809045226131047e+02 1.803530901069029024e+00 1.058861723675032403e-02
6.412060301507538043e+02 1.803582038304163193e+00 1.065341463705241597e-02
6.462311557788945038e+02 1.803633079182074717e+00 1.071644749669706416e-02
6.512562814070352033e+02 1.803683989610864069e+00 1.077775808123523742e-02
6.562814070351759028e+02 1.803734737785950948e+00 1.083738838721005383e-02
6.613065326633166023e+02 1.803785294090209490e+00 1.089538006724843043e-02
6.663316582914573019e+02 1.803835630995611172e+00 1.095177436315498791e-02
6.713567839195980014e+02 1.803885722966685368e+00 1.100661204634066637e-02
6.763819095477387009e+02 1.803935546366060239e+00 1.105993336526114000e-02
6.814070351758794004e+02 1.803985079362298238e+00 1.111177799921297948e-02
6.864321608040200999e+02 1.804034301840213184e+00 1.116218501820389480e-02
6.914572864321607994e+02 1.804083195313796795e+00 1.121119284819942739e-02
6.964824120603016127e+02 1.804131742841879271e+00 1.125883924165276169e-02
7.015075376884421985e+02 1.804179928946592515e+00 1.130516125256394305e-02
7.065326633165830117e+02 1.804227739534701502e+00 1.135019521594752244e-02
7.115577889447235975e+02 1.804275161821826456e+00 1.139397673124866762e-02
7.165829145728644107e+02 1.804322184259579576e+00 1.143654064935515670e-02
7.216080402010049966e+02 1.804368796465600555e+00 1.147792106284715487e-02
7.266331658291458098e+02 1.804414989156484017e+00 1.151815129937922184e-02
7.316582914572863956e+02 1.804460754083552443e+00 1.155726391760142358e-02
7.366834170854272088e+02 1.804506083971445296e+00 1.159529070567248167e-02
7.417085427135677946e+02 1.804550972459460167e+00 1.163226268186857114e-02
7.467336683417086078e+02 1.804595414045593982e+00 1.166821009724658062e-02
7.517587939698491937e+02 1.804639404033211214e+00 1.170316244004043077e-02
7.567839195979900069e+02 1.804682938480271837e+00 1.173714844164019597e-02
7.618090452261307064e+02 1.804726014151040836e+00 1.177019608390515379e-02
7.668341708542714059e+02 1.804768628470200698e+00 1.180233260784115112e-02
7.718592964824121054e+02 1.804810779479284921e+00 1.183358452320337068e-02
7.768844221105528050e+02 1.804852465795353744e+00 1.186397761909997219e-02
7.819095477386935045e+02 1.804893686571822586e+00 1.189353697540843427e-02
7.869346733668342040e+02 1.804934441461366612e+00 1.192228697487508413e-02
7.919597989949749035e+02 1.804974730580810816e+00 1.195025131577877840e-02
7.969849246231156030e+02 1.805014554477931910e+00 1.197745302504961591e-02
8.020100502512563025e+02 1.805053914100082091e+00 1.200391447189094046e-02
8.070351758793970021e+02 1.805092810764560740e+00 1.202965738156255848e-02
8.120603015075377016e+02 1.805131246130651679e+00 1.205470284953949825e-02
8.170854271356784011e+02 1.805169222173254040e+00 1.207907135575853920e-02
8.221105527638192143e+02 1.805206741158027484e+00 1.210278277898837671e-02
8.271356783919598001e+02 1.805243805617982478e+00 1.212585641134722274e-02
8.321608040201006133e+02 1.805280418331444592e+00 1.214831097266928957e-02
8.371859296482411992e+02 1.805316582301326633e+00 1.217016462502585467e-02
8.422110552763820124e+02 1.805352300735639348e+00 1.219143498706248482e-02
8.472361809045225982e+02 1.805387577029183177e+00 1.221213914823487089e-02
8.522613065326634114e+02 1.805422414746355564e+00 1.223229368299515174e-02
8.572864321608039972e+02 1.805456817605020303e+00 1.225191466476037785e-02
8.623115577889448105e+02 1.805490789461376755e+00 1.227101767967593397e-02
8.673366834170853963e+02 1.805524334295784739e+00 1.228961784028391457e-02
8.723618090452262095e+02 1.805557456199484268e+00 1.230772979883340210e-02
8.773869346733667953e+02 1.805590159362169489e+00 1.232536776052940534e-02
8.824120603015076085e+02 1.805622448060363983e+00 1.234254549638232577e-02
8.874371859296483080e+02 1.805654326646557450e+00 1.235927635589690807e-02
8.924623115577890076e+02 1.805685799539058722e+00 1.237557327946753327e-02
8.974874371859297071e+02 1.805716871212527108e+00 1.239144881054376167e-02
9.025125628140704066e+02 1.805747546189141683e+00 1.240691510748466800e-02
9.075376884422111061e+02 1.805777829030372539e+00 1.242198395512727691e-02
9.125628140703518056e+02 1.805807724329320241e+00 1.243666677614630248e-02
9.175879396984925052e+02 1.805837236703590865e+00 1.245097464208424522e-02
9.226130653266332047e+02 1.805866370788673736e+00 1.246491828405558999e-02
9.276381909547739042e+02 1.805895131231793460e+00 1.247850810330551098e-02
9.326633165829146037e+02 1.805923522686210037e+00 1.249175418138317659e-02
9.376884422110553032e+02 1.805951549805935308e+00 1.250466629004590158e-02
9.427135678391960028e+02 1.805979217240846868e+00 1.251725390095525733e-02
9.477386934673367023e+02 1.806006529632172564e+00 1.252952619505641289e-02
9.527638190954774018e+02 1.806033491608321162e+00 1.254149207166488887e-02
9.577889447236181013e+02 1.806060107781043644e+00 1.255316015737221319e-02
9.628140703517588008e+02 1.806086382741898255e+00 1.256453881464187489e-02
9.678391959798995003e+02 1.806112321059007098e+00 1.257563615016137927e-02
9.728643216080401999e+02 1.806137927274078958e+00 1.258646002289158516e-02
9.778894472361808994e+02 1.806163205899689261e+00 1.259701805200979206e-02
9.829145728643217126e+02 1.806188161416796500e+00 1.260731762449208287e-02
9.879396984924624121e+02 1.806212798272479603e+00 1.261736590248624043e-02
9.929648241206031116e+02 1.806237120877884239e+00 1.262716983050195946e-02
9.979899497487438111e+02 1.806261133606365421e+00 1.263673614233019361e-02
1.003015075376884511e+03 1.806284840791811064e+00 1.264607136780545801e-02
1.008040201005025210e+03 1.806308246727135414e+00 1.265518183925183442e-02
1.013065326633165910e+03 1.806331355662933680e+00 1.266407369787470039e-02
1.018090452261306609e+03 1.806354171806282771e+00 1.267275289978892286e-02
1.023115577889447309e+03 1.806376699319683921e+00 1.268122522198837816e-02
1.028140703517588008e+03 1.806398942320131651e+00 1.268949626804351249e-02
1.033165829145728821e+03 1.806420904878305977e+00 1.269757147365542863e-02
1.038190954773869407e+03 1.806442591017876520e+00 1.270545611200177283e-02
1.043216080402009993e+03 1.806464004714908977e+00 1.271315529893199750e-02
1.048241206030150806e+03 1.806485149897372855e+00 1.272067399799920590e-02
1.053266331658291620e+03 1.806506030444737787e+00 1.272801702531555813e-02
1.058291457286432205e+03 1.806526650187652239e+00 1.273518905423552498e-02
1.063316582914572791e+03 1.806547012907704364e+00 1.274219461989710769e-02
1.068341708542713604e+03 1.806567122337252362e+00 1.274903812366826560e-02
1.073366834170854418e+03 1.806586982159320787e+00 1.275572383731906310e-02
1.078391959798995003e+03 1.806606596007563459e+00 1.276225590720168022e-02
1.083417085427135589e+03 1.806625967466280347e+00 1.276863835821479172e-02
1.088442211055276402e+03 1.806645100070485954e+00 1.277487509760766998e-02
1.093467336683417216e+03 1.806663997306031888e+00 1.278096991876583391e-02
1.098492462311557802e+03 1.806682662609768508e+00 1.278692650476338614e-02
1.103517587939698387e+03 1.806701099369752095e+00 1.279274843185844793e-02
1.108542713567839201e+03 1.806719310925488431e+00 1.279843917282964295e-02
1.113567839195980014e+03 1.806737300568210136e+00 1.280400210029467890e-02
1.118592964824120827e+03 1.806755071541188196e+00 1.280944048977009954e-02
1.123618090452261413e+03 1.806772627040070134e+00 1.281475752278643347e-02
1.128643216080401999e+03 1.806789970213245944e+00 1.281995628979163034e-02
1.133668341708542812e+03 1.806807104162237554e+00 1.282503979299196711e-02
1.138693467336683625e+03 1.806824031942109166e+00 1.283001094912324634e-02
1.143718592964824211e+03 1.806840756561899575e+00 1.283487259209319456e-02
1.148743718592964797e+03 1.806857280985068703e+00 1.283962747556573539e-02
1.153768844221105610e+03 1.806873608129962339e+00 1.284427827545384961e-02
1.158793969849246423e+03 1.806889740870289529e+00 1.284882759227041517e-02
1.163819095477387009e+03 1.806905682035613303e+00 1.285327795355433074e-02
1.168844221105527595e+03 1.806921434411850491e+00 1.285763181600999179e-02
1.173869346733668408e+03 1.806937000741783317e+00 1.286189156776737681e-02
1.178894472361809221e+03 1.806952383725576761e+00 1.286605953043536664e-02
1.183919597989949807e+03 1.806967586021305028e+00 1.287013796118247240e-02
1.188944723618090393e+03 1.806982610245482013e+00 1.287412905464727780e-02
1.193969849246231206e+03 1.806997458973596427e+00 1.287803494487793458e-02
1.198994974874372019e+03 1.807012134740652920e+00 1.288185770718066302e-02
1.204020100502512605e+03 1.807026640041712984e+00 1.288559935989525181e-02
1.209045226130653191e+03 1.807040977332439624e+00 1.288926186608109481e-02
1.214070351758794004e+03 1.807055149029644703e+00 1.289284713526084314e-02
1.219095477386934817e+03 1.807069157511831614e+00 1.289635702496382853e-02
1.224120603015075403e+03 1.807083005119744401e+00 1.289979334231109408e-02
1.229145728643215989e+03 1.807096694156910655e+00 1.290315784553056587e-02
1.234170854271356802e+03 1.807110226890186855e+00 1.290645224543731512e-02
1.239195979899497615e+03 1.807123605550299050e+00 1.290967820681060592e-02
1.244221105527638429e+03 1.807136832332383314e+00 1.291283734977144090e-02
1.249246231155779014e+03 1.807149909396521981e+00 1.291593125112659723e-02
1.254271356783919600e+03 1.807162838868277221e+00 1.291896144564517838e-02
1.259296482412060413e+03 1.807175622839222395e+00 1.292192942727668666e-02
1.264321608040201227e+03 1.807188263367465630e+00 1.292483665039695015e-02
1.269346733668341813e+03 1.807200762478174516e+00 1.292768453091035913e-02
1.274371859296482398e+03 1.807213122164092356e+00 1.293047444744072592e-02
1.279396984924623212e+03 1.807225344386050869e+00 1.293320774238774715e-02
1.284422110552764025e+03 1.807237431073479339e+00 1.293588572296960199e-02
1.289447236180904611e+03 1.807249384124905545e+00 1.293850966227772306e-02
1.294472361809045196e+03 1.807261205408455140e+00 1.294108080024098870e-02
1.299497487437186010e+03 1.807272896762342596e+00 1.294360034460256305e-02
1.304522613065326823e+03 1.807284459995357473e+00 1.294606947183241964e-02
1.309547738693467409e+03 1.807295896887346931e+00 1.294848932805296900e-02
1.314572864321607994e+03 1.807307209189687791e+00 1.295086102986649397e-02
1.319597989949748808e+03 1.807318398625757494e+00 1.295318566524755396e-02
1.324623115577889621e+03 1.807329466891397063e+00 1.295546429432044636e-02
1.329648241206030207e+03 1.807340415655366517e+00 1.295769795017626992e-02
1.334673366834170793e+03 1.807351246559797842e+00 1.295988763962685475e-02
1.339698492462311606e+03 1.807361961220637303e+00 1.296203434397286657e-02
1.344723618090452419e+03 1.807372561228085317e+00 1.296413901969199409e-02
1.349748743718593005e+03 1.807383048147027882e+00 1.296620259914160224e-02
1.354773869346733591e+03 1.807393423517464015e+00 1.296822599127596919e-02
1.359798994974874404e+03 1.807403688854922974e+00 1.297021008224121322e-02
1.364824120603015217e+03 1.807413845650880369e+00 1.297215573606213049e-02
1.369849246231156030e+03 1.807423895373163614e+00 1.297406379522410627e-02
1.374874371859296616e+03 1.807433839466354053e+00 1.297593508130432359e-02
1.379899497487437202e+03 1.807443679352182198e+00 1.297777039552396039e-02
1.384924623115578015e+03 1.807453416429914750e+00 1.297957051930710010e-02
1.389949748743718828e+03 1.807463052076739185e+00 1.298133621486350503e-02
1.394974874371859414e+03 1.807472587648140339e+00 1.298306822568414710e-02
1.400000000000000000e+03 1.807482024478269000e+00 1.298476727704370171e-02
