4.000000000000000000e+02 1.858234059885297329e+00 2.476792884144932844e-02
4.050251256281406995e+02 1.858358985358568249e+00 2.469442874706705149e-02
4.100502512562813990e+02 1.858481944236611394e+00 2.460924338619678922e-02
4.150753768844220986e+02 1.858603261641766036e+00 2.451121946814209182e-02
4.201005025125627981e+02 1.858723285095586375e+00 2.439896892602090583e-02
4.251256281407034976e+02 1.858842388838617410e+00 2.427082491003655293e-02
4.301507537688441971e+02 1.858960978377671047e+00 2.412478907594035882e-02
4.351758793969848966e+02 1.859079494850425895e+00 2.395846974009717412e-02
4.402010050251256530e+02 1.859198418389648833e+00 2.376901187744573721e-02
4.452261306532663525e+02 1.859318268950658659e+00 2.355302300736827198e-02
4.502512562814070520e+02 1.859439601830405797e+00 2.330650522677982228e-02
4.552763819095477515e+02 1.859562993053800017e+00 2.302481558991892330e-02
4.603015075376884511e+02 1.859689006569062775e+00 2.270269885038922117e-02
4.653266331658291506e+02 1.859818130576363027e+00 2.233447391037167787e-02
4.703517587939698501e+02 1.859950665031425032e+00 2.191451256630895517e-02
4.753768844221105496e+02 1.860086540015479573e+00 2.143821856820260496e-02
4.804020100502512491e+02 1.860225055434032271e+00 2.090374743375657610e-02
4.854271356783919487e+02 1.860364576310598261e+00 2.031456092341112768e-02
4.904522613065327050e+02 1.860502313998087187e+00 1.968233778234524875e-02
4.954773869346734045e+02 1.860634440284306690e+00 1.902867022629819299e-02
5.005025125628141041e+02 1.860756762787086460e+00 1.838315227359292245e-02
5.055276381909548036e+02 1.860865846602918205e+00 1.777679353950298996e-02
5.105527638190955031e+02 1.860959980238546585e+00 1.723355830068613870e-02
5.155778894472362026e+02 1.861039377919633031e+00 1.676521433007677891e-02
5.206030150753769021e+02 1.861105628985427085e+00 1.637191204249446863e-02
5.256281407035176017e+02 1.861160909063654056e+00 1.604636290732851939e-02
5.306532663316583012e+02 1.861207387652555667e+00 1.577823880250696365e-02
5.356783919597990007e+02 1.861246937834577952e+00 1.555707635014682254e-02
5.407035175879397002e+02 1.861281061190567021e+00 1.537364466021923053e-02
5.457286432160803997e+02 1.861310917435280876e+00 1.522033784299636587e-02
5.507537688442210992e+02 1.861337387906727425e+00 1.509110008669239597e-02
5.557788944723617988e+02 1.861361139871237969e+00 1.498118480666759539e-02
5.608040201005024983e+02 1.861382680273035772e+00 1.488689038249596357e-02
5.658291457286431978e+02 1.861402397190238256e+00 1.480532692758457919e-02
5.708542713567838973e+02 1.861420590646071460e+00 1.473422777387392059e-02
5.758793969849245968e+02 1.861437495145008114e+00 1.467180326015135247e-02
5.809045226130654100e+02 1.861453296079364605e+00 1.461662951065626111e-02
5.859296482412059959e+02 1.861468141694124778e+00 1.456756448715096700e-02
5.909547738693468091e+02 1.861482151859789269e+00 1.452368470222284609e-02
5.959798994974873949e+02 1.861495424553199607e+00 1.448423738160452799e-02
6.010050251256282081e+02 1.861508040686652432e+00 1.444860412521829784e-02
6.060301507537687939e+02 1.861520067739419915e+00 1.441627312961740563e-02
6.110552763819096072e+02 1.861531562514337823e+00 1.438681780620587256e-02
6.160804020100503067e+02 1.861542573249816979e+00 1.435988020160214144e-02
6.211055276381910062e+02 1.861553141252821453e+00 1.433515804585073702e-02
6.261306532663317057e+02 1.861563302172691836e+00 1.431239455979970224e-02
6.311557788944724052e+02 1.861573087003320692e+00 1.429137037586804618e-02
6.361809045226131047e+02 1.861582522878107104e+00 1.427189708875732828e-02
6.412060301507538043e+02 1.861591633705508286e+00 1.425381207253858910e-02
6.462311557788945038e+02 1.861600440680991175e+00 1.423697428820877922e-02
6.512562814070352033e+02 1.861608962702395953e+00 1.422126087129492629e-02
6.562814070351759028e+02 1.861617216709259504e+00 1.420656433777848192e-02
6.613065326633166023e+02 1.861625217961847767e+00 1.419279028327054618e-02
6.663316582914573019e+02 1.861632980272057702e+00 1.417985547805225913e-02
6.713567839195980014e+02 1.861640516195642636e+00 1.416768628167605105e-02
6.763819095477387009e+02 1.861647837193167510e+00 1.415621731701872249e-02
6.814070351758794004e+02 1.861654953765522702e+00 1.414539035604680216e-02
6.864321608040200999e+02 1.861661875568628055e+00 1.413515337933152378e-02
6.914572864321607994e+02 1.861668611511015925e+00 1.412545977876658761e-02
6.964824120603016127e+02 1.861675169837254007e+00 1.411626767888782101e-02
7.015075376884421985e+02 1.861681558199599573e+00 1.410753935696613080e-02
7.065326633165830117e+02 1.861687783719822908e+00 1.409924074553056683e-02
7.115577889447235975e+02 1.861693853042780677e+00 1.409134100419940500e-02
7.165829145728644107e+02 1.861699772383035079e+00 1.408381214975117611e-02
7.216080402010049966e+02 1.861705547565582819e+00 1.407662873562233810e-02
7.266331658291458098e+02 1.861711184061579205e+00 1.406976757321798735e-02
7.316582914572863956e+02 1.861716687019786765e+00 1.406320748891154958e-02
7.366834170854272088e+02 1.861722061294361907e+00 1.405692911153941238e-02
7.417085427135677946e+02 1.861727311469488333e+00 1.405091468608137516e-02
7.467336683417086078e+02 1.861732441881291722e+00 1.404514790976183966e-02
7.517587939698491937e+02 1.861737456637394539e+00 1.403961378763027984e-02
7.567839195979900069e+02 1.861742359634422028e+00 1.403429850484080865e-02
7.618090452261307064e+02 1.861747154573720975e+00 1.402918931366690242e-02
7.668341708542714059e+02 1.861751844975511272e+00 1.402427443299441613e-02
7.718592964824121054e+02 1.861756434191664367e+00 1.401954295901278701e-02
7.768844221105528050e+02 1.861760925417273782e+00 1.401498478554746505e-02
7.819095477386935045e+02 1.861765321701155385e+00 1.401059053285871707e-02
7.869346733668342040e+02 1.861769625955401297e+00 1.400635148385558082e-02
7.919597989949749035e+02 1.861773840964095816e+00 1.400225952695780506e-02
7.969849246231156030e+02 1.861777969391281040e+00 1.399830710466450426e-02
8.020100502512563025e+02 1.861782013788255918e+00 1.399448716727812701e-02
8.070351758793970021e+02 1.861785976600277337e+00 1.399079313116365769e-02
8.120603015075377016e+02 1.861789860172724298e+00 1.398721884106122852e-02
8.170854271356784011e+02 1.861793666756781374e+00 1.398375853591886375e-02
8.221105527638192143e+02 1.861797398514685176e+00 1.398040681801044662e-02
8.271356783919598001e+02 1.861801057524580916e+00 1.397715862479175473e-02
8.321608040201006133e+02 1.861804645785021917e+00 1.397400920346110118e-02
8.371859296482411992e+02 1.861808165219145605e+00 1.397095408764129597e-02
8.422110552763820124e+02 1.861811617678559294e+00 1.396798907624121136e-02
8.472361809045225982e+02 1.861815004946956620e+00 1.396511021411699430e-02
8.522613065326634114e+02 1.861818328743490181e+00 1.396231377432639170e-02
8.572864321608039972e+02 1.861821590725923237e+00 1.395959624205486346e-02
8.623115577889448105e+02 1.861824792493576464e+00 1.395695429968703445e-02
8.673366834170853963e+02 1.861827935590085525e+00 1.395438481323558154e-02
8.723618090452262095e+02 1.861831021505990558e+00 1.395188481986998040e-02
8.773869346733667953e+02 1.861834051681163560e+00 1.394945151635038939e-02
8.824120603015076085e+02 1.861837027507091680e+00 1.394708224851359465e-02
8.874371859296483080e+02 1.861839950329025495e+00 1.394477450147217287e-02
8.924623115577890076e+02 1.861842821448001173e+00 1.394252589060926244e-02
8.974874371859297071e+02 1.861845642122749389e+00 1.394033415329201143e-02
9.025125628140704066e+02 1.861848413571495664e+00 1.393819714117059023e-02
9.075376884422111061e+02 1.861851136973661003e+00 1.393611281302496903e-02
9.125628140703518056e+02 1.861853813471470165e+00 1.393407922824093162e-02
9.175879396984925052e+02 1.861856444171475999e+00 1.393209454064613800e-02
9.226130653266332047e+02 1.861859030145999183e+00 1.393015699284303605e-02
9.276381909547739042e+02 1.861861572434497125e+00 1.392826491095232842e-02
9.326633165829146037e+02 1.861864072044861151e+00 1.392641669971234758e-02
9.376884422110553032e+02 1.861866529954646854e+00 1.392461083789549997e-02
9.427135678391960028e+02 1.861868947112246264e+00 1.392284587409853454e-02
9.477386934673367023e+02 1.861871324437999631e+00 1.392112042273205806e-02
9.527638190954774018e+02 1.861873662825255016e+00 1.391943316039344694e-02
9.577889447236181013e+02 1.861875963141377044e+00 1.391778282235271724e-02
9.628140703517588008e+02 1.861878226228705913e+00 1.391616819939117851e-02
9.678391959798995003e+02 1.861880452905476213e+00 1.391458813475419769e-02
9.728643216080401999e+02 1.861882643966687345e+00 1.391304152131423409e-02
9.778894472361808994e+02 1.861884800184939959e+00 1.391152729899250949e-02
9.829145728643217126e+02 1.861886922311232428e+00 1.391004445224822139e-02
9.879396984924624121e+02 1.861889011075719358e+00 1.390859200773938466e-02
9.929648241206031116e+02 1.861891067188442550e+00 1.390716903220354066e-02
9.979899497487438111e+02 1.861893091340024231e+00 1.390577463037507774e-02
1.003015075376884511e+03 1.861895084202334516e+00 1.390440794307510469e-02
1.008040201005025210e+03 1.861897046429128677e+00 1.390306814541828612e-02
1.013065326633165910e+03 1.861898978656657322e+00 1.390175444510492048e-02
1.018090452261306609e+03 1.861900881504253036e+00 1.390046608082240627e-02
1.023115577889447309e+03 1.861902755574890156e+00 1.389920232076431728e-02
1.028140703517588008e+03 1.861904601455723229e+00 1.389796246117139256e-02
1.033165829145728821e+03 1.861906419718604599e+00 1.389674582504637004e-02
1.038190954773869407e+03 1.861908210920578233e+00 1.389555176085110859e-02
1.043216080402009993e+03 1.861909975604356893e+00 1.389437964132990942e-02
1.048241206030150806e+03 1.861911714298778886e+00 1.389322886239526857e-02
1.053266331658291620e+03 1.861913427519248154e+00 1.389209884206818457e-02
1.058291457286432205e+03 1.861915115768155715e+00 1.389098901944113215e-02
1.063316582914572791e+03 1.861916779535286448e+00 1.388989885377572148e-02
1.068341708542713604e+03 1.861918419298209004e+00 1.388882782355927575e-02
1.073366834170854418e+03 1.861920035522653283e+00 1.388777542569625927e-02
1.078391959798995003e+03 1.861921628662870365e+00 1.388674117464278740e-02
1.083417085427135589e+03 1.861923199161983122e+00 1.388572460173210892e-02
1.088442211055276402e+03 1.861924747452320172e+00 1.388472525433936608e-02
1.093467336683417216e+03 1.861926273955739841e+00 1.388374269530940307e-02
1.098492462311557802e+03 1.861927779083942358e+00 1.388277650219197842e-02
1.103517587939698387e+03 1.861929263238769172e+00 1.388182626670816412e-02
1.108542713567839201e+03 1.861930726812493830e+00 1.388089159411219457e-02
1.113567839195980014e+03 1.861932170188100644e+00 1.387997210268064781e-02
1.118592964824120827e+03 1.861933593739554249e+00 1.387906742312112335e-02
1.123618090452261413e+03 1.861934997832060734e+00 1.387817719809236912e-02
1.128643216080401999e+03 1.861936382822317215e+00 1.387730108172392438e-02
1.133668341708542812e+03 1.861937749058756086e+00 1.387643873919131715e-02
1.138693467336683625e+03 1.861939096881777722e+00 1.387558984620283938e-02
1.143718592964824211e+03 1.861940426623978073e+00 1.387475408866192805e-02
1.148743718592964797e+03 1.861941738610365604e+00 1.387393116220915837e-02
1.153768844221105610e+03 1.861943033158573568e+00 1.387312077189191938e-02
1.158793969849246423e+03 1.861944310579064732e+00 1.387232263176173958e-02
1.163819095477387009e+03 1.861945571175328107e+00 1.387153646458334257e-02
1.168844221105527595e+03 1.861946815244069020e+00 1.387076200143936254e-02
1.173869346733668408e+03 1.861948043075395853e+00 1.386999898147886837e-02
1.178894472361809221e+03 1.861949254952997013e+00 1.386924715158557517e-02
1.183919597989949807e+03 1.861950451154315012e+00 1.386850626608584353e-02
1.188944723618090393e+03 1.861951631950712116e+00 1.386777608649647671e-02
1.193969849246231206e+03 1.861952797607635102e+00 1.386705638124828034e-02
1.198994974874372019e+03 1.861953948384769353e+00 1.386634692545746922e-02
1.204020100502512605e+03 1.861955084536192295e+00 1.386564750062480901e-02
1.209045226130653191e+03 1.861956206310520612e+00 1.386495789451874100e-02
1.214070351758794004e+03 1.861957313951051907e+00 1.386427790082614062e-02
1.219095477386934817e+03 1.861958407695903706e+00 1.386360731904311833e-02
1.224120603015075403e+03 1.861959487778146904e+00 1.386294595421354477e-02
1.229145728643215989e+03 1.861960554425935888e+00 1.386229361677951931e-02
1.234170854271356802e+03 1.861961607862633539e+00 1.386165012236767122e-02
1.239195979899497615e+03 1.861962648306933810e+00 1.386101529159932191e-02
1.244221105527638429e+03 1.861963675972980736e+00 1.386038894995661637e-02
1.249246231155779014e+03 1.861964691070481459e+00 1.385977092760848177e-02
1.254271356783919600e+03 1.861965693804819466e+00 1.385916105924449478e-02
1.259296482412060413e+03 1.861966684377160730e+00 1.385855918391664700e-02
1.264321608040201227e+03 1.861967662984560512e+00 1.385796514492107501e-02
1.269346733668341813e+03 1.861968629820063281e+00 1.385737878964765114e-02
1.274371859296482398e+03 1.861969585072802413e+00 1.385679996942147316e-02
1.279396984924623212e+03 1.861970528928095892e+00 1.385622853942438878e-02
1.284422110552764025e+03 1.861971461567540009e+00 1.385566435852831485e-02
1.289447236180904611e+03 1.861972383169098189e+00 1.385510728920058554e-02
1.294472361809045196e+03 1.861973293907191129e+00 1.385455719738520018e-02
1.299497487437186010e+03 1.861974193952779855e+00 1.385401395237597505e-02
1.304522613065326823e+03 1.861975083473449644e+00 1.385347742674574757e-02
1.309547738693467409e+03 1.861975962633491077e+00 1.385294749621939978e-02
1.314572864321607994e+03 1.861976831593977533e+00 1.385242403958691568e-02
1.319597989949748808e+03 1.861977690512841344e+00 1.385190693858431160e-02
1.324623115577889621e+03 1.861978539544948186e+00 1.385139607783862983e-02
1.329648241206030207e+03 1.861979378842168575e+00 1.385089134477282720e-02
1.334673366834170793e+03 1.861980208553448035e+00 1.385039262951860695e-02
1.339698492462311606e+03 1.861981028824875262e+00 1.384989982478914729e-02
1.344723618090452419e+03 1.861981839799747407e+00 1.384941282588803176e-02
1.349748743718593005e+03 1.861982641618635581e+00 1.384893153058190489e-02
1.354773869346733591e+03 1.861983434419446803e+00 1.384845583901312370e-02
1.359798994974874404e+03 1.861984218337485286e+00 1.384798565366852398e-02
1.364824120603015217e+03 1.861984993505510610e+00 1.384752087929201625e-02
1.369849246231156030e+03 1.861985760053797012e+00 1.384706142281318456e-02
1.374874371859296616e+03 1.861986518110188227e+00 1.384660719329990769e-02
1.379899497487437202e+03 1.861987267800153001e+00 1.384615810189491168e-02
1.384924623115578015e+03 1.861988009246837494e+00 1.384571406174427838e-02
1.389949748743718828e+03 1.861988742571117905e+00 1.384527498794997646e-02
1.394974874371859414e+03 1.861989467891650429e+00 1.384484079751434858e-02
1.400000000000000000e+03 1.861990185324920111e+00 1.384441140927655280e-02
