4.000000000000000000e+02 1.855343303126836485e+00 2.480408341037930800e-02
4.050251256281406995e+02 1.855465014715566463e+00 2.475164405026551370e-02
4.100502512562813990e+02 1.855585213225934726e+00 2.468710477292760178e-02
4.150753768844220986e+02 1.855704365307012216e+00 2.460877150137056463e-02
4.201005025125627981e+02 1.855823010683636642e+00 2.451447984453247395e-02
4.251256281407034976e+02 1.855941785561588731e+00 2.440144773965757796e-02
4.301507537688441971e+02 1.856061454156044288e+00 2.426607006538075706e-02
4.351758793969848966e+02 1.856182951267856041e+00 2.410362947270992470e-02
4.402010050251256530e+02 1.856307439524338410e+00 2.390788618520186745e-02
4.452261306532663525e+02 1.856436384908207282e+00 2.367049516280153587e-02
4.502512562814070520e+02 1.856571651492378461e+00 2.338018723198783538e-02
4.552763819095477515e+02 1.856715604983623313e+00 2.302166460817453575e-02
4.603015075376884511e+02 1.856871178476449780e+00 2.257428060460236335e-02
4.653266331658291506e+02 1.857041751168935217e+00 2.201104717057469212e-02
4.703517587939698501e+02 1.857230435316199246e+00 2.130001380387417168e-02
4.753768844221105496e+02 1.857437896402907684e+00 2.041379449244064628e-02
4.804020100502512491e+02 1.857657758586406693e+00 1.935771407385547885e-02
4.854271356783919487e+02 1.857871952899407431e+00 1.821452198303439088e-02
4.904522613065327050e+02 1.858055994828472945e+00 1.714475982256199321e-02
4.954773869346734045e+02 1.858196326147743216e+00 1.628308639559833751e-02
5.005025125628141041e+02 1.858296970959316896e+00 1.565392060916728778e-02
5.055276381909548036e+02 1.858369269712927929e+00 1.520983597341288296e-02
5.105527638190955031e+02 1.858423112448389647e+00 1.489410628073472090e-02
5.155778894472362026e+02 1.858465067902562495e+00 1.466407598571858352e-02
5.206030150753769021e+02 1.858499173375793179e+00 1.449163086981953077e-02
5.256281407035176017e+02 1.858527899465491462e+00 1.435878111946279310e-02
5.306532663316583012e+02 1.858552793346271770e+00 1.425391669301030902e-02
5.356783919597990007e+02 1.858574855358738898e+00 1.416937563834017033e-02
5.407035175879397002e+02 1.858594754182026021e+00 1.409996690036615166e-02
5.457286432160803997e+02 1.858612951228361787e+00 1.404208011432397235e-02
5.507537688442210992e+02 1.858629774355822439e+00 1.399314181351165795e-02
5.557788944723617988e+02 1.858645462817789307e+00 1.395127599755539329e-02
5.608040201005024983e+02 1.858660195474843624e+00 1.391508711184878677e-02
5.658291457286431978e+02 1.858674108995093555e+00 1.388351792392939626e-02
5.708542713567838973e+02 1.858687309899797357e+00 1.385575429287887878e-02
5.758793969849245968e+02 1.858699882725217023e+00 1.383115997957286812e-02
5.809045226130654100e+02 1.858711895673196501e+00 1.380923113007044047e-02
5.859296482412059959e+02 1.858723404600853168e+00 1.378956391167631031e-02
5.909547738693468091e+02 1.858734455888729764e+00 1.377183111353801753e-02
5.959798994974873949e+02 1.858745088536993828e+00 1.375576496732223118e-02
6.010050251256282081e+02 1.858755335720872370e+00 1.374114435582261817e-02
6.060301507537687939e+02 1.858765225961088285e+00 1.372778516433766256e-02
6.110552763819096072e+02 1.858774784016065773e+00 1.371553291538192727e-02
6.160804020100503067e+02 1.858784031570267725e+00 1.370425708398101752e-02
6.211055276381910062e+02 1.858792987771223482e+00 1.369384666503472604e-02
6.261306532663317057e+02 1.858801669652911270e+00 1.368420668406072037e-02
6.311557788944724052e+02 1.858810092472829023e+00 1.367525542640102634e-02
6.361809045226131047e+02 1.858818269982832394e+00 1.366692221865920161e-02
6.412060301507538043e+02 1.858826214648651387e+00 1.365914563875174174e-02
6.462311557788945038e+02 1.858833937829269978e+00 1.365187206147109797e-02
6.512562814070352033e+02 1.858841449924654166e+00 1.364505446847764751e-02
6.562814070351759028e+02 1.858848760498309716e+00 1.363865146881274894e-02
6.613065326633166023e+02 1.858855878379670701e+00 1.363262648768922246e-02
6.663316582914573019e+02 1.858862811750210842e+00 1.362694709093124554e-02
6.713567839195980014e+02 1.858869568216326540e+00 1.362158441945029476e-02
6.763819095477387009e+02 1.858876154871396791e+00 1.361651271354419671e-02
6.814070351758794004e+02 1.858882578348933778e+00 1.361170891066619537e-02
6.864321608040200999e+02 1.858888844868357593e+00 1.360715230402578975e-02
6.914572864321607994e+02 1.858894960274624086e+00 1.360282425147041341e-02
6.964824120603016127e+02 1.858900930072705071e+00 1.359870792625623645e-02
7.015075376884421985e+02 1.858906759457739533e+00 1.359478810287166779e-02
7.065326633165830117e+02 1.858912453341515114e+00 1.359105097238912443e-02
7.115577889447235975e+02 1.858918016375831428e+00 1.358748398257454172e-02
7.165829145728644107e+02 1.858923452973203938e+00 1.358407569910763564e-02
7.216080402010049966e+02 1.858928767325277231e+00 1.358081568470321902e-02
7.266331658291458098e+02 1.858933963419272306e+00 1.357769439345697139e-02
7.316582914572863956e+02 1.858939045052725891e+00 1.357470307830956763e-02
7.366834170854272088e+02 1.858944015846750286e+00 1.357183370978687006e-02
7.417085427135677946e+02 1.858948879257997566e+00 1.356907890426850734e-02
7.467336683417086078e+02 1.858953638589494473e+00 1.356643186080489991e-02
7.517587939698491937e+02 1.858958297000479210e+00 1.356388630506185147e-02
7.567839195979900069e+02 1.858962857515364497e+00 1.356143643965278776e-02
7.618090452261307064e+02 1.858967323031918584e+00 1.355907689986833933e-02
7.668341708542714059e+02 1.858971696328760803e+00 1.355680271431624825e-02
7.718592964824121054e+02 1.858975980072240519e+00 1.355460926969475483e-02
7.768844221105528050e+02 1.858980176822767172e+00 1.355249227930459786e-02
7.819095477386935045e+02 1.858984289040649385e+00 1.355044775475502256e-02
7.869346733668342040e+02 1.858988319091491093e+00 1.354847198061213953e-02
7.919597989949749035e+02 1.858992269251188434e+00 1.354656149154800232e-02
7.969849246231156030e+02 1.858996141710569150e+00 1.354471305169478723e-02
8.020100502512563025e+02 1.858999938579702693e+00 1.354292363607949128e-02
8.070351758793970021e+02 1.859003661891917236e+00 1.354119041375132643e-02
8.120603015075377016e+02 1.859007313607545564e+00 1.353951073254921859e-02
8.170854271356784011e+02 1.859010895617424053e+00 1.353788210522664792e-02
8.221105527638192143e+02 1.859014409746171159e+00 1.353630219689637947e-02
8.271356783919598001e+02 1.859017857755253411e+00 1.353476881355221775e-02
8.321608040201006133e+02 1.859021241345869324e+00 1.353327989162123740e-02
8.371859296482411992e+02 1.859024562161654126e+00 1.353183348845863471e-02
8.422110552763820124e+02 1.859027821791227719e+00 1.353042777362318747e-02
8.472361809045225982e+02 1.859031021770591652e+00 1.352906102088586617e-02
8.522613065326634114e+02 1.859034163585393529e+00 1.352773160094854904e-02
8.572864321608039972e+02 1.859037248673059972e+00 1.352643797474293967e-02
8.623115577889448105e+02 1.859040278424815895e+00 1.352517868728627705e-02
8.673366834170853963e+02 1.859043254187592087e+00 1.352395236195532910e-02
8.723618090452262095e+02 1.859046177265833544e+00 1.352275769536023797e-02
8.773869346733667953e+02 1.859049048923210767e+00 1.352159345250708404e-02
8.824120603015076085e+02 1.859051870384244243e+00 1.352045846237305039e-02
8.874371859296483080e+02 1.859054642835845872e+00 1.351935161377988866e-02
8.924623115577890076e+02 1.859057367428783802e+00 1.351827185167298745e-02
8.974874371859297071e+02 1.859060045279074425e+00 1.351721817357667658e-02
9.025125628140704066e+02 1.859062677469306646e+00 1.351618962639042874e-02
9.075376884422111061e+02 1.859065265049903326e+00 1.351518530332925828e-02
9.125628140703518056e+02 1.859067809040321428e+00 1.351420434118118241e-02
9.175879396984925052e+02 1.859070310430197770e+00 1.351324591770955430e-02
9.226130653266332047e+02 1.859072770180441037e+00 1.351230924923343957e-02
9.276381909547739042e+02 1.859075189224273617e+00 1.351139358837805289e-02
9.326633165829146037e+02 1.859077568468227026e+00 1.351049822202837931e-02
9.376884422110553032e+02 1.859079908793093150e+00 1.350962246933005290e-02
9.427135678391960028e+02 1.859082211054832179e+00 1.350876567992669898e-02
9.477386934673367023e+02 1.859084476085443693e+00 1.350792723222023727e-02
9.527638190954774018e+02 1.859086704693796444e+00 1.350710653185153466e-02
9.577889447236181013e+02 1.859088897666425932e+00 1.350630301013855741e-02
9.628140703517588008e+02 1.859091055768297140e+00 1.350551612278448090e-02
9.678391959798995003e+02 1.859093179743534607e+00 1.350474534850240431e-02
9.728643216080401999e+02 1.859095270316123871e+00 1.350399018786094078e-02
9.778894472361808994e+02 1.859097328190582710e+00 1.350325016212059089e-02
9.829145728643217126e+02 1.859099354052604625e+00 1.350252481215142263e-02
9.879396984924624121e+02 1.859101348569680567e+00 1.350181369748966291e-02
9.929648241206031116e+02 1.859103312391688911e+00 1.350111639531131891e-02
9.979899497487438111e+02 1.859105246151468549e+00 1.350043249964352245e-02
1.003015075376884511e+03 1.859107150465365343e+00 1.349976162043544162e-02
1.008040201005025210e+03 1.859109025933760151e+00 1.349910338287528197e-02
1.013065326633165910e+03 1.859110873141573972e+00 1.349845742655870519e-02
1.018090452261306609e+03 1.859112692658755783e+00 1.349782340486233370e-02
1.023115577889447309e+03 1.859114485040750608e+00 1.349720098425920972e-02
1.028140703517588008e+03 1.859116250828950490e+00 1.349658984369960825e-02
1.033165829145728821e+03 1.859117990551128363e+00 1.349598967404901963e-02
1.038190954773869407e+03 1.859119704721857280e+00 1.349540017750930875e-02
1.043216080402009993e+03 1.859121393842910530e+00 1.349482106712999487e-02
1.048241206030150806e+03 1.859123058403651996e+00 1.349425206628632190e-02
1.053266331658291620e+03 1.859124698881408300e+00 1.349369290822280756e-02
1.058291457286432205e+03 1.859126315741829627e+00 1.349314333562945216e-02
1.063316582914572791e+03 1.859127909439237447e+00 1.349260310020943855e-02
1.068341708542713604e+03 1.859129480416959357e+00 1.349207196229596298e-02
1.073366834170854418e+03 1.859131029107651933e+00 1.349154969044414829e-02
1.078391959798995003e+03 1.859132555933613595e+00 1.349103606113794852e-02
1.083417085427135589e+03 1.859134061307085029e+00 1.349053085838988059e-02
1.088442211055276402e+03 1.859135545630539843e+00 1.349003387344755236e-02
1.093467336683417216e+03 1.859137009296965237e+00 1.348954490452469561e-02
1.098492462311557802e+03 1.859138452690134224e+00 1.348906375644976646e-02
1.103517587939698387e+03 1.859139876184865425e+00 1.348859024042958245e-02
1.108542713567839201e+03 1.859141280147277531e+00 1.348812417378815638e-02
1.113567839195980014e+03 1.859142664935034439e+00 1.348766537971360889e-02
1.118592964824120827e+03 1.859144030897579736e+00 1.348721368702967237e-02
1.123618090452261413e+03 1.859145378376366731e+00 1.348676892992589811e-02
1.128643216080401999e+03 1.859146707705079615e+00 1.348633094783593597e-02
1.133668341708542812e+03 1.859148019209846403e+00 1.348589958514285515e-02
1.138693467336683625e+03 1.859149313209446541e+00 1.348547469104075143e-02
1.143718592964824211e+03 1.859150590015510307e+00 1.348505611933043663e-02
1.148743718592964797e+03 1.859151849932713318e+00 1.348464372822325182e-02
1.153768844221105610e+03 1.859153093258963940e+00 1.348423738021890979e-02
1.158793969849246423e+03 1.859154320285583806e+00 1.348383694190916603e-02
1.163819095477387009e+03 1.859155531297485675e+00 1.348344228384728075e-02
1.168844221105527595e+03 1.859156726573341301e+00 1.348305328036802052e-02
1.173869346733668408e+03 1.859157906385747960e+00 1.348266980948168922e-02
1.178894472361809221e+03 1.859159071001387886e+00 1.348229175272694889e-02
1.183919597989949807e+03 1.859160220681183029e+00 1.348191899504003720e-02
1.188944723618090393e+03 1.859161355680444938e+00 1.348155142464865092e-02
1.193969849246231206e+03 1.859162476249020424e+00 1.348118893291635513e-02
1.198994974874372019e+03 1.859163582631432554e+00 1.348083141427755191e-02
1.204020100502512605e+03 1.859164675067017436e+00 1.348047876610650522e-02
1.209045226130653191e+03 1.859165753790056774e+00 1.348013088861103881e-02
1.214070351758794004e+03 1.859166819029906215e+00 1.347978768473443410e-02
1.219095477386934817e+03 1.859167871011120798e+00 1.347944906007375251e-02
1.224120603015075403e+03 1.859168909953575310e+00 1.347911492278990389e-02
1.229145728643215989e+03 1.859169936072581963e+00 1.347878518350118654e-02
1.234170854271356802e+03 1.859170949579004528e+00 1.347845975519328977e-02
1.239195979899497615e+03 1.859171950679369134e+00 1.347813855321986116e-02
1.244221105527638429e+03 1.859172939575971073e+00 1.347782149508064756e-02
1.249246231155779014e+03 1.859173916466979826e+00 1.347750850049615236e-02
1.254271356783919600e+03 1.859174881546539870e+00 1.347719949124337978e-02
1.259296482412060413e+03 1.859175835004869271e+00 1.347689439112335387e-02
1.264321608040201227e+03 1.859176777028355154e+00 1.347659312587919794e-02
1.269346733668341813e+03 1.859177707799646084e+00 1.347629562315537551e-02
1.274371859296482398e+03 1.859178627497743319e+00 1.347600181242395410e-02
1.279396984924623212e+03 1.859179536298087410e+00 1.347571162491910043e-02
1.284422110552764025e+03 1.859180434372643909e+00 1.347542499359625709e-02
1.289447236180904611e+03 1.859181321889985972e+00 1.347514185307484291e-02
1.294472361809045196e+03 1.859182199015374293e+00 1.347486213957267524e-02
1.299497487437186010e+03 1.859183065910836596e+00 1.347458579087335365e-02
1.304522613065326823e+03 1.859183922735242689e+00 1.347431274628537769e-02
1.309547738693467409e+03 1.859184769644378621e+00 1.347404294656829628e-02
1.314572864321607994e+03 1.859185606791018408e+00 1.347377633390004111e-02
1.319597989949748808e+03 1.859186434324994863e+00 1.347351285184424097e-02
1.324623115577889621e+03 1.859187252393266654e+00 1.347325244529281804e-02
1.329648241206030207e+03 1.859188061139985138e+00 1.347299506046623942e-02
1.334673366834170793e+03 1.859188860706558533e+00 1.347274064480663905e-02
1.339698492462311606e+03 1.859189651231714979e+00 1.347248914700277869e-02
1.344723618090452419e+03 1.859190432851562713e+00 1.347224051691610705e-02
1.349748743718593005e+03 1.859191205699650684e+00 1.347199470555625334e-02
1.354773869346733591e+03 1.859191969907025177e+00 1.347175166508123717e-02
1.359798994974874404e+03 1.859192725602286878e+00 1.347151134869053850e-02
1.364824120603015217e+03 1.859193472911645939e+00 1.347127371069121657e-02
1.369849246231156030e+03 1.859194211958974163e+00 1.347103870636623575e-02
1.374874371859296616e+03 1.859194942865858513e+00 1.347080629204881232e-02
1.379899497487437202e+03 1.859195665751650184e+00 1.347057642497424303e-02
1.384924623115578015e+03 1.859196380733515230e+00 1.347034906339544813e-02
1.389949748743718828e+03 1.859197087926481862e+00 1.347012416641829406e-02
1.394974874371859414e+03 1.859197787443487737e+00 1.346990169406768294e-02
1.400000000000000000e+03 1.859198479395425041e+00 1.346968160725472811e-02
