4.000000000000000000e+02 1.829081059716128665e+00 1.666889789513906900e-02
4.050251256281406995e+02 1.829154486481033626e+00 1.666343647030879213e-02
4.100502512562813990e+02 1.829225975897037504e+00 1.665461518365046398e-02
4.150753768844220986e+02 1.829295650950762520e+00 1.664230124485437112e-02
4.201005025125627981e+02 1.829363636197980592e+00 1.662632110420912343e-02
4.251256281407034976e+02 1.829430058769210721e+00 1.660645445676003570e-02
4.301507537688441971e+02 1.829495049596535861e+00 1.658242663668791500e-02
4.351758793969848966e+02 1.829558744914264734e+00 1.655389896603568986e-02
4.402010050251256530e+02 1.829621288103133736e+00 1.652045647739049106e-02
4.452261306532663525e+02 1.829682831970079304e+00 1.648159223402416440e-02
4.502512562814070520e+02 1.829743541584927691e+00 1.643668720032717342e-02
4.552763819095477515e+02 1.829803597833720152e+00 1.638498424274767093e-02
4.603015075376884511e+02 1.829863201898094927e+00 1.632555432474000479e-02
4.653266331658291506e+02 1.829922580933040166e+00 1.625725224509089531e-02
4.703517587939698501e+02 1.829981995291162233e+00 1.617865828785983520e-02
4.753768844221105496e+02 1.830041747723676338e+00 1.608800083008604317e-02
4.804020100502512491e+02 1.830102195053371794e+00 1.598305324404276917e-02
4.854271356783919487e+02 1.830163762798836302e+00 1.586099642290802678e-02
4.904522613065327050e+02 1.830226962972089311e+00 1.571823646796125309e-02
4.954773869346734045e+02 1.830292414390083833e+00 1.555016721744259013e-02
5.005025125628141041e+02 1.830360862444032843e+00 1.535087426373507417e-02
5.055276381909548036e+02 1.830433189362695057e+00 1.511280382774135740e-02
5.105527638190955031e+02 1.830510392383384310e+00 1.482649843514607761e-02
5.155778894472362026e+02 1.830593478302599664e+00 1.448070413810176489e-02
5.206030150753769021e+02 1.830683170560315265e+00 1.406361094830772471e-02
5.256281407035176017e+02 1.830779267249831532e+00 1.356677618073608670e-02
5.306532663316583012e+02 1.830879566545121628e+00 1.299370286354646284e-02
5.356783919597990007e+02 1.830978872184914508e+00 1.237184650667340000e-02
5.407035175879397002e+02 1.831069716809069492e+00 1.175619897962530344e-02
5.457286432160803997e+02 1.831145835154368573e+00 1.120827461675973774e-02
5.507537688442210992e+02 1.831205438179215994e+00 1.076342546468033942e-02
5.557788944723617988e+02 1.831250727420208113e+00 1.042204565783681931e-02
5.608040201005024983e+02 1.831285267733071986e+00 1.016548236954544805e-02
5.658291457286431978e+02 1.831312226513444275e+00 9.972158096967840071e-03
5.708542713567838973e+02 1.831333911557926353e+00 9.824379359106436699e-03
5.758793969849245968e+02 1.831351886598569845e+00 9.709285887347200716e-03
5.809045226130654100e+02 1.831367192590443116e+00 9.617907290644269261e-03
5.859296482412059959e+02 1.831380527425904736e+00 9.544028539685564874e-03
5.909547738693468091e+02 1.831392367421463607e+00 9.483306297802227697e-03
5.959798994974873949e+02 1.831403044856555251e+00 9.432658794114028022e-03
6.010050251256282081e+02 1.831412796859678949e+00 9.389860722689031755e-03
6.060301507537687939e+02 1.831421796442500805e+00 9.353276294839450375e-03
6.110552763819096072e+02 1.831430172503491605e+00 9.321682203746402967e-03
6.160804020100503067e+02 1.831438022963998380e+00 9.294148717228528644e-03
6.211055276381910062e+02 1.831445423565166264e+00 9.269958575547803878e-03
6.261306532663317057e+02 1.831452433874285912e+00 9.248550769598757465e-03
6.311557788944724052e+02 1.831459101462725281e+00 9.229480932413181363e-03
6.361809045226131047e+02 1.831465464863480497e+00 9.212392996651370611e-03
6.412060301507538043e+02 1.831471555699486498e+00 9.196998610964407170e-03
6.462311557788945038e+02 1.831477400238810560e+00 9.183061981554822839e-03
6.512562814070352033e+02 1.831483020547362228e+00 9.170388562610508332e-03
6.562814070351759028e+02 1.831488435354667210e+00 9.158816514615961135e-03
6.613065326633166023e+02 1.831493660712201432e+00 9.148210179824376245e-03
6.663316582914573019e+02 1.831498710499771532e+00 9.138455045132616583e-03
6.713567839195980014e+02 1.831503596819219704e+00 9.129453814908624135e-03
6.763819095477387009e+02 1.831508330303609045e+00 9.121123320727014469e-03
6.814070351758794004e+02 1.831512920362335262e+00 9.113392068542221919e-03
6.864321608040200999e+02 1.831517375377167411e+00 9.106198276267424979e-03
6.914572864321607994e+02 1.831521702860352985e+00 9.099488291549074140e-03
6.964824120603016127e+02 1.831525909583137324e+00 9.093215307174076084e-03
7.015075376884421985e+02 1.831530001681010100e+00 9.087338311119715420e-03
7.065326633165830117e+02 1.831533984740507881e+00 9.081821222922635550e-03
7.115577889447235975e+02 1.831537863871281147e+00 9.076632179185271931e-03
7.165829145728644107e+02 1.831541643766312122e+00 9.071742939140165635e-03
7.216080402010049966e+02 1.831545328752537838e+00 9.067128387373640797e-03
7.266331658291458098e+02 1.831548922833653670e+00 9.062766115996290575e-03
7.316582914572863956e+02 1.831552429726506448e+00 9.058636071661595179e-03
7.366834170854272088e+02 1.831555852892201131e+00 9.054720256161424147e-03
7.417085427135677946e+02 1.831559195562824760e+00 9.051002471321437440e-03
7.467336683417086078e+02 1.831562460764517120e+00 9.047468100888557407e-03
7.517587939698491937e+02 1.831565651337478506e+00 9.044103923106236800e-03
7.567839195979900069e+02 1.831568769953403342e+00 9.040897949298111469e-03
7.618090452261307064e+02 1.831571819130731971e+00 9.037839284206844459e-03
7.668341708542714059e+02 1.831574801248052164e+00 9.034918004861586249e-03
7.718592964824121054e+02 1.831577718555918999e+00 9.032125055059006188e-03
7.768844221105528050e+02 1.831580573187321592e+00 9.029452153254209981e-03
7.819095477386935045e+02 1.831583367166987442e+00 9.026891712018670147e-03
7.869346733668342040e+02 1.831586102419675344e+00 9.024436767046008570e-03
7.919597989949749035e+02 1.831588780777602787e+00 9.022080914952136654e-03
7.969849246231156030e+02 1.831591403987109512e+00 9.019818258097505800e-03
8.020100502512563025e+02 1.831593973714662482e+00 9.017643355991268247e-03
8.070351758793970021e+02 1.831596491552277994e+00 9.015551181907575928e-03
8.120603015075377016e+02 1.831598959022435524e+00 9.013537084618434073e-03
8.170854271356784011e+02 1.831601377582542156e+00 9.011596754084440913e-03
8.221105527638192143e+02 1.831603748628997330e+00 9.009726190864061554e-03
8.271356783919598001e+02 1.831606073500907206e+00 9.007921678752819905e-03
8.321608040201006133e+02 1.831608353483483942e+00 9.006179760309075688e-03
8.371859296482411992e+02 1.831610589811165868e+00 9.004497214772855945e-03
8.422110552763820124e+02 1.831612783670485634e+00 9.002871038227484510e-03
8.472361809045225982e+02 1.831614936202715871e+00 9.001298425778356607e-03
8.522613065326634114e+02 1.831617048506311685e+00 8.999776755324644106e-03
8.572864321608039972e+02 1.831619121639170400e+00 8.998303573065776287e-03
8.623115577889448105e+02 1.831621156620728774e+00 8.996876580143794988e-03
8.673366834170853963e+02 1.831623154433909662e+00 8.995493620771566334e-03
8.723618090452262095e+02 1.831625116026933009e+00 8.994152671184654779e-03
8.773869346733667953e+02 1.831627042315006060e+00 8.992851829827511884e-03
8.824120603015076085e+02 1.831628934181898538e+00 8.991589308246351539e-03
8.874371859296483080e+02 1.831630792481417691e+00 8.990363422802367249e-03
8.924623115577890076e+02 1.831632618038788074e+00 8.989172587195256095e-03
8.974874371859297071e+02 1.831634411651945848e+00 8.988015305453345150e-03
9.025125628140704066e+02 1.831636174092754255e+00 8.986890165725465451e-03
9.075376884422111061e+02 1.831637906108146252e+00 8.985795834369755125e-03
9.125628140703518056e+02 1.831639608421198773e+00 8.984731050661857663e-03
9.175879396984925052e+02 1.831641281732147464e+00 8.983694621876661679e-03
9.226130653266332047e+02 1.831642926719342812e+00 8.982685418806403421e-03
9.276381909547739042e+02 1.831644544040151867e+00 8.981702371543043989e-03
9.326633165829146037e+02 1.831646134331813336e+00 8.980744465698763113e-03
9.376884422110553032e+02 1.831647698212245823e+00 8.979810738781006385e-03
9.427135678391960028e+02 1.831649236280811222e+00 8.978900277031794802e-03
9.477386934673367023e+02 1.831650749119043242e+00 8.978012212249692273e-03
9.527638190954774018e+02 1.831652237291333973e+00 8.977145719114230579e-03
9.577889447236181013e+02 1.831653701345588914e+00 8.976300012469200576e-03
9.628140703517588008e+02 1.831655141813848253e+00 8.975474345010378552e-03
9.678391959798995003e+02 1.831656559212879509e+00 8.974668004945209054e-03
9.728643216080401999e+02 1.831657954044738190e+00 8.973880313933951802e-03
9.778894472361808994e+02 1.831659326797307141e+00 8.973110625188922621e-03
9.829145728643217126e+02 1.831660677944805471e+00 8.972358321620750587e-03
9.879396984924624121e+02 1.831662007948277271e+00 8.971622814143187172e-03
9.929648241206031116e+02 1.831663317256057466e+00 8.970903540161492482e-03
9.979899497487438111e+02 1.831664606304215903e+00 8.970199961997037466e-03
1.003015075376884511e+03 1.831665875516982567e+00 8.969511565644360668e-03
1.008040201005025210e+03 1.831667125307153920e+00 8.968837859390503542e-03
1.013065326633165910e+03 1.831668356076482596e+00 8.968178372680470078e-03
1.018090452261306609e+03 1.831669568216047539e+00 8.967532654894713393e-03
1.023115577889447309e+03 1.831670762106612171e+00 8.966900274434901758e-03
1.028140703517588008e+03 1.831671938118965892e+00 8.966280817622905228e-03
1.033165829145728821e+03 1.831673096614250040e+00 8.965673887833969929e-03
1.038190954773869407e+03 1.831674237944274308e+00 8.965079104616619984e-03
1.043216080402009993e+03 1.831675362451815170e+00 8.964496102836432695e-03
1.048241206030150806e+03 1.831676470470907425e+00 8.963924531967646867e-03
1.053266331658291620e+03 1.831677562327121755e+00 8.963364055371667027e-03
1.058291457286432205e+03 1.831678638337829845e+00 8.962814349525338731e-03
1.063316582914572791e+03 1.831679698812462842e+00 8.962275103508722876e-03
1.068341708542713604e+03 1.831680744052757381e+00 8.961746018281714285e-03
1.073366834170854418e+03 1.831681774352992287e+00 8.961226806207893067e-03
1.078391959798995003e+03 1.831682790000217054e+00 8.960717190478773367e-03
1.083417085427135589e+03 1.831683791274471673e+00 8.960216904624335524e-03
1.088442211055276402e+03 1.831684778448998463e+00 8.959725691973556561e-03
1.093467336683417216e+03 1.831685751790444794e+00 8.959243305300425980e-03
1.098492462311557802e+03 1.831686711559060488e+00 8.958769506320907183e-03
1.103517587939698387e+03 1.831687658008885888e+00 8.958304065325864776e-03
1.108542713567839201e+03 1.831688591387934828e+00 8.957846760776507974e-03
1.113567839195980014e+03 1.831689511938370929e+00 8.957397378961512099e-03
1.118592964824120827e+03 1.831690419896676136e+00 8.956955713641473124e-03
1.123618090452261413e+03 1.831691315493815031e+00 8.956521565730294482e-03
1.128643216080401999e+03 1.831692198955392037e+00 8.956094742963950292e-03
1.133668341708542812e+03 1.831693070501805964e+00 8.955675059680579669e-03
1.138693467336683625e+03 1.831693930348394339e+00 8.955262336414455612e-03
1.143718592964824211e+03 1.831694778705578175e+00 8.954856399774866610e-03
1.148743718592964797e+03 1.831695615778997643e+00 8.954457082089285758e-03
1.153768844221105610e+03 1.831696441769645745e+00 8.954064221232339166e-03
1.158793969849246423e+03 1.831697256873996427e+00 8.953677660355438897e-03
1.163819095477387009e+03 1.831698061284128931e+00 8.953297247678244919e-03
1.168844221105527595e+03 1.831698855187847474e+00 8.952922836329618717e-03
1.173869346733668408e+03 1.831699638768796934e+00 8.952554284076831223e-03
1.178894472361809221e+03 1.831700412206575868e+00 8.952191453191054096e-03
1.183919597989949807e+03 1.831701175676845317e+00 8.951834210300355782e-03
1.188944723618090393e+03 1.831701929351433389e+00 8.951482426118569438e-03
1.193969849246231206e+03 1.831702673398436731e+00 8.951135975384886395e-03
1.198994974874372019e+03 1.831703407982320453e+00 8.950794736666949428e-03
1.204020100502512605e+03 1.831704133264012269e+00 8.950458592213455036e-03
1.209045226130653191e+03 1.831704849400995982e+00 8.950127427806681135e-03
1.214070351758794004e+03 1.831705556547399638e+00 8.949801132689368457e-03
1.219095477386934817e+03 1.831706254854084559e+00 8.949479599342662073e-03
1.224120603015075403e+03 1.831706944468727505e+00 8.949162723425262492e-03
1.229145728643215989e+03 1.831707625535903272e+00 8.948850403675285420e-03
1.234170854271356802e+03 1.831708298197163298e+00 8.948542541737641159e-03
1.239195979899497615e+03 1.831708962591112710e+00 8.948239042090589887e-03
1.244221105527638429e+03 1.831709618853484489e+00 8.947939811959850290e-03
1.249246231155779014e+03 1.831710267117211410e+00 8.947644761195430729e-03
1.254271356783919600e+03 1.831710907512496878e+00 8.947353802185633795e-03
1.259296482412060413e+03 1.831711540166881758e+00 8.947066849758617685e-03
1.264321608040201227e+03 1.831712165205311216e+00 8.946783821121120570e-03
1.269346733668341813e+03 1.831712782750197777e+00 8.946504635772350653e-03
1.274371859296482398e+03 1.831713392921484385e+00 8.946229215393005502e-03
1.279396984924623212e+03 1.831713995836703912e+00 8.945957483808717955e-03
1.284422110552764025e+03 1.831714591611038445e+00 8.945689366879002596e-03
1.289447236180904611e+03 1.831715180357376127e+00 8.945424792485459631e-03
1.294472361809045196e+03 1.831715762186365115e+00 8.945163690408248700e-03
1.299497487437186010e+03 1.831716337206468870e+00 8.944905992289415089e-03
1.304522613065326823e+03 1.831716905524017891e+00 8.944651631558948879e-03
1.309547738693467409e+03 1.831717467243260344e+00 8.944400543410464116e-03
1.314572864321607994e+03 1.831718022466410245e+00 8.944152664677568546e-03
1.319597989949748808e+03 1.831718571293697639e+00 8.943907933846731786e-03
1.324623115577889621e+03 1.831719113823413014e+00 8.943666290983250805e-03
1.329648241206030207e+03 1.831719650151953482e+00 8.943427677644779153e-03
1.334673366834170793e+03 1.831720180373867191e+00 8.943192036894146574e-03
1.339698492462311606e+03 1.831720704581895509e+00 8.942959313212843139e-03
1.344723618090452419e+03 1.831721222867014331e+00 8.942729452451732286e-03
1.349748743718593005e+03 1.831721735318476263e+00 8.942502401831404699e-03
1.354773869346733591e+03 1.831722242023848146e+00 8.942278109843200193e-03
1.359798994974874404e+03 1.831722743069050141e+00 8.942056526249525170e-03
1.364824120603015217e+03 1.831723238538393250e+00 8.941837602046920352e-03
1.369849246231156030e+03 1.831723728514616401e+00 8.941621289391861460e-03
1.374874371859296616e+03 1.831724213078919528e+00 8.941407541588626551e-03
1.379899497487437202e+03 1.831724692311000435e+00 8.941196313089570108e-03
1.384924623115578015e+03 1.831725166289087214e+00 8.940987559383634098e-03
1.389949748743718828e+03 1.831725635089970661e+00 8.940781237033845752e-03
1.394974874371859414e+03 1.831726098789036694e+00 8.940577303615478144e-03
1.400000000000000000e+03 1.831726557460297000e+00 8.940375717679020784e-03
