4.000000000000000000e+02 1.858944341874972705e+00 9.705307755244536871e-03
4.050251256281406995e+02 1.858994103192095793e+00 9.669032607115666048e-03
4.100502512562813990e+02 1.859042866490030477e+00 9.628711428139152470e-03
4.150753768844220986e+02 1.859090714470350125e+00 9.584114793228862283e-03
4.201005025125627981e+02 1.859137728455796168e+00 9.534982772770409301e-03
4.251256281407034976e+02 1.859183987979599717e+00 9.481024334413718294e-03
4.301507537688441971e+02 1.859229570151386790e+00 9.421917546531254420e-03
4.351758793969848966e+02 1.859274548718904407e+00 9.357311075590183519e-03
4.402010050251256530e+02 1.859318992724673825e+00 9.286827666327776912e-03
4.452261306532663525e+02 1.859362964635652427e+00 9.210070547579697620e-03
4.502512562814070520e+02 1.859406517806174497e+00 9.126634015341176034e-03
4.552763819095477515e+02 1.859449693128023773e+00 9.036119786671792387e-03
4.603015075376884511e+02 1.859492514740808788e+00 8.938161036053311401e-03
4.653266331658291506e+02 1.859534984743847374e+00 8.832456189170547964e-03
4.703517587939698501e+02 1.859577077000021728e+00 8.718814328649352602e-03
4.753768844221105496e+02 1.859618730391032981e+00 8.597213092304104715e-03
4.804020100502512491e+02 1.859659842302069377e+00 8.467867734324207793e-03
4.854271356783919487e+02 1.859700263670574394e+00 8.331306111088869135e-03
4.904522613065327050e+02 1.859739797521675841e+00 8.188438679154039571e-03
4.954773869346734045e+02 1.859778203272909325e+00 8.040606107230436825e-03
5.005025125628141041e+02 1.859815208812207299e+00 7.889582437715142796e-03
5.055276381909548036e+02 1.859850531025406761e+00 7.737513101760176357e-03
5.105527638190955031e+02 1.859883903015772555e+00 7.586778455296377607e-03
5.155778894472362026e+02 1.859915103400658687e+00 7.439794820291483618e-03
5.206030150753769021e+02 1.859943981195472995e+00 7.298789093127792775e-03
5.256281407035176017e+02 1.859970470269698639e+00 7.165597284153018068e-03
5.306532663316583012e+02 1.859994590379143942e+00 7.041532122808725515e-03
5.356783919597990007e+02 1.860016435944047863e+00 6.927341511900444830e-03
5.407035175879397002e+02 1.860036156976266897e+00 6.823250597349671785e-03
5.457286432160803997e+02 1.860053937577271999e+00 6.729059695347473086e-03
5.507537688442210992e+02 1.860069976405053227e+00 6.644264712623118921e-03
5.557788944723617988e+02 1.860084471537852835e+00 6.568173127014447638e-03
5.608040201005024983e+02 1.860097610322331230e+00 6.499999939101645634e-03
5.658291457286431978e+02 1.860109563617562189e+00 6.438938342909410022e-03
5.708542713567838973e+02 1.860120483356510146e+00 6.384206586921059405e-03
5.758793969849245968e+02 1.860130502321878376e+00 6.335075621955360385e-03
5.809045226130654100e+02 1.860139735231555402e+00 6.290882789196279752e-03
5.859296482412059959e+02 1.860148280483819638e+00 6.251036187409574583e-03
5.909547738693468091e+02 1.860156222140086912e+00 6.215013302373846582e-03
5.959798994974873949e+02 1.860163631895217495e+00 6.182356433586923272e-03
6.010050251256282081e+02 1.860170570903002307e+00 6.152666595686573196e-03
6.060301507537687939e+02 1.860177091398635962e+00 6.125596938600780077e-03
6.110552763819096072e+02 1.860183238103553460e+00 6.100846294746470333e-03
6.160804020100503067e+02 1.860189049421520302e+00 6.078153177179202934e-03
6.211055276381910062e+02 1.860194558446049529e+00 6.057290375131679956e-03
6.261306532663317057e+02 1.860199793803227308e+00 6.038060187683564478e-03
6.311557788944724052e+02 1.860204780354113963e+00 6.020290277432296076e-03
6.361809045226131047e+02 1.860209539779053012e+00 6.003830096175248252e-03
6.412060301507538043e+02 1.860214091063572939e+00 5.988547821309024577e-03
6.462311557788945038e+02 1.860218450902747067e+00 5.974327739459418807e-03
6.512562814070352033e+02 1.860222634038211753e+00 5.961068016598402262e-03
6.562814070351759028e+02 1.860226653539644115e+00 5.948678798824573108e-03
6.613065326633166023e+02 1.860230521040445506e+00 5.937080594520449325e-03
6.663316582914573019e+02 1.860234246935638769e+00 5.926202895408690975e-03
6.713567839195980014e+02 1.860237840548542465e+00 5.915982999565044635e-03
6.763819095477387009e+02 1.860241310271592452e+00 5.906365005257070179e-03
6.814070351758794004e+02 1.860244663685712840e+00 5.897298949269153337e-03
6.864321608040200999e+02 1.860247907661838118e+00 5.888740067248556496e-03
6.914572864321607994e+02 1.860251048447544076e+00 5.880648157707426583e-03
6.964824120603016127e+02 1.860254091741221805e+00 5.872987033635308600e-03
7.015075376884421985e+02 1.860257042755792289e+00 5.865724048703858766e-03
7.065326633165830117e+02 1.860259906273621588e+00 5.858829686754161645e-03
7.115577889447235975e+02 1.860262686694001077e+00 5.852277205682349971e-03
7.165829145728644107e+02 1.860265388074332726e+00 5.846042327228343459e-03
7.216080402010049966e+02 1.860268014165965988e+00 5.840102966417836175e-03
7.266331658291458098e+02 1.860270568445476336e+00 5.834438995222168516e-03
7.316582914572863956e+02 1.860273054142046689e+00 5.829032035156834525e-03
7.366834170854272088e+02 1.860275474261508633e+00 5.823865275215013224e-03
7.417085427135677946e+02 1.860277831607511700e+00 5.818923311643783847e-03
7.467336683417086078e+02 1.860280128800214872e+00 5.814192006488159113e-03
7.517587939698491937e+02 1.860282368292837329e+00 5.809658362607999713e-03
7.567839195979900069e+02 1.860284552386351820e+00 5.805310412924738830e-03
7.618090452261307064e+02 1.860286683242561301e+00 5.801137122022841965e-03
7.668341708542714059e+02 1.860288762895770720e+00 5.797128298743231024e-03
7.718592964824121054e+02 1.860290793263224440e+00 5.793274518199470480e-03
7.768844221105528050e+02 1.860292776154468308e+00 5.789567052173433780e-03
7.819095477386935045e+02 1.860294713279763812e+00 5.785997806881494968e-03
7.869346733668342040e+02 1.860296606257665353e+00 5.782559267024829815e-03
7.919597989949749035e+02 1.860298456621864549e+00 5.779244445922831000e-03
7.969849246231156030e+02 1.860300265827380839e+00 5.776046840248865236e-03
8.020100502512563025e+02 1.860302035256174991e+00 5.772960389564748239e-03
8.070351758793970021e+02 1.860303766222248578e+00 5.769979439689623853e-03
8.120603015075377016e+02 1.860305459976286935e+00 5.767098709583337417e-03
8.170854271356784011e+02 1.860307117709892877e+00 5.764313261418095580e-03
8.221105527638192143e+02 1.860308740559456053e+00 5.761618473506630207e-03
8.271356783919598001e+02 1.860310329609694557e+00 5.759010015615288747e-03
8.321608040201006133e+02 1.860311885896903661e+00 5.756483826532784662e-03
8.371859296482411992e+02 1.860313410411938539e+00 5.754036093762335269e-03
8.422110552763820124e+02 1.860314904102960076e+00 5.751663235009178525e-03
8.472361809045225982e+02 1.860316367877965504e+00 5.749361881055188583e-03
8.522613065326634114e+02 1.860317802607123427e+00 5.747128860459380616e-03
8.572864321608039972e+02 1.860319209124933870e+00 5.744961185266946567e-03
8.623115577889448105e+02 1.860320588232225125e+00 5.742856038084987597e-03
8.673366834170853963e+02 1.860321940698010490e+00 5.740810760206303993e-03
8.723618090452262095e+02 1.860323267261205560e+00 5.738822840596184000e-03
8.773869346733667953e+02 1.860324568632231612e+00 5.736889905962247287e-03
8.824120603015076085e+02 1.860325845494501973e+00 5.735009711391692196e-03
8.874371859296483080e+02 1.860327098505810905e+00 5.733180131948486906e-03
8.924623115577890076e+02 1.860328328299630574e+00 5.731399154771238229e-03
8.974874371859297071e+02 1.860329535486320074e+00 5.729664871830920589e-03
9.025125628140704066e+02 1.860330720654257863e+00 5.727975473216906366e-03
9.075376884422111061e+02 1.860331884370902022e+00 5.726329241012985231e-03
9.125628140703518056e+02 1.860333027183785903e+00 5.724724543495203315e-03
9.175879396984925052e+02 1.860334149621448496e+00 5.723159829828640931e-03
9.226130653266332047e+02 1.860335252194312838e+00 5.721633625188194891e-03
9.276381909547739042e+02 1.860336335395509799e+00 5.720144526150387938e-03
9.326633165829146037e+02 1.860337399701653238e+00 5.718691196435730234e-03
9.376884422110553032e+02 1.860338445573571420e+00 5.717272363022881526e-03
9.427135678391960028e+02 1.860339473456996684e+00 5.715886812345004515e-03
9.477386934673367023e+02 1.860340483783215149e+00 5.714533387035690762e-03
9.527638190954774018e+02 1.860341476969682217e+00 5.713210982584994088e-03
9.577889447236181013e+02 1.860342453420602338e+00 5.711918544450422103e-03
9.628140703517588008e+02 1.860343413527479894e+00 5.710655065196639998e-03
9.678391959798995003e+02 1.860344357669639459e+00 5.709419582072903197e-03
9.728643216080401999e+02 1.860345286214718952e+00 5.708211174329289213e-03
9.778894472361808994e+02 1.860346199519137489e+00 5.707028961166725478e-03
9.829145728643217126e+02 1.860347097928538806e+00 5.705872099504990906e-03
9.879396984924624121e+02 1.860347981778214477e+00 5.704739781977539483e-03
9.929648241206031116e+02 1.860348851393502256e+00 5.703631235114942945e-03
9.979899497487438111e+02 1.860349707090168669e+00 5.702545717600719134e-03
1.003015075376884511e+03 1.860350549174771828e+00 5.701482518561038632e-03
1.008040201005025210e+03 1.860351377945005158e+00 5.700440956063914863e-03
1.013065326633165910e+03 1.860352193690026468e+00 5.699420375614149339e-03
1.018090452261306609e+03 1.860352996690772365e+00 5.698420148917016786e-03
1.023115577889447309e+03 1.860353787220256905e+00 5.697439672424088088e-03
1.028140703517588008e+03 1.860354565543855365e+00 5.696478366245818006e-03
1.033165829145728821e+03 1.860355331919578470e+00 5.695535672924697569e-03
1.038190954773869407e+03 1.860356086598332404e+00 5.694611056458897917e-03
1.043216080402009993e+03 1.860356829824165725e+00 5.693704001186863060e-03
1.048241206030150806e+03 1.860357561834508511e+00 5.692814010864371936e-03
1.053266331658291620e+03 1.860358282860400392e+00 5.691940607778369667e-03
1.058291457286432205e+03 1.860358993126707050e+00 5.691083331917228504e-03
1.063316582914572791e+03 1.860359692852329161e+00 5.690241740080551058e-03
1.068341708542713604e+03 1.860360382250402234e+00 5.689415405143192182e-03
1.073366834170854418e+03 1.860361061528488014e+00 5.688603915434720625e-03
1.078391959798995003e+03 1.860361730888757670e+00 5.687806873883179473e-03
1.083417085427135589e+03 1.860362390528168541e+00 5.687023897528152745e-03
1.088442211055276402e+03 1.860363040638632448e+00 5.686254616759281628e-03
1.093467336683417216e+03 1.860363681407178227e+00 5.685498674846299269e-03
1.098492462311557802e+03 1.860364313016107163e+00 5.684755727370337242e-03
1.103517587939698387e+03 1.860364935643142426e+00 5.684025441615061028e-03
1.108542713567839201e+03 1.860365549461574064e+00 5.683307496210668330e-03
1.113567839195980014e+03 1.860366154640396008e+00 5.682601580483992269e-03
1.118592964824120827e+03 1.860366751344438629e+00 5.681907394237442101e-03
1.123618090452261413e+03 1.860367339734497971e+00 5.681224647058285768e-03
1.128643216080401999e+03 1.860367919967458539e+00 5.680553058135110953e-03
1.133668341708542812e+03 1.860368492196410317e+00 5.679892355741423052e-03
1.138693467336683625e+03 1.860369056570764679e+00 5.679242276894418129e-03
1.143718592964824211e+03 1.860369613236363850e+00 5.678602567110889107e-03
1.148743718592964797e+03 1.860370162335585276e+00 5.677972979869306235e-03
1.153768844221105610e+03 1.860370704007445974e+00 5.677353276442759743e-03
1.158793969849246423e+03 1.860371238387699133e+00 5.676743225614127794e-03
1.163819095477387009e+03 1.860371765608929584e+00 5.676142603292966271e-03
1.168844221105527595e+03 1.860372285800646175e+00 5.675551192210124586e-03
1.173869346733668408e+03 1.860372799089367923e+00 5.674968781866233936e-03
1.178894472361809221e+03 1.860373305598712168e+00 5.674395168049478459e-03
1.183919597989949807e+03 1.860373805449473839e+00 5.673830152646349052e-03
1.188944723618090393e+03 1.860374298759707168e+00 5.673273543569489277e-03
1.193969849246231206e+03 1.860374785644801188e+00 5.672725154313438753e-03
1.198994974874372019e+03 1.860375266217555001e+00 5.672184803920956968e-03
1.204020100502512605e+03 1.860375740588247506e+00 5.671652316694677544e-03
1.209045226130653191e+03 1.860376208864709113e+00 5.671127521986734851e-03
1.214070351758794004e+03 1.860376671152386585e+00 5.670610254144739515e-03
1.219095477386934817e+03 1.860377127554409205e+00 5.670100352183449037e-03
1.224120603015075403e+03 1.860377578171650503e+00 5.669597659651935684e-03
1.229145728643215989e+03 1.860378023102789102e+00 5.669102024578890654e-03
1.234170854271356802e+03 1.860378462444367775e+00 5.668613299202322937e-03
1.239195979899497615e+03 1.860378896290849626e+00 5.668131339875286633e-03
1.244221105527638429e+03 1.860379324734673157e+00 5.667656006873501850e-03
1.249246231155779014e+03 1.860379747866305777e+00 5.667187164339902543e-03
1.254271356783919600e+03 1.860380165774294881e+00 5.666724680131096127e-03
1.259296482412060413e+03 1.860380578545317798e+00 5.666268425565681131e-03
1.264321608040201227e+03 1.860380986264230430e+00 5.665818275544660422e-03
1.269346733668341813e+03 1.860381389014114317e+00 5.665374108221105619e-03
1.274371859296482398e+03 1.860381786876320831e+00 5.664935805002747904e-03
1.279396984924623212e+03 1.860382179930516022e+00 5.664503250397694319e-03
1.284422110552764025e+03 1.860382568254724589e+00 5.664076331958014555e-03
1.289447236180904611e+03 1.860382951925368067e+00 5.663654940125206587e-03
1.294472361809045196e+03 1.860383331017307906e+00 5.663238968193163789e-03
1.299497487437186010e+03 1.860383705603883220e+00 5.662828312173023501e-03
1.304522613065326823e+03 1.860384075756948308e+00 5.662422870697122329e-03
1.309547738693467409e+03 1.860384441546909740e+00 5.662022545001276809e-03
1.314572864321607994e+03 1.860384803042761881e+00 5.661627238808964596e-03
1.319597989949748808e+03 1.860385160312121533e+00 5.661236858215393762e-03
1.324623115577889621e+03 1.860385513421260573e+00 5.660851311669548407e-03
1.329648241206030207e+03 1.860385862435140147e+00 5.660470509858106167e-03
1.334673366834170793e+03 1.860386207417440430e+00 5.660094365667728798e-03
1.339698492462311606e+03 1.860386548430593034e+00 5.659722794127672318e-03
1.344723618090452419e+03 1.860386885535809443e+00 5.659355712273874892e-03
1.349748743718593005e+03 1.860387218793110753e+00 5.658993039189515531e-03
1.354773869346733591e+03 1.860387548261355883e+00 5.658634695868973614e-03
1.359798994974874404e+03 1.860387873998268660e+00 5.658280605199433877e-03
1.364824120603015217e+03 1.860388196060464239e+00 5.657930691863952664e-03
1.369849246231156030e+03 1.860388514503475310e+00 5.657584882362211298e-03
1.374874371859296616e+03 1.860388829381777187e+00 5.657243104854613007e-03
1.379899497487437202e+03 1.860389140748812675e+00 5.656905289222188132e-03
1.384924623115578015e+03 1.860389448657014499e+00 5.656571366930217108e-03
1.389949748743718828e+03 1.860389753157829729e+00 5.656241271009552693e-03
1.394974874371859414e+03 1.860390054301742646e+00 5.655914936057538506e-03
1.400000000000000000e+03 1.860390352138294734e+00 5.655592298140752622e-03
