4.000000000000000000e+02 1.848137435898208336e+00 1.469015183376959528e-02
4.050251256281406995e+02 1.848212839011544872e+00 1.464072469852899586e-02
4.100502512562813990e+02 1.848287625178550719e+00 1.458230187245875865e-02
4.150753768844220986e+02 1.848362099811106107e+00 1.451362586463728586e-02
4.201005025125627981e+02 1.848436610815959114e+00 1.443312811455006034e-02
4.251256281407034976e+02 1.848511559039726526e+00 1.433884594148975185e-02
4.301507537688441971e+02 1.848587410542548382e+00 1.422831538439947065e-02
4.351758793969848966e+02 1.848664710083792961e+00 1.409843539231050991e-02
4.402010050251256530e+02 1.848744093769475461e+00 1.394530232272632106e-02
4.452261306532663525e+02 1.848826295614351745e+00 1.376402518490876456e-02
4.502512562814070520e+02 1.848912135995798733e+00 1.354856269891428593e-02
4.552763819095477515e+02 1.849002466473746331e+00 1.329169669578523713e-02
4.603015075376884511e+02 1.849098021366382127e+00 1.298541561441503289e-02
4.653266331658291506e+02 1.849199093708239205e+00 1.262227478918771968e-02
4.703517587939698501e+02 1.849304945195909156e+00 1.219865265551104902e-02
4.753768844221105496e+02 1.849412998154615684e+00 1.172059580400050365e-02
4.804020100502512491e+02 1.849518335160648341e+00 1.121042088600778842e-02
4.854271356783919487e+02 1.849614598733733573e+00 1.070690274069063634e-02
4.904522613065327050e+02 1.849696624025396252e+00 1.025193056898420288e-02
4.954773869346734045e+02 1.849762743201362802e+00 9.871614155823375814e-03
5.005025125628141041e+02 1.849814566625238577e+00 9.569816220282988117e-03
5.055276381909548036e+02 1.849855123634173149e+00 9.336045286811587782e-03
5.105527638190955031e+02 1.849887367711841035e+00 9.155612907501026188e-03
5.155778894472362026e+02 1.849913613972006932e+00 9.015186061541153803e-03
5.206030150753769021e+02 1.849935521392281457e+00 8.904371914625732257e-03
5.256281407035176017e+02 1.849954241526548859e+00 8.815547210746253748e-03
5.306532663316583012e+02 1.849970570820486104e+00 8.743232356057090149e-03
5.356783919597990007e+02 1.849985065667895556e+00 8.683492045838070439e-03
5.407035175879397002e+02 1.849998121136207097e+00 8.633476091416040707e-03
5.457286432160803997e+02 1.850010023041052998e+00 8.591093878199158526e-03
5.507537688442210992e+02 1.850020982174416684e+00 8.554789848629991075e-03
5.557788944723617988e+02 1.850031156948626077e+00 8.523389559954351255e-03
5.608040201005024983e+02 1.850040668565716695e+00 8.495993643507544421e-03
5.658291457286431978e+02 1.850049611335448985e+00 8.471904045968068481e-03
5.708542713567838973e+02 1.850058059807917266e+00 8.450572097618055945e-03
5.758793969849245968e+02 1.850066073784639720e+00 8.431561465643940684e-03
5.809045226130654100e+02 1.850073701894951350e+00 8.414521373183643169e-03
5.859296482412059959e+02 1.850080984187096877e+00 8.399166985213599515e-03
5.909547738693468091e+02 1.850087954032366033e+00 8.385264862563494501e-03
5.959798994974873949e+02 1.850094639543259811e+00 8.372622044921314635e-03
6.010050251256282081e+02 1.850101064643089765e+00 8.361077764587457328e-03
6.060301507537687939e+02 1.850107249882260385e+00 8.350497089885269494e-03
6.110552763819096072e+02 1.850113213068171225e+00 8.340765999812952899e-03
6.160804020100503067e+02 1.850118969756378018e+00 8.331787531948957326e-03
6.211055276381910062e+02 1.850124533637339530e+00 8.323478742885540016e-03
6.261306532663317057e+02 1.850129916843767264e+00 8.315768290061449977e-03
6.311557788944724052e+02 1.850135130197011479e+00 8.308594492957576544e-03
6.361809045226131047e+02 1.850140183406205230e+00 8.301903767102717518e-03
6.412060301507538043e+02 1.850145085230485265e+00 8.295649350729988880e-03
6.462311557788945038e+02 1.850149843612109102e+00 8.289790262471953899e-03
6.512562814070352033e+02 1.850154465786464808e+00 8.284290443055364675e-03
6.562814070351759028e+02 1.850158958373587348e+00 8.279118044337131430e-03
6.613065326633166023e+02 1.850163327454779738e+00 8.274244837404475666e-03
6.663316582914573019e+02 1.850167578637150978e+00 8.269645716877426292e-03
6.713567839195980014e+02 1.850171717108293867e+00 8.265298284186950797e-03
6.763819095477387009e+02 1.850175747682863969e+00 8.261182495200176598e-03
6.814070351758794004e+02 1.850179674842473920e+00 8.257280361281250231e-03
6.864321608040200999e+02 1.850183502770031740e+00 8.253575694446443900e-03
6.914572864321607994e+02 1.850187235379444850e+00 8.250053889243463834e-03
6.964824120603016127e+02 1.850190876341432311e+00 8.246701735449177631e-03
7.015075376884421985e+02 1.850194429106058580e+00 8.243507256520713269e-03
7.065326633165830117e+02 1.850197896922486152e+00 8.240459570023192168e-03
7.115577889447235975e+02 1.850201282856366314e+00 8.237548766212295787e-03
7.165829145728644107e+02 1.850204589805206412e+00 8.234765802570801277e-03
7.216080402010049966e+02 1.850207820512003387e+00 8.232102411585732332e-03
7.266331658291458098e+02 1.850210977577383176e+00 8.229551020013931364e-03
7.316582914572863956e+02 1.850214063470445591e+00 8.227104677974102914e-03
7.366834170854272088e+02 1.850217080538487657e+00 8.224756996499235293e-03
7.417085427135677946e+02 1.850220031015746169e+00 8.222502092374137442e-03
7.467336683417086078e+02 1.850222917031287162e+00 8.220334539478459449e-03
7.517587939698491937e+02 1.850225740616141978e+00 8.218249325334870542e-03
7.567839195979900069e+02 1.850228503709782313e+00 8.216241812784503759e-03
7.618090452261307064e+02 1.850231208166010388e+00 8.214307705626575085e-03
7.668341708542714059e+02 1.850233855758334434e+00 8.212443018013573098e-03
7.718592964824121054e+02 1.850236448184879423e+00 8.210644047120116418e-03
7.768844221105528050e+02 1.850238987072891694e+00 8.208907348465254578e-03
7.819095477386935045e+02 1.850241473982876084e+00 8.207229714036342119e-03
7.869346733668342040e+02 1.850243910412402881e+00 8.205608152278892273e-03
7.919597989949749035e+02 1.850246297799621908e+00 8.204039870313281288e-03
7.969849246231156030e+02 1.850248637526510809e+00 8.202522257723544180e-03
8.020100502512563025e+02 1.850250930921881309e+00 8.201052872019783113e-03
8.070351758793970021e+02 1.850253179264170322e+00 8.199629425319958018e-03
8.120603015075377016e+02 1.850255383784033647e+00 8.198249772418522707e-03
8.170854271356784011e+02 1.850257545666759151e+00 8.196911899786073208e-03
8.221105527638192143e+02 1.850259666054518748e+00 8.195613915774542166e-03
8.271356783919598001e+02 1.850261746048469602e+00 8.194354041435461880e-03
8.321608040201006133e+02 1.850263786710720559e+00 8.193130602346823319e-03
8.371859296482411992e+02 1.850265789066172006e+00 8.191942021031200019e-03
8.422110552763820124e+02 1.850267754104242934e+00 8.190786810062092305e-03
8.472361809045225982e+02 1.850269682780490088e+00 8.189663565779136886e-03
8.522613065326634114e+02 1.850271576018132524e+00 8.188570962410542803e-03
8.572864321608039972e+02 1.850273434709484910e+00 8.187507746807527395e-03
8.623115577889448105e+02 1.850275259717306886e+00 8.186472733520954240e-03
8.673366834170853963e+02 1.850277051876077827e+00 8.185464800316203868e-03
8.723618090452262095e+02 1.850278811993200989e+00 8.184482884032388827e-03
8.773869346733667953e+02 1.850280540850135047e+00 8.183525976664683677e-03
8.824120603015076085e+02 1.850282239203474566e+00 8.182593121928316560e-03
8.874371859296483080e+02 1.850283907785963855e+00 8.181683411938677972e-03
8.924623115577890076e+02 1.850285547307463085e+00 8.180795984238785346e-03
8.974874371859297071e+02 1.850287158455861558e+00 8.179930018876124809e-03
9.025125628140704066e+02 1.850288741897945455e+00 8.179084735963635180e-03
9.075376884422111061e+02 1.850290298280224510e+00 8.178259393141727729e-03
9.125628140703518056e+02 1.850291828229711610e+00 8.177453283403137221e-03
9.175879396984925052e+02 1.850293332354670861e+00 8.176665733023150487e-03
9.226130653266332047e+02 1.850294811245325688e+00 8.175896099581858589e-03
9.276381909547739042e+02 1.850296265474534740e+00 8.175143770173800770e-03
9.326633165829146037e+02 1.850297695598435155e+00 8.174408159750949643e-03
9.376884422110553032e+02 1.850299102157056952e+00 8.173688709544931624e-03
9.427135678391960028e+02 1.850300485674907902e+00 8.172984885582273637e-03
9.477386934673367023e+02 1.850301846661534411e+00 8.172296177347184581e-03
9.527638190954774018e+02 1.850303185612054202e+00 8.171622096537749930e-03
9.577889447236181013e+02 1.850304503007666135e+00 8.170962175752607276e-03
9.628140703517588008e+02 1.850305799316141142e+00 8.170315967529448095e-03
9.678391959798995003e+02 1.850307074992285861e+00 8.169683043178412735e-03
9.728643216080401999e+02 1.850308330478391827e+00 8.169062991858854969e-03
9.778894472361808994e+02 1.850309566204661804e+00 8.168455419614242471e-03
9.829145728643217126e+02 1.850310782589622116e+00 8.167859948582725793e-03
9.879396984924624121e+02 1.850311980040511894e+00 8.167276216125233385e-03
9.929648241206031116e+02 1.850313158953663883e+00 8.166703874047829756e-03
9.979899497487438111e+02 1.850314319714862377e+00 8.166142587932049765e-03
1.003015075376884511e+03 1.850315462699691604e+00 8.165592036464500852e-03
1.008040201005025210e+03 1.850316588273868801e+00 8.165051910738605617e-03
1.013065326633165910e+03 1.850317696793562394e+00 8.164521913718856758e-03
1.018090452261306609e+03 1.850318788605700426e+00 8.164001759609339562e-03
1.023115577889447309e+03 1.850319864048264540e+00 8.163491173412081719e-03
1.028140703517588008e+03 1.850320923450574639e+00 8.162989890376136370e-03
1.033165829145728821e+03 1.850321967133560008e+00 8.162497655473385100e-03
1.038190954773869407e+03 1.850322995410023319e+00 8.162014223037136057e-03
1.043216080402009993e+03 1.850324008584892432e+00 8.161539356264320769e-03
1.048241206030150806e+03 1.850325006955462204e+00 8.161072826894140084e-03
1.053266331658291620e+03 1.850325990811631183e+00 8.160614414736757152e-03
1.058291457286432205e+03 1.850326960436123214e+00 8.160163907392112628e-03
1.063316582914572791e+03 1.850327916104707704e+00 8.159721099859617091e-03
1.068341708542713604e+03 1.850328858086406791e+00 8.159285794229201999e-03
1.073366834170854418e+03 1.850329786643698071e+00 8.158857799399328245e-03
1.078391959798995003e+03 1.850330702032708219e+00 8.158436930726715997e-03
1.083417085427135589e+03 1.850331604503400618e+00 8.158023009866377170e-03
1.088442211055276402e+03 1.850332494299756325e+00 8.157615864339259892e-03
1.093467336683417216e+03 1.850333371659948822e+00 8.157215327453537154e-03
1.098492462311557802e+03 1.850334236816511213e+00 8.156821237967131974e-03
1.103517587939698387e+03 1.850335089996500759e+00 8.156433439858959411e-03
1.108542713567839201e+03 1.850335931421653868e+00 8.156051782195281735e-03
1.113567839195980014e+03 1.850336761308538636e+00 8.155676118873416910e-03
1.118592964824120827e+03 1.850337579868701843e+00 8.155306308392539991e-03
1.123618090452261413e+03 1.850338387308809063e+00 8.154942213774073190e-03
1.128643216080401999e+03 1.850339183830782552e+00 8.154583702250554553e-03
1.133668341708542812e+03 1.850339969631932702e+00 8.154230645199416622e-03
1.138693467336683625e+03 1.850340744905086598e+00 8.153882917994998911e-03
1.143718592964824211e+03 1.850341509838711707e+00 8.153540399765131508e-03
1.148743718592964797e+03 1.850342264617033772e+00 8.153202973311027280e-03
1.153768844221105610e+03 1.850343009420154949e+00 8.152870524972611818e-03
1.158793969849246423e+03 1.850343744424163717e+00 8.152542944439303274e-03
1.163819095477387009e+03 1.850344469801243896e+00 8.152220124696889919e-03
1.168844221105527595e+03 1.850345185719780794e+00 8.151901961892631110e-03
1.173869346733668408e+03 1.850345892344460008e+00 8.151588355132188823e-03
1.178894472361809221e+03 1.850346589836368238e+00 8.151279206521635720e-03
1.183919597989949807e+03 1.850347278353086988e+00 8.150974420896160005e-03
1.188944723618090393e+03 1.850347958048785602e+00 8.150673905861959001e-03
1.193969849246231206e+03 1.850348629074310525e+00 8.150377571620166448e-03
1.198994974874372019e+03 1.850349291577271460e+00 8.150085330872441913e-03
1.204020100502512605e+03 1.850349945702126409e+00 8.149797098821864177e-03
1.209045226130653191e+03 1.850350591590260940e+00 8.149512792914969175e-03
1.214070351758794004e+03 1.850351229380069240e+00 8.149232332951526769e-03
1.219095477386934817e+03 1.850351859207029825e+00 8.148955640894607610e-03
1.224120603015075403e+03 1.850352481203779265e+00 8.148682640816813649e-03
1.229145728643215989e+03 1.850353095500184564e+00 8.148413258819237059e-03
1.234170854271356802e+03 1.850353702223413555e+00 8.148147423018507057e-03
1.239195979899497615e+03 1.850354301498001286e+00 8.147885063383927123e-03
1.244221105527638429e+03 1.850354893445916415e+00 8.147626111778955710e-03
1.249246231155779014e+03 1.850355478186626268e+00 8.147370501839164975e-03
1.254271356783919600e+03 1.850356055837156344e+00 8.147118168931906726e-03
1.259296482412060413e+03 1.850356626512152047e+00 8.146869050034206972e-03
1.264321608040201227e+03 1.850357190323937306e+00 8.146623083828656228e-03
1.269346733668341813e+03 1.850357747382570084e+00 8.146380210485859585e-03
1.274371859296482398e+03 1.850358297795898332e+00 8.146140371760288851e-03
1.279396984924623212e+03 1.850358841669613064e+00 8.145903510813559331e-03
1.284422110552764025e+03 1.850359379107300972e+00 8.145669572255738802e-03
1.289447236180904611e+03 1.850359910210493508e+00 8.145438502063973366e-03
1.294472361809045196e+03 1.850360435078718169e+00 8.145210247555618316e-03
1.299497487437186010e+03 1.850360953809544240e+00 8.144984757347718471e-03
1.304522613065326823e+03 1.850361466498629426e+00 8.144761981261950529e-03
1.309547738693467409e+03 1.850361973239766256e+00 8.144541870393113420e-03
1.314572864321607994e+03 1.850362474124924939e+00 8.144324377000413187e-03
1.319597989949748808e+03 1.850362969244295330e+00 8.144109454439605808e-03
1.324623115577889621e+03 1.850363458686330009e+00 8.143897057245099921e-03
1.329648241206030207e+03 1.850363942537782913e+00 8.143687140953013298e-03
1.334673366834170793e+03 1.850364420883750194e+00 8.143479662210519401e-03
1.339698492462311606e+03 1.850364893807707078e+00 8.143274578626140750e-03
1.344723618090452419e+03 1.850365361391545393e+00 8.143071848810903499e-03
1.349748743718593005e+03 1.850365823715609981e+00 8.142871432337685927e-03
1.354773869346733591e+03 1.850366280858734003e+00 8.142673289700539177e-03
1.359798994974874404e+03 1.850366732898271804e+00 8.142477382260385199e-03
1.364824120603015217e+03 1.850367179910134441e+00 8.142283672327032748e-03
1.369849246231156030e+03 1.850367621968820098e+00 8.142092122982128033e-03
1.374874371859296616e+03 1.850368059147446731e+00 8.141902698174810840e-03
1.379899497487437202e+03 1.850368491517782710e+00 8.141715362667350034e-03
1.384924623115578015e+03 1.850368919150276792e+00 8.141530081967159743e-03
1.389949748743718828e+03 1.850369342114086768e+00 8.141346822340597353e-03
1.394974874371859414e+03 1.850369760477108549e+00 8.141165550854060837e-03
1.400000000000000000e+03 1.850370174306003479e+00 8.140986235210494540e-03
