4.000000000000000000e+02 1.850454810732178990e+00 1.383022992692626782e-02
4.050251256281406995e+02 1.850526503436667802e+00 1.378157729841644231e-02
4.100502512562813990e+02 1.850597776243906312e+00 1.372378694358283337e-02
4.150753768844220986e+02 1.850668956365726370e+00 1.365547816262876676e-02
4.201005025125627981e+02 1.850740422610643199e+00 1.357491106460750711e-02
4.251256281407034976e+02 1.850812618799728915e+00 1.347988343778732355e-02
4.301507537688441971e+02 1.850886069779381637e+00 1.336759549298051353e-02
4.351758793969848966e+02 1.850961399194671841e+00 1.323447593283862134e-02
4.402010050251256530e+02 1.851039345950342252e+00 1.307596826202754754e-02
4.452261306532663525e+02 1.851120771038500479e+00 1.288629528474507721e-02
4.502512562814070520e+02 1.851206634805322437e+00 1.265827291675270319e-02
4.552763819095477515e+02 1.851297900958719378e+00 1.238337653644324202e-02
4.603015075376884511e+02 1.851395281803295711e+00 1.205255260867428395e-02
4.653266331658291506e+02 1.851498692111852362e+00 1.165876797525592680e-02
4.703517587939698501e+02 1.851606325392456176e+00 1.120264413115455715e-02
4.753768844221105496e+02 1.851713685835457701e+00 1.070095497989712735e-02
4.804020100502512491e+02 1.851813829435462688e+00 1.019150842081388043e-02
4.854271356783919487e+02 1.851900057529385579e+00 9.722541801049432858e-03
4.904522613065327050e+02 1.851969351720447410e+00 9.328946995208279788e-03
4.954773869346734045e+02 1.852022949461912704e+00 9.019202294793032468e-03
5.005025125628141041e+02 1.852064183586070722e+00 8.782801747913585033e-03
5.055276381909548036e+02 1.852096437063377454e+00 8.603292220920030764e-03
5.105527638190955031e+02 1.852122342148834866e+00 8.465691292465545720e-03
5.155778894472362026e+02 1.852143745979683453e+00 8.358528863351066471e-03
5.206030150753769021e+02 1.852161901101047503e+00 8.273578587148869637e-03
5.256281407035176017e+02 1.852177655108260490e+00 8.205054345570925861e-03
5.306532663316583012e+02 1.852191588926519916e+00 8.148880238321552436e-03
5.356783919597990007e+02 1.852204108380482328e+00 8.102153095785859238e-03
5.407035175879397002e+02 1.852215503062759172e+00 8.062773571096096270e-03
5.457286432160803997e+02 1.852225984097668476e+00 8.029198473881445780e-03
5.507537688442210992e+02 1.852235708613548582e+00 8.000274741095769748e-03
5.557788944723617988e+02 1.852244795851627712e+00 7.975127226123358143e-03
5.608040201005024983e+02 1.852253337960108492e+00 7.953081900136051499e-03
5.658291457286431978e+02 1.852261407360508150e+00 7.933612524197436802e-03
5.708542713567838973e+02 1.852269061865788657e+00 7.916303059215347437e-03
5.758793969849245968e+02 1.852276348298060649e+00 7.900820772815063051e-03
5.809045226130654100e+02 1.852283305087604637e+00 7.886896721751517070e-03
5.859296482412059959e+02 1.852289964168734038e+00 7.874311392949764898e-03
5.909547738693468091e+02 1.852296352382604372e+00 7.862884003077771217e-03
5.959798994974873949e+02 1.852302492529116495e+00 7.852464427942349931e-03
6.010050251256282081e+02 1.852308404165569966e+00 7.842927046131835736e-03
6.060301507537687939e+02 1.852314104220130986e+00 7.834165993239087036e-03
6.110552763819096072e+02 1.852319607468218665e+00 7.826091467068625393e-03
6.160804020100503067e+02 1.852324926906237623e+00 7.818626824487395419e-03
6.211055276381910062e+02 1.852330074047606523e+00 7.811706280503108446e-03
6.261306532663317057e+02 1.852335059159364583e+00 7.805273069744382737e-03
6.311557788944724052e+02 1.852339891452905452e+00 7.799277966468838412e-03
6.361809045226131047e+02 1.852344579238976108e+00 7.793678084446851485e-03
6.412060301507538043e+02 1.852349130054599780e+00 7.788435897351473312e-03
6.462311557788945038e+02 1.852353550767764201e+00 7.783518434028922732e-03
6.512562814070352033e+02 1.852357847664368951e+00 7.778896613690361971e-03
6.562814070351759028e+02 1.852362026520907756e+00 7.774544693254798605e-03
6.613065326633166023e+02 1.852366092665614472e+00 7.770439805843627583e-03
6.663316582914573019e+02 1.852370051030203690e+00 7.766561573303258116e-03
6.713567839195980014e+02 1.852373906193907294e+00 7.762891779170252686e-03
6.763819095477387009e+02 1.852377662421158089e+00 7.759414091799761437e-03
6.814070351758794004e+02 1.852381323694003878e+00 7.756113828561135744e-03
6.864321608040200999e+02 1.852384893740129712e+00 7.752977754394976481e-03
6.914572864321607994e+02 1.852388376057199526e+00 7.749993909100065352e-03
6.964824120603016127e+02 1.852391773934095820e+00 7.747151458525661748e-03
7.015075376884421985e+02 1.852395090469537875e+00 7.744440566010511902e-03
7.065326633165830117e+02 1.852398328588466203e+00 7.741852281115384898e-03
7.115577889447235975e+02 1.852401491056524296e+00 7.739378442535402303e-03
7.165829145728644107e+02 1.852404580492903019e+00 7.737011593730762707e-03
7.216080402010049966e+02 1.852407599381781456e+00 7.734744908906326932e-03
7.266331658291458098e+02 1.852410550082546736e+00 7.732572128159221139e-03
7.316582914572863956e+02 1.852413434838961148e+00 7.730487500371870102e-03
7.366834170854272088e+02 1.852416255787404875e+00 7.728485732919981865e-03
7.417085427135677946e+02 1.852419014964318711e+00 7.726561947055878878e-03
7.467336683417086078e+02 1.852421714312935341e+00 7.724711638596404480e-03
7.517587939698491937e+02 1.852424355689393565e+00 7.722930642749275057e-03
7.567839195979900069e+02 1.852426940868299843e+00 7.721215102955920721e-03
7.618090452261307064e+02 1.852429471547805573e+00 7.719561443079444446e-03
7.668341708542714059e+02 1.852431949354250262e+00 7.717966342406791004e-03
7.718592964824121054e+02 1.852434375846421233e+00 7.716426713492594187e-03
7.768844221105528050e+02 1.852436752519466268e+00 7.714939681992901907e-03
7.819095477386935045e+02 1.852439080808499394e+00 7.713502568757003852e-03
7.869346733668342040e+02 1.852441362091928445e+00 7.712112873595627395e-03
7.919597989949749035e+02 1.852443597694531707e+00 7.710768260631522229e-03
7.969849246231156030e+02 1.852445788890310752e+00 7.709466545065607121e-03
8.020100502512563025e+02 1.852447936905135650e+00 7.708205681219783799e-03
8.070351758793970021e+02 1.852450042919209006e+00 7.706983751659179059e-03
8.120603015075377016e+02 1.852452108069355008e+00 7.705798957368782155e-03
8.170854271356784011e+02 1.852454133451160612e+00 7.704649608714036688e-03
8.221105527638192143e+02 1.852456120120973271e+00 7.703534117332260824e-03
8.271356783919598001e+02 1.852458069097769444e+00 7.702450988640402625e-03
8.321608040201006133e+02 1.852459981364906749e+00 7.701398815062105406e-03
8.371859296482411992e+02 1.852461857871766870e+00 7.700376269788607349e-03
8.422110552763820124e+02 1.852463699535298991e+00 7.699382101060669656e-03
8.472361809045225982e+02 1.852465507241471299e+00 7.698415126958539287e-03
8.522613065326634114e+02 1.852467281846637892e+00 7.697474230614727124e-03
8.572864321608039972e+02 1.852469024178824863e+00 7.696558355807414827e-03
8.623115577889448105e+02 1.852470735038948879e+00 7.695666502863351098e-03
8.673366834170853963e+02 1.852472415201961820e+00 7.694797724972062165e-03
8.723618090452262095e+02 1.852474065417937688e+00 7.693951124710191915e-03
8.773869346733667953e+02 1.852475686413098011e+00 7.693125850906483605e-03
8.824120603015076085e+02 1.852477278890785950e+00 7.692321095645987018e-03
8.874371859296483080e+02 1.852478843532385566e+00 7.691536091543870260e-03
8.924623115577890076e+02 1.852480380998199339e+00 7.690770109361526330e-03
8.974874371859297071e+02 1.852481891928274838e+00 7.690022455474622778e-03
9.025125628140704066e+02 1.852483376943195648e+00 7.689292469886305562e-03
9.075376884422111061e+02 1.852484836644831212e+00 7.688579524107469303e-03
9.125628140703518056e+02 1.852486271617048263e+00 7.687883019366323172e-03
9.175879396984925052e+02 1.852487682426392279e+00 7.687202384815469171e-03
9.226130653266332047e+02 1.852489069622733853e+00 7.686537075967754019e-03
9.276381909547739042e+02 1.852490433739884645e+00 7.685886573144496553e-03
9.326633165829146037e+02 1.852491775296186027e+00 7.685250380080699793e-03
9.376884422110553032e+02 1.852493094795071737e+00 7.684628022687454985e-03
9.427135678391960028e+02 1.852494392725602568e+00 7.684019047740549627e-03
9.477386934673367023e+02 1.852495669562979286e+00 7.683423021740984869e-03
9.527638190954774018e+02 1.852496925769032021e+00 7.682839529918679584e-03
9.577889447236181013e+02 1.852498161792688558e+00 7.682268175177190371e-03
9.628140703517588008e+02 1.852499378070422420e+00 7.681708577196277518e-03
9.678391959798995003e+02 1.852500575026682528e+00 7.681160371504562601e-03
9.728643216080401999e+02 1.852501753074302426e+00 7.680623208681327564e-03
9.778894472361808994e+02 1.852502912614894637e+00 7.680096753586379901e-03
9.829145728643217126e+02 1.852504054039228576e+00 7.679580684675863834e-03
9.879396984924624121e+02 1.852505177727590935e+00 7.679074693216166037e-03
9.929648241206031116e+02 1.852506284050133623e+00 7.678578482771825260e-03
9.979899497487438111e+02 1.852507373367206611e+00 7.678091768461515511e-03
1.003015075376884511e+03 1.852508446029677902e+00 7.677614276560466508e-03
1.008040201005025210e+03 1.852509502379239281e+00 7.677145743784270088e-03
1.013065326633165910e+03 1.852510542748703193e+00 7.676685916933686897e-03
1.018090452261306609e+03 1.852511567462284514e+00 7.676234552351043905e-03
1.023115577889447309e+03 1.852512576835874558e+00 7.675791415462969100e-03
1.028140703517588008e+03 1.852513571177301976e+00 7.675356280366139525e-03
1.033165829145728821e+03 1.852514550786585446e+00 7.674928929456066064e-03
1.038190954773869407e+03 1.852515515956176140e+00 7.674509153026628193e-03
1.043216080402009993e+03 1.852516466971191766e+00 7.674096748912693187e-03
1.048241206030150806e+03 1.852517404109640831e+00 7.673691522175854485e-03
1.053266331658291620e+03 1.852518327642639129e+00 7.673293284703100806e-03
1.058291457286432205e+03 1.852519237834619137e+00 7.672901855007786126e-03
1.063316582914572791e+03 1.852520134943530294e+00 7.672517057929104448e-03
1.068341708542713604e+03 1.852521019221033738e+00 7.672138724259001084e-03
1.073366834170854418e+03 1.852521890912688374e+00 7.671766690585920916e-03
1.078391959798995003e+03 1.852522750258131401e+00 7.671400799037098733e-03
1.083417085427135589e+03 1.852523597491252394e+00 7.671040897020670046e-03
1.088442211055276402e+03 1.852524432840360502e+00 7.670686836938668020e-03
1.093467336683417216e+03 1.852525256528347652e+00 7.670338476189331525e-03
1.098492462311557802e+03 1.852526068772843537e+00 7.669995676691660803e-03
1.103517587939698387e+03 1.852526869786367048e+00 7.669658304916410034e-03
1.108542713567839201e+03 1.852527659776472380e+00 7.669326231569587905e-03
1.113567839195980014e+03 1.852528438945889366e+00 7.668999331521905542e-03
1.118592964824120827e+03 1.852529207492659813e+00 7.668677483549945356e-03
1.123618090452261413e+03 1.852529965610269613e+00 7.668360570236451741e-03
1.128643216080401999e+03 1.852530713487774872e+00 7.668048477841592041e-03
1.133668341708542812e+03 1.852531451309925359e+00 7.667741096101726890e-03
1.138693467336683625e+03 1.852532179257283307e+00 7.667438318114970508e-03
1.143718592964824211e+03 1.852532897506338871e+00 7.667140040241152664e-03
1.148743718592964797e+03 1.852533606229620267e+00 7.666846161972743975e-03
1.153768844221105610e+03 1.852534305595802788e+00 7.666556585762281280e-03
1.158793969849246423e+03 1.852534995769812065e+00 7.666271216994517516e-03
1.163819095477387009e+03 1.852535676912925089e+00 7.665989963784752316e-03
1.168844221105527595e+03 1.852536349182868136e+00 7.665712736994317010e-03
1.173869346733668408e+03 1.852537012733910915e+00 7.665439450014304920e-03
1.178894472361809221e+03 1.852537667716958714e+00 7.665170018766474282e-03
1.183919597989949807e+03 1.852538314279640108e+00 7.664904361515831321e-03
1.188944723618090393e+03 1.852538952566394448e+00 7.664642398900418929e-03
1.193969849246231206e+03 1.852539582718553790e+00 7.664384053758287532e-03
1.198994974874372019e+03 1.852540204874423502e+00 7.664129251084782733e-03
1.204020100502512605e+03 1.852540819169362196e+00 7.663877917960826638e-03
1.209045226130653191e+03 1.852541425735855896e+00 7.663629983466676079e-03
1.214070351758794004e+03 1.852542024703592194e+00 7.663385378610133684e-03
1.219095477386934817e+03 1.852542616199531533e+00 7.663144036298184282e-03
1.224120603015075403e+03 1.852543200347976482e+00 7.662905891221682628e-03
1.229145728643215989e+03 1.852543777270639014e+00 7.662670879826931694e-03
1.234170854271356802e+03 1.852544347086705123e+00 7.662438940258260722e-03
1.239195979899497615e+03 1.852544909912898552e+00 7.662210012257108550e-03
1.244221105527638429e+03 1.852545465863541851e+00 7.661984037191487025e-03
1.249246231155779014e+03 1.852546015050616113e+00 7.661760957926036335e-03
1.254271356783919600e+03 1.852546557583818698e+00 7.661540718793481870e-03
1.259296482412060413e+03 1.852547093570618753e+00 7.661323265580568219e-03
1.264321608040201227e+03 1.852547623116313380e+00 7.661108545441512943e-03
1.269346733668341813e+03 1.852548146324078271e+00 7.660896506883901544e-03
1.274371859296482398e+03 1.852548663295021436e+00 7.660687099682103075e-03
1.279396984924623212e+03 1.852549174128231391e+00 7.660480274906608655e-03
1.284422110552764025e+03 1.852549678920826670e+00 7.660275984822915302e-03
1.289447236180904611e+03 1.852550177768002237e+00 7.660074182862869167e-03
1.294472361809045196e+03 1.852550670763076779e+00 7.659874823610471166e-03
1.299497487437186010e+03 1.852551157997535336e+00 7.659677862787685199e-03
1.304522613065326823e+03 1.852551639561074159e+00 7.659483257124271444e-03
1.309547738693467409e+03 1.852552115541642008e+00 7.659290964459519215e-03
1.314572864321607994e+03 1.852552586025481451e+00 7.659100943583060928e-03
1.319597989949748808e+03 1.852553051097168169e+00 7.658913154307598649e-03
1.324623115577889621e+03 1.852553510839651141e+00 7.658727557382170523e-03
1.329648241206030207e+03 1.852553965334288399e+00 7.658544114463384719e-03
1.334673366834170793e+03 1.852554414660884552e+00 7.658362788115639745e-03
1.339698492462311606e+03 1.852554858897727419e+00 7.658183541782341910e-03
1.344723618090452419e+03 1.852555298121620897e+00 7.658006339728121691e-03
1.349748743718593005e+03 1.852555732407920042e+00 7.657831147053521630e-03
1.354773869346733591e+03 1.852556161830563486e+00 7.657657929637192752e-03
1.359798994974874404e+03 1.852556586462105637e+00 7.657486654165071745e-03
1.364824120603015217e+03 1.852557006373747983e+00 7.657317288014562143e-03
1.369849246231156030e+03 1.852557421635368406e+00 7.657149799356193463e-03
1.374874371859296616e+03 1.852557832315552266e+00 7.656984157037787647e-03
1.379899497487437202e+03 1.852558238481619712e+00 7.656820330599111400e-03
1.384924623115578015e+03 1.852558640199655215e+00 7.656658290243021671e-03
1.389949748743718828e+03 1.852559037534533326e+00 7.656498006850106716e-03
1.394974874371859414e+03 1.852559430549946207e+00 7.656339451906325581e-03
1.400000000000000000e+03 1.852559819308429168e+00 7.656182597546634661e-03
