4.000000000000000000e+02 1.821285844064178372e+00 1.672668917448607087e-02
4.050251256281406995e+02 1.821367832053724545e+00 1.669259045065613067e-02
4.100502512562813990e+02 1.821448886872866879e+00 1.665021120433656659e-02
4.150753768844220986e+02 1.821529345217495655e+00 1.659833863864564746e-02
4.201005025125627981e+02 1.821609601333969763e+00 1.653541058789603085e-02
4.251256281407034976e+02 1.821690126311877655e+00 1.645940008458273221e-02
4.301507537688441971e+02 1.821771494580961104e+00 1.636765172912853228e-02
4.351758793969848966e+02 1.821854420509619876e+00 1.625664677916752870e-02
4.402010050251256530e+02 1.821939808939434524e+00 1.612166231293060692e-02
4.452261306532663525e+02 1.822028824050352602e+00 1.595627408359065816e-02
4.502512562814070520e+02 1.822122979320985880e+00 1.575163645721172623e-02
4.552763819095477515e+02 1.822224241656257515e+00 1.549547672702229935e-02
4.603015075376884511e+02 1.822335107216738859e+00 1.517084667915645155e-02
4.653266331658291506e+02 1.822458495565404846e+00 1.475516250029489454e-02
4.703517587939698501e+02 1.822597011596034378e+00 1.422175720242997189e-02
4.753768844221105496e+02 1.822750571458054303e+00 1.355055613142484329e-02
4.804020100502512491e+02 1.822911575459858824e+00 1.275875915882331360e-02
4.854271356783919487e+02 1.823061859011283481e+00 1.193920660267264351e-02
4.904522613065327050e+02 1.823182453248984869e+00 1.122847035392350937e-02
4.954773869346734045e+02 1.823268873174832994e+00 1.069815115846405734e-02
5.005025125628141041e+02 1.823328884953633100e+00 1.033005167129347028e-02
5.055276381909548036e+02 1.823371759078147303e+00 1.007635832834473215e-02
5.105527638190955031e+02 1.823403968602815839e+00 9.897307940988966588e-03
5.155778894472362026e+02 1.823429415081272653e+00 9.766766036665016151e-03
5.206030150753769021e+02 1.823450397612535356e+00 9.668504895604793092e-03
5.256281407035176017e+02 1.823468300841581735e+00 9.592410673341539643e-03
5.306532663316583012e+02 1.823483988973557901e+00 9.532023913761091677e-03
5.356783919597990007e+02 1.823498022299729238e+00 9.483092717735319352e-03
5.407035175879397002e+02 1.823510777473892119e+00 9.442732536796540066e-03
5.457286432160803997e+02 1.823522516228824220e+00 9.408930655042330518e-03
5.507537688442210992e+02 1.823533425951739950e+00 9.380246489963677339e-03
5.557788944723617988e+02 1.823543644446839140e+00 9.355625217065746679e-03
5.608040201005024983e+02 1.823553275525656492e+00 9.334278641078785216e-03
5.658291457286431978e+02 1.823562399108362486e+00 9.315607050881779747e-03
5.708542713567838973e+02 1.823571077941999352e+00 9.299146714214721540e-03
5.758793969849245968e+02 1.823579362176033891e+00 9.284533816025789671e-03
5.809045226130654100e+02 1.823587292546486216e+00 9.271479188751118039e-03
5.859296482412059959e+02 1.823594902635604420e+00 9.259750278101410575e-03
5.909547738693468091e+02 1.823602220504385807e+00 9.249158056003755832e-03
5.959798994974873949e+02 1.823609269891429241e+00 9.239547377699778435e-03
6.010050251256282081e+02 1.823616071106628489e+00 9.230789776698118676e-03
6.060301507537687939e+02 1.823622641706646785e+00 9.222778011717835955e-03
6.110552763819096072e+02 1.823628997012029407e+00 9.215421890781632167e-03
6.160804020100503067e+02 1.823635150507799452e+00 9.208645038239010594e-03
6.211055276381910062e+02 1.823641114157245058e+00 9.202382366567474561e-03
6.261306532663317057e+02 1.823646898650256531e+00 9.196578080806610059e-03
6.311557788944724052e+02 1.823652513601777825e+00 9.191184089611281749e-03
6.361809045226131047e+02 1.823657967711848293e+00 9.186158730014106280e-03
6.412060301507538043e+02 1.823663268895773459e+00 9.181465735967972094e-03
6.462311557788945038e+02 1.823668424390872511e+00 9.177073398435020221e-03
6.512562814070352033e+02 1.823673440844683302e+00 9.172953876805703746e-03
6.562814070351759028e+02 1.823678324388387839e+00 9.169082630813542301e-03
6.613065326633166023e+02 1.823683080698353054e+00 9.165437949271390897e-03
6.663316582914573019e+02 1.823687715048057267e+00 9.162000556928624750e-03
6.713567839195980014e+02 1.823692232352178921e+00 9.158753284687274135e-03
6.763819095477387009e+02 1.823696637204256232e+00 9.155680791829989840e-03
6.814070351758794004e+02 1.823700933909039534e+00 9.152769330733162914e-03
6.864321608040200999e+02 1.823705126510439367e+00 9.150006546958246514e-03
6.914572864321607994e+02 1.823709218815793287e+00 9.147381308371341918e-03
6.964824120603016127e+02 1.823713214417044481e+00 9.144883558841906263e-03
7.015075376884421985e+02 1.823717116709312247e+00 9.142504192262519355e-03
7.065326633165830117e+02 1.823720928907251126e+00 9.140234943777627782e-03
7.115577889447235975e+02 1.823724654059523775e+00 9.138068295546643641e-03
7.165829145728644107e+02 1.823728295061660232e+00 9.135997394882191050e-03
7.216080402010049966e+02 1.823731854667526520e+00 9.134015982735081349e-03
7.266331658291458098e+02 1.823735335499595323e+00 9.132118331299758293e-03
7.316582914572863956e+02 1.823738740058172825e+00 9.130299189140111266e-03
7.366834170854272088e+02 1.823742070729721831e+00 9.128553733151670638e-03
7.417085427135677946e+02 1.823745329794387748e+00 9.126877525916454736e-03
7.467336683417086078e+02 1.823748519432832227e+00 9.125266478254075164e-03
7.517587939698491937e+02 1.823751641732450857e+00 9.123716815917726208e-03
7.567839195979900069e+02 1.823754698693049514e+00 9.122225050000491026e-03
7.618090452261307064e+02 1.823757692232040872e+00 9.120787950700084620e-03
7.668341708542714059e+02 1.823760624189210811e+00 9.119402523808066777e-03
7.718592964824121054e+02 1.823763496331103573e+00 9.118065989750182704e-03
7.768844221105528050e+02 1.823766310355065423e+00 9.116775764759567011e-03
7.819095477386935045e+02 1.823769067892981655e+00 9.115529444116416205e-03
7.869346733668342040e+02 1.823771770514733381e+00 9.114324786863086877e-03
7.919597989949749035e+02 1.823774419731410079e+00 9.113159702267295548e-03
7.969849246231156030e+02 1.823777016998290534e+00 9.112032237440753635e-03
8.020100502512563025e+02 1.823779563717621732e+00 9.110940566250676220e-03
8.070351758793970021e+02 1.823782061241210561e+00 9.109882979173910059e-03
8.120603015075377016e+02 1.823784510872843878e+00 9.108857874266813176e-03
8.170854271356784011e+02 1.823786913870554693e+00 9.107863748790120950e-03
8.221105527638192143e+02 1.823789271448744032e+00 9.106899191697839790e-03
8.271356783919598001e+02 1.823791584780174002e+00 9.105962876772493581e-03
8.321608040201006133e+02 1.823793854997837860e+00 9.105053556371617285e-03
8.371859296482411992e+02 1.823796083196722595e+00 9.104170055664816477e-03
8.422110552763820124e+02 1.823798270435465829e+00 9.103311267447863550e-03
8.472361809045225982e+02 1.823800417737920787e+00 9.102476147376305574e-03
8.522613065326634114e+02 1.823802526094632004e+00 9.101663709509641431e-03
8.572864321608039972e+02 1.823804596464231320e+00 9.100873022337568202e-03
8.623115577889448105e+02 1.823806629774755272e+00 9.100103205045000088e-03
8.673366834170853963e+02 1.823808626924897203e+00 9.099353424175043309e-03
8.723618090452262095e+02 1.823810588785189646e+00 9.098622890409829855e-03
8.773869346733667953e+02 1.823812516199126987e+00 9.097910855725836396e-03
8.824120603015076085e+02 1.823814409984231943e+00 9.097216610765540556e-03
8.874371859296483080e+02 1.823816270933067418e+00 9.096539482254861753e-03
8.924623115577890076e+02 1.823818099814199956e+00 9.095878830881653360e-03
8.974874371859297071e+02 1.823819897373114562e+00 9.095234049074137767e-03
9.025125628140704066e+02 1.823821664333086234e+00 9.094604559082258843e-03
9.075376884422111061e+02 1.823823401396011512e+00 9.093989811179120641e-03
9.125628140703518056e+02 1.823825109243199183e+00 9.093389281982711819e-03
9.175879396984925052e+02 1.823826788536125454e+00 9.092802472849232515e-03
9.226130653266332047e+02 1.823828439917154709e+00 9.092228908472489018e-03
9.276381909547739042e+02 1.823830064010226959e+00 9.091668135518591806e-03
9.326633165829146037e+02 1.823831661421516648e+00 9.091119721357111133e-03
9.376884422110553032e+02 1.823833232740058596e+00 9.090583252888789073e-03
9.427135678391960028e+02 1.823834778538352186e+00 9.090058335457746469e-03
9.477386934673367023e+02 1.823836299372933567e+00 9.089544591823808459e-03
9.527638190954774018e+02 1.823837795784928106e+00 9.089041661231709104e-03
9.577889447236181013e+02 1.823839268300575966e+00 9.088549198455073141e-03
9.628140703517588008e+02 1.823840717431739034e+00 9.088066873059569631e-03
9.678391959798995003e+02 1.823842143676384087e+00 9.087594368518841365e-03
9.728643216080401999e+02 1.823843547519047315e+00 9.087131381549696379e-03
9.778894472361808994e+02 1.823844929431279960e+00 9.086677621410139960e-03
9.829145728643217126e+02 1.823846289872076198e+00 9.086232809245755118e-03
9.879396984924624121e+02 1.823847629288282590e+00 9.085796677460051748e-03
9.929648241206031116e+02 1.823848948114993318e+00 9.085368969206596840e-03
9.979899497487438111e+02 1.823850246775929218e+00 9.084949437807417205e-03
1.003015075376884511e+03 1.823851525683799935e+00 9.084537846256596216e-03
1.008040201005025210e+03 1.823852785240655860e+00 9.084133966784634431e-03
1.013065326633165910e+03 1.823854025838223647e+00 9.083737580324727223e-03
1.018090452261306609e+03 1.823855247858230610e+00 9.083348476210976671e-03
1.023115577889447309e+03 1.823856451672715373e+00 9.082966451680784398e-03
1.028140703517588008e+03 1.823857637644328955e+00 9.082591311560334058e-03
1.033165829145728821e+03 1.823858806126622101e+00 9.082222867876523290e-03
1.038190954773869407e+03 1.823859957464325499e+00 9.081860939554231918e-03
1.043216080402009993e+03 1.823861091993615124e+00 9.081505352088967489e-03
1.048241206030150806e+03 1.823862210042372700e+00 9.081155937231548056e-03
1.053266331658291620e+03 1.823863311930433717e+00 9.080812532733730999e-03
1.058291457286432205e+03 1.823864397969827023e+00 9.080474982093708278e-03
1.063316582914572791e+03 1.823865468465006856e+00 9.080143134215861236e-03
1.068341708542713604e+03 1.823866523713076448e+00 9.079816843314901520e-03
1.073366834170854418e+03 1.823867564004002295e+00 9.079495968538693618e-03
1.078391959798995003e+03 1.823868589620823322e+00 9.079180373884387922e-03
1.083417085427135589e+03 1.823869600839850946e+00 9.078869927894367073e-03
1.088442211055276402e+03 1.823870597930863369e+00 9.078564503547728592e-03
1.093467336683417216e+03 1.823871581157291866e+00 9.078263977956017861e-03
1.098492462311557802e+03 1.823872550776402646e+00 9.077968232364596810e-03
1.103517587939698387e+03 1.823873507039471153e+00 9.077677151811512288e-03
1.108542713567839201e+03 1.823874450191949936e+00 9.077390625067559629e-03
1.113567839195980014e+03 1.823875380473634289e+00 9.077108544478445368e-03
1.118592964824120827e+03 1.823876298118817907e+00 9.076830805794642090e-03
1.123618090452261413e+03 1.823877203356445431e+00 9.076557308062340249e-03
1.128643216080401999e+03 1.823878096410261884e+00 9.076287953453176377e-03
1.133668341708542812e+03 1.823878977498953446e+00 9.076022647191763285e-03
1.138693467336683625e+03 1.823879846836286900e+00 9.075761297397545724e-03
1.143718592964824211e+03 1.823880704631242411e+00 9.075503815012224765e-03
1.148743718592964797e+03 1.823881551088143871e+00 9.075250113653751324e-03
1.153768844221105610e+03 1.823882386406783240e+00 9.075000109531430534e-03
1.158793969849246423e+03 1.823883210782542008e+00 9.074753721360987943e-03
1.163819095477387009e+03 1.823884024406509763e+00 9.074510870230667950e-03
1.168844221105527595e+03 1.823884827465596103e+00 9.074271479565156756e-03
1.173869346733668408e+03 1.823885620142642328e+00 9.074035474991606204e-03
1.178894472361809221e+03 1.823886402616528013e+00 9.073802784327971230e-03
1.183919597989949807e+03 1.823887175062273380e+00 9.073573337412257564e-03
1.188944723618090393e+03 1.823887937651141655e+00 9.073347066090798468e-03
1.193969849246231206e+03 1.823888690550734104e+00 9.073123904120862157e-03
1.198994974874372019e+03 1.823889433925085957e+00 9.072903787146639754e-03
1.204020100502512605e+03 1.823890167934756779e+00 9.072686652577332395e-03
1.209045226130653191e+03 1.823890892736920399e+00 9.072472439550857345e-03
1.214070351758794004e+03 1.823891608485449289e+00 9.072261088873070228e-03
1.219095477386934817e+03 1.823892315330999381e+00 9.072052542956954291e-03
1.224120603015075403e+03 1.823893013421090226e+00 9.071846745774037740e-03
1.229145728643215989e+03 1.823893702900183822e+00 9.071643642793558726e-03
1.234170854271356802e+03 1.823894383909761441e+00 9.071443180933832368e-03
1.239195979899497615e+03 1.823895056588396457e+00 9.071245308550341876e-03
1.244221105527638429e+03 1.823895721071827847e+00 9.071049975289170036e-03
1.249246231155779014e+03 1.823896377493027909e+00 9.070857132172959955e-03
1.254271356783919600e+03 1.823897025982271991e+00 9.070666731442076844e-03
1.259296482412060413e+03 1.823897666667202877e+00 9.070478726603841205e-03
1.264321608040201227e+03 1.823898299672896295e+00 9.070293072322608077e-03
1.269346733668341813e+03 1.823898925121921311e+00 9.070109724420018574e-03
1.274371859296482398e+03 1.823899543134401613e+00 9.069928639862983449e-03
1.279396984924623212e+03 1.823900153828074133e+00 9.069749776641499589e-03
1.284422110552764025e+03 1.823900757318346111e+00 9.069573093842301162e-03
1.289447236180904611e+03 1.823901353718350382e+00 9.069398551514416817e-03
1.294472361809045196e+03 1.823901943138998671e+00 9.069226110730565019e-03
1.299497487437186010e+03 1.823902525689035548e+00 9.069055733477163900e-03
1.304522613065326823e+03 1.823903101475087052e+00 9.068887382703472513e-03
1.309547738693467409e+03 1.823903670601712657e+00 9.068721022199348336e-03
1.314572864321607994e+03 1.823904233171451672e+00 9.068556616668855055e-03
1.319597989949748808e+03 1.823904789284870764e+00 9.068394131620241203e-03
1.324623115577889621e+03 1.823905339040609697e+00 9.068233533390571491e-03
1.329648241206030207e+03 1.823905882535425516e+00 9.068074789109141498e-03
1.334673366834170793e+03 1.823906419864235184e+00 9.067917866660888879e-03
1.339698492462311606e+03 1.823906951120158881e+00 9.067762734711003886e-03
1.344723618090452419e+03 1.823907476394559524e+00 9.067609362594875044e-03
1.349748743718593005e+03 1.823907995777082736e+00 9.067457720391663978e-03
1.354773869346733591e+03 1.823908509355697261e+00 9.067307778826475678e-03
1.359798994974874404e+03 1.823909017216730044e+00 9.067159509331684450e-03
1.364824120603015217e+03 1.823909519444905314e+00 9.067012883949095506e-03
1.369849246231156030e+03 1.823910016123378330e+00 9.066867875354532938e-03
1.374874371859296616e+03 1.823910507333772246e+00 9.066724456821198888e-03
1.379899497487437202e+03 1.823910993156210303e+00 9.066582602244273661e-03
1.384924623115578015e+03 1.823911473669349803e+00 9.066442286067519576e-03
1.389949748743718828e+03 1.823911948950414308e+00 9.066303483295628726e-03
1.394974874371859414e+03 1.823912419075224056e+00 9.066166169469808481e-03
1.400000000000000000e+03 1.823912884118228384e+00 9.066030320680110166e-03
