4.000000000000000000e+02 1.824872814872588345e+00 1.786317217222344045e-02
4.050251256281406995e+02 1.824963898368162862e+00 1.781334738141479579e-02
4.100502512562813990e+02 1.825054494827583751e+00 1.775218527438388733e-02
4.150753768844220986e+02 1.825145090297162653e+00 1.767774042826939992e-02
4.201005025125627981e+02 1.825236271011645206e+00 1.758747371433255421e-02
4.251256281407034976e+02 1.825328758134441509e+00 1.747803774497354648e-02
4.301507537688441971e+02 1.825423455547812157e+00 1.734496784135837813e-02
4.351758793969848966e+02 1.825521515022019203e+00 1.718223383509622643e-02
4.402010050251256530e+02 1.825624422380694778e+00 1.698159161462312397e-02
4.452261306532663525e+02 1.825734102010561299e+00 1.673166722783502036e-02
4.502512562814070520e+02 1.825853012768509087e+00 1.641676220602739447e-02
4.552763819095477515e+02 1.825984130697224872e+00 1.601566818904346517e-02
4.603015075376884511e+02 1.826130496611240384e+00 1.550188141767900110e-02
4.653266331658291506e+02 1.826293528353736262e+00 1.484979760682639087e-02
4.703517587939698501e+02 1.826468924326651866e+00 1.405693052225710261e-02
4.753768844221105496e+02 1.826641600482804773e+00 1.318517462251388682e-02
4.804020100502512491e+02 1.826789467232319719e+00 1.236860794075215521e-02
4.854271356783919487e+02 1.826900190858309792e+00 1.172135240496951017e-02
4.904522613065327050e+02 1.826977852716066719e+00 1.125970411411185250e-02
4.954773869346734045e+02 1.827032690745998167e+00 1.094065197491209986e-02
5.005025125628141041e+02 1.827073113558009609e+00 1.071732725117357198e-02
5.055276381909548036e+02 1.827104454077891793e+00 1.055637445388573660e-02
5.105527638190955031e+02 1.827129884180150876e+00 1.043661604627047108e-02
5.155778894472362026e+02 1.827151301563150199e+00 1.034484330966746295e-02
5.206030150753769021e+02 1.827169876396990356e+00 1.027268183974686805e-02
5.256281407035176017e+02 1.827186357227494451e+00 1.021467420044456717e-02
5.306532663316583012e+02 1.827201240716025410e+00 1.016715660678082361e-02
5.356783919597990007e+02 1.827214867809966448e+00 1.012759819747841190e-02
5.407035175879397002e+02 1.827227479914550257e+00 1.009420429366567062e-02
5.457286432160803997e+02 1.827239252783990242e+00 1.006567186235625237e-02
5.507537688442210992e+02 1.827250317623055453e+00 1.004103465514703981e-02
5.557788944723617988e+02 1.827260774616803918e+00 1.001956253948962233e-02
5.608040201005024983e+02 1.827270701842171885e+00 1.000069443799728348e-02
5.658291457286431978e+02 1.827280161283464599e+00 9.983992637199283482e-03
5.708542713567838973e+02 1.827289202984457628e+00 9.969111006668494868e-03
5.758793969849245968e+02 1.827297867973022738e+00 9.955772472804807344e-03
5.809045226130654100e+02 1.827306190359583304e+00 9.943752774734269939e-03
5.859296482412059959e+02 1.827314198868438710e+00 9.932868564818224388e-03
5.909547738693468091e+02 1.827321917972685394e+00 9.922968564962686769e-03
5.959798994974873949e+02 1.827329368747436344e+00 9.913926906630865857e-03
6.010050251256282081e+02 1.827336569519773857e+00 9.905638054002966625e-03
6.060301507537687939e+02 1.827343536369951726e+00 9.898012890314247109e-03
6.110552763819096072e+02 1.827350283522310770e+00 9.890975669332538814e-03
6.160804020100503067e+02 1.827356823653433660e+00 9.884461618020513873e-03
6.211055276381910062e+02 1.827363168137488447e+00 9.878415034366682876e-03
6.261306532663317057e+02 1.827369327243399511e+00 9.872787765448783406e-03
6.311557788944724052e+02 1.827375310294705679e+00 9.867537980395257174e-03
6.361809045226131047e+02 1.827381125800248585e+00 9.862629173895831255e-03
6.412060301507538043e+02 1.827386781561860296e+00 9.858029351365418455e-03
6.462311557788945038e+02 1.827392284763762254e+00 9.853710358669649436e-03
6.512562814070352033e+02 1.827397642047310589e+00 9.849647327109634087e-03
6.562814070351759028e+02 1.827402859573912908e+00 9.845818211597742037e-03
6.613065326633166023e+02 1.827407943078330099e+00 9.842203404048500276e-03
6.663316582914573019e+02 1.827412897914110435e+00 9.838785408408939545e-03
6.713567839195980014e+02 1.827417729092545517e+00 9.835548565984748165e-03
6.763819095477387009e+02 1.827422441316256529e+00 9.832478822269428292e-03
6.814070351758794004e+02 1.827427039008309828e+00 9.829563528307137116e-03
6.864321608040200999e+02 1.827431526337581547e+00 9.826791270639668313e-03
6.914572864321607994e+02 1.827435907240966495e+00 9.824151725216287781e-03
6.964824120603016127e+02 1.827440185442909870e+00 9.821635531431883309e-03
7.015075376884421985e+02 1.827444364472668115e+00 9.819234183197711810e-03
7.065326633165830117e+02 1.827448447679618893e+00 9.816939934355386685e-03
7.115577889447235975e+02 1.827452438246902400e+00 9.814745716235192402e-03
7.165829145728644107e+02 1.827456339203622271e+00 9.812645065789991558e-03
7.216080402010049966e+02 1.827460153435793266e+00 9.810632062543751114e-03
7.266331658291458098e+02 1.827463883696205382e+00 9.808701273217841979e-03
7.316582914572863956e+02 1.827467532613337831e+00 9.806847702958932864e-03
7.366834170854272088e+02 1.827471102699440131e+00 9.805066752369364161e-03
7.417085427135677946e+02 1.827474596357881120e+00 9.803354179286991738e-03
7.467336683417086078e+02 1.827478015889852481e+00 9.801706065072652435e-03
7.517587939698491937e+02 1.827481363500496503e+00 9.800118784503694669e-03
7.567839195979900069e+02 1.827484641304527591e+00 9.798588978969360874e-03
7.618090452261307064e+02 1.827487851331396129e+00 9.797113532571235031e-03
7.668341708542714059e+02 1.827490995530048457e+00 9.795689550673461476e-03
7.718592964824121054e+02 1.827494075773319793e+00 9.794314340763258034e-03
7.768844221105528050e+02 1.827497093862001432e+00 9.792985395186396338e-03
7.819095477386935045e+02 1.827500051528609282e+00 9.791700375581852481e-03
7.869346733668342040e+02 1.827502950440885066e+00 9.790457098963829125e-03
7.919597989949749035e+02 1.827505792205056379e+00 9.789253525024440086e-03
7.969849246231156030e+02 1.827508578368874037e+00 9.788087744773927429e-03
8.020100502512563025e+02 1.827511310424447588e+00 9.786957970124613229e-03
8.070351758793970021e+02 1.827513989810898076e+00 9.785862524523182907e-03
8.120603015075377016e+02 1.827516617916843611e+00 9.784799834452160422e-03
8.170854271356784011e+02 1.827519196082726838e+00 9.783768421586958031e-03
8.221105527638192143e+02 1.827521725603004521e+00 9.782766895780352703e-03
8.271356783919598001e+02 1.827524207728204120e+00 9.781793948569560138e-03
8.321608040201006133e+02 1.827526643666860462e+00 9.780848347297955991e-03
8.371859296482411992e+02 1.827529034587342061e+00 9.779928929693671238e-03
8.422110552763820124e+02 1.827531381619571516e+00 9.779034598940116937e-03
8.472361809045225982e+02 1.827533685856653989e+00 9.778164319103077942e-03
8.522613065326634114e+02 1.827535948356413975e+00 9.777317111028650462e-03
8.572864321608039972e+02 1.827538170142851248e+00 9.776492048428885376e-03
8.623115577889448105e+02 1.827540352207518870e+00 9.775688254428194918e-03
8.673366834170853963e+02 1.827542495510831255e+00 9.774904898298549319e-03
8.723618090452262095e+02 1.827544600983301626e+00 9.774141192417973995e-03
8.773869346733667953e+02 1.827546669526722622e+00 9.773396389543595464e-03
8.824120603015076085e+02 1.827548702015281856e+00 9.772669780274705412e-03
8.874371859296483080e+02 1.827550699296627945e+00 9.771960690626619803e-03
8.924623115577890076e+02 1.827552662192881705e+00 9.771268479897366258e-03
8.974874371859297071e+02 1.827554591501601156e+00 9.770592538600285717e-03
9.025125628140704066e+02 1.827556487996698786e+00 9.769932286610428368e-03
9.075376884422111061e+02 1.827558352429317967e+00 9.769287171365903868e-03
9.125628140703518056e+02 1.827560185528668502e+00 9.768656666294799409e-03
9.175879396984925052e+02 1.827561988002823989e+00 9.768040269286026173e-03
9.226130653266332047e+02 1.827563760539482995e+00 9.767437501249686196e-03
9.276381909547739042e+02 1.827565503806696467e+00 9.766847904846640699e-03
9.326633165829146037e+02 1.827567218453565845e+00 9.766271043262395382e-03
9.376884422110553032e+02 1.827568905110904307e+00 9.765706499025403331e-03
9.427135678391960028e+02 1.827570564391877150e+00 9.765153872949416253e-03
9.477386934673367023e+02 1.827572196892609968e+00 9.764612783211409561e-03
9.527638190954774018e+02 1.827573803192773072e+00 9.764082864314994892e-03
9.577889447236181013e+02 1.827575383856139934e+00 9.763563766291855767e-03
9.628140703517588008e+02 1.827576939431124758e+00 9.763055153800166697e-03
9.678391959798995003e+02 1.827578470451296955e+00 9.762556705472555732e-03
9.728643216080401999e+02 1.827579977435872971e+00 9.762068113127048141e-03
9.778894472361808994e+02 1.827581460890190801e+00 9.761589081068446430e-03
9.829145728643217126e+02 1.827582921306166508e+00 9.761119325514324221e-03
9.879396984924624121e+02 1.827584359162727212e+00 9.760658573986469647e-03
9.929648241206031116e+02 1.827585774926233642e+00 9.760206564713286986e-03
9.979899497487438111e+02 1.827587169050882476e+00 9.759763046145557286e-03
1.003015075376884511e+03 1.827588541979092707e+00 9.759327776426350229e-03
1.008040201005025210e+03 1.827589894141880666e+00 9.758900522951623885e-03
1.013065326633165910e+03 1.827591225959216858e+00 9.758481061919144564e-03
1.018090452261306609e+03 1.827592537840371678e+00 9.758069177888508902e-03
1.023115577889447309e+03 1.827593830184247814e+00 9.757664663454670637e-03
1.028140703517588008e+03 1.827595103379699548e+00 9.757267318784717397e-03
1.033165829145728821e+03 1.827596357805841398e+00 9.756876951359218231e-03
1.038190954773869407e+03 1.827597593832343881e+00 9.756493375576822877e-03
1.043216080402009993e+03 1.827598811819720837e+00 9.756116412472471550e-03
1.048241206030150806e+03 1.827600012119603878e+00 9.755745889401279750e-03
1.053266331658291620e+03 1.827601195075008622e+00 9.755381639790542195e-03
1.058291457286432205e+03 1.827602361020590482e+00 9.755023502846063219e-03
1.063316582914572791e+03 1.827603510282892918e+00 9.754671323292489482e-03
1.068341708542713604e+03 1.827604643180585020e+00 9.754324951181784359e-03
1.073366834170854418e+03 1.827605760024691994e+00 9.753984241610542602e-03
1.078391959798995003e+03 1.827606861118816539e+00 9.753649054539620736e-03
1.083417085427135589e+03 1.827607946759355562e+00 9.753319254590884710e-03
1.088442211055276402e+03 1.827609017235704458e+00 9.752994710832492767e-03
1.093467336683417216e+03 1.827610072830459620e+00 9.752675296609602043e-03
1.098492462311557802e+03 1.827611113819610056e+00 9.752360889363606913e-03
1.103517587939698387e+03 1.827612140472725688e+00 9.752051370474067518e-03
1.108542713567839201e+03 1.827613153053136763e+00 9.751746625123325005e-03
1.113567839195980014e+03 1.827614151818108823e+00 9.751446542058585937e-03
1.118592964824120827e+03 1.827615137019011682e+00 9.751151013547476945e-03
1.123618090452261413e+03 1.827616108901482184e+00 9.750859935219690494e-03
1.128643216080401999e+03 1.827617067705582743e+00 9.750573205851641514e-03
1.133668341708542812e+03 1.827618013665953667e+00 9.750290727390163725e-03
1.138693467336683625e+03 1.827618947011961259e+00 9.750012404702896804e-03
1.143718592964824211e+03 1.827619867967840595e+00 9.749738145533575623e-03
1.148743718592964797e+03 1.827620776752833853e+00 9.749467860366175381e-03
1.153768844221105610e+03 1.827621673581325323e+00 9.749201462357337186e-03
1.158793969849246423e+03 1.827622558662969965e+00 9.748938867177661671e-03
1.163819095477387009e+03 1.827623432202820641e+00 9.748679992978213221e-03
1.168844221105527595e+03 1.827624294401448690e+00 9.748424760288674357e-03
1.173869346733668408e+03 1.827625145455062272e+00 9.748173091881293106e-03
1.178894472361809221e+03 1.827625985555620947e+00 9.747924912737297026e-03
1.183919597989949807e+03 1.827626814890946916e+00 9.747680149990493870e-03
1.188944723618090393e+03 1.827627633644831606e+00 9.747438732779742029e-03
1.193969849246231206e+03 1.827628441997140030e+00 9.747200592238056474e-03
1.198994974874372019e+03 1.827629240123912702e+00 9.746965661401967712e-03
1.204020100502512605e+03 1.827630028197462009e+00 9.746733875109454132e-03
1.209045226130653191e+03 1.827630806386468798e+00 9.746505170045943398e-03
1.214070351758794004e+03 1.827631574856073193e+00 9.746279484516904082e-03
1.219095477386934817e+03 1.827632333767965189e+00 9.746056758573541992e-03
1.224120603015075403e+03 1.827633083280470583e+00 9.745836933808123617e-03
1.229145728643215989e+03 1.827633823548635572e+00 9.745619953365730614e-03
1.234170854271356802e+03 1.827634554724308025e+00 9.745405761910420558e-03
1.239195979899497615e+03 1.827635276956217636e+00 9.745194305534415902e-03
1.244221105527638429e+03 1.827635990390052312e+00 9.744985531724240438e-03
1.249246231155779014e+03 1.827636695168532999e+00 9.744779389338218203e-03
1.254271356783919600e+03 1.827637391431486513e+00 9.744575828504237550e-03
1.259296482412060413e+03 1.827638079315916153e+00 9.744374800665580802e-03
1.264321608040201227e+03 1.827638758956069864e+00 9.744176258444467442e-03
1.269346733668341813e+03 1.827639430483507743e+00 9.743980155687873360e-03
1.274371859296482398e+03 1.827640094027165762e+00 9.743786447388018065e-03
1.279396984924623212e+03 1.827640749713418833e+00 9.743595089625613215e-03
1.284422110552764025e+03 1.827641397666142087e+00 9.743406039570077712e-03
1.289447236180904611e+03 1.827642038006770608e+00 9.743219255445566621e-03
1.294472361809045196e+03 1.827642670854357387e+00 9.743034696496989666e-03
1.299497487437186010e+03 1.827643296325627498e+00 9.742852322933212919e-03
1.304522613065326823e+03 1.827643914535035385e+00 9.742672095915859420e-03
1.309547738693467409e+03 1.827644525594816605e+00 9.742493977559480919e-03
1.314572864321607994e+03 1.827645129615039776e+00 9.742317930851949678e-03
1.319597989949748808e+03 1.827645726703656104e+00 9.742143919631834209e-03
1.324623115577889621e+03 1.827646316966549334e+00 9.741971908634136992e-03
1.329648241206030207e+03 1.827646900507582828e+00 9.741801863376477535e-03
1.334673366834170793e+03 1.827647477428645972e+00 9.741633750159236355e-03
1.339698492462311606e+03 1.827648047829698585e+00 9.741467536088482815e-03
1.344723618090452419e+03 1.827648611808816215e+00 9.741303189030520171e-03
1.349748743718593005e+03 1.827649169462231216e+00 9.741140677509438003e-03
1.354773869346733591e+03 1.827649720884375162e+00 9.740979970866795248e-03
1.359798994974874404e+03 1.827650266167919257e+00 9.740821039022387953e-03
1.364824120603015217e+03 1.827650805403813417e+00 9.740663852633928838e-03
1.369849246231156030e+03 1.827651338681325566e+00 9.740508383005970841e-03
1.374874371859296616e+03 1.827651866088076726e+00 9.740354602021626673e-03
1.379899497487437202e+03 1.827652387710080539e+00 9.740202482233848227e-03
1.384924623115578015e+03 1.827652903631776127e+00 9.740051996774334517e-03
1.389949748743718828e+03 1.827653413936064064e+00 9.739903119365029421e-03
1.394974874371859414e+03 1.827653918704339464e+00 9.739755824284010086e-03
1.400000000000000000e+03 1.827654418016524840e+00 9.739610086342768980e-03
