4.000000000000000000e+02 1.827651428879200068e+00 1.932751793682489783e-02
4.050251256281406995e+02 1.827751824572639183e+00 1.926713541346802491e-02
4.100502512562813990e+02 1.827852011637348228e+00 1.919299432008934880e-02
4.150753768844220986e+02 1.827952606046168826e+00 1.910254034510501173e-02
4.201005025125627981e+02 1.828054363207445743e+00 1.899240477565668217e-02
4.251256281407034976e+02 1.828158228029360677e+00 1.885809329178207011e-02
4.301507537688441971e+02 1.828265404117612070e+00 1.869353202346524245e-02
4.351758793969848966e+02 1.828377447622984153e+00 1.849040336578412769e-02
4.402010050251256530e+02 1.828496387482355434e+00 1.823718634824921664e-02
4.452261306532663525e+02 1.828624855491154610e+00 1.791783944838542045e-02
4.502512562814070520e+02 1.828766145536520060e+00 1.751027308405164393e-02
4.552763819095477515e+02 1.828923927073362821e+00 1.698564258424485260e-02
4.603015075376884511e+02 1.829100849209871038e+00 1.631237690004383456e-02
4.653266331658291506e+02 1.829294572820219011e+00 1.547531081911840412e-02
4.703517587939698501e+02 1.829491245609145444e+00 1.452069503100154695e-02
4.753768844221105496e+02 1.829665606378957143e+00 1.358752196798804560e-02
4.804020100502512491e+02 1.829798829395618887e+00 1.282543425158699617e-02
4.854271356783919487e+02 1.829892164320996217e+00 1.227760085846267904e-02
4.904522613065327050e+02 1.829957204848183139e+00 1.190155005230346570e-02
4.954773869346734045e+02 1.830004420806104370e+00 1.164141139422696265e-02
5.005025125628141041e+02 1.830040553890325494e+00 1.145613329290783369e-02
5.055276381909548036e+02 1.830069582090656288e+00 1.131969396660004179e-02
5.105527638190955031e+02 1.830093852337202565e+00 1.121603844764926423e-02
5.155778894472362026e+02 1.830114791236848948e+00 1.113511457228971713e-02
5.206030150753769021e+02 1.830133299645143374e+00 1.107044856155011900e-02
5.256281407035176017e+02 1.830149968614190659e+00 1.101773965347859277e-02
5.306532663316583012e+02 1.830165200015060112e+00 1.097404389139358498e-02
5.356783919597990007e+02 1.830179276072030126e+00 1.093729000006029087e-02
5.407035175879397002e+02 1.830192400828637656e+00 1.090598430277547187e-02
5.457286432160803997e+02 1.830204725702231361e+00 1.087902569617887373e-02
5.507537688442210992e+02 1.830216365722433958e+00 1.085558642283480923e-02
5.557788944723617988e+02 1.830227410143061562e+00 1.083503325948128801e-02
5.608040201005024983e+02 1.830237929555948995e+00 1.081687418501240013e-02
5.658291457286431978e+02 1.830247980771212424e+00 1.080072150937529465e-02
5.708542713567838973e+02 1.830257610236153187e+00 1.078626588023586311e-02
5.758793969849245968e+02 1.830266856476509219e+00 1.077325762940305187e-02
5.809045226130654100e+02 1.830275751870225287e+00 1.076149316734271132e-02
5.859296482412059959e+02 1.830284323956943737e+00 1.075080491147797392e-02
5.909547738693468091e+02 1.830292596419013762e+00 1.074105372840988837e-02
5.959798994974873949e+02 1.830300589826419300e+00 1.073212319124644369e-02
6.010050251256282081e+02 1.830308322209571514e+00 1.072391516588481683e-02
6.060301507537687939e+02 1.830315809504897029e+00 1.071634638238412422e-02
6.110552763819096072e+02 1.830323065905261615e+00 1.070934574537846587e-02
6.160804020100503067e+02 1.830330104138365721e+00 1.070285220494408482e-02
6.211055276381910062e+02 1.830336935690043854e+00 1.069681305683021534e-02
6.261306532663317057e+02 1.830343570984983570e+00 1.069118257464355196e-02
6.311557788944724052e+02 1.830350019534233486e+00 1.068592090119135050e-02
6.361809045226131047e+02 1.830356290056573965e+00 1.068099314354037377e-02
6.412060301507538043e+02 1.830362390579141740e+00 1.067636862959502227e-02
6.462311557788945038e+02 1.830368328521465804e+00 1.067202029375865363e-02
6.512562814070352033e+02 1.830374110766126217e+00 1.066792416620233365e-02
6.562814070351759028e+02 1.830379743718561603e+00 1.066405894620576188e-02
6.613065326633166023e+02 1.830385233358005515e+00 1.066040564359172806e-02
6.663316582914573019e+02 1.830390585281127303e+00 1.065694727632665074e-02
6.713567839195980014e+02 1.830395804739636478e+00 1.065366861402856219e-02
6.763819095477387009e+02 1.830400896672859545e+00 1.065055595964501181e-02
6.814070351758794004e+02 1.830405865736109083e+00 1.064759696272261219e-02
6.864321608040200999e+02 1.830410716325513887e+00 1.064478045930342467e-02
6.914572864321607994e+02 1.830415452599847503e+00 1.064209633384844908e-02
6.964824120603016127e+02 1.830420078499812364e+00 1.063953539997405419e-02
7.015075376884421985e+02 1.830424597765143657e+00 1.063708929703351819e-02
7.065326633165830117e+02 1.830429013949845807e+00 1.063475040003566789e-02
7.115577889447235975e+02 1.830433330435814243e+00 1.063251174113882987e-02
7.165829145728644107e+02 1.830437550445064510e+00 1.063036694084155617e-02
7.216080402010049966e+02 1.830441677050743676e+00 1.062831014763926385e-02
7.266331658291458098e+02 1.830445713187084822e+00 1.062633598489763631e-02
7.316582914572863956e+02 1.830449661658429150e+00 1.062443950401098861e-02
7.366834170854272088e+02 1.830453525147434757e+00 1.062261614283535778e-02
7.417085427135677946e+02 1.830457306222559311e+00 1.062086168905068684e-02
7.467336683417086078e+02 1.830461007344905688e+00 1.061917224739242563e-02
7.517587939698491937e+02 1.830464630874499177e+00 1.061754421059921474e-02
7.567839195979900069e+02 1.830468179076056856e+00 1.061597423342984861e-02
7.618090452261307064e+02 1.830471654124302905e+00 1.061445920941433106e-02
7.668341708542714059e+02 1.830475058108879116e+00 1.061299625007551539e-02
7.718592964824121054e+02 1.830478393038886598e+00 1.061158266619962459e-02
7.768844221105528050e+02 1.830481660847098846e+00 1.061021595106748962e-02
7.819095477386935045e+02 1.830484863393874395e+00 1.060889376525415463e-02
7.869346733668342040e+02 1.830488002470801012e+00 1.060761392303258450e-02
7.919597989949749035e+02 1.830491079804089427e+00 1.060637437994579012e-02
7.969849246231156030e+02 1.830494097057744796e+00 1.060517322162380510e-02
8.020100502512563025e+02 1.830497055836533882e+00 1.060400865370182515e-02
8.070351758793970021e+02 1.830499957688761059e+00 1.060287899248597669e-02
8.120603015075377016e+02 1.830502804108875337e+00 1.060178265667238544e-02
8.170854271356784011e+02 1.830505596539916180e+00 1.060071815963977392e-02
8.221105527638192143e+02 1.830508336375815670e+00 1.059968410251605625e-02
8.271356783919598001e+02 1.830511024963563660e+00 1.059867916777947755e-02
8.321608040201006133e+02 1.830513663605251695e+00 1.059770211345828841e-02
8.371859296482411992e+02 1.830516253559998363e+00 1.059675176781484270e-02
8.422110552763820124e+02 1.830518796045769392e+00 1.059582702441023115e-02
8.472361809045225982e+02 1.830521292241100051e+00 1.059492683767596956e-02
8.522613065326634114e+02 1.830523743286721849e+00 1.059405021875253240e-02
8.572864321608039972e+02 1.830526150287105525e+00 1.059319623164764468e-02
8.623115577889448105e+02 1.830528514311925203e+00 1.059236398988264161e-02
8.673366834170853963e+02 1.830530836397443517e+00 1.059155265311383792e-02
8.723618090452262095e+02 1.830533117547830768e+00 1.059076142424285674e-02
8.773869346733667953e+02 1.830535358736417262e+00 1.058998954670191221e-02
8.824120603015076085e+02 1.830537560906882355e+00 1.058923630175711075e-02
8.874371859296483080e+02 1.830539724974389548e+00 1.058850100636470580e-02
8.924623115577890076e+02 1.830541851826663624e+00 1.058778301081531904e-02
8.974874371859297071e+02 1.830543942325019824e+00 1.058708169681631638e-02
9.025125628140704066e+02 1.830545997305343509e+00 1.058639647556176670e-02
9.075376884422111061e+02 1.830548017579025188e+00 1.058572678602082325e-02
9.125628140703518056e+02 1.830550003933852699e+00 1.058507209325595944e-02
9.175879396984925052e+02 1.830551957134864738e+00 1.058443188701240455e-02
9.226130653266332047e+02 1.830553877925163331e+00 1.058380568022235756e-02
9.276381909547739042e+02 1.830555767026693870e+00 1.058319300770725960e-02
9.326633165829146037e+02 1.830557625140989852e+00 1.058259342501532800e-02
9.376884422110553032e+02 1.830559452949884092e+00 1.058200650718465335e-02
9.427135678391960028e+02 1.830561251116192834e+00 1.058143184777811906e-02
9.477386934673367023e+02 1.830563020284367237e+00 1.058086905779159932e-02
9.527638190954774018e+02 1.830564761081120428e+00 1.058031776476069975e-02
9.577889447236181013e+02 1.830566474116027686e+00 1.057977761190878781e-02
9.628140703517588008e+02 1.830568159982101539e+00 1.057924825728386725e-02
9.678391959798995003e+02 1.830569819256343989e+00 1.057872937301027397e-02
9.728643216080401999e+02 1.830571452500276086e+00 1.057822064457132789e-02
9.778894472361808994e+02 1.830573060260446638e+00 1.057772177011244430e-02
9.829145728643217126e+02 1.830574643068920704e+00 1.057723245982776158e-02
9.879396984924624121e+02 1.830576201443749440e+00 1.057675243533582644e-02
9.929648241206031116e+02 1.830577735889419300e+00 1.057628142915985510e-02
9.979899497487438111e+02 1.830579246897287238e+00 1.057581918413416297e-02
1.003015075376884511e+03 1.830580734945997268e+00 1.057536545296768396e-02
1.008040201005025210e+03 1.830582200501880141e+00 1.057491999771273221e-02
1.013065326633165910e+03 1.830583644019341039e+00 1.057448258936992229e-02
1.018090452261306609e+03 1.830585065941229717e+00 1.057405300747184772e-02
1.023115577889447309e+03 1.830586466699198667e+00 1.057363103962450507e-02
1.028140703517588008e+03 1.830587846714046840e+00 1.057321648119547049e-02
1.033165829145728821e+03 1.830589206396051605e+00 1.057280913497038455e-02
1.038190954773869407e+03 1.830590546145288711e+00 1.057240881074622552e-02
1.043216080402009993e+03 1.830591866351939379e+00 1.057201532507139920e-02
1.048241206030150806e+03 1.830593167396588283e+00 1.057162850097517585e-02
1.053266331658291620e+03 1.830594449650509326e+00 1.057124816758144015e-02
1.058291457286432205e+03 1.830595713475941855e+00 1.057087415995332756e-02
1.063316582914572791e+03 1.830596959226357567e+00 1.057050631876970369e-02
1.068341708542713604e+03 1.830598187246716746e+00 1.057014449009602286e-02
1.073366834170854418e+03 1.830599397873717171e+00 1.056978852518657835e-02
1.078391959798995003e+03 1.830600591436033708e+00 1.056943828022363294e-02
1.083417085427135589e+03 1.830601768254549011e+00 1.056909361612995077e-02
1.088442211055276402e+03 1.830602928642578009e+00 1.056875439839174459e-02
1.093467336683417216e+03 1.830604072906082846e+00 1.056842049685002664e-02
1.098492462311557802e+03 1.830605201343881605e+00 1.056809178551286650e-02
1.103517587939698387e+03 1.830606314247850586e+00 1.056776814240959796e-02
1.108542713567839201e+03 1.830607411903118598e+00 1.056744944943444932e-02
1.113567839195980014e+03 1.830608494588255475e+00 1.056713559217958322e-02
1.118592964824120827e+03 1.830609562575454374e+00 1.056682645978910227e-02
1.123618090452261413e+03 1.830610616130707635e+00 1.056652194479196054e-02
1.128643216080401999e+03 1.830611655513977531e+00 1.056622194306090605e-02
1.133668341708542812e+03 1.830612680979361695e+00 1.056592635359275209e-02
1.138693467336683625e+03 1.830613692775251655e+00 1.056563507841467610e-02
1.143718592964824211e+03 1.830614691144488715e+00 1.056534802250098937e-02
1.148743718592964797e+03 1.830615676324512053e+00 1.056506509361629376e-02
1.153768844221105610e+03 1.830616648547504610e+00 1.056478620226368112e-02
1.158793969849246423e+03 1.830617608040533195e+00 1.056451126152781889e-02
1.163819095477387009e+03 1.830618555025683936e+00 1.056424018701255900e-02
1.168844221105527595e+03 1.830619489720194171e+00 1.056397289676800667e-02
1.173869346733668408e+03 1.830620412336580127e+00 1.056370931113349322e-02
1.178894472361809221e+03 1.830621323082760377e+00 1.056344935274865574e-02
1.183919597989949807e+03 1.830622222162175294e+00 1.056319294640684255e-02
1.188944723618090393e+03 1.830623109773903412e+00 1.056294001897155506e-02
1.193969849246231206e+03 1.830623986112774881e+00 1.056269049936643493e-02
1.198994974874372019e+03 1.830624851369478279e+00 1.056244431842857760e-02
1.204020100502512605e+03 1.830625705730669406e+00 1.056220140893001161e-02
1.209045226130653191e+03 1.830626549379072099e+00 1.056196170540994565e-02
1.214070351758794004e+03 1.830627382493578148e+00 1.056172514418568520e-02
1.219095477386934817e+03 1.830628205249344331e+00 1.056149166328995172e-02
1.224120603015075403e+03 1.830629017817885673e+00 1.056126120237664903e-02
1.229145728643215989e+03 1.830629820367167593e+00 1.056103370267917271e-02
1.234170854271356802e+03 1.830630613061693168e+00 1.056080910698971309e-02
1.239195979899497615e+03 1.830631396062588845e+00 1.056058735956497303e-02
1.244221105527638429e+03 1.830632169527688813e+00 1.056036840611595737e-02
1.249246231155779014e+03 1.830632933611614943e+00 1.056015219372417359e-02
1.254271356783919600e+03 1.830633688465856057e+00 1.055993867081035827e-02
1.259296482412060413e+03 1.830634434238843866e+00 1.055972778713476154e-02
1.264321608040201227e+03 1.830635171076026246e+00 1.055951949367122701e-02
1.269346733668341813e+03 1.830635899119941401e+00 1.055931374264950685e-02
1.274371859296482398e+03 1.830636618510285363e+00 1.055911048745034227e-02
1.279396984924623212e+03 1.830637329383982603e+00 1.055890968263724188e-02
1.284422110552764025e+03 1.830638031875249538e+00 1.055871128385155178e-02
1.289447236180904611e+03 1.830638726115661141e+00 1.055851524782317093e-02
1.294472361809045196e+03 1.830639412234211338e+00 1.055832153232869573e-02
1.299497487437186010e+03 1.830640090357375627e+00 1.055813009614954730e-02
1.304522613065326823e+03 1.830640760609168805e+00 1.055794089906163594e-02
1.309547738693467409e+03 1.830641423111203370e+00 1.055775390176193380e-02
1.314572864321607994e+03 1.830642077982744809e+00 1.055756906591069633e-02
1.319597989949748808e+03 1.830642725340765775e+00 1.055738635403698396e-02
1.324623115577889621e+03 1.830643365299999603e+00 1.055720572953882004e-02
1.329648241206030207e+03 1.830643997972992265e+00 1.055702715668332785e-02
1.334673366834170793e+03 1.830644623470150778e+00 1.055685060054378614e-02
1.339698492462311606e+03 1.830645241899793385e+00 1.055667602696821160e-02
1.344723618090452419e+03 1.830645853368196407e+00 1.055650340262154901e-02
1.349748743718593005e+03 1.830646457979640651e+00 1.055633269488064248e-02
1.354773869346733591e+03 1.830647055836456261e+00 1.055616387187640823e-02
1.359798994974874404e+03 1.830647647039066461e+00 1.055599690244137662e-02
1.364824120603015217e+03 1.830648231686030414e+00 1.055583175608876267e-02
1.369849246231156030e+03 1.830648809874084293e+00 1.055566840302309475e-02
1.374874371859296616e+03 1.830649381698182809e+00 1.055550681408772527e-02
1.379899497487437202e+03 1.830649947251537180e+00 1.055534696077545069e-02
1.384924623115578015e+03 1.830650506625653762e+00 1.055518881515498004e-02
1.389949748743718828e+03 1.830651059910372913e+00 1.055503234994465030e-02
1.394974874371859414e+03 1.830651607193903629e+00 1.055487753841785788e-02
1.400000000000000000e+03 1.830652148562860182e+00 1.055472435442417374e-02
