4.000000000000000000e+02 1.851449520317759223e+00 2.042926586689820107e-02
4.050251256281406995e+02 1.851566578237983984e+00 2.032769646898724414e-02
4.100502512562813990e+02 1.851685907975206380e+00 2.020070589437847342e-02
4.150753768844220986e+02 1.851809002857626618e+00 2.004155959274307730e-02
4.201005025125627981e+02 1.851937853872671846e+00 1.984076875481203053e-02
4.251256281407034976e+02 1.852075163474734332e+00 1.958471524328768767e-02
4.301507537688441971e+02 1.852224631649290965e+00 1.925354920300588121e-02
4.351758793969848966e+02 1.852391254076452443e+00 1.881821566676725871e-02
4.402010050251256530e+02 1.852581289391984409e+00 1.823742509541631182e-02
4.452261306532663525e+02 1.852800597485759315e+00 1.745989913839942828e-02
4.502512562814070520e+02 1.853047911569826844e+00 1.645158587668428193e-02
4.552763819095477515e+02 1.853300939667605229e+00 1.527934748329155129e-02
4.603015075376884511e+02 1.853516107331709906e+00 1.417261237211668579e-02
4.653266331658291506e+02 1.853667955088355468e+00 1.334053781340426535e-02
4.703517587939698501e+02 1.853767245381930051e+00 1.279049533299260813e-02
4.753768844221105496e+02 1.853834037960856662e+00 1.243387482238054315e-02
4.804020100502512491e+02 1.853882090972012842e+00 1.219509142880136413e-02
4.854271356783919487e+02 1.853919039417353032e+00 1.202799085862752554e-02
4.904522613065327050e+02 1.853949031792518909e+00 1.190609085636392707e-02
4.954773869346734045e+02 1.853974406305575418e+00 1.181394747302278239e-02
5.005025125628141041e+02 1.853996548752669726e+00 1.174220515869301568e-02
5.055276381909548036e+02 1.854016322334559597e+00 1.168495773818953656e-02
5.105527638190955031e+02 1.854034289591485196e+00 1.163832960837278552e-02
5.155778894472362026e+02 1.854050832093282253e+00 1.159968828693500043e-02
5.206030150753769021e+02 1.854066217936522154e+00 1.156719066081656616e-02
5.256281407035176017e+02 1.854080641433841325e+00 1.153951165453582714e-02
5.306532663316583012e+02 1.854094247352794378e+00 1.151567629149331112e-02
5.356783919597990007e+02 1.854107146229190706e+00 1.149495244244231121e-02
5.407035175879397002e+02 1.854119424338531275e+00 1.147678037259632078e-02
5.457286432160803997e+02 1.854131150366718384e+00 1.146072527500805772e-02
5.507537688442210992e+02 1.854142379981915667e+00 1.144644455532590858e-02
5.557788944723617988e+02 1.854153159036900256e+00 1.143366481736383770e-02
5.608040201005024983e+02 1.854163525856734385e+00 1.142216537123291221e-02
5.658291457286431978e+02 1.854173512902511201e+00 1.141176621598700980e-02
5.708542713567838973e+02 1.854183148001267822e+00 1.140231914874770963e-02
5.758793969849245968e+02 1.854192455268919071e+00 1.139370109502727511e-02
5.809045226130654100e+02 1.854201455812467092e+00 1.138580904151530182e-02
5.859296482412059959e+02 1.854210168271155146e+00 1.137855614124336397e-02
5.909547738693468091e+02 1.854218609238491577e+00 1.137186868767158139e-02
5.959798994974873949e+02 1.854226793595046274e+00 1.136568374043379036e-02
6.010050251256282081e+02 1.854234734773623883e+00 1.135994724533077004e-02
6.060301507537687939e+02 1.854242444972632020e+00 1.135461253292937255e-02
6.110552763819096072e+02 1.854249935329348675e+00 1.134963911008692733e-02
6.160804020100503067e+02 1.854257216061858449e+00 1.134499167993745748e-02
6.211055276381910062e+02 1.854264296586279004e+00 1.134063934181907610e-02
6.261306532663317057e+02 1.854271185614341233e+00 1.133655493373780798e-02
6.311557788944724052e+02 1.854277891235217579e+00 1.133271448875434323e-02
6.361809045226131047e+02 1.854284420984625648e+00 1.132909678300678298e-02
6.412060301507538043e+02 1.854290781903581653e+00 1.132568295793557125e-02
6.462311557788945038e+02 1.854296980588667987e+00 1.132245620278854795e-02
6.512562814070352033e+02 1.854303023235307712e+00 1.131940148673482409e-02
6.562814070351759028e+02 1.854308915675229041e+00 1.131650533154170829e-02
6.613065326633166023e+02 1.854314663409087238e+00 1.131375561816184115e-02
6.663316582914573019e+02 1.854320271635007567e+00 1.131114142121270386e-02
6.713567839195980014e+02 1.854325745273695203e+00 1.130865286697817738e-02
6.763819095477387009e+02 1.854331088990623044e+00 1.130628101103187295e-02
6.814070351758794004e+02 1.854336307215727953e+00 1.130401773244145772e-02
6.864321608040200999e+02 1.854341404160970042e+00 1.130185564205430163e-02
6.914572864321607994e+02 1.854346383836051437e+00 1.129978800259567352e-02
6.964824120603016127e+02 1.854351250062539425e+00 1.129780865901608075e-02
7.015075376884421985e+02 1.854356006486605590e+00 1.129591197748587052e-02
7.065326633165830117e+02 1.854360656590552159e+00 1.129409279182078812e-02
7.115577889447235975e+02 1.854365203703280063e+00 1.129234635641119394e-02
7.165829145728644107e+02 1.854369651009820874e+00 1.129066830457551261e-02
7.216080402010049966e+02 1.854374001560044505e+00 1.128905461178540508e-02
7.266331658291458098e+02 1.854378258276635938e+00 1.128750156311868376e-02
7.316582914572863956e+02 1.854382423962419812e+00 1.128600572420492172e-02
7.366834170854272088e+02 1.854386501307103474e+00 1.128456391546741808e-02
7.417085427135677946e+02 1.854390492893501996e+00 1.128317318904070200e-02
7.467336683417086078e+02 1.854394401203292020e+00 1.128183080822322756e-02
7.517587939698491937e+02 1.854398228622347267e+00 1.128053422898937265e-02
7.567839195979900069e+02 1.854401977445690353e+00 1.127928108343795137e-02
7.618090452261307064e+02 1.854405649882102436e+00 1.127806916490617373e-02
7.668341708542714059e+02 1.854409248058417781e+00 1.127689641449690534e-02
7.718592964824121054e+02 1.854412774023532773e+00 1.127576090903228793e-02
7.768844221105528050e+02 1.854416229752154699e+00 1.127466085007227184e-02
7.819095477386935045e+02 1.854419617148313382e+00 1.127359455399056486e-02
7.869346733668342040e+02 1.854422938048650771e+00 1.127256044299188714e-02
7.919597989949749035e+02 1.854426194225513802e+00 1.127155703696400453e-02
7.969849246231156030e+02 1.854429387389859851e+00 1.127058294605771949e-02
8.020100502512563025e+02 1.854432519193992102e+00 1.126963686391736601e-02
8.070351758793970021e+02 1.854435591234136593e+00 1.126871756147427434e-02
8.120603015075377016e+02 1.854438605052876277e+00 1.126782388140277341e-02
8.170854271356784011e+02 1.854441562141444733e+00 1.126695473288491164e-02
8.221105527638192143e+02 1.854444463941899990e+00 1.126610908697038733e-02
8.271356783919598001e+02 1.854447311849176661e+00 1.126528597218751961e-02
8.321608040201006133e+02 1.854450107213031718e+00 1.126448447061274664e-02
8.371859296482411992e+02 1.854452851339889241e+00 1.126370371428094506e-02
8.422110552763820124e+02 1.854455545494588575e+00 1.126294288171035898e-02
8.472361809045225982e+02 1.854458190902044112e+00 1.126220119493673635e-02
8.522613065326634114e+02 1.854460788748824696e+00 1.126147791659381711e-02
8.572864321608039972e+02 1.854463340184650200e+00 1.126077234731647121e-02
8.623115577889448105e+02 1.854465846323822165e+00 1.126008382333860622e-02
8.673366834170853963e+02 1.854468308246577379e+00 1.125941171419739262e-02
8.723618090452262095e+02 1.854470727000385288e+00 1.125875542070173957e-02
8.773869346733667953e+02 1.854473103601178563e+00 1.125811437298776183e-02
8.824120603015076085e+02 1.854475439034529938e+00 1.125748802875017190e-02
8.874371859296483080e+02 1.854477734256774646e+00 1.125687587161028173e-02
8.924623115577890076e+02 1.854479990196080230e+00 1.125627740948270325e-02
8.974874371859297071e+02 1.854482207753470169e+00 1.125569217329592218e-02
9.025125628140704066e+02 1.854484387803801981e+00 1.125511971551453397e-02
9.075376884422111061e+02 1.854486531196702259e+00 1.125455960900572858e-02
9.125628140703518056e+02 1.854488638757459729e+00 1.125401144584569496e-02
9.175879396984925052e+02 1.854490711287881899e+00 1.125347483624360156e-02
9.226130653266332047e+02 1.854492749567114185e+00 1.125294940752400927e-02
9.276381909547739042e+02 1.854494754352424390e+00 1.125243480322700267e-02
9.326633165829146037e+02 1.854496726379953886e+00 1.125193068217810420e-02
9.376884422110553032e+02 1.854498666365439474e+00 1.125143671771547740e-02
9.427135678391960028e+02 1.854500575004904173e+00 1.125095259690675129e-02
9.477386934673367023e+02 1.854502452975319127e+00 1.125047801980483438e-02
9.527638190954774018e+02 1.854504300935240435e+00 1.125001269879209558e-02
9.577889447236181013e+02 1.854506119525419550e+00 1.124955635796361791e-02
9.628140703517588008e+02 1.854507909369389695e+00 1.124910873250021918e-02
9.678391959798995003e+02 1.854509671074029198e+00 1.124866956812007289e-02
9.728643216080401999e+02 1.854511405230102383e+00 1.124823862055962520e-02
9.778894472361808994e+02 1.854513112412779385e+00 1.124781565507396684e-02
9.829145728643217126e+02 1.854514793182137522e+00 1.124740044599615955e-02
9.879396984924624121e+02 1.854516448083640912e+00 1.124699277625682003e-02
9.929648241206031116e+02 1.854518077648603214e+00 1.124659243698245686e-02
9.979899497487438111e+02 1.854519682394634827e+00 1.124619922715281058e-02
1.003015075376884511e+03 1.854521262826068329e+00 1.124581295314942483e-02
1.008040201005025210e+03 1.854522819434374581e+00 1.124543342850145566e-02
1.013065326633165910e+03 1.854524352698556644e+00 1.124506047349311914e-02
1.018090452261306609e+03 1.854525863085536352e+00 1.124469391485982336e-02
1.023115577889447309e+03 1.854527351050520023e+00 1.124433358555327299e-02
1.028140703517588008e+03 1.854528817037355948e+00 1.124397932437807592e-02
1.033165829145728821e+03 1.854530261478876119e+00 1.124363097580596653e-02
1.038190954773869407e+03 1.854531684797227742e+00 1.124328838969115493e-02
1.043216080402009993e+03 1.854533087404191205e+00 1.124295142102507347e-02
1.048241206030150806e+03 1.854534469701487831e+00 1.124261992975027040e-02
1.053266331658291620e+03 1.854535832081077640e+00 1.124229378052482402e-02
1.058291457286432205e+03 1.854537174925443566e+00 1.124197284250643206e-02
1.063316582914572791e+03 1.854538498607870123e+00 1.124165698922528940e-02
1.068341708542713604e+03 1.854539803492709860e+00 1.124134609831863203e-02
1.073366834170854418e+03 1.854541089935640263e+00 1.124104005143309465e-02
1.078391959798995003e+03 1.854542358283914005e+00 1.124073873399861895e-02
1.083417085427135589e+03 1.854543608876599192e+00 1.124044203514056040e-02
1.088442211055276402e+03 1.854544842044811181e+00 1.124014984747322143e-02
1.093467336683417216e+03 1.854546058111938622e+00 1.123986206700197839e-02
1.098492462311557802e+03 1.854547257393860393e+00 1.123957859294632752e-02
1.103517587939698387e+03 1.854548440199154546e+00 1.123929932766166463e-02
1.108542713567839201e+03 1.854549606829303032e+00 1.123902417648199939e-02
1.113567839195980014e+03 1.854550757578887987e+00 1.123875304763177242e-02
1.118592964824120827e+03 1.854551892735780028e+00 1.123848585206847599e-02
1.123618090452261413e+03 1.854553012581325655e+00 1.123822250344378056e-02
1.128643216080401999e+03 1.854554117390522006e+00 1.123796291795597924e-02
1.133668341708542812e+03 1.854555207432191377e+00 1.123770701427151582e-02
1.138693467336683625e+03 1.854556282969146652e+00 1.123745471343663878e-02
1.143718592964824211e+03 1.854557344258354057e+00 1.123720593873960005e-02
1.148743718592964797e+03 1.854558391551088814e+00 1.123696061574079239e-02
1.153768844221105610e+03 1.854559425093087244e+00 1.123671867207563096e-02
1.158793969849246423e+03 1.854560445124692869e+00 1.123648003743523208e-02
1.163819095477387009e+03 1.854561451880999634e+00 1.123624464347791792e-02
1.168844221105527595e+03 1.854562445591988906e+00 1.123601242379010552e-02
1.173869346733668408e+03 1.854563426482664035e+00 1.123578331376812178e-02
1.178894472361809221e+03 1.854564394773178249e+00 1.123555725058892826e-02
1.183919597989949807e+03 1.854565350678962776e+00 1.123533417314130124e-02
1.188944723618090393e+03 1.854566294410846083e+00 1.123511402197676506e-02
1.193969849246231206e+03 1.854567226175173111e+00 1.123489673923085130e-02
1.198994974874372019e+03 1.854568146173919851e+00 1.123468226857400089e-02
1.204020100502512605e+03 1.854569054604804812e+00 1.123447055518219870e-02
1.209045226130653191e+03 1.854569951661395599e+00 1.123426154565819977e-02
1.214070351758794004e+03 1.854570837533214833e+00 1.123405518801203103e-02
1.219095477386934817e+03 1.854571712405841399e+00 1.123385143159205679e-02
1.224120603015075403e+03 1.854572576461007705e+00 1.123365022703581156e-02
1.229145728643215989e+03 1.854573429876697599e+00 1.123345152627023245e-02
1.234170854271356802e+03 1.854574272827237191e+00 1.123325528242292287e-02
1.239195979899497615e+03 1.854575105483386332e+00 1.123306144980260914e-02
1.244221105527638429e+03 1.854575928012425434e+00 1.123286998386967966e-02
1.249246231155779014e+03 1.854576740578241401e+00 1.123268084118696220e-02
1.254271356783919600e+03 1.854577543341409562e+00 1.123249397937049407e-02
1.259296482412060413e+03 1.854578336459273835e+00 1.123230935711934386e-02
1.264321608040201227e+03 1.854579120086025767e+00 1.123212693410706280e-02
1.269346733668341813e+03 1.854579894372779147e+00 1.123194667098183566e-02
1.274371859296482398e+03 1.854580659467643944e+00 1.123176852935676290e-02
1.279396984924623212e+03 1.854581415515799137e+00 1.123159247174080819e-02
1.284422110552764025e+03 1.854582162659560440e+00 1.123141846154882863e-02
1.289447236180904611e+03 1.854582901038449805e+00 1.123124646306217049e-02
1.294472361809045196e+03 1.854583630789259585e+00 1.123107644136949607e-02
1.299497487437186010e+03 1.854584352046118267e+00 1.123090836240643771e-02
1.304522613065326823e+03 1.854585064940551087e+00 1.123074219289641774e-02
1.309547738693467409e+03 1.854585769601541978e+00 1.123057790031121821e-02
1.314572864321607994e+03 1.854586466155590641e+00 1.123041545285131601e-02
1.319597989949748808e+03 1.854587154726773157e+00 1.123025481948554047e-02
1.324623115577889621e+03 1.854587835436794174e+00 1.123009596985231028e-02
1.329648241206030207e+03 1.854588508405042857e+00 1.122993887426962378e-02
1.334673366834170793e+03 1.854589173748645958e+00 1.122978350374502846e-02
1.339698492462311606e+03 1.854589831582518666e+00 1.122962982988675272e-02
1.344723618090452419e+03 1.854590482019415010e+00 1.122947782496309423e-02
1.349748743718593005e+03 1.854591125169976484e+00 1.122932746184319465e-02
1.354773869346733591e+03 1.854591761142778905e+00 1.122917871397734364e-02
1.359798994974874404e+03 1.854592390044380146e+00 1.122903155540694656e-02
1.364824120603015217e+03 1.854593011979363437e+00 1.122888596072504214e-02
1.369849246231156030e+03 1.854593627050381999e+00 1.122874190505661687e-02
1.374874371859296616e+03 1.854594235358202114e+00 1.122859936406854324e-02
1.379899497487437202e+03 1.854594837001743990e+00 1.122845831395977156e-02
1.384924623115578015e+03 1.854595432078122386e+00 1.122831873139217874e-02
1.389949748743718828e+03 1.854596020682686808e+00 1.122818059354994957e-02
1.394974874371859414e+03 1.854596602909059255e+00 1.122804387808032031e-02
1.400000000000000000e+03 1.854597178849171746e+00 1.122790856309363247e-02
