4.000000000000000000e+02 1.831611275012434703e+00 1.849013342182620825e-02
4.050251256281406995e+02 1.831707838834248259e+00 1.843267855692009433e-02
4.100502512562813990e+02 1.831804608825016834e+00 1.836075134567628775e-02
4.150753768844220986e+02 1.831902333459612509e+00 1.827125518517739439e-02
4.201005025125627981e+02 1.832001968514673784e+00 1.815997340299137924e-02
4.251256281407034976e+02 1.832104764778651917e+00 1.802106553534136082e-02
4.301507537688441971e+02 1.832212397869384057e+00 1.784628467385826131e-02
4.351758793969848966e+02 1.832327158765475250e+00 1.762374668238378406e-02
4.402010050251256530e+02 1.832452220691566991e+00 1.733600426711063777e-02
4.452261306532663525e+02 1.832591954839958071e+00 1.695718929110120315e-02
4.502512562814070520e+02 1.832752059324619820e+00 1.644963002161235407e-02
4.552763819095477515e+02 1.832938486808765477e+00 1.576392975704695582e-02
4.603015075376884511e+02 1.833152088132534718e+00 1.485964363734091145e-02
4.653266331658291506e+02 1.833375529688092920e+00 1.378216550059510083e-02
4.703517587939698501e+02 1.833568847990371786e+00 1.274259795772959662e-02
4.753768844221105496e+02 1.833705106525336914e+00 1.195790633449782085e-02
4.804020100502512491e+02 1.833792874254058125e+00 1.144497093060903130e-02
4.854271356783919487e+02 1.833850975306239750e+00 1.111717191691099366e-02
4.904522613065327050e+02 1.833892280792442930e+00 1.090028858264454822e-02
4.954773869346734045e+02 1.833923794130073670e+00 1.074984501112879152e-02
5.005025125628141041e+02 1.833949250211803328e+00 1.064079583328105851e-02
5.055276381909548036e+02 1.833970723258425251e+00 1.055875243508849065e-02
5.105527638190955031e+02 1.833989428780317565e+00 1.049509815630279147e-02
5.155778894472362026e+02 1.834006117323975671e+00 1.044444103698679086e-02
5.206030150753769021e+02 1.834021274656863598e+00 1.040326708410231268e-02
5.256281407035176017e+02 1.834035228447069343e+00 1.036920235081481567e-02
5.306532663316583012e+02 1.834048207863926860e+00 1.034059196933537032e-02
5.356783919597990007e+02 1.834060378363886690e+00 1.031625042664660770e-02
5.407035175879397002e+02 1.834071862806616604e+00 1.029530799734540251e-02
5.457286432160803997e+02 1.834082754729019271e+00 1.027711319224246071e-02
5.507537688442210992e+02 1.834093126952627051e+00 1.026116896197909120e-02
5.557788944723617988e+02 1.834103037321322516e+00 1.024708987683562410e-02
5.608040201005024983e+02 1.834112532621704927e+00 1.023457270845506452e-02
5.658291457286431978e+02 1.834121651321753976e+00 1.022337579232508731e-02
5.708542713567838973e+02 1.834130425522623398e+00 1.021330427457175886e-02
5.758793969849245968e+02 1.834138882375111024e+00 1.020419938431703540e-02
5.809045226130654100e+02 1.834147045124767228e+00 1.019593051176184359e-02
5.859296482412059959e+02 1.834154933894776907e+00 1.018838927514479319e-02
5.909547738693468091e+02 1.834162566280649553e+00 1.018148501978858970e-02
5.959798994974873949e+02 1.834169957807820994e+00 1.017514136314906156e-02
6.010050251256282081e+02 1.834177122288011663e+00 1.016929351370269956e-02
6.060301507537687939e+02 1.834184072099863672e+00 1.016388616956996789e-02
6.110552763819096072e+02 1.834190818412264834e+00 1.015887185616328077e-02
6.160804020100503067e+02 1.834197371363823104e+00 1.015420959975306750e-02
6.211055276381910062e+02 1.834203740208435907e+00 1.014986386063260887e-02
6.261306532663317057e+02 1.834209933434398199e+00 1.014580366873125798e-02
6.311557788944724052e+02 1.834215958862668083e+00 1.014200191819779676e-02
6.361809045226131047e+02 1.834221823728570344e+00 1.013843478820355797e-02
6.412060301507538043e+02 1.834227534750241695e+00 1.013508126424052767e-02
6.462311557788945038e+02 1.834233098186372368e+00 1.013192274036540594e-02
6.512562814070352033e+02 1.834238519885249330e+00 1.012894268685609125e-02
6.562814070351759028e+02 1.834243805326675192e+00 1.012612637104665959e-02
6.613065326633166023e+02 1.834248959658021150e+00 1.012346062186320061e-02
6.663316582914573019e+02 1.834253987725414703e+00 1.012093363013845913e-02
6.713567839195980014e+02 1.834258894100864623e+00 1.011853477863204620e-02
6.763819095477387009e+02 1.834263683105984200e+00 1.011625449680117646e-02
6.814070351758794004e+02 1.834268358832835455e+00 1.011408413603463556e-02
6.864321608040200999e+02 1.834272925162339751e+00 1.011201586230906641e-02
6.914572864321607994e+02 1.834277385780605174e+00 1.011004256340400712e-02
6.964824120603016127e+02 1.834281744193475561e+00 1.010815776832285455e-02
7.015075376884421985e+02 1.834286003739543647e+00 1.010635557733394370e-02
7.065326633165830117e+02 1.834290167601838162e+00 1.010463060082756465e-02
7.115577889447235975e+02 1.834294238818359180e+00 1.010297790582468692e-02
7.165829145728644107e+02 1.834298220291604720e+00 1.010139296906592890e-02
7.216080402010049966e+02 1.834302114797220273e+00 1.009987163568113432e-02
7.266331658291458098e+02 1.834305924991870285e+00 1.009841008269954203e-02
7.316582914572863956e+02 1.834309653420426622e+00 1.009700478689919655e-02
7.366834170854272088e+02 1.834313302522551536e+00 1.009565249619472430e-02
7.417085427135677946e+02 1.834316874638739714e+00 1.009435020421113258e-02
7.467336683417086078e+02 1.834320372015881828e+00 1.009309512773353366e-02
7.517587939698491937e+02 1.834323796812394880e+00 1.009188468646835674e-02
7.567839195979900069e+02 1.834327151102969067e+00 1.009071648502322602e-02
7.618090452261307064e+02 1.834330436882963156e+00 1.008958829680279591e-02
7.668341708542714059e+02 1.834333656072488550e+00 1.008849804938492800e-02
7.718592964824121054e+02 1.834336810520206473e+00 1.008744381155699497e-02
7.768844221105528050e+02 1.834339902006868028e+00 1.008642378150941335e-02
7.819095477386935045e+02 1.834342932248618219e+00 1.008543627627716925e-02
7.869346733668342040e+02 1.834345902900085701e+00 1.008447972212355402e-02
7.919597989949749035e+02 1.834348815557274692e+00 1.008355264581306185e-02
7.969849246231156030e+02 1.834351671760279467e+00 1.008265366684126495e-02
8.020100502512563025e+02 1.834354472995831431e+00 1.008178149021587283e-02
8.070351758793970021e+02 1.834357220699694313e+00 1.008093489993332550e-02
8.120603015075377016e+02 1.834359916258919920e+00 1.008011275313010213e-02
8.170854271356784011e+02 1.834362561013973103e+00 1.007931397464541766e-02
8.221105527638192143e+02 1.834365156260737706e+00 1.007853755209528468e-02
8.271356783919598001e+02 1.834367703252409942e+00 1.007778253133749177e-02
8.321608040201006133e+02 1.834370203201290739e+00 1.007704801238329742e-02
8.371859296482411992e+02 1.834372657280479713e+00 1.007633314560213607e-02
8.422110552763820124e+02 1.834375066625479889e+00 1.007563712824190681e-02
8.472361809045225982e+02 1.834377432335721592e+00 1.007495920125424903e-02
8.522613065326634114e+02 1.834379755476004625e+00 1.007429864632603325e-02
8.572864321608039972e+02 1.834382037077870953e+00 1.007365478321659534e-02
8.623115577889448105e+02 1.834384278140906543e+00 1.007302696723570701e-02
8.673366834170853963e+02 1.834386479633981049e+00 1.007241458699481215e-02
8.723618090452262095e+02 1.834388642496427524e+00 1.007181706220030767e-02
8.773869346733667953e+02 1.834390767639162645e+00 1.007123384177566368e-02
8.824120603015076085e+02 1.834392855945760070e+00 1.007066440199291292e-02
8.874371859296483080e+02 1.834394908273467628e+00 1.007010824479004016e-02
8.924623115577890076e+02 1.834396925454180760e+00 1.006956489624136544e-02
8.974874371859297071e+02 1.834398908295372221e+00 1.006903390509285637e-02
9.025125628140704066e+02 1.834400857580977595e+00 1.006851484141760983e-02
9.075376884422111061e+02 1.834402774072242615e+00 1.006800729533647437e-02
9.125628140703518056e+02 1.834404658508534069e+00 1.006751087589213833e-02
9.175879396984925052e+02 1.834406511608113410e+00 1.006702520995546996e-02
9.226130653266332047e+02 1.834408334068878599e+00 1.006654994121931358e-02
9.276381909547739042e+02 1.834410126569073540e+00 1.006608472921365592e-02
9.326633165829146037e+02 1.834411889767967319e+00 1.006562924849661866e-02
9.376884422110553032e+02 1.834413624306505231e+00 1.006518318776767999e-02
9.427135678391960028e+02 1.834415330807932731e+00 1.006474624914579716e-02
9.477386934673367023e+02 1.834417009878393623e+00 1.006431814740294320e-02
9.527638190954774018e+02 1.834418662107504705e+00 1.006389860936265056e-02
9.577889447236181013e+02 1.834420288068905114e+00 1.006348737317681527e-02
9.628140703517588008e+02 1.834421888320785898e+00 1.006308418781172269e-02
9.678391959798995003e+02 1.834423463406397170e+00 1.006268881245650677e-02
9.728643216080401999e+02 1.834425013854535713e+00 1.006230101599749592e-02
9.778894472361808994e+02 1.834426540180013498e+00 1.006192057656949551e-02
9.829145728643217126e+02 1.834428042884107102e+00 1.006154728102956475e-02
9.879396984924624121e+02 1.834429522454992689e+00 1.006118092459606407e-02
9.929648241206031116e+02 1.834430979368159909e+00 1.006082131039919871e-02
9.979899497487438111e+02 1.834432414086813790e+00 1.006046824907548196e-02
1.003015075376884511e+03 1.834433827062260436e+00 1.006012155848340188e-02
1.008040201005025210e+03 1.834435218734277395e+00 1.005978106326440441e-02
1.013065326633165910e+03 1.834436589531471151e+00 1.005944659464649490e-02
1.018090452261306609e+03 1.834437939871621071e+00 1.005911798999387617e-02
1.023115577889447309e+03 1.834439270162011359e+00 1.005879509262128275e-02
1.028140703517588008e+03 1.834440580799750142e+00 1.005847775150887913e-02
1.033165829145728821e+03 1.834441872172077659e+00 1.005816582102806410e-02
1.038190954773869407e+03 1.834443144656662472e+00 1.005785916068923855e-02
1.043216080402009993e+03 1.834444398621888128e+00 1.005755763493360218e-02
1.048241206030150806e+03 1.834445634427129601e+00 1.005726111293591372e-02
1.053266331658291620e+03 1.834446852423019303e+00 1.005696946834091533e-02
1.058291457286432205e+03 1.834448052951704433e+00 1.005668257912109564e-02
1.063316582914572791e+03 1.834449236347093892e+00 1.005640032737917591e-02
1.068341708542713604e+03 1.834450402935100088e+00 1.005612259913949910e-02
1.073366834170854418e+03 1.834451553033868088e+00 1.005584928422764007e-02
1.078391959798995003e+03 1.834452686954000766e+00 1.005558027610581502e-02
1.083417085427135589e+03 1.834453804998773085e+00 1.005531547167509525e-02
1.088442211055276402e+03 1.834454907464341700e+00 1.005505477121005319e-02
1.093467336683417216e+03 1.834455994639946796e+00 1.005479807814982536e-02
1.098492462311557802e+03 1.834457066808104830e+00 1.005454529902162671e-02
1.103517587939698387e+03 1.834458124244799926e+00 1.005429634327586683e-02
1.108542713567839201e+03 1.834459167219663289e+00 1.005405112320957410e-02
1.113567839195980014e+03 1.834460195996151954e+00 1.005380955383456884e-02
1.118592964824120827e+03 1.834461210831716205e+00 1.005357155276766744e-02
1.123618090452261413e+03 1.834462211977967216e+00 1.005333704014294872e-02
1.128643216080401999e+03 1.834463199680835155e+00 1.005310593850189567e-02
1.133668341708542812e+03 1.834464174180723717e+00 1.005287817270559582e-02
1.138693467336683625e+03 1.834465135712660011e+00 1.005265366984690011e-02
1.143718592964824211e+03 1.834466084506439110e+00 1.005243235919569579e-02
1.148743718592964797e+03 1.834467020786764380e+00 1.005221417204475894e-02
1.153768844221105610e+03 1.834467944773382486e+00 1.005199904172122960e-02
1.158793969849246423e+03 1.834468856681216620e+00 1.005178690346554722e-02
1.163819095477387009e+03 1.834469756720492173e+00 1.005157769434348279e-02
1.168844221105527595e+03 1.834470645096860419e+00 1.005137135325757415e-02
1.173869346733668408e+03 1.834471522011519529e+00 1.005116782075970126e-02
1.178894472361809221e+03 1.834472387661329362e+00 1.005096703912875498e-02
1.183919597989949807e+03 1.834473242238923607e+00 1.005076895219422783e-02
1.188944723618090393e+03 1.834474085932820353e+00 1.005057350538071659e-02
1.193969849246231206e+03 1.834474918927526010e+00 1.005038064554250772e-02
1.198994974874372019e+03 1.834475741403639448e+00 1.005019032104120108e-02
1.204020100502512605e+03 1.834476553537950583e+00 1.005000248158026757e-02
1.209045226130653191e+03 1.834477355503536744e+00 1.004981707821635782e-02
1.214070351758794004e+03 1.834478147469856824e+00 1.004963406333744813e-02
1.219095477386934817e+03 1.834478929602842312e+00 1.004945339054155728e-02
1.224120603015075403e+03 1.834479702064984785e+00 1.004927501464801184e-02
1.229145728643215989e+03 1.834480465015422057e+00 1.004909889169766125e-02
1.234170854271356802e+03 1.834481218610021003e+00 1.004892497877631422e-02
1.239195979899497615e+03 1.834481963001459270e+00 1.004875323416960613e-02
1.244221105527638429e+03 1.834482698339301887e+00 1.004858361715326408e-02
1.249246231155779014e+03 1.834483424770078752e+00 1.004841608805957798e-02
1.254271356783919600e+03 1.834484142437358578e+00 1.004825060820022965e-02
1.259296482412060413e+03 1.834484851481820167e+00 1.004808713987749569e-02
1.264321608040201227e+03 1.834485552041322354e+00 1.004792564630706958e-02
1.269346733668341813e+03 1.834486244250971732e+00 1.004776609159611055e-02
1.274371859296482398e+03 1.834486928243189707e+00 1.004760844078757091e-02
1.279396984924623212e+03 1.834487604147774897e+00 1.004745265969460635e-02
1.284422110552764025e+03 1.834488272091966410e+00 1.004729871501119053e-02
1.289447236180904611e+03 1.834488932200504241e+00 1.004714657421279349e-02
1.294472361809045196e+03 1.834489584595688338e+00 1.004699620553440621e-02
1.299497487437186010e+03 1.834490229397435224e+00 1.004684757798169834e-02
1.304522613065326823e+03 1.834490866723335056e+00 1.004670066128693362e-02
1.309547738693467409e+03 1.834491496688704260e+00 1.004655542587591828e-02
1.314572864321607994e+03 1.834492119406638810e+00 1.004641184287915351e-02
1.319597989949748808e+03 1.834492734988065532e+00 1.004626988407667995e-02
1.324623115577889621e+03 1.834493343541792942e+00 1.004612952189817311e-02
1.329648241206030207e+03 1.834493945174558549e+00 1.004599072942302662e-02
1.334673366834170793e+03 1.834494539991075701e+00 1.004585348030308592e-02
1.339698492462311606e+03 1.834495128094081773e+00 1.004571774882903265e-02
1.344723618090452419e+03 1.834495709584380352e+00 1.004558350981995737e-02
1.349748743718593005e+03 1.834496284560886314e+00 1.004545073868973355e-02
1.354773869346733591e+03 1.834496853120668680e+00 1.004531941138079101e-02
1.359798994974874404e+03 1.834497415358990802e+00 1.004518950436418014e-02
1.364824120603015217e+03 1.834497971369350555e+00 1.004506099461753739e-02
1.369849246231156030e+03 1.834498521243520974e+00 1.004493385965830703e-02
1.374874371859296616e+03 1.834499065071587331e+00 1.004480807743328083e-02
1.379899497487437202e+03 1.834499602941983998e+00 1.004468362639602055e-02
1.384924623115578015e+03 1.834500134941531968e+00 1.004456048546271442e-02
1.389949748743718828e+03 1.834500661155473056e+00 1.004443863396801452e-02
1.394974874371859414e+03 1.834501181667504532e+00 1.004431805172036063e-02
1.400000000000000000e+03 1.834501696559813100e+00 1.004419871894676047e-02
