4.000000000000000000e+02 1.828497940024304880e+00 1.657913593833707649e-02
4.050251256281406995e+02 1.828582652058594826e+00 1.653364095473822126e-02
4.100502512562813990e+02 1.828667038290966440e+00 1.647726484045459322e-02
4.150753768844220986e+02 1.828751595643763439e+00 1.640802284709126299e-02
4.201005025125627981e+02 1.828836933627240091e+00 1.632329129951851088e-02
4.251256281407034976e+02 1.828923816217436604e+00 1.621955966998542623e-02
4.301507537688441971e+02 1.829013221151868596e+00 1.609206413306517314e-02
4.351758793969848966e+02 1.829106423574843543e+00 1.593424001939532791e-02
4.402010050251256530e+02 1.829205111175607357e+00 1.573690208739685070e-02
4.452261306532663525e+02 1.829311530839527578e+00 1.548704172409023916e-02
4.502512562814070520e+02 1.829428632269652244e+00 1.516619709255149703e-02
4.552763819095477515e+02 1.829560048779546699e+00 1.474881869283110533e-02
4.603015075376884511e+02 1.829709371312933097e+00 1.420298426139655380e-02
4.653266331658291506e+02 1.829877309130467644e+00 1.350170728642345955e-02
4.703517587939698501e+02 1.830055135239558428e+00 1.266117212151045453e-02
4.753768844221105496e+02 1.830219929943353030e+00 1.179325454144570205e-02
4.804020100502512491e+02 1.830348400302075795e+00 1.106101273742580299e-02
4.854271356783919487e+02 1.830437295772592288e+00 1.053544670949480705e-02
4.904522613065327050e+02 1.830497557679483522e+00 1.018220536539933725e-02
4.954773869346734045e+02 1.830540157404265011e+00 9.943752058843655789e-03
5.005025125628141041e+02 1.830572105448877496e+00 9.777491486447287966e-03
5.055276381909548036e+02 1.830597413977206100e+00 9.657118955521667991e-03
5.105527638190955031e+02 1.830618376995910346e+00 9.566880379834292319e-03
5.155778894472362026e+02 1.830636351929280092e+00 9.497167895101554444e-03
5.206030150753769021e+02 1.830652177295629013e+00 9.441927327004832199e-03
5.256281407035176017e+02 1.830666393529869485e+00 9.397207724344179558e-03
5.306532663316583012e+02 1.830679362800968768e+00 9.360343780816524420e-03
5.356783919597990007e+02 1.830691336449508544e+00 9.329482746902992632e-03
5.407035175879397002e+02 1.830702494417417281e+00 9.303301910497975558e-03
5.457286432160803997e+02 1.830712969152190617e+00 9.280834440436305441e-03
5.507537688442210992e+02 1.830722860588989365e+00 9.261358757280482162e-03
5.557788944723617988e+02 1.830732245827959348e+00 9.244326287841561976e-03
5.608040201005024983e+02 1.830741185557118289e+00 9.229313082597778717e-03
5.658291457286431978e+02 1.830749728420822064e+00 9.215986665780058484e-03
5.708542713567838973e+02 1.830757914057276281e+00 9.204082847718751681e-03
5.758793969849245968e+02 1.830765775253260008e+00 9.193389198756970679e-03
5.809045226130654100e+02 1.830773339500659791e+00 9.183733068503520044e-03
5.859296482412059959e+02 1.830780630139701604e+00 9.174972764841807932e-03
5.909547738693468091e+02 1.830787667211487113e+00 9.166990966351764095e-03
5.959798994974873949e+02 1.830794468102719286e+00 9.159689738869490269e-03
6.010050251256282081e+02 1.830801048039623735e+00 9.152986720016772007e-03
6.060301507537687939e+02 1.830807420470909497e+00 9.146812166100424038e-03
6.110552763819096072e+02 1.830813597368038170e+00 9.141106642906998009e-03
6.160804020100503067e+02 1.830819589463134500e+00 9.135819203258194882e-03
6.211055276381910062e+02 1.830825406439340997e+00 9.130905935859943284e-03
6.261306532663317057e+02 1.830831057084540081e+00 9.126328800791417076e-03
6.311557788944724052e+02 1.830836549416572145e+00 9.122054687416881330e-03
6.361809045226131047e+02 1.830841890786082615e+00 9.118054647505282467e-03
6.412060301507538043e+02 1.830847087961652964e+00 9.114303266149308136e-03
6.462311557788945038e+02 1.830852147200789704e+00 9.110778143074375196e-03
6.512562814070352033e+02 1.830857074309541144e+00 9.107459462059876512e-03
6.562814070351759028e+02 1.830861874692897073e+00 9.104329631943129317e-03
6.613065326633166023e+02 1.830866553397671570e+00 9.101372985300114002e-03
6.663316582914573019e+02 1.830871115149210304e+00 9.098575524713320775e-03
6.713567839195980014e+02 1.830875564382995702e+00 9.095924707852779886e-03
6.763819095477387009e+02 1.830879905272009278e+00 9.093409264802260195e-03
6.814070351758794004e+02 1.830884141750547922e+00 9.091019041957779795e-03
6.864321608040200999e+02 1.830888277535055675e+00 9.088744868368782426e-03
6.914572864321607994e+02 1.830892316142436194e+00 9.086578440627761377e-03
6.964824120603016127e+02 1.830896260906220263e+00 9.084512223462584690e-03
7.015075376884421985e+02 1.830900114990905880e+00 9.082539363703323251e-03
7.065326633165830117e+02 1.830903881404730926e+00 9.080653615413925711e-03
7.115577889447235975e+02 1.830907563011089811e+00 9.078849274601947031e-03
7.165829145728644107e+02 1.830911162538782166e+00 9.077121122166477082e-03
7.216080402010049966e+02 1.830914682591244347e+00 9.075464373883276870e-03
7.266331658291458098e+02 1.830918125654892314e+00 9.073874636305285374e-03
7.316582914572863956e+02 1.830921494106686254e+00 9.072347868002029331e-03
7.366834170854272088e+02 1.830924790221011955e+00 9.070880345251606733e-03
7.417085427135677946e+02 1.830928016175957573e+00 9.069468631638058498e-03
7.467336683417086078e+02 1.830931174059055255e+00 9.068109551065491394e-03
7.517587939698491937e+02 1.830934265872547151e+00 9.066800163685750577e-03
7.567839195979900069e+02 1.830937293538227761e+00 9.065537744540793849e-03
7.618090452261307064e+02 1.830940258901906592e+00 9.064319764376490424e-03
7.668341708542714059e+02 1.830943163737530188e+00 9.063143872438443605e-03
7.718592964824121054e+02 1.830946009750998416e+00 9.062007881181876126e-03
7.768844221105528050e+02 1.830948798583703407e+00 9.060909752336868822e-03
7.819095477386935045e+02 1.830951531815819378e+00 9.059847584516654909e-03
7.869346733668342040e+02 1.830954210969364393e+00 9.058819601919117920e-03
7.919597989949749035e+02 1.830956837511056978e+00 9.057824144222396956e-03
7.969849246231156030e+02 1.830959412854983981e+00 9.056859657370811001e-03
8.020100502512563025e+02 1.830961938365095909e+00 9.055924685216426920e-03
8.070351758793970021e+02 1.830964415357547059e+00 9.055017862005921778e-03
8.120603015075377016e+02 1.830966845102887985e+00 9.054137905407870501e-03
8.170854271356784011e+02 1.830969228828128736e+00 9.053283610388370567e-03
8.221105527638192143e+02 1.830971567718676418e+00 9.052453843359946350e-03
8.271356783919598001e+02 1.830973862920163509e+00 9.051647537070729374e-03
8.321608040201006133e+02 1.830976115540167592e+00 9.050863685744335585e-03
8.371859296482411992e+02 1.830978326649838284e+00 9.050101340826904525e-03
8.422110552763820124e+02 1.830980497285432440e+00 9.049359606888185414e-03
8.472361809045225982e+02 1.830982628449766558e+00 9.048637637983931309e-03
8.522613065326634114e+02 1.830984721113592562e+00 9.047934634345243532e-03
8.572864321608039972e+02 1.830986776216898315e+00 9.047249839149952913e-03
8.623115577889448105e+02 1.830988794670145969e+00 9.046582535805872821e-03
8.673366834170853963e+02 1.830990777355442356e+00 9.045932045230993881e-03
8.723618090452262095e+02 1.830992725127653209e+00 9.045297723437680307e-03
8.773869346733667953e+02 1.830994638815462316e+00 9.044678959323017298e-03
8.824120603015076085e+02 1.830996519222377383e+00 9.044075172567373963e-03
8.874371859296483080e+02 1.830998367127689264e+00 9.043485811715058428e-03
8.924623115577890076e+02 1.831000183287384342e+00 9.042910352437278504e-03
8.974874371859297071e+02 1.831001968435014282e+00 9.042348295793440488e-03
9.025125628140704066e+02 1.831003723282526474e+00 9.041799166834707177e-03
9.075376884422111061e+02 1.831005448521054291e+00 9.041262513046606497e-03
9.125628140703518056e+02 1.831007144821674482e+00 9.040737903121898525e-03
9.175879396984925052e+02 1.831008812836127042e+00 9.040224925658668989e-03
9.226130653266332047e+02 1.831010453197507326e+00 9.039723188115274602e-03
9.276381909547739042e+02 1.831012066520923742e+00 9.039232315653858429e-03
9.326633165829146037e+02 1.831013653404130803e+00 9.038751950154922873e-03
9.376884422110553032e+02 1.831015214428131532e+00 9.038281749353982084e-03
9.427135678391960028e+02 1.831016750157755890e+00 9.037821385879236252e-03
9.477386934673367023e+02 1.831018261142216330e+00 9.037370546534275600e-03
9.527638190954774018e+02 1.831019747915636708e+00 9.036928931469630222e-03
9.577889447236181013e+02 1.831021210997562765e+00 9.036496253488924060e-03
9.628140703517588008e+02 1.831022650893449288e+00 9.036072237428225545e-03
9.678391959798995003e+02 1.831024068095129964e+00 9.035656619448967364e-03
9.728643216080401999e+02 1.831025463081265015e+00 9.035249146539301932e-03
9.778894472361808994e+02 1.831026836317774409e+00 9.034849575879912512e-03
9.829145728643217126e+02 1.831028188258251532e+00 9.034457674418367584e-03
9.879396984924624121e+02 1.831029519344362200e+00 9.034073218320275156e-03
9.929648241206031116e+02 1.831030830006227239e+00 9.033695992493854035e-03
9.979899497487438111e+02 1.831032120662790197e+00 9.033325790237115363e-03
1.003015075376884511e+03 1.831033391722172610e+00 9.032962412774207459e-03
1.008040201005025210e+03 1.831034643582013066e+00 9.032605668902109891e-03
1.013065326633165910e+03 1.831035876629796277e+00 9.032255374600247841e-03
1.018090452261306609e+03 1.831037091243167048e+00 9.031911352725938841e-03
1.023115577889447309e+03 1.831038287790236474e+00 9.031573432685074607e-03
1.028140703517588008e+03 1.831039466629871937e+00 9.031241450114907768e-03
1.033165829145728821e+03 1.831040628111980872e+00 9.030915246603573102e-03
1.038190954773869407e+03 1.831041772577780558e+00 9.030594669421732751e-03
1.043216080402009993e+03 1.831042900360062564e+00 9.030279571290976762e-03
1.048241206030150806e+03 1.831044011783442782e+00 9.029969810090616653e-03
1.053266331658291620e+03 1.831045107164606112e+00 9.029665248699601798e-03
1.058291457286432205e+03 1.831046186812541166e+00 9.029365754703077077e-03
1.063316582914572791e+03 1.831047251028766087e+00 9.029071200234087616e-03
1.068341708542713604e+03 1.831048300107548377e+00 9.028781461765993110e-03
1.073366834170854418e+03 1.831049334336115386e+00 9.028496419953988689e-03
1.078391959798995003e+03 1.831050353994858160e+00 9.028215959378159405e-03
1.083417085427135589e+03 1.831051359357527941e+00 9.027939968507807389e-03
1.088442211055276402e+03 1.831052350691426911e+00 9.027668339395158656e-03
1.093467336683417216e+03 1.831053328257591595e+00 9.027400967664139450e-03
1.098492462311557802e+03 1.831054292310970055e+00 9.027137752265443696e-03
1.103517587939698387e+03 1.831055243100593755e+00 9.026878595379100520e-03
1.108542713567839201e+03 1.831056180869742978e+00 9.026623402280097366e-03
1.113567839195980014e+03 1.831057105856108702e+00 9.026372081253144358e-03
1.118592964824120827e+03 1.831058018291944700e+00 9.026124543384403398e-03
1.123618090452261413e+03 1.831058918404220748e+00 9.025880702574547165e-03
1.128643216080401999e+03 1.831059806414765623e+00 9.025640475293491768e-03
1.133668341708542812e+03 1.831060682540408102e+00 9.025403780581081961e-03
1.138693467336683625e+03 1.831061546993113520e+00 9.025170539949337739e-03
1.143718592964824211e+03 1.831062399980114330e+00 9.024940677198566713e-03
1.148743718592964797e+03 1.831063241704038003e+00 9.024714118430239226e-03
1.153768844221105610e+03 1.831064072363030037e+00 9.024490791899932376e-03
1.158793969849246423e+03 1.831064892150873868e+00 9.024270627980956333e-03
1.163819095477387009e+03 1.831065701257106104e+00 9.024053559054126539e-03
1.168844221105527595e+03 1.831066499867129105e+00 9.023839519434435213e-03
1.173869346733668408e+03 1.831067288162318896e+00 9.023628445322283073e-03
1.178894472361809221e+03 1.831068066320131305e+00 9.023420274730097057e-03
1.183919597989949807e+03 1.831068834514202770e+00 9.023214947396621111e-03
1.188944723618090393e+03 1.831069592914450705e+00 9.023012404762682098e-03
1.193969849246231206e+03 1.831070341687168535e+00 9.022812589885452830e-03
1.198994974874372019e+03 1.831071080995118727e+00 9.022615447364965707e-03
1.204020100502512605e+03 1.831071810997622729e+00 9.022420923356757119e-03
1.209045226130653191e+03 1.831072531850649554e+00 9.022228965436840040e-03
1.214070351758794004e+03 1.831073243706899278e+00 9.022039522589696270e-03
1.219095477386934817e+03 1.831073946715886747e+00 9.021852545208576546e-03
1.224120603015075403e+03 1.831074641024020178e+00 9.021667984960407213e-03
1.229145728643215989e+03 1.831075326774679768e+00 9.021485794798370442e-03
1.234170854271356802e+03 1.831076004108292299e+00 9.021305928888313785e-03
1.239195979899497615e+03 1.831076673162404855e+00 9.021128342633612240e-03
1.244221105527638429e+03 1.831077334071755436e+00 9.020952992527709810e-03
1.249246231155779014e+03 1.831077986968342231e+00 9.020779836228186993e-03
1.254271356783919600e+03 1.831078631981489568e+00 9.020608832458516455e-03
1.259296482412060413e+03 1.831079269237914753e+00 9.020439940946724938e-03
1.264321608040201227e+03 1.831079898861789346e+00 9.020273122487123402e-03
1.269346733668341813e+03 1.831080520974801784e+00 9.020108338817412266e-03
1.274371859296482398e+03 1.831081135696217110e+00 9.019945552631169691e-03
1.279396984924623212e+03 1.831081743142934037e+00 9.019784727541094518e-03
1.284422110552764025e+03 1.831082343429541792e+00 9.019625828054548405e-03
1.289447236180904611e+03 1.831082936668375405e+00 9.019468819536783158e-03
1.294472361809045196e+03 1.831083522969568111e+00 9.019313668174169796e-03
1.299497487437186010e+03 1.831084102441103978e+00 9.019160340998951322e-03
1.304522613065326823e+03 1.831084675188866973e+00 9.019008805803216053e-03
1.309547738693467409e+03 1.831085241316692036e+00 9.018859031139031188e-03
1.314572864321607994e+03 1.831085800926410823e+00 9.018710986318560774e-03
1.319597989949748808e+03 1.831086354117898773e+00 9.018564641340331284e-03
1.324623115577889621e+03 1.831086900989120858e+00 9.018419966938589702e-03
1.329648241206030207e+03 1.831087441636173763e+00 9.018276934484920418e-03
1.334673366834170793e+03 1.831087976153330743e+00 9.018135516049919850e-03
1.339698492462311606e+03 1.831088504633081593e+00 9.017995684304797727e-03
1.344723618090452419e+03 1.831089027166173722e+00 9.017857412570728232e-03
1.349748743718593005e+03 1.831089543841651457e+00 9.017720674720451288e-03
1.354773869346733591e+03 1.831090054746894902e+00 9.017585445276851686e-03
1.359798994974874404e+03 1.831090559967655684e+00 9.017451699302245563e-03
1.364824120603015217e+03 1.831091059588095593e+00 9.017319412398463671e-03
1.369849246231156030e+03 1.831091553690820106e+00 9.017188560706929437e-03
1.374874371859296616e+03 1.831092042356913474e+00 9.017059120908737027e-03
1.379899497487437202e+03 1.831092525665973580e+00 9.016931070187790206e-03
1.384924623115578015e+03 1.831093003696141919e+00 9.016804386206245595e-03
1.389949748743718828e+03 1.831093476524138453e+00 9.016679047129209923e-03
1.394974874371859414e+03 1.831093944225290704e+00 9.016555031563244088e-03
1.400000000000000000e+03 1.831094406873564617e+00 9.016432318617985733e-03
