4.000000000000000000e+02 1.821901496221279393e+00 1.460388253689492641e-02
4.050251256281406995e+02 1.821970313010234266e+00 1.458680406410070574e-02
4.100502512562813990e+02 1.822038299797644756e+00 1.456326307273590054e-02
4.150753768844220986e+02 1.822105785670496081e+00 1.453214995435900096e-02
4.201005025125627981e+02 1.822173175345804363e+00 1.449196562605034773e-02
4.251256281407034976e+02 1.822240981906131596e+00 1.444065639000047252e-02
4.301507537688441971e+02 1.822309876918597027e+00 1.437535645735760551e-02
4.351758793969848966e+02 1.822380769353018959e+00 1.429197370732313010e-02
4.402010050251256530e+02 1.822454933645652808e+00 1.418449939543481655e-02
4.452261306532663525e+02 1.822534223950531551e+00 1.404381281053845160e-02
4.502512562814070520e+02 1.822621442091219457e+00 1.385552810827842853e-02
4.552763819095477515e+02 1.822720974385641401e+00 1.359598612072233578e-02
4.603015075376884511e+02 1.822839829282969948e+00 1.322479038839243642e-02
4.653266331658291506e+02 1.822988755817729567e+00 1.267278226463577732e-02
4.703517587939698501e+02 1.823179543132107616e+00 1.183979497456061694e-02
4.753768844221105496e+02 1.823401417381025125e+00 1.070577046425524349e-02
4.804020100502512491e+02 1.823586842844642009e+00 9.620129980211004211e-03
4.854271356783919487e+02 1.823694412854470537e+00 8.941684159795310755e-03
4.904522613065327050e+02 1.823752741262946619e+00 8.577712785833462028e-03
4.954773869346734045e+02 1.823788433766465600e+00 8.371604726610913302e-03
5.005025125628141041e+02 1.823813317261881783e+00 8.243803148799805011e-03
5.055276381909548036e+02 1.823832429729057125e+00 8.158224288603308297e-03
5.105527638190955031e+02 1.823848122162585739e+00 8.097430515598766018e-03
5.155778894472362026e+02 1.823861606446421479e+00 8.052246128407426068e-03
5.206030150753769021e+02 1.823873562869897436e+00 8.017460703689404181e-03
5.256281407035176017e+02 1.823884401048028181e+00 7.989921982895234476e-03
5.306532663316583012e+02 1.823894382286455063e+00 7.967620929275788175e-03
5.356783919597990007e+02 1.823903681518181719e+00 7.949220822088414601e-03
5.407035175879397002e+02 1.823912420743217133e+00 7.933799750584611885e-03
5.457286432160803997e+02 1.823920688093495501e+00 7.920702327383188218e-03
5.507537688442210992e+02 1.823928549217379125e+00 7.909450435848817268e-03
5.557788944723617988e+02 1.823936054353105352e+00 7.899687425530078910e-03
5.608040201005024983e+02 1.823943242877285487e+00 7.891142051134841448e-03
5.658291457286431978e+02 1.823950146318876753e+00 7.883604488787401832e-03
5.708542713567838973e+02 1.823956790409857476e+00 7.876909975411589687e-03
5.758793969849245968e+02 1.823963196513674445e+00 7.870927395110343533e-03
5.809045226130654100e+02 1.823969382641427828e+00 7.865551155887596374e-03
5.859296482412059959e+02 1.823975364188638926e+00 7.860695303577925827e-03
5.909547738693468091e+02 1.823981154478724109e+00 7.856289187550394293e-03
5.959798994974873949e+02 1.823986765170256152e+00 7.852274221976469556e-03
6.010050251256282081e+02 1.823992206566606100e+00 7.848601433364134697e-03
6.060301507537687939e+02 1.823997487854541966e+00 7.845229581013166836e-03
6.110552763819096072e+02 1.824002617290382045e+00 7.842123700056552113e-03
6.160804020100503067e+02 1.824007602346926493e+00 7.839253960875361069e-03
6.211055276381910062e+02 1.824012449830701099e+00 7.836594767539475231e-03
6.261306532663317057e+02 1.824017165976466126e+00 7.834124038823659167e-03
6.311557788944724052e+02 1.824021756524141447e+00 7.831822630391017601e-03
6.361809045226131047e+02 1.824026226781985782e+00 7.829673866775545971e-03
6.412060301507538043e+02 1.824030581678941498e+00 7.827663159673901166e-03
6.462311557788945038e+02 1.824034825808350302e+00 7.825777694550868982e-03
6.512562814070352033e+02 1.824038963464754026e+00 7.824006171794706602e-03
6.562814070351759028e+02 1.824042998675098337e+00 7.822338591567551749e-03
6.613065326633166023e+02 1.824046935225377197e+00 7.820766074233917453e-03
6.663316582914573019e+02 1.824050776683537212e+00 7.819280709460979181e-03
6.713567839195980014e+02 1.824054526419291111e+00 7.817875428975509799e-03
6.763819095477387009e+02 1.824058187621358851e+00 7.816543898629110809e-03
6.814070351758794004e+02 1.824061763312560203e+00 7.815280426693440100e-03
6.864321608040200999e+02 1.824065256363091692e+00 7.814079885333252706e-03
6.914572864321607994e+02 1.824068669502273643e+00 7.812937643257359538e-03
6.964824120603016127e+02 1.824072005328987167e+00 7.811849507765290801e-03
7.015075376884421985e+02 1.824075266320995148e+00 7.810811674669773143e-03
7.065326633165830117e+02 1.824078454843300001e+00 7.809820684768080216e-03
7.115577889447235975e+02 1.824081573155667657e+00 7.808873386156003904e-03
7.165829145728644107e+02 1.824084623419430562e+00 7.807966901191316401e-03
7.216080402010049966e+02 1.824087607703657854e+00 7.807098597607125406e-03
7.266331658291458098e+02 1.824090527990771538e+00 7.806266063301748465e-03
7.316582914572863956e+02 1.824093386181676157e+00 7.805467083960159098e-03
7.366834170854272088e+02 1.824096184100458595e+00 7.804699623471045636e-03
7.417085427135677946e+02 1.824098923498701730e+00 7.803961806519323433e-03
7.467336683417086078e+02 1.824101606059461922e+00 7.803251903202250601e-03
7.517587939698491937e+02 1.824104233400938746e+00 7.802568315331613429e-03
7.567839195979900069e+02 1.824106807079873827e+00 7.801909564325632332e-03
7.618090452261307064e+02 1.824109328594701651e+00 7.801274280209538267e-03
7.668341708542714059e+02 1.824111799388479893e+00 7.800661192082822271e-03
7.718592964824121054e+02 1.824114220851619006e+00 7.800069119258225443e-03
7.768844221105528050e+02 1.824116594324427965e+00 7.799496963529438040e-03
7.819095477386935045e+02 1.824118921099495472e+00 7.798943702170449410e-03
7.869346733668342040e+02 1.824121202423917509e+00 7.798408381568058996e-03
7.919597989949749035e+02 1.824123439501388555e+00 7.797890111573970578e-03
7.969849246231156030e+02 1.824125633494163345e+00 7.797388060306853844e-03
8.020100502512563025e+02 1.824127785524902956e+00 7.796901449519004663e-03
8.070351758793970021e+02 1.824129896678412521e+00 7.796429550343159619e-03
8.120603015075377016e+02 1.824131968003278814e+00 7.795971679519679738e-03
8.170854271356784011e+02 1.824134000513417453e+00 7.795527195805554074e-03
8.221105527638192143e+02 1.824135995189533510e+00 7.795095496907394721e-03
8.271356783919598001e+02 1.824137952980501964e+00 7.794676016497320385e-03
8.321608040201006133e+02 1.824139874804678207e+00 7.794268221682318365e-03
8.371859296482411992e+02 1.824141761551135277e+00 7.793871610443117021e-03
8.422110552763820124e+02 1.824143614080841136e+00 7.793485709569786778e-03
8.472361809045225982e+02 1.824145433227773561e+00 7.793110072524553865e-03
8.522613065326634114e+02 1.824147219799981290e+00 7.792744277673559379e-03
8.572864321608039972e+02 1.824148974580590332e+00 7.792387926503115993e-03
8.623115577889448105e+02 1.824150698328763864e+00 7.792040642119770627e-03
8.673366834170853963e+02 1.824152391780615945e+00 7.791702067777856421e-03
8.723618090452262095e+02 1.824154055650078821e+00 7.791371865520113973e-03
8.773869346733667953e+02 1.824155690629733817e+00 7.791049715016983533e-03
8.824120603015076085e+02 1.824157297391600707e+00 7.790735312362426744e-03
8.874371859296483080e+02 1.824158876587893552e+00 7.790428369097078705e-03
8.924623115577890076e+02 1.824160428851740345e+00 7.790128611216566405e-03
8.974874371859297071e+02 1.824161954797871132e+00 7.789835778207786568e-03
9.025125628140704066e+02 1.824163455023276592e+00 7.789549622355476828e-03
9.075376884422111061e+02 1.824164930107837757e+00 7.789269907820329034e-03
9.125628140703518056e+02 1.824166380614926419e+00 7.788996410030247890e-03
9.175879396984925052e+02 1.824167807091984006e+00 7.788728914999994146e-03
9.226130653266332047e+02 1.824169210071070912e+00 7.788467218650502524e-03
9.276381909547739042e+02 1.824170590069396747e+00 7.788211126313195759e-03
9.326633165829146037e+02 1.824171947589826370e+00 7.787960452134257139e-03
9.376884422110553032e+02 1.824173283121367062e+00 7.787715018621199810e-03
9.427135678391960028e+02 1.824174597139633036e+00 7.787474656146453969e-03
9.477386934673367023e+02 1.824175890107293529e+00 7.787239202479243928e-03
9.527638190954774018e+02 1.824177162474501568e+00 7.787008502488371869e-03
9.577889447236181013e+02 1.824178414679306748e+00 7.786782407616713725e-03
9.628140703517588008e+02 1.824179647148051142e+00 7.786560775683469375e-03
9.678391959798995003e+02 1.824180860295748552e+00 7.786343470401127162e-03
9.728643216080401999e+02 1.824182054526451546e+00 7.786130361148930687e-03
9.778894472361808994e+02 1.824183230233602293e+00 7.785921322660674555e-03
9.829145728643217126e+02 1.824184387800370732e+00 7.785716234755169114e-03
9.879396984924624121e+02 1.824185527599980761e+00 7.785514982095123430e-03
9.929648241206031116e+02 1.824186649996020870e+00 7.785317453846105594e-03
9.979899497487438111e+02 1.824187755342747685e+00 7.785123543592098981e-03
1.003015075376884511e+03 1.824188843985375286e+00 7.784933149051341539e-03
1.008040201005025210e+03 1.824189916260354982e+00 7.784746171849129051e-03
1.013065326633165910e+03 1.824190972495642660e+00 7.784562517361842682e-03
1.018090452261306609e+03 1.824192013010960789e+00 7.784382094532409091e-03
1.023115577889447309e+03 1.824193038118046672e+00 7.784204815699949723e-03
1.028140703517588008e+03 1.824194048120893141e+00 7.784030596443645283e-03
1.033165829145728821e+03 1.824195043315982145e+00 7.783859355440806739e-03
1.038190954773869407e+03 1.824196023992508797e+00 7.783691014282116856e-03
1.043216080402009993e+03 1.824196990432595644e+00 7.783525497400922873e-03
1.048241206030150806e+03 1.824197942911503834e+00 7.783362731874130143e-03
1.053266331658291620e+03 1.824198881697832952e+00 7.783202647394214108e-03
1.058291457286432205e+03 1.824199807053715761e+00 7.783045176041503144e-03
1.063316582914572791e+03 1.824200719235006929e+00 7.782890252298923714e-03
1.068341708542713604e+03 1.824201618491461785e+00 7.782737812838479326e-03
1.073366834170854418e+03 1.824202505066914615e+00 7.782587796521675538e-03
1.078391959798995003e+03 1.824203379199444974e+00 7.782440144200205440e-03
1.083417085427135589e+03 1.824204241121543335e+00 7.782294798773389810e-03
1.088442211055276402e+03 1.824205091060268291e+00 7.782151704931745961e-03
1.093467336683417216e+03 1.824205929237398660e+00 7.782010809242920733e-03
1.098492462311557802e+03 1.824206755869582919e+00 7.781872059966543458e-03
1.103517587939698387e+03 1.824207571168480202e+00 7.781735407011726099e-03
1.108542713567839201e+03 1.824208375340899746e+00 7.781600801908810684e-03
1.113567839195980014e+03 1.824209168588934560e+00 7.781468197709766679e-03
1.118592964824120827e+03 1.824209951110089989e+00 7.781337548931376198e-03
1.123618090452261413e+03 1.824210723097409614e+00 7.781208811455598423e-03
1.128643216080401999e+03 1.824211484739596045e+00 7.781081942572596818e-03
1.133668341708542812e+03 1.824212236221128824e+00 7.780956900881081002e-03
1.138693467336683625e+03 1.824212977722377449e+00 7.780833646160092466e-03
1.143718592964824211e+03 1.824213709419711948e+00 7.780712139469079039e-03
1.148743718592964797e+03 1.824214431485608801e+00 7.780592342976850283e-03
1.153768844221105610e+03 1.824215144088754403e+00 7.780474219976019935e-03
1.158793969849246423e+03 1.824215847394146328e+00 7.780357734826096570e-03
1.163819095477387009e+03 1.824216541563187688e+00 7.780242852939363817e-03
1.168844221105527595e+03 1.824217226753784171e+00 7.780129540709688173e-03
1.173869346733668408e+03 1.824217903120432416e+00 7.780017765484118115e-03
1.178894472361809221e+03 1.824218570814310159e+00 7.779907495548743501e-03
1.183919597989949807e+03 1.824219229983360835e+00 7.779798700043209260e-03
1.188944723618090393e+03 1.824219880772377511e+00 7.779691349003640261e-03
1.193969849246231206e+03 1.824220523323082821e+00 7.779585413305681665e-03
1.198994974874372019e+03 1.824221157774206903e+00 7.779480864564708963e-03
1.204020100502512605e+03 1.824221784261563784e+00 7.779377675221558000e-03
1.209045226130653191e+03 1.824222402918125097e+00 7.779275818442729813e-03
1.214070351758794004e+03 1.824223013874090027e+00 7.779175268106212730e-03
1.219095477386934817e+03 1.824223617256957031e+00 7.779075998801572578e-03
1.224120603015075403e+03 1.824224213191589561e+00 7.778977985787224707e-03
1.229145728643215989e+03 1.824224801800280682e+00 7.778881204947701682e-03
1.234170854271356802e+03 1.824225383202817907e+00 7.778785632808002913e-03
1.239195979899497615e+03 1.824225957516545371e+00 7.778691246533670119e-03
1.244221105527638429e+03 1.824226524856420895e+00 7.778598023830954854e-03
1.249246231155779014e+03 1.824227085335077714e+00 7.778505942989699141e-03
1.254271356783919600e+03 1.824227639062877104e+00 7.778414982840591019e-03
1.259296482412060413e+03 1.824228186147966779e+00 7.778325122740946743e-03
1.264321608040201227e+03 1.824228726696331959e+00 7.778236342617594890e-03
1.269346733668341813e+03 1.824229260811847997e+00 7.778148622824199686e-03
1.274371859296482398e+03 1.824229788596330559e+00 7.778061944212683911e-03
1.279396984924623212e+03 1.824230310149584700e+00 7.777976288161826679e-03
1.284422110552764025e+03 1.824230825569452819e+00 7.777891636406033225e-03
1.289447236180904611e+03 1.824231334951859962e+00 7.777807971206665734e-03
1.294472361809045196e+03 1.824231838390859561e+00 7.777725275209350191e-03
1.299497487437186010e+03 1.824232335978677177e+00 7.777643531458296525e-03
1.304522613065326823e+03 1.824232827805753132e+00 7.777562723439164494e-03
1.309547738693467409e+03 1.824233313960783809e+00 7.777482834993454212e-03
1.314572864321607994e+03 1.824233794530761843e+00 7.777403850361372904e-03
1.319597989949748808e+03 1.824234269601014979e+00 7.777325754124771173e-03
1.324623115577889621e+03 1.824234739255245819e+00 7.777248531235728644e-03
1.329648241206030207e+03 1.824235203575566899e+00 7.777172166988042049e-03
1.334673366834170793e+03 1.824235662642538225e+00 7.777096647017252978e-03
1.339698492462311606e+03 1.824236116535201901e+00 7.777021957257856596e-03
1.344723618090452419e+03 1.824236565331117221e+00 7.776948084014713262e-03
1.349748743718593005e+03 1.824237009106391749e+00 7.776875013834589657e-03
1.354773869346733591e+03 1.824237447935717293e+00 7.776802733591848919e-03
1.359798994974874404e+03 1.824237881892398327e+00 7.776731230459920513e-03
1.364824120603015217e+03 1.824238311048384853e+00 7.776660491868503736e-03
1.369849246231156030e+03 1.824238735474301487e+00 7.776590505546415386e-03
1.374874371859296616e+03 1.824239155239476995e+00 7.776521259464513891e-03
1.379899497487437202e+03 1.824239570411972489e+00 7.776452741892827224e-03
1.384924623115578015e+03 1.824239981058610294e+00 7.776384941300638030e-03
1.389949748743718828e+03 1.824240387244998818e+00 7.776317846442165962e-03
1.394974874371859414e+03 1.824240789035560972e+00 7.776251446270926980e-03
1.400000000000000000e+03 1.824241186493559486e+00 7.776185730011140641e-03
