4.000000000000000000e+02 1.821543294126900081e+00 1.309725756497285599e-02
4.050251256281406995e+02 1.821607099893780335e+00 1.307308481076171688e-02
4.100502512562813990e+02 1.821670340024253543e+00 1.304206765914600608e-02
4.150753768844220986e+02 1.821733338233064714e+00 1.300302991566528767e-02
4.201005025125627981e+02 1.821796489519477591e+00 1.295440904241024725e-02
4.251256281407034976e+02 1.821860288367023850e+00 1.289410324786539712e-02
4.301507537688441971e+02 1.821925370200652594e+00 1.281924073729458734e-02
4.351758793969848966e+02 1.821992573361894241e+00 1.272582350505460126e-02
4.402010050251256530e+02 1.822063032989484688e+00 1.260816492743352044e-02
4.452261306532663525e+02 1.822138323732714005e+00 1.245798461193538785e-02
4.502512562814070520e+02 1.822220671983154405e+00 1.226294017871495771e-02
4.552763819095477515e+02 1.822313242151487156e+00 1.200430595499339149e-02
4.603015075376884511e+02 1.822420384312879893e+00 1.165377485415417490e-02
4.653266331658291506e+02 1.822547199579933830e+00 1.117161481735005554e-02
4.703517587939698501e+02 1.822696027355639403e+00 1.051877398148007813e-02
4.753768844221105496e+02 1.822855734541281914e+00 9.717637469439811132e-03
4.804020100502512491e+02 1.822994835720239015e+00 8.935337182331607939e-03
4.854271356783919487e+02 1.823090594880483417e+00 8.356307308180007873e-03
4.904522613065327050e+02 1.823150267673974589e+00 7.990165448942631796e-03
4.954773869346734045e+02 1.823188853146535227e+00 7.762404561020943769e-03
5.005025125628141041e+02 1.823215940950881020e+00 7.614341594705378857e-03
5.055276381909548036e+02 1.823236488840619396e+00 7.512767136351135300e-03
5.105527638190955031e+02 1.823253053364816134e+00 7.439662456286343442e-03
5.155778894472362026e+02 1.823267023926389507e+00 7.384921764605251529e-03
5.206030150753769021e+02 1.823279203187424535e+00 7.342589298733021019e-03
5.256281407035176017e+02 1.823290081973412580e+00 7.308979100934133617e-03
5.306532663316583012e+02 1.823299975789637095e+00 7.281707838145451590e-03
5.356783919597990007e+02 1.823309096407033536e+00 7.259174692177557640e-03
5.407035175879397002e+02 1.823317591398612603e+00 7.240268595971700166e-03
5.457286432160803997e+02 1.823325567020106064e+00 7.224196273583938059e-03
5.507537688442210992e+02 1.823333102010486817e+00 7.210377287779377170e-03
5.557788944723617988e+02 1.823340256224361244e+00 7.198377760483913416e-03
5.608040201005024983e+02 1.823347076207711304e+00 7.187867228894731855e-03
5.658291457286431978e+02 1.823353598903067141e+00 7.178589795746173792e-03
5.708542713567838973e+02 1.823359854174653183e+00 7.170344369990263624e-03
5.758793969849245968e+02 1.823365866568672056e+00 7.162970840485252851e-03
5.809045226130654100e+02 1.823371656565615506e+00 7.156340212980889619e-03
5.859296482412059959e+02 1.823377241487746270e+00 7.150347451361640377e-03
5.909547738693468091e+02 1.823382636167806714e+00 7.144906199152228909e-03
5.959798994974873949e+02 1.823387853449394802e+00 7.139944831661943804e-03
6.010050251256282081e+02 1.823392904566690120e+00 7.135403464380100577e-03
6.060301507537687939e+02 1.823397799436399680e+00 7.131231658743260489e-03
6.110552763819096072e+02 1.823402546884942854e+00 7.127386643583920843e-03
6.160804020100503067e+02 1.823407154827241694e+00 7.123831922015261622e-03
6.211055276381910062e+02 1.823411630408914519e+00 7.120536170149186633e-03
6.261306532663317057e+02 1.823415980120487001e+00 7.117472358855347903e-03
6.311557788944724052e+02 1.823420209889984323e+00 7.114617047912593327e-03
6.361809045226131047e+02 1.823424325158659265e+00 7.111949814158081452e-03
6.412060301507538043e+02 1.823428330943440923e+00 7.109452785103185200e-03
6.462311557788945038e+02 1.823432231888845845e+00 7.107110256271432711e-03
6.512562814070352033e+02 1.823436032310446819e+00 7.104908374722156139e-03
6.562814070351759028e+02 1.823439736231535768e+00 7.102834876526993059e-03
6.613065326633166023e+02 1.823443347414255733e+00 7.100878867145559922e-03
6.663316582914573019e+02 1.823446869386206259e+00 7.099030637278178242e-03
6.713567839195980014e+02 1.823450305463320653e+00 7.097281507350560424e-03
6.763819095477387009e+02 1.823453658769652819e+00 7.095623695800535799e-03
6.814070351758794004e+02 1.823456932254587937e+00 7.094050206910744796e-03
6.864321608040200999e+02 1.823460128707888428e+00 7.092554734967145350e-03
6.914572864321607994e+02 1.823463250772919375e+00 7.091131582018458251e-03
6.964824120603016127e+02 1.823466300958325625e+00 7.089775587058716293e-03
7.015075376884421985e+02 1.823469281648389728e+00 7.088482064818136218e-03
7.065326633165830117e+02 1.823472195112262773e+00 7.087246752666412006e-03
7.115577889447235975e+02 1.823475043512219784e+00 7.086065764500654521e-03
7.165829145728644107e+02 1.823477828911076459e+00 7.084935550343068530e-03
7.216080402010049966e+02 1.823480553278874927e+00 7.083852861214515358e-03
7.266331658291458098e+02 1.823483218498932246e+00 7.082814718047268122e-03
7.316582914572863956e+02 1.823485826373329788e+00 7.081818384603622528e-03
7.366834170854272088e+02 1.823488378627914575e+00 7.080861343345978311e-03
7.417085427135677946e+02 1.823490876916863401e+00 7.079941274236324807e-03
7.467336683417086078e+02 1.823493322826866825e+00 7.079056035877200753e-03
7.517587939698491937e+02 1.823495717880969202e+00 7.078203648828156058e-03
7.567839195979900069e+02 1.823498063542105863e+00 7.077382280616978556e-03
7.618090452261307064e+02 1.823500361216365828e+00 7.076590232497274695e-03
7.668341708542714059e+02 1.823502612256012290e+00 7.075825927626930127e-03
7.718592964824121054e+02 1.823504817962280145e+00 7.075087900231355476e-03
7.768844221105528050e+02 1.823506979587976806e+00 7.074374786240641630e-03
7.819095477386935045e+02 1.823509098339899159e+00 7.073685314540025665e-03
7.869346733668342040e+02 1.823511175381091753e+00 7.073018299306344826e-03
7.919597989949749035e+02 1.823513211832952230e+00 7.072372633008521849e-03
7.969849246231156030e+02 1.823515208777200192e+00 7.071747280026388117e-03
8.020100502512563025e+02 1.823517167257725502e+00 7.071141271030405989e-03
8.070351758793970021e+02 1.823519088282319123e+00 7.070553697683803346e-03
8.120603015075377016e+02 1.823520972824299591e+00 7.069983708044836473e-03
8.170854271356784011e+02 1.823522821824044460e+00 7.069430502198987068e-03
8.221105527638192143e+02 1.823524636190430703e+00 7.068893328388674464e-03
8.271356783919598001e+02 1.823526416802195627e+00 7.068371479436988750e-03
8.321608040201006133e+02 1.823528164509218508e+00 7.067864289528776045e-03
8.371859296482411992e+02 1.823529880133733405e+00 7.067371131208189522e-03
8.422110552763820124e+02 1.823531564471476685e+00 7.066891412718765905e-03
8.472361809045225982e+02 1.823533218292772373e+00 7.066424575419328474e-03
8.522613065326634114e+02 1.823534842343561335e+00 7.065970091558801749e-03
8.572864321608039972e+02 1.823536437346377825e+00 7.065527462158843579e-03
8.623115577889448105e+02 1.823538004001274970e+00 7.065096215083105716e-03
8.673366834170853963e+02 1.823539542986705619e+00 7.064675903246171729e-03
8.723618090452262095e+02 1.823541054960359675e+00 7.064266102978090933e-03
8.773869346733667953e+02 1.823542540559958791e+00 7.063866412513239088e-03
8.824120603015076085e+02 1.823544000404015986e+00 7.063476450603661978e-03
8.874371859296483080e+02 1.823545435092555955e+00 7.063095855194152610e-03
8.924623115577890076e+02 1.823546845207804745e+00 7.062724282237771607e-03
8.974874371859297071e+02 1.823548231314845447e+00 7.062361404604762527e-03
9.025125628140704066e+02 1.823549593962245252e+00 7.062006911053519097e-03
9.075376884422111061e+02 1.823550933682652753e+00 7.061660505216514443e-03
9.125628140703518056e+02 1.823552250993370372e+00 7.061321904805643347e-03
9.175879396984925052e+02 1.823553546396901259e+00 7.060990840706903027e-03
9.226130653266332047e+02 1.823554820381469987e+00 7.060667056278892642e-03
9.276381909547739042e+02 1.823556073421524149e+00 7.060350306572199877e-03
9.326633165829146037e+02 1.823557305978212639e+00 7.060040357752719008e-03
9.376884422110553032e+02 1.823558518499843295e+00 7.059736986367316433e-03
9.427135678391960028e+02 1.823559711422322760e+00 7.059439978876419844e-03
9.477386934673367023e+02 1.823560885169576817e+00 7.059149131029013834e-03
9.527638190954774018e+02 1.823562040153954289e+00 7.058864247378832460e-03
9.577889447236181013e+02 1.823563176776614059e+00 7.058585140847456127e-03
9.628140703517588008e+02 1.823564295427897219e+00 7.058311632239941229e-03
9.678391959798995003e+02 1.823565396487681678e+00 7.058043549823124485e-03
9.728643216080401999e+02 1.823566480325727657e+00 7.057780729013794253e-03
9.778894472361808994e+02 1.823567547302003655e+00 7.057523011893639293e-03
9.829145728643217126e+02 1.823568597767004418e+00 7.057270246944207306e-03
9.879396984924624121e+02 1.823569632062054247e+00 7.057022288718780255e-03
9.929648241206031116e+02 1.823570650519598990e+00 7.056778997514081414e-03
9.979899497487438111e+02 1.823571653463487596e+00 7.056540239120489937e-03
1.003015075376884511e+03 1.823572641209242118e+00 7.056305884524923487e-03
1.008040201005025210e+03 1.823573614064317505e+00 7.056075809645049983e-03
1.013065326633165910e+03 1.823574572328353183e+00 7.055849895142051950e-03
1.018090452261306609e+03 1.823575516293413301e+00 7.055628026154618822e-03
1.023115577889447309e+03 1.823576446244219884e+00 7.055410092095763114e-03
1.028140703517588008e+03 1.823577362458375983e+00 7.055195986481020351e-03
1.033165829145728821e+03 1.823578265206582394e+00 7.054985606677882139e-03
1.038190954773869407e+03 1.823579154752844378e+00 7.054778853796771394e-03
1.043216080402009993e+03 1.823580031354673059e+00 7.054575632487522854e-03
1.048241206030150806e+03 1.823580895263279489e+00 7.054375850783009896e-03
1.053266331658291620e+03 1.823581746723758945e+00 7.054179419926959356e-03
1.058291457286432205e+03 1.823582585975273895e+00 7.053986254311879651e-03
1.063316582914572791e+03 1.823583413251224972e+00 7.053796271228070583e-03
1.068341708542713604e+03 1.823584228779421057e+00 7.053609390801436965e-03
1.073366834170854418e+03 1.823585032782240045e+00 7.053425535915530155e-03
1.078391959798995003e+03 1.823585825476784938e+00 7.053244631976135666e-03
1.083417085427135589e+03 1.823586607075035504e+00 7.053066606911919355e-03
1.088442211055276402e+03 1.823587377783994601e+00 7.052891391033377054e-03
1.093467336683417216e+03 1.823588137805828291e+00 7.052718916907480852e-03
1.098492462311557802e+03 1.823588887338003062e+00 7.052549119295256803e-03
1.103517587939698387e+03 1.823589626573416833e+00 7.052381935073592269e-03
1.108542713567839201e+03 1.823590355700527299e+00 7.052217303109783314e-03
1.113567839195980014e+03 1.823591074903474718e+00 7.052055164183278733e-03
1.118592964824120827e+03 1.823591784362200707e+00 7.051895460986114597e-03
1.123618090452261413e+03 1.823592484252564594e+00 7.051738137934407055e-03
1.128643216080401999e+03 1.823593174746453993e+00 7.051583141200227015e-03
1.133668341708542812e+03 1.823593856011893610e+00 7.051430418554528734e-03
1.138693467336683625e+03 1.823594528213149824e+00 7.051279919414730687e-03
1.143718592964824211e+03 1.823595191510830826e+00 7.051131594640365138e-03
1.148743718592964797e+03 1.823595846061986547e+00 7.050985396612116478e-03
1.153768844221105610e+03 1.823596492020202131e+00 7.050841279121902207e-03
1.158793969849246423e+03 1.823597129535689865e+00 7.050699197262932233e-03
1.163819095477387009e+03 1.823597758755379550e+00 7.050559107492963828e-03
1.168844221105527595e+03 1.823598379823003324e+00 7.050420967524331436e-03
1.173869346733668408e+03 1.823598992879180702e+00 7.050284736229706084e-03
1.178894472361809221e+03 1.823599598061498961e+00 7.050150373721061729e-03
1.183919597989949807e+03 1.823600195504591515e+00 7.050017841176674759e-03
1.188944723618090393e+03 1.823600785340214969e+00 7.049887100888570408e-03
1.193969849246231206e+03 1.823601367697322173e+00 7.049758116215483136e-03
1.198994974874372019e+03 1.823601942702134382e+00 7.049630851488550114e-03
1.204020100502512605e+03 1.823602510478211203e+00 7.049505272027242059e-03
1.209045226130653191e+03 1.823603071146517651e+00 7.049381344123784553e-03
1.214070351758794004e+03 1.823603624825488767e+00 7.049259034980326355e-03
1.219095477386934817e+03 1.823604171631094895e+00 7.049138312583099961e-03
1.224120603015075403e+03 1.823604711676902079e+00 7.049019145907308055e-03
1.229145728643215989e+03 1.823605245074132686e+00 7.048901504665278095e-03
1.234170854271356802e+03 1.823605771931722241e+00 7.048785359369588895e-03
1.239195979899497615e+03 1.823606292356378056e+00 7.048670681333202466e-03
1.244221105527638429e+03 1.823606806452631623e+00 7.048557442575084653e-03
1.249246231155779014e+03 1.823607314322893691e+00 7.048445615851819598e-03
1.254271356783919600e+03 1.823607816067504883e+00 7.048335174610473840e-03
1.259296482412060413e+03 1.823608311784785885e+00 7.048226092972949101e-03
1.264321608040201227e+03 1.823608801571087845e+00 7.048118345720333355e-03
1.269346733668341813e+03 1.823609285520837453e+00 7.048011908229992808e-03
1.274371859296482398e+03 1.823609763726584454e+00 7.047906756538671602e-03
1.279396984924623212e+03 1.823610236279046282e+00 7.047802867248072548e-03
1.284422110552764025e+03 1.823610703267151578e+00 7.047700217540689947e-03
1.289447236180904611e+03 1.823611164778082161e+00 7.047598785116883369e-03
1.294472361809045196e+03 1.823611620897314101e+00 7.047498548273720825e-03
1.299497487437186010e+03 1.823612071708659244e+00 7.047399485810536962e-03
1.304522613065326823e+03 1.823612517294302071e+00 7.047301577013248552e-03
1.309547738693467409e+03 1.823612957734838558e+00 7.047204801670180381e-03
1.314572864321607994e+03 1.823613393109313252e+00 7.047109140056376404e-03
1.319597989949748808e+03 1.823613823495254582e+00 7.047014572886401394e-03
1.324623115577889621e+03 1.823614248968710161e+00 7.046921081345911171e-03
1.329648241206030207e+03 1.823614669604280314e+00 7.046828647044447308e-03
1.334673366834170793e+03 1.823615085475151387e+00 7.046737252015494377e-03
1.339698492462311606e+03 1.823615496653128387e+00 7.046646878700778098e-03
1.344723618090452419e+03 1.823615903208664957e+00 7.046557509966073010e-03
1.349748743718593005e+03 1.823616305210894906e+00 7.046469129006721621e-03
1.354773869346733591e+03 1.823616702727661076e+00 7.046381719442210666e-03
1.359798994974874404e+03 1.823617095825545542e+00 7.046295265253202378e-03
1.364824120603015217e+03 1.823617484569897140e+00 7.046209750765814427e-03
1.369849246231156030e+03 1.823617869024857452e+00 7.046125160635913730e-03
1.374874371859296616e+03 1.823618249253389223e+00 7.046041479880665002e-03
1.379899497487437202e+03 1.823618625317302566e+00 7.045958693831301176e-03
1.384924623115578015e+03 1.823618997277278719e+00 7.045876788164679751e-03
1.389949748743718828e+03 1.823619365192895803e+00 7.045795748808771596e-03
1.394974874371859414e+03 1.823619729122652577e+00 7.045715562021484177e-03
1.400000000000000000e+03 1.823620089123992427e+00 7.045636214374938026e-03
