4.000000000000000000e+02 1.845448855082604478e+00 9.649621090909363957e-03
4.050251256281406995e+02 1.845505880547812394e+00 9.591062774572988239e-03
4.100502512562813990e+02 1.845563444788053342e+00 9.521701255393890534e-03
4.150753768844220986e+02 1.845621944689748828e+00 9.439551535177630529e-03
4.201005025125627981e+02 1.845681842830020791e+00 9.342111001274433849e-03
4.251256281407034976e+02 1.845743672892734777e+00 9.226238611763774508e-03
4.301507537688441971e+02 1.845808033227038791e+00 9.088043349362362466e-03
4.351758793969848966e+02 1.845875551528750602e+00 8.922848567807345130e-03
4.402010050251256530e+02 1.845946787289417967e+00 8.725393564417961711e-03
4.452261306532663525e+02 1.846022015364904290e+00 8.490612363325501441e-03
4.502512562814070520e+02 1.846100823144192216e+00 8.215564601489578483e-03
4.552763819095477515e+02 1.846181532084057775e+00 7.903046015008097572e-03
4.603015075376884511e+02 1.846260762200139016e+00 7.566050074287294577e-03
4.653266331658291506e+02 1.846333899684649227e+00 7.228901781337906084e-03
4.703517587939698501e+02 1.846396885811663502e+00 6.919832380009380626e-03
4.753768844221105496e+02 1.846448071035098337e+00 6.658348227934276185e-03
4.804020100502512491e+02 1.846488351746167655e+00 6.449228890354151075e-03
4.854271356783919487e+02 1.846519890094787453e+00 6.286648627891245657e-03
4.904522613065327050e+02 1.846544920255661637e+00 6.161063806960862324e-03
4.954773869346734045e+02 1.846565238283704335e+00 6.063409956042141793e-03
5.005025125628141041e+02 1.846582146124810420e+00 5.986481576097608080e-03
5.055276381909548036e+02 1.846596551736320979e+00 5.924945933136057177e-03
5.105527638190955031e+02 1.846609083806693530e+00 5.874955624237771130e-03
5.155778894472362026e+02 1.846620181257277560e+00 5.833744762879201733e-03
5.206030150753769021e+02 1.846630155283516928e+00 5.799310948654986392e-03
5.256281407035176017e+02 1.846639230613209781e+00 5.770187100830891785e-03
5.306532663316583012e+02 1.846647572672042381e+00 5.745283255950453874e-03
5.356783919597990007e+02 1.846655305553189574e+00 5.723777859929531434e-03
5.407035175879397002e+02 1.846662524042404829e+00 5.705042851139176079e-03
5.457286432160803997e+02 1.846669301784630290e+00 5.688591573269031858e-03
5.507537688442210992e+02 1.846675696919369614e+00 5.674042137286898664e-03
5.557788944723617988e+02 1.846681756032558797e+00 5.661091317314137679e-03
5.608040201005024983e+02 1.846687516971827314e+00 5.649495705614834828e-03
5.658291457286431978e+02 1.846693010882540120e+00 5.639057930454560892e-03
5.708542713567838973e+02 1.846698263701525899e+00 5.629616450002886130e-03
5.758793969849245968e+02 1.846703297267835220e+00 5.621037903053523188e-03
5.809045226130654100e+02 1.846708130159266936e+00 5.613211311212454140e-03
5.859296482412059959e+02 1.846712778329927307e+00 5.606043636964253701e-03
5.909547738693468091e+02 1.846717255601616037e+00 5.599456346298187226e-03
5.959798994974873949e+02 1.846721574046561454e+00 5.593382723778754853e-03
6.010050251256282081e+02 1.846725744288494342e+00 5.587765756057057852e-03
6.060301507537687939e+02 1.846729775741704715e+00 5.582556450319139420e-03
6.110552763819096072e+02 1.846733676802536861e+00 5.577712487233964407e-03
6.160804020100503067e+02 1.846737455004063833e+00 5.573197134149254425e-03
6.211055276381910062e+02 1.846741117142015831e+00 5.568978362192510828e-03
6.261306532663317057e+02 1.846744669378068693e+00 5.565028124263120268e-03
6.311557788944724052e+02 1.846748117325171856e+00 5.561321760932057094e-03
6.361809045226131047e+02 1.846751466118512486e+00 5.557837508947112252e-03
6.412060301507538043e+02 1.846754720474918843e+00 5.554556092066427822e-03
6.462311557788945038e+02 1.846757884742890932e+00 5.551460379046161027e-03
6.512562814070352033e+02 1.846760962944984819e+00 5.548535095875014797e-03
6.562814070351759028e+02 1.846763958813921302e+00 5.545766583144214924e-03
6.613065326633166023e+02 1.846766875823515397e+00 5.543142589931254055e-03
6.663316582914573019e+02 1.846769717215303253e+00 5.540652098381703902e-03
6.713567839195980014e+02 1.846772486021578397e+00 5.538285173708185419e-03
6.763819095477387009e+02 1.846775185085417936e+00 5.536032835339920258e-03
6.814070351758794004e+02 1.846777817078168571e+00 5.533886946006962015e-03
6.864321608040200999e+02 1.846780384514780993e+00 5.531840115824211875e-03
6.914572864321607994e+02 1.846782889767313973e+00 5.529885619010388963e-03
6.964824120603016127e+02 1.846785335076873702e+00 5.528017321534809715e-03
7.015075376884421985e+02 1.846787722564209755e+00 5.526229617905437444e-03
7.065326633165830117e+02 1.846790054239153989e+00 5.524517375878193644e-03
7.115577889447235975e+02 1.846792332009057125e+00 5.522875887835235025e-03
7.165829145728644107e+02 1.846794557686355143e+00 5.521300828172759356e-03
7.216080402010049966e+02 1.846796732995376722e+00 5.519788215428063707e-03
7.266331658291458098e+02 1.846798859578488994e+00 5.518334379034858794e-03
7.316582914572863956e+02 1.846800939001657094e+00 5.516935929786797622e-03
7.366834170854272088e+02 1.846802972759493677e+00 5.515589733466518853e-03
7.417085427135677946e+02 1.846804962279853690e+00 5.514292887436142432e-03
7.467336683417086078e+02 1.846806908928025459e+00 5.513042699902105138e-03
7.517587939698491937e+02 1.846808814010567401e+00 5.511836671000899801e-03
7.567839195979900069e+02 1.846810678778823434e+00 5.510672476279775481e-03
7.618090452261307064e+02 1.846812504432154389e+00 5.509547951514003061e-03
7.668341708542714059e+02 1.846814292120913858e+00 5.508461079291001802e-03
7.718592964824121054e+02 1.846816042949193326e+00 5.507409976743231003e-03
7.768844221105528050e+02 1.846817757977362362e+00 5.506392884636744645e-03
7.819095477386935045e+02 1.846819438224419629e+00 5.505408157396884418e-03
7.869346733668342040e+02 1.846821084670175361e+00 5.504454254095193441e-03
7.919597989949749035e+02 1.846822698257280182e+00 5.503529730300222265e-03
7.969849246231156030e+02 1.846824279893113596e+00 5.502633230694413055e-03
8.020100502512563025e+02 1.846825830451546357e+00 5.501763482318428045e-03
8.070351758793970021e+02 1.846827350774583376e+00 5.500919288324067694e-03
8.120603015075377016e+02 1.846828841673904709e+00 5.500099522580792488e-03
8.170854271356784011e+02 1.846830303932303963e+00 5.499303124310192005e-03
8.221105527638192143e+02 1.846831738305040327e+00 5.498529093698399997e-03
8.271356783919598001e+02 1.846833145521106445e+00 5.497776487256493191e-03
8.321608040201006133e+02 1.846834526284420575e+00 5.497044414221965297e-03
8.371859296482411992e+02 1.846835881274948354e+00 5.496332032730400462e-03
8.422110552763820124e+02 1.846837211149759961e+00 5.495638546565775016e-03
8.472361809045225982e+02 1.846838516544026199e+00 5.494963202187380831e-03
8.522613065326634114e+02 1.846839798071959082e+00 5.494305285751167195e-03
8.572864321608039972e+02 1.846841056327702235e+00 5.493664120732173924e-03
8.623115577889448105e+02 1.846842291886169107e+00 5.493039065300043926e-03
8.673366834170853963e+02 1.846843505303840116e+00 5.492429510276479986e-03
8.723618090452262095e+02 1.846844697119516709e+00 5.491834877028493357e-03
8.773869346733667953e+02 1.846845867855034573e+00 5.491254615621126225e-03
8.824120603015076085e+02 1.846847018015943975e+00 5.490688202946984384e-03
8.874371859296483080e+02 1.846848148092151254e+00 5.490135141277657262e-03
8.924623115577890076e+02 1.846849258558531659e+00 5.489594956549875317e-03
8.974874371859297071e+02 1.846850349875511332e+00 5.489067197114528077e-03
9.025125628140704066e+02 1.846851422489621086e+00 5.488551432382606649e-03
9.075376884422111061e+02 1.846852476834022649e+00 5.488047251631134570e-03
9.125628140703518056e+02 1.846853513329010932e+00 5.487554262787197774e-03
9.175879396984925052e+02 1.846854532382493641e+00 5.487072091432988741e-03
9.226130653266332047e+02 1.846855534390446474e+00 5.486600379910669227e-03
9.276381909547739042e+02 1.846856519737349656e+00 5.486138786183178233e-03
9.326633165829146037e+02 1.846857488796603830e+00 5.485686983199730866e-03
9.376884422110553032e+02 1.846858441930927075e+00 5.485244657936536213e-03
9.427135678391960028e+02 1.846859379492735487e+00 5.484811510740099545e-03
9.477386934673367023e+02 1.846860301824506001e+00 5.484387254548225669e-03
9.527638190954774018e+02 1.846861209259124115e+00 5.483971614272126899e-03
9.577889447236181013e+02 1.846862102120215843e+00 5.483564326218311712e-03
9.628140703517588008e+02 1.846862980722467684e+00 5.483165137388305507e-03
9.678391959798995003e+02 1.846863845371930379e+00 5.482773805020693149e-03
9.728643216080401999e+02 1.846864696366312453e+00 5.482390096112358703e-03
9.778894472361808994e+02 1.846865533995259323e+00 5.482013786777195467e-03
9.829145728643217126e+02 1.846866358540624420e+00 5.481644662009324889e-03
9.879396984924624121e+02 1.846867170276723868e+00 5.481282515081362626e-03
9.929648241206031116e+02 1.846867969470587623e+00 5.480927147205523833e-03
9.979899497487438111e+02 1.846868756382195720e+00 5.480578367214625733e-03
1.003015075376884511e+03 1.846869531264706321e+00 5.480235991019905863e-03
1.008040201005025210e+03 1.846870294364675757e+00 5.479899841514159452e-03
1.013065326633165910e+03 1.846871045922269472e+00 5.479569748109956034e-03
1.018090452261306609e+03 1.846871786171465413e+00 5.479245546399090679e-03
1.023115577889447309e+03 1.846872515340247878e+00 5.478927077994136079e-03
1.028140703517588008e+03 1.846873233650796253e+00 5.478614190207665297e-03
1.033165829145728821e+03 1.846873941319665091e+00 5.478306735731236846e-03
1.038190954773869407e+03 1.846874638557958415e+00 5.478004572496540485e-03
1.043216080402009993e+03 1.846875325571496917e+00 5.477707563333706134e-03
1.048241206030150806e+03 1.846876002560979391e+00 5.477415575933424451e-03
1.053266331658291620e+03 1.846876669722137931e+00 5.477128482423818286e-03
1.058291457286432205e+03 1.846877327245887601e+00 5.476846159352516050e-03
1.063316582914572791e+03 1.846877975318471421e+00 5.476568487405087879e-03
1.068341708542713604e+03 1.846878614121598261e+00 5.476295351204402313e-03
1.073366834170854418e+03 1.846879243832578954e+00 5.476026639312599545e-03
1.078391959798995003e+03 1.846879864624453971e+00 5.475762243827476776e-03
1.083417085427135589e+03 1.846880476666119320e+00 5.475502060465322132e-03
1.088442211055276402e+03 1.846881080122447560e+00 5.475245988258447410e-03
1.093467336683417216e+03 1.846881675154402824e+00 5.474993929475629323e-03
1.098492462311557802e+03 1.846882261919154056e+00 5.474745789501914844e-03
1.103517587939698387e+03 1.846882840570184925e+00 5.474501476738630884e-03
1.108542713567839201e+03 1.846883411257395746e+00 5.474260902381623307e-03
1.113567839195980014e+03 1.846883974127207395e+00 5.474023980422497264e-03
1.118592964824120827e+03 1.846884529322658119e+00 5.473790627487548112e-03
1.123618090452261413e+03 1.846885076983498575e+00 5.473560762757753370e-03
1.128643216080401999e+03 1.846885617246282640e+00 5.473334307868413760e-03
1.133668341708542812e+03 1.846886150244457125e+00 5.473111186747882904e-03
1.138693467336683625e+03 1.846886676108446812e+00 5.472891325699656175e-03
1.143718592964824211e+03 1.846887194965736390e+00 5.472674653098996179e-03
1.148743718592964797e+03 1.846887706940952389e+00 5.472461099495210327e-03
1.153768844221105610e+03 1.846888212155939568e+00 5.472250597450174954e-03
1.158793969849246423e+03 1.846888710729835070e+00 5.472043081437662389e-03
1.163819095477387009e+03 1.846889202779143924e+00 5.471838487844073000e-03
1.168844221105527595e+03 1.846889688417806319e+00 5.471636754867686796e-03
1.173869346733668408e+03 1.846890167757267998e+00 5.471437822417873388e-03
1.178894472361809221e+03 1.846890640906545089e+00 5.471241632156300348e-03
1.183919597989949807e+03 1.846891107972288060e+00 5.471048127335209274e-03
1.188944723618090393e+03 1.846891569058844551e+00 5.470857252737102057e-03
1.193969849246231206e+03 1.846892024268318444e+00 5.470668954736157032e-03
1.198994974874372019e+03 1.846892473700628479e+00 5.470483181095822309e-03
1.204020100502512605e+03 1.846892917453565097e+00 5.470299881070767208e-03
1.209045226130653191e+03 1.846893355622844402e+00 5.470119005204412271e-03
1.214070351758794004e+03 1.846893788302161665e+00 5.469940505410553211e-03
1.219095477386934817e+03 1.846894215583242405e+00 5.469764334872306323e-03
1.224120603015075403e+03 1.846894637555893226e+00 5.469590448001927958e-03
1.229145728643215989e+03 1.846895054308049122e+00 5.469418800360002428e-03
1.234170854271356802e+03 1.846895465925820767e+00 5.469249348737013038e-03
1.239195979899497615e+03 1.846895872493540702e+00 5.469082050971004437e-03
1.244221105527638429e+03 1.846896274093807078e+00 5.468916866049420428e-03
1.249246231155779014e+03 1.846896670807526730e+00 5.468753753926724678e-03
1.254271356783919600e+03 1.846897062713956705e+00 5.468592675646513981e-03
1.259296482412060413e+03 1.846897449890745335e+00 5.468433593179405743e-03
1.264321608040201227e+03 1.846897832413970875e+00 5.468276469443621342e-03
1.269346733668341813e+03 1.846898210358180137e+00 5.468121268305251546e-03
1.274371859296482398e+03 1.846898583796425797e+00 5.467967954517615782e-03
1.279396984924623212e+03 1.846898952800301696e+00 5.467816493721505862e-03
1.284422110552764025e+03 1.846899317439978816e+00 5.467666852282988474e-03
1.289447236180904611e+03 1.846899677784238802e+00 5.467518997557592290e-03
1.294472361809045196e+03 1.846900033900506832e+00 5.467372897484426043e-03
1.299497487437186010e+03 1.846900385854884252e+00 5.467228520972190926e-03
1.304522613065326823e+03 1.846900733712179665e+00 5.467085837493260506e-03
1.309547738693467409e+03 1.846901077535939795e+00 5.466944817347855687e-03
1.314572864321607994e+03 1.846901417388478350e+00 5.466805431501773477e-03
1.319597989949748808e+03 1.846901753330904672e+00 5.466667651586563058e-03
1.324623115577889621e+03 1.846902085423152817e+00 5.466531449899692321e-03
1.329648241206030207e+03 1.846902413724007763e+00 5.466396799384405127e-03
1.334673366834170793e+03 1.846902738291132051e+00 5.466263673609567282e-03
1.339698492462311606e+03 1.846903059181091988e+00 5.466132046688572561e-03
1.344723618090452419e+03 1.846903376449382073e+00 5.466001893381042601e-03
1.349748743718593005e+03 1.846903690150450084e+00 5.465873189011719903e-03
1.354773869346733591e+03 1.846904000337719953e+00 5.465745909429981127e-03
1.359798994974874404e+03 1.846904307063616191e+00 5.465620031030272129e-03
1.364824120603015217e+03 1.846904610379584755e+00 5.465495530752233731e-03
1.369849246231156030e+03 1.846904910336116812e+00 5.465372386019883184e-03
1.374874371859296616e+03 1.846905206982767833e+00 5.465250574721407240e-03
1.379899497487437202e+03 1.846905500368180464e+00 5.465130075270217477e-03
1.384924623115578015e+03 1.846905790540103842e+00 5.465010866564429769e-03
1.389949748743718828e+03 1.846906077545412916e+00 5.464892927885389023e-03
1.394974874371859414e+03 1.846906361430129095e+00 5.464776239019654078e-03
1.400000000000000000e+03 1.846906642239436458e+00 5.464660780157521575e-03
