4.000000000000000000e+02 1.863874629075353839e+00 1.029824854626138972e-02
4.050251256281406995e+02 1.863937116987180564e+00 1.022465777465054494e-02
4.100502512562813990e+02 1.863999791347216828e+00 1.014007045216112207e-02
4.150753768844220986e+02 1.864062914909959012e+00 1.004297779253793439e-02
4.201005025125627981e+02 1.864126758510305182e+00 9.931629504696689800e-03
4.251256281407034976e+02 1.864191587418667861e+00 9.804043615960725266e-03
4.301507537688441971e+02 1.864257635548995484e+00 9.658066324922791671e-03
4.351758793969848966e+02 1.864325060702799464e+00 9.491525599037528571e-03
4.402010050251256530e+02 1.864393872935851348e+00 9.302544397686615674e-03
4.452261306532663525e+02 1.864463831126967452e+00 9.090093825900738903e-03
4.502512562814070520e+02 1.864534316393620994e+00 8.854836733425682643e-03
4.552763819095477515e+02 1.864604222817756174e+00 8.600168556986510782e-03
4.603015075376884511e+02 1.864671951653919413e+00 8.333048605158183131e-03
4.653266331658291506e+02 1.864735612486201344e+00 8.063867260893080313e-03
4.703517587939698501e+02 1.864793447914673719e+00 7.804713810136644850e-03
4.753768844221105496e+02 1.864844308539564954e+00 7.566425591195155217e-03
4.804020100502512491e+02 1.864887901106121015e+00 7.355994147656172259e-03
4.854271356783919487e+02 1.864924687853525942e+00 7.175761887231362282e-03
4.904522613065327050e+02 1.864955572165503561e+00 7.024384142146865295e-03
4.954773869346734045e+02 1.864981585747895521e+00 6.898473302550021079e-03
5.005025125628141041e+02 1.865003690816742221e+00 6.793985631116872953e-03
5.055276381909548036e+02 1.865022697137647789e+00 6.707042669671610564e-03
5.105527638190955031e+02 1.865039250024915995e+00 6.634285008240871709e-03
5.155778894472362026e+02 1.865053849888338888e+00 6.572951730386369928e-03
5.206030150753769021e+02 1.865066880459493204e+00 6.520833764803790795e-03
5.256281407035176017e+02 1.865078635554155984e+00 6.476185004965962291e-03
5.306532663316583012e+02 1.865089341098356224e+00 6.437630279344634839e-03
5.356783919597990007e+02 1.865099172138060313e+00 6.404084979838177601e-03
5.407035175879397002e+02 1.865108265583409475e+00 6.374689870278318383e-03
5.457286432160803997e+02 1.865116729632020576e+00 6.348760075624455650e-03
5.507537688442210992e+02 1.865124650711034615e+00 6.325745855549855592e-03
5.557788944723617988e+02 1.865132098600511990e+00 6.305202656680552152e-03
5.608040201005024983e+02 1.865139130233749887e+00 6.286768278910023419e-03
5.658291457286431978e+02 1.865145792535798153e+00 6.270145427510173501e-03
5.708542713567838973e+02 1.865152124560577773e+00 6.255088322616945105e-03
5.758793969849245968e+02 1.865158159113669667e+00 6.241392364753796732e-03
5.809045226130654100e+02 1.865163923995330153e+00 6.228886108676839548e-03
5.859296482412059959e+02 1.865169442960933788e+00 6.217424987886460176e-03
5.909547738693468091e+02 1.865174736469454420e+00 6.206886374472198042e-03
5.959798994974873949e+02 1.865179822271652244e+00 6.197165663621112194e-03
6.010050251256282081e+02 1.865184715876039068e+00 6.188173149293214881e-03
6.060301507537687939e+02 1.865189430920904057e+00 6.179831514903043159e-03
6.110552763819096072e+02 1.865193979473569907e+00 6.172073805202988629e-03
6.160804020100503067e+02 1.865198372272849570e+00 6.164841776954950794e-03
6.211055276381910062e+02 1.865202618926838918e+00 6.158084549953469350e-03
6.261306532663317057e+02 1.865206728075344600e+00 6.151757497220505973e-03
6.311557788944724052e+02 1.865210707524116440e+00 6.145821327236234734e-03
6.361809045226131047e+02 1.865214564356453275e+00 6.140241321127252669e-03
6.412060301507538043e+02 1.865218305026536960e+00 6.134986695208807447e-03
6.462311557788945038e+02 1.865221935437923806e+00 6.130030066146970567e-03
6.512562814070352033e+02 1.865225461009906827e+00 6.125346999910076876e-03
6.562814070351759028e+02 1.865228886733914626e+00 6.120915629879384104e-03
6.613065326633166023e+02 1.865232217221676203e+00 6.116716332248149472e-03
6.663316582914573019e+02 1.865235456746554332e+00 6.112731448810160631e-03
6.713567839195980014e+02 1.865238609279175064e+00 6.108945049617528142e-03
6.763819095477387009e+02 1.865241678518275492e+00 6.105342728689680358e-03
6.814070351758794004e+02 1.865244667917528743e+00 6.101911427999229601e-03
6.864321608040200999e+02 1.865247580708960129e+00 6.098639284869691521e-03
6.914572864321607994e+02 1.865250419923471181e+00 6.095515499575157418e-03
6.964824120603016127e+02 1.865253188408897200e+00 6.092530220003881079e-03
7.015075376884421985e+02 1.865255888845949173e+00 6.089674440912731454e-03
7.065326633165830117e+02 1.865258523762339804e+00 6.086939915500499607e-03
7.115577889447235975e+02 1.865261095545342807e+00 6.084319078038643615e-03
7.165829145728644107e+02 1.865263606452992606e+00 6.081804975418594536e-03
7.216080402010049966e+02 1.865266058624106327e+00 6.079391206914731838e-03
7.266331658291458098e+02 1.865268454087275485e+00 6.077071870827687600e-03
7.316582914572863956e+02 1.865270794768960183e+00 6.074841517079725486e-03
7.366834170854272088e+02 1.865273082500791935e+00 6.072695105189481607e-03
7.417085427135677946e+02 1.865275319026182155e+00 6.070627966734759400e-03
7.467336683417086078e+02 1.865277506006317809e+00 6.068635771825387631e-03
7.517587939698491937e+02 1.865279645025613942e+00 6.066714499285811441e-03
7.567839195979900069e+02 1.865281737596683032e+00 6.064860409602184678e-03
7.618090452261307064e+02 1.865283785164877361e+00 6.063070021001992077e-03
7.668341708542714059e+02 1.865285789112447246e+00 6.061340087659016461e-03
7.718592964824121054e+02 1.865287750762354646e+00 6.059667580148101786e-03
7.768844221105528050e+02 1.865289671381783698e+00 6.058049667832956717e-03
7.819095477386935045e+02 1.865291552185371904e+00 6.056483702849855232e-03
7.869346733668342040e+02 1.865293394338192856e+00 6.054967205733227838e-03
7.919597989949749035e+02 1.865295198958514034e+00 6.053497852214752457e-03
7.969849246231156030e+02 1.865296967120352090e+00 6.052073461404516852e-03
8.020100502512563025e+02 1.865298699855842957e+00 6.050691984810212080e-03
8.070351758793970021e+02 1.865300398157442974e+00 6.049351496694823846e-03
8.120603015075377016e+02 1.865302062979979025e+00 6.048050184805107976e-03
8.170854271356784011e+02 1.865303695242559012e+00 6.046786342318716083e-03
8.221105527638192143e+02 1.865305295830353760e+00 6.045558360297918592e-03
8.271356783919598001e+02 1.865306865596262353e+00 6.044364720707818064e-03
8.321608040201006133e+02 1.865308405362473554e+00 6.043203990203738045e-03
8.371859296482411992e+02 1.865309915921923301e+00 6.042074814212666616e-03
8.422110552763820124e+02 1.865311398039667390e+00 6.040975911733241499e-03
8.472361809045225982e+02 1.865312852454166004e+00 6.039906070304966110e-03
8.522613065326634114e+02 1.865314279878496073e+00 6.038864141570826800e-03
8.572864321608039972e+02 1.865315681001487480e+00 6.037849037030427850e-03
8.623115577889448105e+02 1.865317056488796643e+00 6.036859724278995608e-03
8.673366834170853963e+02 1.865318406983918376e+00 6.035895223347287168e-03
8.723618090452262095e+02 1.865319733109140676e+00 6.034954603547901253e-03
8.773869346733667953e+02 1.865321035466446009e+00 6.034036980258779097e-03
8.824120603015076085e+02 1.865322314638366175e+00 6.033141512251599323e-03
8.874371859296483080e+02 1.865323571188787666e+00 6.032267398977188971e-03
8.924623115577890076e+02 1.865324805663717944e+00 6.031413878139627212e-03
8.974874371859297071e+02 1.865326018592010193e+00 6.030580223504499425e-03
9.025125628140704066e+02 1.865327210486049880e+00 6.029765742757734089e-03
9.075376884422111061e+02 1.865328381842409344e+00 6.028969775489032706e-03
9.125628140703518056e+02 1.865329533142466634e+00 6.028191691466029851e-03
9.175879396984925052e+02 1.865330664852995923e+00 6.027430888849738023e-03
9.226130653266332047e+02 1.865331777426728177e+00 6.026686792664591799e-03
9.276381909547739042e+02 1.865332871302884721e+00 6.025958853320869356e-03
9.326633165829146037e+02 1.865333946907686835e+00 6.025246545189698669e-03
9.376884422110553032e+02 1.865335004654839146e+00 6.024549365304568416e-03
9.427135678391960028e+02 1.865336044945992366e+00 6.023866832171175835e-03
9.477386934673367023e+02 1.865337068171184498e+00 6.023198484704245931e-03
9.527638190954774018e+02 1.865338074709260274e+00 6.022543880978162810e-03
9.577889447236181013e+02 1.865339064928275725e+00 6.021902597418222515e-03
9.628140703517588008e+02 1.865340039185879650e+00 6.021274227750705518e-03
9.678391959798995003e+02 1.865340997829682879e+00 6.020658382191142362e-03
9.728643216080401999e+02 1.865341941197608211e+00 6.020054686520608100e-03
9.778894472361808994e+02 1.865342869618227262e+00 6.019462781474273043e-03
9.829145728643217126e+02 1.865343783411082645e+00 6.018882321796874442e-03
9.879396984924624121e+02 1.865344682886994621e+00 6.018312975739746433e-03
9.929648241206031116e+02 1.865345568348358407e+00 6.017754424317143212e-03
9.979899497487438111e+02 1.865346440089426183e+00 6.017206360690758281e-03
1.003015075376884511e+03 1.865347298396578646e+00 6.016668489645674890e-03
1.008040201005025210e+03 1.865348143548585913e+00 6.016140527028659112e-03
1.013065326633165910e+03 1.865348975816856880e+00 6.015622199167272068e-03
1.018090452261306609e+03 1.865349795465679472e+00 6.015113242509776900e-03
1.023115577889447309e+03 1.865350602752451348e+00 6.014613403042982920e-03
1.028140703517588008e+03 1.865351397927900834e+00 6.014122435949444297e-03
1.033165829145728821e+03 1.865352181236300311e+00 6.013640105116479541e-03
1.038190954773869407e+03 1.865352952915669382e+00 6.013166182829284175e-03
1.043216080402009993e+03 1.865353713197973606e+00 6.012700449371315495e-03
1.048241206030150806e+03 1.865354462309312344e+00 6.012242692605750637e-03
1.053266331658291620e+03 1.865355200470101282e+00 6.011792707759674829e-03
1.058291457286432205e+03 1.865355927895247179e+00 6.011350297078658922e-03
1.063316582914572791e+03 1.865356644794317953e+00 6.010915269444036015e-03
1.068341708542713604e+03 1.865357351371703443e+00 6.010487440229957644e-03
1.073366834170854418e+03 1.865358047826773058e+00 6.010066630864635377e-03
1.078391959798995003e+03 1.865358734354027215e+00 6.009652668742238545e-03
1.083417085427135589e+03 1.865359411143241219e+00 6.009245386894422614e-03
1.088442211055276402e+03 1.865360078379607156e+00 6.008844623772434911e-03
1.093467336683417216e+03 1.865360736243867557e+00 6.008450223047466163e-03
1.098492462311557802e+03 1.865361384912447074e+00 6.008062033336892052e-03
1.103517587939698387e+03 1.865362024557578380e+00 6.007679908096597195e-03
1.108542713567839201e+03 1.865362655347422294e+00 6.007303705365297716e-03
1.113567839195980014e+03 1.865363277446186796e+00 6.006933287601078260e-03
1.118592964824120827e+03 1.865363891014239162e+00 6.006568521573214629e-03
1.123618090452261413e+03 1.865364496208216094e+00 6.006209278069017665e-03
1.128643216080401999e+03 1.865365093181128309e+00 6.005855431840800146e-03
1.133668341708542812e+03 1.865365682082464005e+00 6.005506861423333571e-03
1.138693467336683625e+03 1.865366263058286123e+00 6.005163448969652248e-03
1.143718592964824211e+03 1.865366836251329374e+00 6.004825080197661973e-03
1.148743718592964797e+03 1.865367401801090619e+00 6.004491644133270849e-03
1.153768844221105610e+03 1.865367959843919676e+00 6.004163033093754161e-03
1.158793969849246423e+03 1.865368510513104816e+00 6.003839142523115235e-03
1.163819095477387009e+03 1.865369053938955579e+00 6.003519870864323926e-03
1.168844221105527595e+03 1.865369590248884935e+00 6.003205119486940480e-03
1.173869346733668408e+03 1.865370119567486551e+00 6.002894792559180549e-03
1.178894472361809221e+03 1.865370642016610514e+00 6.002588796975379462e-03
1.183919597989949807e+03 1.865371157715437267e+00 6.002287042227902845e-03
1.188944723618090393e+03 1.865371666780546667e+00 6.001989440297466130e-03
1.193969849246231206e+03 1.865372169325989038e+00 6.001695905654377480e-03
1.198994974874372019e+03 1.865372665463350677e+00 6.001406355056248219e-03
1.204020100502512605e+03 1.865373155301817798e+00 6.001120707623110694e-03
1.209045226130653191e+03 1.865373638948239376e+00 6.000838884524001444e-03
1.214070351758794004e+03 1.865374116507188651e+00 6.000560809181479036e-03
1.219095477386934817e+03 1.865374588081020191e+00 6.000286406976590090e-03
1.224120603015075403e+03 1.865375053769928071e+00 6.000015605342303229e-03
1.229145728643215989e+03 1.865375513672000496e+00 5.999748333523861367e-03
1.234170854271356802e+03 1.865375967883273089e+00 5.999484522690640143e-03
1.239195979899497615e+03 1.865376416497781520e+00 5.999224105807439249e-03
1.244221105527638429e+03 1.865376859607611459e+00 5.998967017505706101e-03
1.249246231155779014e+03 1.865377297302947879e+00 5.998713194176808448e-03
1.254271356783919600e+03 1.865377729672121010e+00 5.998462573732148140e-03
1.259296482412060413e+03 1.865378156801653864e+00 5.998215095733381609e-03
1.264321608040201227e+03 1.865378578776307750e+00 5.997970701263516044e-03
1.269346733668341813e+03 1.865378995679122021e+00 5.997729332816464747e-03
1.274371859296482398e+03 1.865379407591460481e+00 5.997490934390182701e-03
1.279396984924623212e+03 1.865379814593049357e+00 5.997255451265107694e-03
1.284422110552764025e+03 1.865380216762018817e+00 5.997022830152781009e-03
1.289447236180904611e+03 1.865380614174939833e+00 5.996793019066794413e-03
1.294472361809045196e+03 1.865381006906863481e+00 5.996565967175172991e-03
1.299497487437186010e+03 1.865381395031356249e+00 5.996341624985980154e-03
1.304522613065326823e+03 1.865381778620534892e+00 5.996119944107097463e-03
1.309547738693467409e+03 1.865382157745103520e+00 5.995900877376257772e-03
1.314572864321607994e+03 1.865382532474383126e+00 5.995684378676312785e-03
1.319597989949748808e+03 1.865382902876347559e+00 5.995470402991173557e-03
1.324623115577889621e+03 1.865383269017653500e+00 5.995258906369166189e-03
1.329648241206030207e+03 1.865383630963671102e+00 5.995049845867846811e-03
1.334673366834170793e+03 1.865383988778514412e+00 5.994843179554356326e-03
1.339698492462311606e+03 1.865384342525070682e+00 5.994638866413164353e-03
1.344723618090452419e+03 1.865384692265028121e+00 5.994436866401951607e-03
1.349748743718593005e+03 1.865385038058903211e+00 5.994237140396366757e-03
1.354773869346733591e+03 1.865385379966068680e+00 5.994039650116245177e-03
1.359798994974874404e+03 1.865385718044777930e+00 5.993844358181457492e-03
1.364824120603015217e+03 1.865386052352191903e+00 5.993651227964013999e-03
1.369849246231156030e+03 1.865386382944403065e+00 5.993460223755030930e-03
1.374874371859296616e+03 1.865386709876459159e+00 5.993271310542717945e-03
1.379899497487437202e+03 1.865387033202387634e+00 5.993084454160808004e-03
1.384924623115578015e+03 1.865387352975216961e+00 5.992899621103556056e-03
1.389949748743718828e+03 1.865387669247000391e+00 5.992716778655635991e-03
1.394974874371859414e+03 1.865387982068836603e+00 5.992535894781215490e-03
1.400000000000000000e+03 1.865388291490891026e+00 5.992356938124162452e-03
