4.000000000000000000e+02 1.853889483568592622e+00 1.262341981192884217e-02
4.050251256281406995e+02 1.853960031558197885e+00 1.256202884760325260e-02
4.100502512562813990e+02 1.854030744794859409e+00 1.248933539331513465e-02
4.150753768844220986e+02 1.854102035196387277e+00 1.240341300925458003e-02
4.201005025125627981e+02 1.854174384542936149e+00 1.230182792159233846e-02
4.251256281407034976e+02 1.854248358092338567e+00 1.218150065394834822e-02
4.301507537688441971e+02 1.854324615792326547e+00 1.203854113249537908e-02
4.351758793969848966e+02 1.854403913421575734e+00 1.186807597320571096e-02
4.402010050251256530e+02 1.854487076431530657e+00 1.166413013924984428e-02
4.452261306532663525e+02 1.854574910727195380e+00 1.141972671469092260e-02
4.502512562814070520e+02 1.854667984072325249e+00 1.112757850934704973e-02
4.552763819095477515e+02 1.854766181206225939e+00 1.078208535770386854e-02
4.603015075376884511e+02 1.854867976909518434e+00 1.038356302619440272e-02
4.653266331658291506e+02 1.854969671694517208e+00 9.944564161245403669e-03
4.703517587939698501e+02 1.855065482921886222e+00 9.494036504501934121e-03
4.753768844221105496e+02 1.855149480875710966e+00 9.070951318449970227e-03
4.804020100502512491e+02 1.855218415389592312e+00 8.706968399827175534e-03
4.854271356783919487e+02 1.855272688840886586e+00 8.413828451387814211e-03
4.904522613065327050e+02 1.855314919158519205e+00 8.186111786740340665e-03
4.954773869346734045e+02 1.855348127538896552e+00 8.011139130640162337e-03
5.005025125628141041e+02 1.855374827689528106e+00 7.876040550398593840e-03
5.055276381909548036e+02 1.855396856321380517e+00 7.770391453544979107e-03
5.105527638190955031e+02 1.855415490356161490e+00 7.686460684206235933e-03
5.155778894472362026e+02 1.855431607284812268e+00 7.618696038773619186e-03
5.206030150753769021e+02 1.855445814210937128e+00 7.563134299000814562e-03
5.256281407035176017e+02 1.855458537641408334e+00 7.516928422857675936e-03
5.306532663316583012e+02 1.855470082902506812e+00 7.478008300793886724e-03
5.356783919597990007e+02 1.855480672948156773e+00 7.444846854560861933e-03
5.407035175879397002e+02 1.855490473803944829e+00 7.416300524276203850e-03
5.457286432160803997e+02 1.855499611444695107e+00 7.391500215859883420e-03
5.507537688442210992e+02 1.855508183161306501e+00 7.369776072508844172e-03
5.557788944723617988e+02 1.855516265343967630e+00 7.350604948264259815e-03
5.608040201005024983e+02 1.855523918901577751e+00 7.333573239276665670e-03
5.658291457286431978e+02 1.855531193097466724e+00 7.318350219378128886e-03
5.708542713567838973e+02 1.855538128307039569e+00 7.304668651775302404e-03
5.758793969849245968e+02 1.855544758029956887e+00 7.292310506379491922e-03
5.809045226130654100e+02 1.855551110379009216e+00 7.281096307201590477e-03
5.859296482412059959e+02 1.855557209196300628e+00 7.270877093445445201e-03
5.909547738693468091e+02 1.855563074900387299e+00 7.261528285663655657e-03
5.959798994974873949e+02 1.855568725136657937e+00 7.252944956717632952e-03
6.010050251256282081e+02 1.855574175282093119e+00 7.245038150355157663e-03
6.060301507537687939e+02 1.855579438840998296e+00 7.237731988705417736e-03
6.110552763819096072e+02 1.855584527758245894e+00 7.230961380628718807e-03
6.160804020100503067e+02 1.855589452669458961e+00 7.224670190995879579e-03
6.211055276381910062e+02 1.855594223102543072e+00 7.218809767346696243e-03
6.261306532663317057e+02 1.855598847641336979e+00 7.213337745833226129e-03
6.311557788944724052e+02 1.855603334059517273e+00 7.208217076733395949e-03
6.361809045226131047e+02 1.855607689430964102e+00 7.203415224526249494e-03
6.412060301507538043e+02 1.855611920221350797e+00 7.198903506940827410e-03
6.462311557788945038e+02 1.855616032364653112e+00 7.194656546158406489e-03
6.512562814070352033e+02 1.855620031327460673e+00 7.190651810457051457e-03
6.562814070351759028e+02 1.855623922163358364e+00 7.186869229584317946e-03
6.613065326633166023e+02 1.855627709559174665e+00 7.183290870434946504e-03
6.663316582914573019e+02 1.855631397874528909e+00 7.179900662385169628e-03
6.713567839195980014e+02 1.855634991175820758e+00 7.176684163550529905e-03
6.763819095477387009e+02 1.855638493265595601e+00 7.173628361264922093e-03
6.814070351758794004e+02 1.855641907708031058e+00 7.170721500963153465e-03
6.864321608040200999e+02 1.855645237851163643e+00 7.167952938879081255e-03
6.914572864321607994e+02 1.855648486846350309e+00 7.165313014892900692e-03
6.964824120603016127e+02 1.855651657665391419e+00 7.162792942299315256e-03
7.015075376884421985e+02 1.855654753115646427e+00 7.160384712009725157e-03
7.065326633165830117e+02 1.855657775853436720e+00 7.158081008985645727e-03
7.115577889447235975e+02 1.855660728395970738e+00 7.155875139284556020e-03
7.165829145728644107e+02 1.855663613131991463e+00 7.153760965850282892e-03
7.216080402010049966e+02 1.855666432331318561e+00 7.151732852143803491e-03
7.266331658291458098e+02 1.855669188153424631e+00 7.149785612622803696e-03
7.316582914572863956e+02 1.855671882655168803e+00 7.147914468681441751e-03
7.366834170854272088e+02 1.855674517797792245e+00 7.146115009772286905e-03
7.417085427135677946e+02 1.855677095453262426e+00 7.144383158852676483e-03
7.467336683417086078e+02 1.855679617410042281e+00 7.142715141634605087e-03
7.517587939698491937e+02 1.855682085378354884e+00 7.141107459175594085e-03
7.567839195979900069e+02 1.855684500994990493e+00 7.139556863282678009e-03
7.618090452261307064e+02 1.855686865827717025e+00 7.138060334649824236e-03
7.668341708542714059e+02 1.855689181379326369e+00 7.136615063056246655e-03
7.718592964824121054e+02 1.855691449091362744e+00 7.135218429744165196e-03
7.768844221105528050e+02 1.855693670347558610e+00 7.133867991393366172e-03
7.819095477386935045e+02 1.855695846477011024e+00 7.132561465746238387e-03
7.869346733668342040e+02 1.855697978757124611e+00 7.131296718671651345e-03
7.919597989949749035e+02 1.855700068416338278e+00 7.130071752268184355e-03
7.969849246231156030e+02 1.855702116636661847e+00 7.128884694322529421e-03
8.020100502512563025e+02 1.855704124556036172e+00 7.127733788504256492e-03
8.070351758793970021e+02 1.855706093270532708e+00 7.126617385658380252e-03
8.120603015075377016e+02 1.855708023836408094e+00 7.125533935684757840e-03
8.170854271356784011e+02 1.855709917272025278e+00 7.124481980349497111e-03
8.221105527638192143e+02 1.855711774559651195e+00 7.123460146454182844e-03
8.271356783919598001e+02 1.855713596647143637e+00 7.122467139847806460e-03
8.321608040201006133e+02 1.855715384449532657e+00 7.121501739784499851e-03
8.371859296482411992e+02 1.855717138850510484e+00 7.120562793768723912e-03
8.422110552763820124e+02 1.855718860703828410e+00 7.119649212967218109e-03
8.472361809045225982e+02 1.855720550834616622e+00 7.118759967736704684e-03
8.522613065326634114e+02 1.855722210040627651e+00 7.117894083782859600e-03
8.572864321608039972e+02 1.855723839093409433e+00 7.117050638421303435e-03
8.623115577889448105e+02 1.855725438739413535e+00 7.116228757206441262e-03
8.673366834170853963e+02 1.855727009701044317e+00 7.115427610835308239e-03
8.723618090452262095e+02 1.855728552677651022e+00 7.114646412311443312e-03
8.773869346733667953e+02 1.855730068346468586e+00 7.113884414228899451e-03
8.824120603015076085e+02 1.855731557363507145e+00 7.113140906301678237e-03
8.874371859296483080e+02 1.855733020364400243e+00 7.112415213123440307e-03
8.924623115577890076e+02 1.855734457965205975e+00 7.111706692033039137e-03
8.974874371859297071e+02 1.855735870763172146e+00 7.111014731195463255e-03
9.025125628140704066e+02 1.855737259337458811e+00 7.110338747664330522e-03
9.075376884422111061e+02 1.855738624249832824e+00 7.109678185816501426e-03
9.125628140703518056e+02 1.855739966045321987e+00 7.109032515675090674e-03
9.175879396984925052e+02 1.855741285252842987e+00 7.108401231495788987e-03
9.226130653266332047e+02 1.855742582385799366e+00 7.107783850413756238e-03
9.276381909547739042e+02 1.855743857942648622e+00 7.107179911057495865e-03
9.326633165829146037e+02 1.855745112407449326e+00 7.106588972457875998e-03
9.376884422110553032e+02 1.855746346250377155e+00 7.106010612971356243e-03
9.427135678391960028e+02 1.855747559928222934e+00 7.105444429045618300e-03
9.477386934673367023e+02 1.855748753884866487e+00 7.104890034452656863e-03
9.527638190954774018e+02 1.855749928551729377e+00 7.104347059270796176e-03
9.577889447236181013e+02 1.855751084348209234e+00 7.103815149021900158e-03
9.628140703517588008e+02 1.855752221682096081e+00 7.103293963932662096e-03
9.678391959798995003e+02 1.855753340949967578e+00 7.102783178070005456e-03
9.728643216080401999e+02 1.855754442537573379e+00 7.102282478772624537e-03
9.778894472361808994e+02 1.855755526820197954e+00 7.101791565909893258e-03
9.829145728643217126e+02 1.855756594163012307e+00 7.101310151218211998e-03
9.879396984924624121e+02 1.855757644921408156e+00 7.100837957808711284e-03
9.929648241206031116e+02 1.855758679441323444e+00 7.100374719533674404e-03
9.979899497487438111e+02 1.855759698059548324e+00 7.099920180508766804e-03
1.003015075376884511e+03 1.855760701104024690e+00 7.099474094587878044e-03
1.008040201005025210e+03 1.855761688894131289e+00 7.099036224962590631e-03
1.013065326633165910e+03 1.855762661740958164e+00 7.098606343636143338e-03
1.018090452261306609e+03 1.855763619947569110e+00 7.098184231084647515e-03
1.023115577889447309e+03 1.855764563809257472e+00 7.097769675824120057e-03
1.028140703517588008e+03 1.855765493613788397e+00 7.097362474102305446e-03
1.033165829145728821e+03 1.855766409641634640e+00 7.096962429433762050e-03
1.038190954773869407e+03 1.855767312166202165e+00 7.096569352400584028e-03
1.043216080402009993e+03 1.855768201454047306e+00 7.096183060265140799e-03
1.048241206030150806e+03 1.855769077765087038e+00 7.095803376676424780e-03
1.053266331658291620e+03 1.855769941352800156e+00 7.095430131438745965e-03
1.058291457286432205e+03 1.855770792464422447e+00 7.095063160201993575e-03
1.063316582914572791e+03 1.855771631341132544e+00 7.094702304198615556e-03
1.068341708542713604e+03 1.855772458218235332e+00 7.094347410043007340e-03
1.073366834170854418e+03 1.855773273325333594e+00 7.093998329515087756e-03
1.078391959798995003e+03 1.855774076886498092e+00 7.093654919296754624e-03
1.083417085427135589e+03 1.855774869120427439e+00 7.093317040802080489e-03
1.088442211055276402e+03 1.855775650240607755e+00 7.092984559960423610e-03
1.093467336683417216e+03 1.855776420455460540e+00 7.092657347046349599e-03
1.098492462311557802e+03 1.855777179968491231e+00 7.092335276509433364e-03
1.103517587939698387e+03 1.855777928978427749e+00 7.092018226788291552e-03
1.108542713567839201e+03 1.855778667679358840e+00 7.091706080187115332e-03
1.113567839195980014e+03 1.855779396260863301e+00 7.091398722689490342e-03
1.118592964824120827e+03 1.855780114908138767e+00 7.091096043787761469e-03
1.123618090452261413e+03 1.855780823802123614e+00 7.090797936421902939e-03
1.128643216080401999e+03 1.855781523119615750e+00 7.090504296808715703e-03
1.133668341708542812e+03 1.855782213033388306e+00 7.090215024302253324e-03
1.138693467336683625e+03 1.855782893712298653e+00 7.089930021254163724e-03
1.143718592964824211e+03 1.855783565321398099e+00 7.089649193014897419e-03
1.148743718592964797e+03 1.855784228022033799e+00 7.089372447668646979e-03
1.153768844221105610e+03 1.855784881971951350e+00 7.089099696034425156e-03
1.158793969849246423e+03 1.855785527325389372e+00 7.088830851510490548e-03
1.163819095477387009e+03 1.855786164233176994e+00 7.088565830059662294e-03
1.168844221105527595e+03 1.855786792842822441e+00 7.088304550006652334e-03
1.173869346733668408e+03 1.855787413298602306e+00 7.088046932038942309e-03
1.178894472361809221e+03 1.855788025741647251e+00 7.087792899082319756e-03
1.183919597989949807e+03 1.855788630310024612e+00 7.087542376207696566e-03
1.188944723618090393e+03 1.855789227138819442e+00 7.087295290631864461e-03
1.193969849246231206e+03 1.855789816360210898e+00 7.087051571545914357e-03
1.198994974874372019e+03 1.855790398103549066e+00 7.086811150100250957e-03
1.204020100502512605e+03 1.855790972495427127e+00 7.086573959342590268e-03
1.209045226130653191e+03 1.855791539659752853e+00 7.086339934108917479e-03
1.214070351758794004e+03 1.855792099717817223e+00 7.086109011024083713e-03
1.219095477386934817e+03 1.855792652788360808e+00 7.085881128377034301e-03
1.224120603015075403e+03 1.855793198987638837e+00 7.085656226137016303e-03
1.229145728643215989e+03 1.855793738429483142e+00 7.085434245797415237e-03
1.234170854271356802e+03 1.855794271225364778e+00 7.085215130454585244e-03
1.239195979899497615e+03 1.855794797484450864e+00 7.084998824620295128e-03
1.244221105527638429e+03 1.855795317313663872e+00 7.084785274331860741e-03
1.249246231155779014e+03 1.855795830817735581e+00 7.084574426886184988e-03
1.254271356783919600e+03 1.855796338099262588e+00 7.084366231043878401e-03
1.259296482412060413e+03 1.855796839258758268e+00 7.084160636794592687e-03
1.264321608040201227e+03 1.855797334394702736e+00 7.083957595388731474e-03
1.269346733668341813e+03 1.855797823603594798e+00 7.083757059369154979e-03
1.274371859296482398e+03 1.855798306979996815e+00 7.083558982367784557e-03
1.279396984924623212e+03 1.855798784616583985e+00 7.083363319199960373e-03
1.284422110552764025e+03 1.855799256604188541e+00 7.083170025786392730e-03
1.289447236180904611e+03 1.855799723031844595e+00 7.082979059153461307e-03
1.294472361809045196e+03 1.855800183986829666e+00 7.082790377308111236e-03
1.299497487437186010e+03 1.855800639554707976e+00 7.082603939316500265e-03
1.304522613065326823e+03 1.855801089819369531e+00 7.082419705210210061e-03
1.309547738693467409e+03 1.855801534863070978e+00 7.082237635970830593e-03
1.314572864321607994e+03 1.855801974766472240e+00 7.082057693498846132e-03
1.319597989949748808e+03 1.855802409608675374e+00 7.081879840582513443e-03
1.324623115577889621e+03 1.855802839467259435e+00 7.081704040913768330e-03
1.329648241206030207e+03 1.855803264418316667e+00 7.081530258978696070e-03
1.334673366834170793e+03 1.855803684536486475e+00 7.081358460136126520e-03
1.339698492462311606e+03 1.855804099894988290e+00 7.081188610476727742e-03
1.344723618090452419e+03 1.855804510565655319e+00 7.081020676932947566e-03
1.349748743718593005e+03 1.855804916618964295e+00 7.080854627122407097e-03
1.354773869346733591e+03 1.855805318124067904e+00 7.080690429442149103e-03
1.359798994974874404e+03 1.855805715148824087e+00 7.080528052974731368e-03
1.364824120603015217e+03 1.855806107759824464e+00 7.080367467472708717e-03
1.369849246231156030e+03 1.855806496022424090e+00 7.080208643405825307e-03
1.374874371859296616e+03 1.855806880000768322e+00 7.080051551851406985e-03
1.379899497487437202e+03 1.855807259757818795e+00 7.079896164557224203e-03
1.384924623115578015e+03 1.855807635355382290e+00 7.079742453831861827e-03
1.389949748743718828e+03 1.855808006854132941e+00 7.079590392638941514e-03
1.394974874371859414e+03 1.855808374313639764e+00 7.079439954518843177e-03
1.400000000000000000e+03 1.855808737792389529e+00 7.079291113526098821e-03
