4.000000000000000000e+02 1.839896027998585426e+00 1.399410304061589859e-02
4.050251256281406995e+02 1.839968001895841088e+00 1.395335088076288081e-02
4.100502512562813990e+02 1.840039674795055813e+00 1.390339914292858942e-02
4.150753768844220986e+02 1.840111444712693389e+00 1.384264838082140646e-02
4.201005025125627981e+02 1.840183792955918385e+00 1.376900998920162558e-02
4.251256281407034976e+02 1.840257312805887002e+00 1.367972907562070226e-02
4.301507537688441971e+02 1.840332748749359926e+00 1.357112987032729236e-02
4.351758793969848966e+02 1.840411049414263589e+00 1.343824811927018040e-02
4.402010050251256530e+02 1.840493436116677373e+00 1.327430395213492417e-02
4.452261306532663525e+02 1.840581482067823682e+00 1.306997106903736924e-02
4.502512562814070520e+02 1.840677173032603697e+00 1.281246506741350218e-02
4.552763819095477515e+02 1.840782846511859860e+00 1.248477714389662624e-02
4.603015075376884511e+02 1.840900711173884430e+00 1.206641680226808698e-02
4.653266331658291506e+02 1.841031264725946359e+00 1.153977598023380076e-02
4.703517587939698501e+02 1.841169847846091168e+00 1.090983117444986085e-02
4.753768844221105496e+02 1.841303363014099359e+00 1.023470070047388485e-02
4.804020100502512491e+02 1.841415191487954850e+00 9.619545763911942562e-03
4.854271356783919487e+02 1.841498009568061089e+00 9.140378440560271642e-03
4.904522613065327050e+02 1.841556229846250003e+00 8.799800305393625302e-03
4.954773869346734045e+02 1.841597708849539883e+00 8.563244118779966135e-03
5.005025125628141041e+02 1.841628583671685693e+00 8.396389802263306765e-03
5.055276381909548036e+02 1.841652717879042944e+00 8.275224330676865525e-03
5.105527638190955031e+02 1.841672422438403567e+00 8.184475178973972878e-03
5.155778894472362026e+02 1.841689092611027201e+00 8.114549079862764386e-03
5.206030150753769021e+02 1.841703596752543248e+00 8.059314689330954878e-03
5.256281407035176017e+02 1.841716495030938150e+00 8.014745800909351195e-03
5.306532663316583012e+02 1.841728161859218504e+00 7.978121079393402787e-03
5.356783919597990007e+02 1.841738855898311211e+00 7.947549537232936889e-03
5.407035175879397002e+02 1.841748761292987702e+00 7.921683348859042892e-03
5.457286432160803997e+02 1.841758012741034900e+00 7.899539558202993070e-03
5.507537688442210992e+02 1.841766711207022400e+00 7.880386437310040251e-03
5.557788944723617988e+02 1.841774934057143431e+00 7.863669188210270500e-03
5.608040201005024983e+02 1.841782741769499632e+00 7.848960197320321852e-03
5.658291457286431978e+02 1.841790182484538629e+00 7.835924988404604011e-03
5.708542713567838973e+02 1.841797295158768222e+00 7.824298445768368762e-03
5.758793969849245968e+02 1.841804111794252963e+00 7.813867900766215471e-03
5.809045226130654100e+02 1.841810659043529919e+00 7.804460895911670415e-03
5.859296482412059959e+02 1.841816959384227959e+00 7.795936195465666928e-03
5.909547738693468091e+02 1.841823031991931980e+00 7.788177086950999646e-03
5.959798994974873949e+02 1.841828893397977840e+00 7.781086324831322856e-03
6.010050251256282081e+02 1.841834557991636423e+00 7.774582267453426961e-03
6.060301507537687939e+02 1.841840038408143254e+00 7.768595893379348465e-03
6.110552763819096072e+02 1.841845345831898628e+00 7.763068472968461843e-03
6.160804020100503067e+02 1.841850490235883209e+00 7.757949734266321451e-03
6.211055276381910062e+02 1.841855480572564430e+00 7.753196405387668272e-03
6.261306532663317057e+02 1.841860324927541148e+00 7.748771046733326194e-03
6.311557788944724052e+02 1.841865030644272094e+00 7.744641108102538231e-03
6.361809045226131047e+02 1.841869604426171758e+00 7.740778162063162611e-03
6.412060301507538043e+02 1.841874052420829022e+00 7.737157276404030455e-03
6.462311557788945038e+02 1.841878380289994732e+00 7.733756497286222234e-03
6.512562814070352033e+02 1.841882593268153068e+00 7.730556420848167486e-03
6.562814070351759028e+02 1.841886696211867180e+00 7.727539836391804189e-03
6.613065326633166023e+02 1.841890693641614618e+00 7.724691427574274273e-03
6.663316582914573019e+02 1.841894589777477442e+00 7.721997520706111451e-03
6.713567839195980014e+02 1.841898388569759071e+00 7.719445872174876717e-03
6.763819095477387009e+02 1.841902093725401590e+00 7.717025487632389082e-03
6.814070351758794004e+02 1.841905708730895208e+00 7.714726467977105727e-03
6.864321608040200999e+02 1.841909236872248945e+00 7.712539877330050649e-03
6.914572864321607994e+02 1.841912681252481754e+00 7.710457629516644096e-03
6.964824120603016127e+02 1.841916044807015540e+00 7.708472390314967913e-03
7.015075376884421985e+02 1.841919330317277392e+00 7.706577492650511577e-03
7.065326633165830117e+02 1.841922540422774812e+00 7.704766863022421801e-03
7.115577889447235975e+02 1.841925677631851999e+00 7.703034957346041080e-03
7.165829145728644107e+02 1.841928744331316148e+00 7.701376705004770069e-03
7.216080402010049966e+02 1.841931742795075877e+00 7.699787459636052780e-03
7.266331658291458098e+02 1.841934675191925885e+00 7.698262956091506300e-03
7.316582914572863956e+02 1.841937543592582438e+00 7.696799272328164188e-03
7.366834170854272088e+02 1.841940349976063152e+00 7.695392795862490178e-03
7.417085427135677946e+02 1.841943096235489463e+00 7.694040193982646866e-03
7.467336683417086078e+02 1.841945784183376844e+00 7.692738387416223414e-03
7.517587939698491937e+02 1.841948415556477148e+00 7.691484526801926902e-03
7.567839195979900069e+02 1.841950992020214395e+00 7.690275971773385608e-03
7.618090452261307064e+02 1.841953515172763511e+00 7.689110272259543771e-03
7.668341708542714059e+02 1.841955986548808655e+00 7.687985151676858184e-03
7.718592964824121054e+02 1.841958407623013327e+00 7.686898492062771773e-03
7.768844221105528050e+02 1.841960779813229587e+00 7.685848320419266105e-03
7.819095477386935045e+02 1.841963104483475888e+00 7.684832796660743398e-03
7.869346733668342040e+02 1.841965382946700869e+00 7.683850202664630619e-03
7.919597989949749035e+02 1.841967616467357738e+00 7.682898932355628104e-03
7.969849246231156030e+02 1.841969806263800580e+00 7.681977482768605897e-03
8.020100502512563025e+02 1.841971953510524784e+00 7.681084445861329109e-03
8.070351758793970021e+02 1.841974059340261149e+00 7.680218501310330861e-03
8.120603015075377016e+02 1.841976124845936535e+00 7.679378409699159740e-03
8.170854271356784011e+02 1.841978151082512172e+00 7.678563006461839972e-03
8.221105527638192143e+02 1.841980139068710942e+00 7.677771196293797090e-03
8.271356783919598001e+02 1.841982089788641863e+00 7.677001948190468120e-03
8.321608040201006133e+02 1.841984004193326419e+00 7.676254290695304176e-03
8.371859296482411992e+02 1.841985883202141183e+00 7.675527307733958672e-03
8.422110552763820124e+02 1.841987727704174738e+00 7.674820134731834796e-03
8.472361809045225982e+02 1.841989538559512418e+00 7.674131955001136166e-03
8.522613065326634114e+02 1.841991316600448902e+00 7.673461996528232673e-03
8.572864321608039972e+02 1.841993062632636180e+00 7.672809528915947551e-03
8.623115577889448105e+02 1.841994777436171571e+00 7.672173860654828668e-03
8.673366834170853963e+02 1.841996461766627569e+00 7.671554336535736478e-03
8.723618090452262095e+02 1.841998116356030168e+00 7.670950335334332515e-03
8.773869346733667953e+02 1.841999741913787236e+00 7.670361267594136626e-03
8.824120603015076085e+02 1.842001339127571136e+00 7.669786573667638184e-03
8.874371859296483080e+02 1.842002908664156058e+00 7.669225721798624343e-03
8.924623115577890076e+02 1.842004451170218049e+00 7.668678206448564794e-03
8.974874371859297071e+02 1.842005967273093514e+00 7.668143546650157093e-03
9.025125628140704066e+02 1.842007457581504415e+00 7.667621284605343097e-03
9.075376884422111061e+02 1.842008922686247052e+00 7.667110984194975935e-03
9.125628140703518056e+02 1.842010363160851982e+00 7.666612229820162633e-03
9.175879396984925052e+02 1.842011779562212404e+00 7.666124625126549338e-03
9.226130653266332047e+02 1.842013172431183454e+00 7.665647791944708855e-03
9.276381909547739042e+02 1.842014542293155532e+00 7.665181369200553020e-03
9.326633165829146037e+02 1.842015889658603855e+00 7.664725012042069435e-03
9.376884422110553032e+02 1.842017215023611376e+00 7.664278390834869739e-03
9.427135678391960028e+02 1.842018518870371935e+00 7.663841190417684454e-03
9.477386934673367023e+02 1.842019801667668988e+00 7.663413109241280947e-03
9.527638190954774018e+02 1.842021063871336350e+00 7.662993858695058523e-03
9.577889447236181013e+02 1.842022305924699177e+00 7.662583162389600619e-03
9.628140703517588008e+02 1.842023528258996068e+00 7.662180755482140594e-03
9.678391959798995003e+02 1.842024731293784079e+00 7.661786384146427632e-03
9.728643216080401999e+02 1.842025915437328187e+00 7.661399804940715805e-03
9.778894472361808994e+02 1.842027081086973661e+00 7.661020784320228712e-03
9.829145728643217126e+02 1.842028228629503328e+00 7.660649098105777252e-03
9.879396984924624121e+02 1.842029358441483744e+00 7.660284531053456261e-03
9.929648241206031116e+02 1.842030470889592708e+00 7.659926876337068077e-03
9.979899497487438111e+02 1.842031566330939008e+00 7.659575935233135791e-03
1.003015075376884511e+03 1.842032645113366396e+00 7.659231516660721002e-03
1.008040201005025210e+03 1.842033707575748247e+00 7.658893436822427139e-03
1.013065326633165910e+03 1.842034754048267997e+00 7.658561518888658097e-03
1.018090452261306609e+03 1.842035784852692704e+00 7.658235592623680379e-03
1.023115577889447309e+03 1.842036800302633726e+00 7.657915494127437266e-03
1.028140703517588008e+03 1.842037800703798966e+00 7.657601065504708419e-03
1.033165829145728821e+03 1.842038786354233793e+00 7.657292154592066150e-03
1.038190954773869407e+03 1.842039757544557066e+00 7.656988614713677518e-03
1.043216080402009993e+03 1.842040714558184300e+00 7.656690304422453242e-03
1.048241206030150806e+03 1.842041657671545263e+00 7.656397087299053085e-03
1.053266331658291620e+03 1.842042587154293143e+00 7.656108831678268799e-03
1.058291457286432205e+03 1.842043503269506388e+00 7.655825410433267017e-03
1.063316582914572791e+03 1.842044406273882995e+00 7.655546700890253006e-03
1.068341708542713604e+03 1.842045296417927913e+00 7.655272584481988274e-03
1.073366834170854418e+03 1.842046173946135346e+00 7.655002946691247256e-03
1.078391959798995003e+03 1.842047039097161720e+00 7.654737676820164149e-03
1.083417085427135589e+03 1.842047892103996443e+00 7.654476667817492613e-03
1.088442211055276402e+03 1.842048733194123766e+00 7.654219816207318179e-03
1.093467336683417216e+03 1.842049562589680223e+00 7.653967021872659302e-03
1.098492462311557802e+03 1.842050380507607388e+00 7.653718187911512198e-03
1.103517587939698387e+03 1.842051187159799097e+00 7.653473220550851067e-03
1.108542713567839201e+03 1.842051982753241335e+00 7.653232029002554095e-03
1.113567839195980014e+03 1.842052767490152787e+00 7.652994525319260083e-03
1.118592964824120827e+03 1.842053541568115405e+00 7.652760624322709621e-03
1.123618090452261413e+03 1.842054305180203411e+00 7.652530243474011187e-03
1.128643216080401999e+03 1.842055058515107868e+00 7.652303302787374223e-03
1.133668341708542812e+03 1.842055801757256361e+00 7.652079724685775797e-03
1.138693467336683625e+03 1.842056535086929570e+00 7.651859433987147872e-03
1.143718592964824211e+03 1.842057258680373844e+00 7.651642357701921200e-03
1.148743718592964797e+03 1.842057972709909786e+00 7.651428425077183570e-03
1.153768844221105610e+03 1.842058677344038831e+00 7.651217567437674193e-03
1.158793969849246423e+03 1.842059372747543611e+00 7.651009718099289515e-03
1.163819095477387009e+03 1.842060059081588319e+00 7.650804812355110028e-03
1.168844221105527595e+03 1.842060736503814411e+00 7.650602787330807592e-03
1.173869346733668408e+03 1.842061405168431865e+00 7.650403581970616727e-03
1.178894472361809221e+03 1.842062065226311995e+00 7.650207136965241246e-03
1.183919597989949807e+03 1.842062716825071833e+00 7.650013394650705990e-03
1.188944723618090393e+03 1.842063360109160053e+00 7.649822299037807236e-03
1.193969849246231206e+03 1.842063995219939354e+00 7.649633795638351511e-03
1.198994974874372019e+03 1.842064622295764398e+00 7.649447831494562630e-03
1.204020100502512605e+03 1.842065241472059967e+00 7.649264355077847570e-03
1.209045226130653191e+03 1.842065852881395127e+00 7.649083316318168804e-03
1.214070351758794004e+03 1.842066456653556505e+00 7.648904666430202462e-03
1.219095477386934817e+03 1.842067052915617120e+00 7.648728357971703098e-03
1.224120603015075403e+03 1.842067641792006327e+00 7.648554344771235115e-03
1.229145728643215989e+03 1.842068223404575544e+00 7.648382581884906155e-03
1.234170854271356802e+03 1.842068797872660646e+00 7.648213025509546792e-03
1.239195979899497615e+03 1.842069365313147689e+00 7.648045633011998738e-03
1.244221105527638429e+03 1.842069925840531086e+00 7.647880362885817011e-03
1.249246231155779014e+03 1.842070479566972674e+00 7.647717174649886623e-03
1.254271356783919600e+03 1.842071026602359884e+00 7.647556028892201797e-03
1.259296482412060413e+03 1.842071567054360148e+00 7.647396887168457502e-03
1.264321608040201227e+03 1.842072101028475517e+00 7.647239712045813056e-03
1.269346733668341813e+03 1.842072628628094400e+00 7.647084466986942344e-03
1.274371859296482398e+03 1.842073149954543299e+00 7.646931116393778337e-03
1.279396984924623212e+03 1.842073665107135216e+00 7.646779625564141536e-03
1.284422110552764025e+03 1.842074174183218727e+00 7.646629960575758098e-03
1.289447236180904611e+03 1.842074677278223938e+00 7.646482088417097880e-03
1.294472361809045196e+03 1.842075174485708011e+00 7.646335976827824121e-03
1.299497487437186010e+03 1.842075665897400238e+00 7.646191594342496324e-03
1.304522613065326823e+03 1.842076151603243117e+00 7.646048910261687113e-03
1.309547738693467409e+03 1.842076631691436317e+00 7.645907894579509825e-03
1.314572864321607994e+03 1.842077106248475316e+00 7.645768518041841898e-03
1.319597989949748808e+03 1.842077575359192254e+00 7.645630752030283146e-03
1.324623115577889621e+03 1.842078039106793685e+00 7.645494568678446422e-03
1.329648241206030207e+03 1.842078497572898321e+00 7.645359940668785062e-03
1.334673366834170793e+03 1.842078950837573670e+00 7.645226841377910677e-03
1.339698492462311606e+03 1.842079398979370231e+00 7.645095244775058051e-03
1.344723618090452419e+03 1.842079842075357465e+00 7.644965125422184885e-03
1.349748743718593005e+03 1.842080280201156439e+00 7.644836458474075884e-03
1.354773869346733591e+03 1.842080713430972461e+00 7.644709219605823509e-03
1.359798994974874404e+03 1.842081141837628167e+00 7.644583385085535442e-03
1.364824120603015217e+03 1.842081565492592610e+00 7.644458931687287892e-03
1.369849246231156030e+03 1.842081984466011901e+00 7.644335836662160058e-03
1.374874371859296616e+03 1.842082398826739853e+00 7.644214077810936384e-03
1.379899497487437202e+03 1.842082808642365954e+00 7.644093633440615307e-03
1.384924623115578015e+03 1.842083213979242018e+00 7.643974482262818650e-03
1.389949748743718828e+03 1.842083614902511046e+00 7.643856603510054519e-03
1.394974874371859414e+03 1.842084011476132321e+00 7.643739976790548708e-03
1.400000000000000000e+03 1.842084403762908718e+00 7.643624582233552074e-03
