4.000000000000000000e+02 1.819597021376046397e+00 1.384542631717834357e-02
4.050251256281406995e+02 1.819661894066759267e+00 1.382669968511299370e-02
4.100502512562813990e+02 1.819725519054087748e+00 1.380326409018919898e-02
4.150753768844220986e+02 1.819788061423201597e+00 1.377467027988164838e-02
4.201005025125627981e+02 1.819849700653446201e+00 1.374035748125551452e-02
4.251256281407034976e+02 1.819910634832113239e+00 1.369962668036182885e-02
4.301507537688441971e+02 1.819971086062758703e+00 1.365160535066563263e-02
4.351758793969848966e+02 1.820031307440203472e+00 1.359520054314762236e-02
4.402010050251256530e+02 1.820091592078243448e+00 1.352903602432340389e-02
4.452261306532663525e+02 1.820152284803732146e+00 1.345136745606300907e-02
4.502512562814070520e+02 1.820213797237536735e+00 1.335996737218817648e-02
4.552763819095477515e+02 1.820276626966111033e+00 1.325196902753220801e-02
4.603015075376884511e+02 1.820341381093363742e+00 1.312365583284541559e-02
4.653266331658291506e+02 1.820408802960021832e+00 1.297018375347508412e-02
4.703517587939698501e+02 1.820479796542074036e+00 1.278523591719943862e-02
4.753768844221105496e+02 1.820555432057019418e+00 1.256065445243631680e-02
4.804020100502512491e+02 1.820636890189005985e+00 1.228623267308320659e-02
4.854271356783919487e+02 1.820725246798726271e+00 1.195021226201191215e-02
4.904522613065327050e+02 1.820820909241685381e+00 1.154181323241304513e-02
4.954773869346734045e+02 1.820922481762865086e+00 1.105815452026395578e-02
5.005025125628141041e+02 1.821025287351020205e+00 1.051671036269421003e-02
5.055276381909548036e+02 1.821121249521129526e+00 9.964714675244342595e-03
5.105527638190955031e+02 1.821202391020443789e+00 9.464688960501179207e-03
5.155778894472362026e+02 1.821265576529611740e+00 9.058307222645950105e-03
5.206030150753769021e+02 1.821312870823251329e+00 8.750038608427353551e-03
5.256281407035176017e+02 1.821348331407076859e+00 8.522215722287949588e-03
5.306532663316583012e+02 1.821375609467161594e+00 8.353415351419620286e-03
5.356783919597990007e+02 1.821397316160658697e+00 8.226277601267614412e-03
5.407035175879397002e+02 1.821415176616369758e+00 8.128473611006438795e-03
5.457286432160803997e+02 1.821430311843439176e+00 8.051604017238441977e-03
5.507537688442210992e+02 1.821443457937358845e+00 7.989970023681784717e-03
5.557788944723617988e+02 1.821455108710613890e+00 7.939659249160579274e-03
5.608040201005024983e+02 1.821465603850183079e+00 7.897936715848121597e-03
5.658291457286431978e+02 1.821475183040773160e+00 7.862851956840936907e-03
5.708542713567838973e+02 1.821484019577380042e+00 7.832986122492082565e-03
5.758793969849245968e+02 1.821492241639860010e+00 7.807287484421906662e-03
5.809045226130654100e+02 1.821499946052686392e+00 7.784962721412004225e-03
5.859296482412059959e+02 1.821507207382338400e+00 7.765403771722370618e-03
5.909547738693468091e+02 1.821514084081760743e+00 7.748137708875801367e-03
5.959798994974873949e+02 1.821520622724962735e+00 7.732791777626059175e-03
6.010050251256282081e+02 1.821526860980945184e+00 7.719068588735365083e-03
6.060301507537687939e+02 1.821532829739163084e+00 7.706728238685817134e-03
6.110552763819096072e+02 1.821538554653449493e+00 7.695575228210098893e-03
6.160804020100503067e+02 1.821544057280485740e+00 7.685448758824571860e-03
6.211055276381910062e+02 1.821549355931070258e+00 7.676215442061999107e-03
6.261306532663317057e+02 1.821554466314913023e+00 7.667763755807664033e-03
6.311557788944724052e+02 1.821559402034943709e+00 7.659999782524695017e-03
6.361809045226131047e+02 1.821564174970522032e+00 7.652843898771903575e-03
6.412060301507538043e+02 1.821568795577642064e+00 7.646228179049291591e-03
6.462311557788945038e+02 1.821573273126433357e+00 7.640094341814049339e-03
6.512562814070352033e+02 1.821577615890785706e+00 7.634392110470873162e-03
6.562814070351759028e+02 1.821581831301071208e+00 7.629077895653283911e-03
6.613065326633166023e+02 1.821585926068150840e+00 7.624113727690266622e-03
6.663316582914573019e+02 1.821589906284850180e+00 7.619466386297599030e-03
6.713567839195980014e+02 1.821593777509603607e+00 7.615106685957420164e-03
6.763819095477387009e+02 1.821597544835884319e+00 7.611008885963006787e-03
6.814070351758794004e+02 1.821601212950218374e+00 7.607150200386493880e-03
6.864321608040200999e+02 1.821604786180962554e+00 7.603510389069795435e-03
6.914572864321607994e+02 1.821608268539569364e+00 7.600071414191984440e-03
6.964824120603016127e+02 1.821611663755690280e+00 7.596817150741455409e-03
7.015075376884421985e+02 1.821614975307209727e+00 7.593733141372692279e-03
7.065326633165830117e+02 1.821618206446066868e+00 7.590806387586814495e-03
7.115577889447235975e+02 1.821621360220579966e+00 7.588025171628277540e-03
7.165829145728644107e+02 1.821624439494828662e+00 7.585378903480514620e-03
7.216080402010049966e+02 1.821627446965568886e+00 7.582857989396044399e-03
7.266331658291458098e+02 1.821630385177053224e+00 7.580453718107327959e-03
7.316582914572863956e+02 1.821633256534075818e+00 7.578158162354422210e-03
7.366834170854272088e+02 1.821636063313500475e+00 7.575964093135768331e-03
7.417085427135677946e+02 1.821638807674485383e+00 7.573864905020394160e-03
7.467336683417086078e+02 1.821641491667590262e+00 7.571854550741699899e-03
7.517587939698491937e+02 1.821644117242913419e+00 7.569927483749161988e-03
7.567839195979900069e+02 1.821646686257390124e+00 7.568078607838850218e-03
7.618090452261307064e+02 1.821649200481357367e+00 7.566303232579734035e-03
7.668341708542714059e+02 1.821651661604480221e+00 7.564597033935221114e-03
7.718592964824121054e+02 1.821654071241116668e+00 7.562956019386296407e-03
7.768844221105528050e+02 1.821656430935187698e+00 7.561376496975626312e-03
7.819095477386935045e+02 1.821658742164612210e+00 7.559855047585607203e-03
7.869346733668342040e+02 1.821661006345354439e+00 7.558388500465086993e-03
7.919597989949749035e+02 1.821663224835128547e+00 7.556973911077514462e-03
7.969849246231156030e+02 1.821665398936797686e+00 7.555608541442416191e-03
8.020100502512563025e+02 1.821667529901497939e+00 7.554289842406317936e-03
8.070351758793970021e+02 1.821669618931518020e+00 7.553015437703683790e-03
8.120603015075377016e+02 1.821671667182959364e+00 7.551783109608588979e-03
8.170854271356784011e+02 1.821673675768196388e+00 7.550590786035696854e-03
8.221105527638192143e+02 1.821675645758158213e+00 7.549436528742430562e-03
8.271356783919598001e+02 1.821677578184446755e+00 7.548318522798090451e-03
8.321608040201006133e+02 1.821679474041310476e+00 7.547235066926446384e-03
8.371859296482411992e+02 1.821681334287480469e+00 7.546184564857154158e-03
8.422110552763820124e+02 1.821683159847886202e+00 7.545165517232622562e-03
8.472361809045225982e+02 1.821684951615260006e+00 7.544176514543321672e-03
8.522613065326634114e+02 1.821686710451638547e+00 7.543216230416784768e-03
8.572864321608039972e+02 1.821688437189770804e+00 7.542283415600346125e-03
8.623115577889448105e+02 1.821690132634439685e+00 7.541376892477298470e-03
8.673366834170853963e+02 1.821691797563705917e+00 7.540495550044194577e-03
8.723618090452262095e+02 1.821693432730075557e+00 7.539638339217913723e-03
8.773869346733667953e+02 1.821695038861603999e+00 7.538804268591265192e-03
8.824120603015076085e+02 1.821696616662934254e+00 7.537992400593892563e-03
8.874371859296483080e+02 1.821698166816279052e+00 7.537201847808896321e-03
8.924623115577890076e+02 1.821699689982348991e+00 7.536431769755128247e-03
8.974874371859297071e+02 1.821701186801230055e+00 7.535681369723368911e-03
9.025125628140704066e+02 1.821702657893215616e+00 7.534949892094103437e-03
9.075376884422111061e+02 1.821704103859593582e+00 7.534236619577575587e-03
9.125628140703518056e+02 1.821705525283395577e+00 7.533540870980576752e-03
9.175879396984925052e+02 1.821706922730105038e+00 7.532861998763662123e-03
9.226130653266332047e+02 1.821708296748334455e+00 7.532199387214291719e-03
9.276381909547739042e+02 1.821709647870464188e+00 7.531552450337289546e-03
9.326633165829146037e+02 1.821710976613253985e+00 7.530920630155522356e-03
9.376884422110553032e+02 1.821712283478424732e+00 7.530303395037857804e-03
9.427135678391960028e+02 1.821713568953212459e+00 7.529700238187278342e-03
9.477386934673367023e+02 1.821714833510895026e+00 7.529110676171394366e-03
9.527638190954774018e+02 1.821716077611297946e+00 7.528534247628223403e-03
9.577889447236181013e+02 1.821717301701274438e+00 7.527970511955717550e-03
9.628140703517588008e+02 1.821718506215165290e+00 7.527419048250591493e-03
9.678391959798995003e+02 1.821719691575237832e+00 7.526879454083674516e-03
9.728643216080401999e+02 1.821720858192106274e+00 7.526351344687078060e-03
9.778894472361808994e+02 1.821722006465133825e+00 7.525834351771574018e-03
9.829145728643217126e+02 1.821723136782815944e+00 7.525328122815007695e-03
9.879396984924624121e+02 1.821724249523150707e+00 7.524832320172840892e-03
9.929648241206031116e+02 1.821725345053989642e+00 7.524346620276387010e-03
9.979899497487438111e+02 1.821726423733378120e+00 7.523870712963087216e-03
1.003015075376884511e+03 1.821727485909877764e+00 7.523404300702827251e-03
1.008040201005025210e+03 1.821728531922879091e+00 7.522947098059709972e-03
1.013065326633165910e+03 1.821729562102899935e+00 7.522498830976177484e-03
1.018090452261306609e+03 1.821730576771871446e+00 7.522059236307472065e-03
1.023115577889447309e+03 1.821731576243414086e+00 7.521628061208034122e-03
1.028140703517588008e+03 1.821732560823102975e+00 7.521205062679783664e-03
1.033165829145728821e+03 1.821733530808721246e+00 7.520790007060961478e-03
1.038190954773869407e+03 1.821734486490504734e+00 7.520382669617894054e-03
1.043216080402009993e+03 1.821735428151377789e+00 7.519982834047835712e-03
1.048241206030150806e+03 1.821736356067179319e+00 7.519590292188160427e-03
1.053266331658291620e+03 1.821737270506881057e+00 7.519204843577611229e-03
1.058291457286432205e+03 1.821738171732796729e+00 7.518826295061558675e-03
1.063316582914572791e+03 1.821739060000784338e+00 7.518454460544631880e-03
1.068341708542713604e+03 1.821739935560440893e+00 7.518089160610236417e-03
1.073366834170854418e+03 1.821740798655290039e+00 7.517730222287493345e-03
1.078391959798995003e+03 1.821741649522962581e+00 7.517377478640770681e-03
1.083417085427135589e+03 1.821742488395370563e+00 7.517030768654356376e-03
1.088442211055276402e+03 1.821743315498876248e+00 7.516689936880682418e-03
1.093467336683417216e+03 1.821744131054453542e+00 7.516354833176962583e-03
1.098492462311557802e+03 1.821744935277844313e+00 7.516025312574614592e-03
1.103517587939698387e+03 1.821745728379710716e+00 7.515701235015609036e-03
1.108542713567839201e+03 1.821746510565779298e+00 7.515382465073888393e-03
1.113567839195980014e+03 1.821747282036982885e+00 7.515068871883474888e-03
1.118592964824120827e+03 1.821748042989596028e+00 7.514760328844868539e-03
1.123618090452261413e+03 1.821748793615367346e+00 7.514456713552926902e-03
1.128643216080401999e+03 1.821749534101645196e+00 7.514157907517814844e-03
1.133668341708542812e+03 1.821750264631501359e+00 7.513863796048358273e-03
1.138693467336683625e+03 1.821750985383849386e+00 7.513574268150087498e-03
1.143718592964824211e+03 1.821751696533558729e+00 7.513289216304999338e-03
1.148743718592964797e+03 1.821752398251567095e+00 7.513008536384211192e-03
1.153768844221105610e+03 1.821753090704986811e+00 7.512732127516211396e-03
1.158793969849246423e+03 1.821753774057208064e+00 7.512459891881156579e-03
1.163819095477387009e+03 1.821754448468001053e+00 7.512191734682420463e-03
1.168844221105527595e+03 1.821755114093611905e+00 7.511927564029429773e-03
1.173869346733668408e+03 1.821755771086857045e+00 7.511667290761314848e-03
1.178894472361809221e+03 1.821756419597215126e+00 7.511410828418297984e-03
1.183919597989949807e+03 1.821757059770914733e+00 7.511158093050451443e-03
1.188944723618090393e+03 1.821757691751020314e+00 7.510909003233329911e-03
1.193969849246231206e+03 1.821758315677514117e+00 7.510663479906191931e-03
1.198994974874372019e+03 1.821758931687377681e+00 7.510421446284078900e-03
1.204020100502512605e+03 1.821759539914669324e+00 7.510182827799414748e-03
1.209045226130653191e+03 1.821760140490598978e+00 7.509947552028791058e-03
1.214070351758794004e+03 1.821760733543602351e+00 7.509715548590144805e-03
1.219095477386934817e+03 1.821761319199410867e+00 7.509486749084253940e-03
1.224120603015075403e+03 1.821761897581120726e+00 7.509261087021410624e-03
1.229145728643215989e+03 1.821762468809260849e+00 7.509038497762857839e-03
1.234170854271356802e+03 1.821763033001854826e+00 7.508818918432616854e-03
1.239195979899497615e+03 1.821763590274487088e+00 7.508602287888434951e-03
1.244221105527638429e+03 1.821764140740361304e+00 7.508388546663133552e-03
1.249246231155779014e+03 1.821764684510360555e+00 7.508177636861571719e-03
1.254271356783919600e+03 1.821765221693104175e+00 7.507969502146306928e-03
1.259296482412060413e+03 1.821765752395005045e+00 7.507764087723235030e-03
1.264321608040201227e+03 1.821766276720321542e+00 7.507561340179334623e-03
1.269346733668341813e+03 1.821766794771211506e+00 7.507361207527416848e-03
1.274371859296482398e+03 1.821767306647783080e+00 7.507163639162128463e-03
1.279396984924623212e+03 1.821767812448143786e+00 7.506968585742003659e-03
1.284422110552764025e+03 1.821768312268449375e+00 7.506775999234160078e-03
1.289447236180904611e+03 1.821768806202950230e+00 7.506585832796312460e-03
1.294472361809045196e+03 1.821769294344036894e+00 7.506398040821446981e-03
1.299497487437186010e+03 1.821769776782284689e+00 7.506212578790215362e-03
1.304522613065326823e+03 1.821770253606495693e+00 7.506029403345170631e-03
1.309547738693467409e+03 1.821770724903741812e+00 7.505848472202289283e-03
1.314572864321607994e+03 1.821771190759404746e+00 7.505669744106857263e-03
1.319597989949748808e+03 1.821771651257215296e+00 7.505493178818925179e-03
1.324623115577889621e+03 1.821772106479291997e+00 7.505318737083961113e-03
1.329648241206030207e+03 1.821772556506178420e+00 7.505146380618281550e-03
1.334673366834170793e+03 1.821773001416880255e+00 7.504976072020520632e-03
1.339698492462311606e+03 1.821773441288899731e+00 7.504807774831000200e-03
1.344723618090452419e+03 1.821773876198270026e+00 7.504641453413589056e-03
1.349748743718593005e+03 1.821774306219589468e+00 7.504477073029861521e-03
1.354773869346733591e+03 1.821774731426053506e+00 7.504314599691338898e-03
1.359798994974874404e+03 1.821775151889486910e+00 7.504154000233639356e-03
1.364824120603015217e+03 1.821775567680374408e+00 7.503995242287051816e-03
1.369849246231156030e+03 1.821775978867890888e+00 7.503838294217525864e-03
1.374874371859296616e+03 1.821776385519930042e+00 7.503683125052847992e-03
1.379899497487437202e+03 1.821776787703134115e+00 7.503529704645537333e-03
1.384924623115578015e+03 1.821777185482920336e+00 7.503378003451058667e-03
1.389949748743718828e+03 1.821777578923509333e+00 7.503227992587141286e-03
1.394974874371859414e+03 1.821777968087950006e+00 7.503079643863501749e-03
1.400000000000000000e+03 1.821778353038146392e+00 7.502932929678398852e-03
