4.000000000000000000e+02 1.848209032805208984e+00 1.249053373742818954e-02
4.050251256281406995e+02 1.848279509624016992e+00 1.242960553016995463e-02
4.100502512562813990e+02 1.848350282264110023e+00 1.235702863589915532e-02
4.150753768844220986e+02 1.848421800404116855e+00 1.227071596484859313e-02
4.201005025125627981e+02 1.848494597158851560e+00 1.216800334778735983e-02
4.251256281407034976e+02 1.848569307194006139e+00 1.204548043760124594e-02
4.301507537688441971e+02 1.848646682980573885e+00 1.189878383376569496e-02
4.351758793969848966e+02 1.848727599735528138e+00 1.172237287113731333e-02
4.402010050251256530e+02 1.848813026465234932e+00 1.150936586038156691e-02
4.452261306532663525e+02 1.848903913802893539e+00 1.125165645380639921e-02
4.502512562814070520e+02 1.849000903534236961e+00 1.094083670254150306e-02
4.552763819095477515e+02 1.849103719631485010e+00 1.057095795162163281e-02
4.603015075376884511e+02 1.849210182348394405e+00 1.014439095438786180e-02
4.653266331658291506e+02 1.849315311371221737e+00 9.679974786140254500e-03
4.703517587939698501e+02 1.849411944418798859e+00 9.215939042188382377e-03
4.753768844221105496e+02 1.849493843822919814e+00 8.796784362606646299e-03
4.804020100502512491e+02 1.849558876598252466e+00 8.450751356376618589e-03
4.854271356783919487e+02 1.849608903998183340e+00 8.181344056960684549e-03
4.904522613065327050e+02 1.849647399238564471e+00 7.976764517092791232e-03
4.954773869346734045e+02 1.849677618187726802e+00 7.821597017501414825e-03
5.005025125628141041e+02 1.849702009926206925e+00 7.702538667937445030e-03
5.055276381909548036e+02 1.849722267464572578e+00 7.609636297648418417e-03
5.105527638190955031e+02 1.849739532277274723e+00 7.535822735274290418e-03
5.155778894472362026e+02 1.849754576022850205e+00 7.476145973639714004e-03
5.206030150753769021e+02 1.849767928323203137e+00 7.427119934659047462e-03
5.256281407035176017e+02 1.849779960129484202e+00 7.386259235419790486e-03
5.306532663316583012e+02 1.849790936993353840e+00 7.351763566306359320e-03
5.356783919597990007e+02 1.849801053178115495e+00 7.322306842473232449e-03
5.407035175879397002e+02 1.849810453771608687e+00 7.296896086777642128e-03
5.457286432160803997e+02 1.849819249263417120e+00 7.274776045243283237e-03
5.507537688442210992e+02 1.849827525332651490e+00 7.255363836661078009e-03
5.557788944723617988e+02 1.849835349543083041e+00 7.238203504135691871e-03
5.608040201005024983e+02 1.849842776006229927e+00 7.222933921927415443e-03
5.658291457286431978e+02 1.849849848685478415e+00 7.209265791591490564e-03
5.708542713567838973e+02 1.849856603775527519e+00 7.196964915179575491e-03
5.758793969849245968e+02 1.849863071442145124e+00 7.185839866288030314e-03
5.809045226130654100e+02 1.849869277112381249e+00 7.175732785831689421e-03
5.859296482412059959e+02 1.849875242444157575e+00 7.166512427774099879e-03
5.909547738693468091e+02 1.849880986063971777e+00 7.158068845703076215e-03
5.959798994974873949e+02 1.849886524134708443e+00 7.150309290261395306e-03
6.010050251256282081e+02 1.849891870797439442e+00 7.143155010446221136e-03
6.060301507537687939e+02 1.849897038518687475e+00 7.136538736835278986e-03
6.110552763819096072e+02 1.849902038366003199e+00 7.130402684166979241e-03
6.160804020100503067e+02 1.849906880228629813e+00 7.124696953416796708e-03
6.211055276381910062e+02 1.849911572995702524e+00 7.119378243892486059e-03
6.261306532663317057e+02 1.849916124701317610e+00 7.114408807856933276e-03
6.311557788944724052e+02 1.849920542643530119e+00 7.109755596240220979e-03
6.361809045226131047e+02 1.849924833482675224e+00 7.105389556340573586e-03
6.412060301507538043e+02 1.849929003323164567e+00 7.101285050785800627e-03
6.462311557788945038e+02 1.849933057781980139e+00 7.097419374473811979e-03
6.512562814070352033e+02 1.849937002046390555e+00 7.093772350655007559e-03
6.562814070351759028e+02 1.849940840922872809e+00 7.090325991463531687e-03
6.613065326633166023e+02 1.849944578878817358e+00 7.087064211520568112e-03
6.663316582914573019e+02 1.849948220078274641e+00 7.083972584852590848e-03
6.713567839195980014e+02 1.849951768412754438e+00 7.081038138155280187e-03
6.763819095477387009e+02 1.849955227527893875e+00 7.078249173856745839e-03
6.814070351758794004e+02 1.849958600846659529e+00 7.075595118272399314e-03
6.864321608040200999e+02 1.849961891589625873e+00 7.073066390903771407e-03
6.914572864321607994e+02 1.849965102792777261e+00 7.070654291376226967e-03
6.964824120603016127e+02 1.849968237323199816e+00 7.068350901386419652e-03
7.015075376884421985e+02 1.849971297892969657e+00 7.066148999396255383e-03
7.065326633165830117e+02 1.849974287071492141e+00 7.064041986260147406e-03
7.115577889447235975e+02 1.849977207296507054e+00 7.062023819986940933e-03
7.165829145728644107e+02 1.849980060883931854e+00 7.060088958610010769e-03
7.216080402010049966e+02 1.849982850036707038e+00 7.058232309829959653e-03
7.266331658291458098e+02 1.849985576852757774e+00 7.056449186635711454e-03
7.316582914572863956e+02 1.849988243332191917e+00 7.054735268024337445e-03
7.366834170854272088e+02 1.849990851383819912e+00 7.053086564138601362e-03
7.417085427135677946e+02 1.849993402831083822e+00 7.051499385404184396e-03
7.467336683417086078e+02 1.849995899417456124e+00 7.049970314882740563e-03
7.517587939698491937e+02 1.849998342811375540e+00 7.048496183793579763e-03
7.567839195979900069e+02 1.850000734610763864e+00 7.047074049367057710e-03
7.618090452261307064e+02 1.850003076347176423e+00 7.045701175277080744e-03
7.668341708542714059e+02 1.850005369489616580e+00 7.044375013859031399e-03
7.718592964824121054e+02 1.850007615448055587e+00 7.043093190262903792e-03
7.768844221105528050e+02 1.850009815576682426e+00 7.041853488044351288e-03
7.819095477386935045e+02 1.850011971176914072e+00 7.040653836278319179e-03
7.869346733668342040e+02 1.850014083500184814e+00 7.039492297853577364e-03
7.919597989949749035e+02 1.850016153750540404e+00 7.038367058857855456e-03
7.969849246231156030e+02 1.850018183087048351e+00 7.037276418962709439e-03
8.020100502512563025e+02 1.850020172626049231e+00 7.036218782700963403e-03
8.070351758793970021e+02 1.850022123443253452e+00 7.035192651576460329e-03
8.120603015075377016e+02 1.850024036575705244e+00 7.034196616787666452e-03
8.170854271356784011e+02 1.850025913023619184e+00 7.033229352630306248e-03
8.221105527638192143e+02 1.850027753752102599e+00 7.032289610454651833e-03
8.271356783919598001e+02 1.850029559692771830e+00 7.031376213210646826e-03
8.321608040201006133e+02 1.850031331745271457e+00 7.030488050377080647e-03
8.371859296482411992e+02 1.850033070778704491e+00 7.029624073307550944e-03
8.422110552763820124e+02 1.850034777632976413e+00 7.028783290994333917e-03
8.472361809045225982e+02 1.850036453120067481e+00 7.027964766187953620e-03
8.522613065326634114e+02 1.850038098025228228e+00 7.027167611794318293e-03
8.572864321608039972e+02 1.850039713108112549e+00 7.026390987534341173e-03
8.623115577889448105e+02 1.850041299103848402e+00 7.025634096961514558e-03
8.673366834170853963e+02 1.850042856724050555e+00 7.024896184553617272e-03
8.723618090452262095e+02 1.850044386657780260e+00 7.024176533226687662e-03
8.773869346733667953e+02 1.850045889572455415e+00 7.023474461781841968e-03
8.824120603015076085e+02 1.850047366114713876e+00 7.022789322791060142e-03
8.874371859296483080e+02 1.850048816911233240e+00 7.022120500527211442e-03
8.924623115577890076e+02 1.850050242569510228e+00 7.021467408986010843e-03
8.974874371859297071e+02 1.850051643678600977e+00 7.020829490126662478e-03
9.025125628140704066e+02 1.850053020809826698e+00 7.020206212252437170e-03
9.075376884422111061e+02 1.850054374517443145e+00 7.019597068468150236e-03
9.125628140703518056e+02 1.850055705339282319e+00 7.019001575198923620e-03
9.175879396984925052e+02 1.850057013797360650e+00 7.018419270881114114e-03
9.226130653266332047e+02 1.850058300398460531e+00 7.017849714778165091e-03
9.276381909547739042e+02 1.850059565634686765e+00 7.017292485763343239e-03
9.326633165829146037e+02 1.850060809983993471e+00 7.016747181196011582e-03
9.376884422110553032e+02 1.850062033910693682e+00 7.016213416018155999e-03
9.427135678391960028e+02 1.850063237865941845e+00 7.015690821691577400e-03
9.477386934673367023e+02 1.850064422288196342e+00 7.015179045434669775e-03
9.527638190954774018e+02 1.850065587603662021e+00 7.014677749284192396e-03
9.577889447236181013e+02 1.850066734226716969e+00 7.014186609330229014e-03
9.628140703517588008e+02 1.850067862560314413e+00 7.013705315124462401e-03
9.678391959798995003e+02 1.850068972996375072e+00 7.013233568771152365e-03
9.728643216080401999e+02 1.850070065916157303e+00 7.012771084444795883e-03
9.778894472361808994e+02 1.850071141690616594e+00 7.012317587780550476e-03
9.829145728643217126e+02 1.850072200680747958e+00 7.011872815216584932e-03
9.879396984924624121e+02 1.850073243237913889e+00 7.011436513541703316e-03
9.929648241206031116e+02 1.850074269704161889e+00 7.011008439331658723e-03
9.979899497487438111e+02 1.850075280412526002e+00 7.010588358543356352e-03
1.003015075376884511e+03 1.850076275687320138e+00 7.010176046013630313e-03
1.008040201005025210e+03 1.850077255844416069e+00 7.009771285052645261e-03
1.013065326633165910e+03 1.850078221191513661e+00 7.009373867036939806e-03
1.018090452261306609e+03 1.850079172028400221e+00 7.008983591065495039e-03
1.023115577889447309e+03 1.850080108647198074e+00 7.008600263583819080e-03
1.028140703517588008e+03 1.850081031332605042e+00 7.008223698071105318e-03
1.033165829145728821e+03 1.850081940362124255e+00 7.007853714616233028e-03
1.038190954773869407e+03 1.850082836006286868e+00 7.007490139842039757e-03
1.043216080402009993e+03 1.850083718528865662e+00 7.007132806354107735e-03
1.048241206030150806e+03 1.850084588187079770e+00 7.006781552664605173e-03
1.053266331658291620e+03 1.850085445231795189e+00 7.006436222894140212e-03
1.058291457286432205e+03 1.850086289907713288e+00 7.006096666457573008e-03
1.063316582914572791e+03 1.850087122453557775e+00 7.005762737923955027e-03
1.068341708542713604e+03 1.850087943102250776e+00 7.005434296749544695e-03
1.073366834170854418e+03 1.850088752081084253e+00 7.005111207089900413e-03
1.078391959798995003e+03 1.850089549611886763e+00 7.004793337611842606e-03
1.083417085427135589e+03 1.850090335911181549e+00 7.004480561273582727e-03
1.088442211055276402e+03 1.850091111190341309e+00 7.004172755183974731e-03
1.093467336683417216e+03 1.850091875655736962e+00 7.003869800398252257e-03
1.098492462311557802e+03 1.850092629508881092e+00 7.003571581840474340e-03
1.103517587939698387e+03 1.850093372946566506e+00 7.003277988003938671e-03
1.108542713567839201e+03 1.850094106161000784e+00 7.002988910952692540e-03
1.113567839195980014e+03 1.850094829339935076e+00 7.002704246101023461e-03
1.118592964824120827e+03 1.850095542666790438e+00 7.002423892119692163e-03
1.123618090452261413e+03 1.850096246320777071e+00 7.002147750731100781e-03
1.128643216080401999e+03 1.850096940477013119e+00 7.001875726773931254e-03
1.133668341708542812e+03 1.850097625306636351e+00 7.001607727839617538e-03
1.138693467336683625e+03 1.850098300976914967e+00 7.001343664400278867e-03
1.143718592964824211e+03 1.850098967651352178e+00 7.001083449492624504e-03
1.148743718592964797e+03 1.850099625489789457e+00 7.000826998798208127e-03
1.153768844221105610e+03 1.850100274648505350e+00 7.000574230454075821e-03
1.158793969849246423e+03 1.850100915280312286e+00 7.000325064958487324e-03
1.163819095477387009e+03 1.850101547534647617e+00 7.000079425124182582e-03
1.168844221105527595e+03 1.850102171557666209e+00 6.999837235984017123e-03
1.173869346733668408e+03 1.850102787492324818e+00 6.999598424680698698e-03
1.178894472361809221e+03 1.850103395478469137e+00 6.999362920404063153e-03
1.183919597989949807e+03 1.850103995652913946e+00 6.999130654375893858e-03
1.188944723618090393e+03 1.850104588149522611e+00 6.998901559723688486e-03
1.193969849246231206e+03 1.850105173099283906e+00 6.998675571370235188e-03
1.198994974874372019e+03 1.850105750630387291e+00 6.998452626081790202e-03
1.204020100502512605e+03 1.850106320868294407e+00 6.998232662325875632e-03
1.209045226130653191e+03 1.850106883935808577e+00 6.998015620208354950e-03
1.214070351758794004e+03 1.850107439953144084e+00 6.997801441521538622e-03
1.219095477386934817e+03 1.850107989037990341e+00 6.997590069506701323e-03
1.224120603015075403e+03 1.850108531305577619e+00 6.997381448997328467e-03
1.229145728643215989e+03 1.850109066868737218e+00 6.997175526197441965e-03
1.234170854271356802e+03 1.850109595837962750e+00 6.996972248793084832e-03
1.239195979899497615e+03 1.850110118321468100e+00 6.996771565778195714e-03
1.244221105527638429e+03 1.850110634425244927e+00 6.996573427502591341e-03
1.249246231155779014e+03 1.850111144253115736e+00 6.996377785529530116e-03
1.254271356783919600e+03 1.850111647906788948e+00 6.996184592699531725e-03
1.259296482412060413e+03 1.850112145485910853e+00 6.995993803019637594e-03
1.264321608040201227e+03 1.850112637088114242e+00 6.995805371679602799e-03
1.269346733668341813e+03 1.850113122809069477e+00 6.995619254972855125e-03
1.274371859296482398e+03 1.850113602742530672e+00 6.995435410265051467e-03
1.279396984924623212e+03 1.850114076980382105e+00 6.995253795962616886e-03
1.284422110552764025e+03 1.850114545612683292e+00 6.995074371528885344e-03
1.289447236180904611e+03 1.850115008727712285e+00 6.994897097373266488e-03
1.294472361809045196e+03 1.850115466412008525e+00 6.994721934883228742e-03
1.299497487437186010e+03 1.850115918750414146e+00 6.994548846376924880e-03
1.304522613065326823e+03 1.850116365826112830e+00 6.994377795039930998e-03
1.309547738693467409e+03 1.850116807720670220e+00 6.994208744973079775e-03
1.314572864321607994e+03 1.850117244514071002e+00 6.994041661081561341e-03
1.319597989949748808e+03 1.850117676284755763e+00 6.993876509122741794e-03
1.324623115577889621e+03 1.850118103109657186e+00 6.993713255642859672e-03
1.329648241206030207e+03 1.850118525064234909e+00 6.993551867945465260e-03
1.334673366834170793e+03 1.850118942222508611e+00 6.993392314123344708e-03
1.339698492462311606e+03 1.850119354657091986e+00 6.993234562947567984e-03
1.344723618090452419e+03 1.850119762439224713e+00 6.993078583931147153e-03
1.349748743718593005e+03 1.850120165638803327e+00 6.992924347281575213e-03
1.354773869346733591e+03 1.850120564324411632e+00 6.992771823869219430e-03
1.359798994974874404e+03 1.850120958563350682e+00 6.992620985211591735e-03
1.364824120603015217e+03 1.850121348421667422e+00 6.992471803425857196e-03
1.369849246231156030e+03 1.850121733964182891e+00 6.992324251308352882e-03
1.374874371859296616e+03 1.850122115254519306e+00 6.992178302191820981e-03
1.379899497487437202e+03 1.850122492355126713e+00 6.992033930056677435e-03
1.384924623115578015e+03 1.850122865327309407e+00 6.991891109372349797e-03
1.389949748743718828e+03 1.850123234231250802e+00 6.991749815224418581e-03
1.394974874371859414e+03 1.850123599126037410e+00 6.991610023187699689e-03
1.400000000000000000e+03 1.850123960069684159e+00 6.991471709389865397e-03
