4.000000000000000000e+02 1.859615778912558914e+00 7.362487344900394727e-03
4.050251256281406995e+02 1.859640368516253028e+00 7.359431406943698836e-03
4.100502512562813990e+02 1.859664019697013115e+00 7.356269630056354661e-03
4.150753768844220986e+02 1.859686778022591636e+00 7.353018687241955412e-03
4.201005025125627981e+02 1.859708686478082296e+00 7.349693461096770165e-03
4.251256281407034976e+02 1.859729785623599474e+00 7.346307233709787471e-03
4.301507537688441971e+02 1.859750113742815403e+00 7.342871855401980098e-03
4.351758793969848966e+02 1.859769706982662418e+00 7.339397895181486338e-03
4.402010050251256530e+02 1.859788599484549110e+00 7.335894774546325436e-03
4.452261306532663525e+02 1.859806823507482276e+00 7.332370887096836473e-03
4.502512562814070520e+02 1.859824409543490153e+00 7.328833704880970308e-03
4.552763819095477515e+02 1.859841386425751697e+00 7.325289873763913238e-03
4.603015075376884511e+02 1.859857781429840262e+00 7.321745298306614816e-03
4.653266331658291506e+02 1.859873620368482916e+00 7.318205217874938946e-03
4.703517587939698501e+02 1.859888927680216408e+00 7.314674274638491812e-03
4.753768844221105496e+02 1.859903726512321942e+00 7.311156574464747551e-03
4.804020100502512491e+02 1.859918038798394235e+00 7.307655741501171802e-03
4.854271356783919487e+02 1.859931885330889045e+00 7.304174967116413945e-03
4.904522613065327050e+02 1.859945285828974448e+00 7.300717053795758617e-03
4.954773869346734045e+02 1.859958259001992298e+00 7.297284454510446876e-03
5.005025125628141041e+02 1.859970822608822072e+00 7.293879308081113212e-03
5.055276381909548036e+02 1.859982993513418448e+00 7.290503471071770394e-03
5.105527638190955031e+02 1.859994787736779953e+00 7.287158546264532050e-03
5.155778894472362026e+02 1.860006220505587171e+00 7.283845908481351508e-03
5.206030150753769021e+02 1.860017306297736317e+00 7.280566727682794698e-03
5.256281407035176017e+02 1.860028058884976465e+00 7.277321989792146471e-03
5.306532663316583012e+02 1.860038491372848490e+00 7.274112515557216822e-03
5.356783919597990007e+02 1.860048616238104024e+00 7.270938977366332191e-03
5.407035175879397002e+02 1.860058445363780066e+00 7.267801914637357120e-03
5.457286432160803997e+02 1.860067990072082678e+00 7.264701747483843196e-03
5.507537688442210992e+02 1.860077261155229200e+00 7.261638789187067206e-03
5.557788944723617988e+02 1.860086268904386442e+00 7.258613257362174671e-03
5.608040201005024983e+02 1.860095023136832060e+00 7.255625284150127828e-03
5.658291457286431978e+02 1.860103533221457939e+00 7.252674925278497671e-03
5.708542713567838973e+02 1.860111808102724806e+00 7.249762168339077793e-03
5.758793969849245968e+02 1.860119856323172671e+00 7.246886940294511650e-03
5.809045226130654100e+02 1.860127686044581452e+00 7.244049114164930782e-03
5.859296482412059959e+02 1.860135305067869949e+00 7.241248515106192551e-03
5.909547738693468091e+02 1.860142720851817533e+00 7.238484925954026886e-03
5.959798994974873949e+02 1.860149940530683388e+00 7.235758092170620215e-03
6.010050251256282081e+02 1.860156970930796128e+00 7.233067726314218113e-03
6.060301507537687939e+02 1.860163818586179074e+00 7.230413512168166155e-03
6.110552763819096072e+02 1.860170489753275813e+00 7.227795108328303325e-03
6.160804020100503067e+02 1.860176990424827759e+00 7.225212151554204904e-03
6.211055276381910062e+02 1.860183326342964794e+00 7.222664259775678566e-03
6.261306532663317057e+02 1.860189503011554057e+00 7.220151034753278553e-03
6.311557788944724052e+02 1.860195525707853959e+00 7.217672064514747340e-03
6.361809045226131047e+02 1.860201399493517815e+00 7.215226925628074120e-03
6.412060301507538043e+02 1.860207129224988432e+00 7.212815185095046953e-03
6.462311557788945038e+02 1.860212719563317574e+00 7.210436402141317397e-03
6.512562814070352033e+02 1.860218174983450545e+00 7.208090129902549985e-03
6.562814070351759028e+02 1.860223499783003609e+00 7.205775916775108286e-03
6.613065326633166023e+02 1.860228698090570454e+00 7.203493307784858413e-03
6.663316582914573019e+02 1.860233773873579910e+00 7.201241845711891729e-03
6.713567839195980014e+02 1.860238730945737329e+00 7.199021072171006043e-03
6.763819095477387009e+02 1.860243572974070059e+00 7.196830528493454275e-03
6.814070351758794004e+02 1.860248303485605437e+00 7.194669756625507798e-03
6.864321608040200999e+02 1.860252925873696839e+00 7.192538299827670560e-03
6.914572864321607994e+02 1.860257443404023547e+00 7.190435703405670745e-03
6.964824120603016127e+02 1.860261859220280423e+00 7.188361515195241386e-03
7.015075376884421985e+02 1.860266176349576916e+00 7.186315286170898153e-03
7.065326633165830117e+02 1.860270397707561640e+00 7.184296570900788187e-03
7.115577889447235975e+02 1.860274526103286696e+00 7.182304927909082502e-03
7.165829145728644107e+02 1.860278564243828869e+00 7.180339920053941880e-03
7.216080402010049966e+02 1.860282514738681670e+00 7.178401114890140856e-03
7.266331658291458098e+02 1.860286380103926440e+00 7.176488084815183487e-03
7.316582914572863956e+02 1.860290162766200739e+00 7.174600407447241472e-03
7.366834170854272088e+02 1.860293865066472874e+00 7.172737665693612423e-03
7.417085427135677946e+02 1.860297489263631032e+00 7.170899448035505074e-03
7.467336683417086078e+02 1.860301037537900548e+00 7.169085348564963739e-03
7.517587939698491937e+02 1.860304511994097076e+00 7.167294967160741520e-03
7.567839195979900069e+02 1.860307914664725226e+00 7.165527909570957275e-03
7.618090452261307064e+02 1.860311247512927757e+00 7.163783787448874292e-03
7.668341708542714059e+02 1.860314512435301104e+00 7.162062218465736242e-03
7.718592964824121054e+02 1.860317711264573459e+00 7.160362826283730650e-03
7.768844221105528050e+02 1.860320845772162057e+00 7.158685240667998252e-03
7.819095477386935045e+02 1.860323917670612337e+00 7.157029097334625251e-03
7.869346733668342040e+02 1.860326928615922526e+00 7.155394038154817664e-03
7.919597989949749035e+02 1.860329880209764974e+00 7.153779710970923494e-03
7.969849246231156030e+02 1.860332774001605571e+00 7.152185769629074152e-03
8.020100502512563025e+02 1.860335611490727903e+00 7.150611873995916731e-03
8.070351758793970021e+02 1.860338394128166151e+00 7.149057689835176289e-03
8.120603015075377016e+02 1.860341123318553613e+00 7.147522888823450507e-03
8.170854271356784011e+02 1.860343800421886851e+00 7.146007148441325431e-03
8.221105527638192143e+02 1.860346426755214777e+00 7.144510152003834616e-03
8.271356783919598001e+02 1.860349003594253148e+00 7.143031588457424488e-03
8.321608040201006133e+02 1.860351532174927547e+00 7.141571152471692593e-03
8.371859296482411992e+02 1.860354013694852204e+00 7.140128544250987086e-03
8.422110552763820124e+02 1.860356449314743088e+00 7.138703469516516527e-03
8.472361809045225982e+02 1.860358840159771932e+00 7.137295639410332071e-03
8.522613065326634114e+02 1.860361187320861864e+00 7.135904770445544373e-03
8.572864321608039972e+02 1.860363491855930418e+00 7.134530584393931722e-03
8.623115577889448105e+02 1.860365754791077908e+00 7.133172808188678431e-03
8.673366834170853963e+02 1.860367977121726524e+00 7.131831173935683499e-03
8.723618090452262095e+02 1.860370159813715452e+00 7.130505418691051971e-03
8.773869346733667953e+02 1.860372303804346261e+00 7.129195284487231145e-03
8.824120603015076085e+02 1.860374410003388768e+00 7.127900518249885228e-03
8.874371859296483080e+02 1.860376479294043595e+00 7.126620871605373990e-03
8.924623115577890076e+02 1.860378512533868545e+00 7.125356100921503150e-03
8.974874371859297071e+02 1.860380510555664779e+00 7.124105967145486461e-03
9.025125628140704066e+02 1.860382474168328581e+00 7.122870235766202464e-03
9.075376884422111061e+02 1.860384404157670257e+00 7.121648676713841601e-03
9.125628140703518056e+02 1.860386301287199062e+00 7.120441064243638978e-03
9.175879396984925052e+02 1.860388166298877932e+00 7.119247176912850243e-03
9.226130653266332047e+02 1.860389999913847792e+00 7.118066797448336681e-03
9.276381909547739042e+02 1.860391802833125885e+00 7.116899712738617573e-03
9.326633165829146037e+02 1.860393575738272798e+00 7.115745713654106873e-03
9.376884422110553032e+02 1.860395319292040384e+00 7.114604595023049996e-03
9.427135678391960028e+02 1.860397034138986161e+00 7.113476155576048225e-03
9.477386934673367023e+02 1.860398720906073056e+00 7.112360197827926646e-03
9.527638190954774018e+02 1.860400380203240056e+00 7.111256528037400090e-03
9.577889447236181013e+02 1.860402012623954660e+00 7.110164956088462287e-03
9.628140703517588008e+02 1.860403618745742671e+00 7.109085295465231505e-03
9.678391959798995003e+02 1.860405199130699350e+00 7.108017363132912089e-03
9.728643216080401999e+02 1.860406754325981904e+00 7.106960979512234183e-03
9.778894472361808994e+02 1.860408284864282891e+00 7.105915968391256048e-03
9.829145728643217126e+02 1.860409791264285184e+00 7.104882156805695896e-03
9.879396984924624121e+02 1.860411274031104290e+00 7.103859375122209031e-03
9.929648241206031116e+02 1.860412733656709339e+00 7.102847456777752581e-03
9.979899497487438111e+02 1.860414170620332541e+00 7.101846238315623512e-03
1.003015075376884511e+03 1.860415585388862869e+00 7.100855559374522064e-03
1.008040201005025210e+03 1.860416978417224865e+00 7.099875262505484647e-03
1.013065326633165910e+03 1.860418350148745237e+00 7.098905193207517665e-03
1.018090452261306609e+03 1.860419701015505467e+00 7.097945199806743669e-03
1.023115577889447309e+03 1.860421031438682204e+00 7.096995133429214765e-03
1.028140703517588008e+03 1.860422341828876114e+00 7.096054847957970410e-03
1.033165829145728821e+03 1.860423632586428955e+00 7.095124199927378000e-03
1.038190954773869407e+03 1.860424904101728227e+00 7.094203048464256360e-03
1.043216080402009993e+03 1.860426156755505822e+00 7.093291255369732137e-03
1.048241206030150806e+03 1.860427390919119350e+00 7.092388684825396729e-03
1.053266331658291620e+03 1.860428606954829922e+00 7.091495203584480614e-03
1.058291457286432205e+03 1.860429805216068821e+00 7.090610680740350169e-03
1.063316582914572791e+03 1.860430986047692414e+00 7.089734987823602744e-03
1.068341708542713604e+03 1.860432149786231948e+00 7.088867998601602882e-03
1.073366834170854418e+03 1.860433296760133581e+00 7.088009589128412002e-03
1.078391959798995003e+03 1.860434427289989756e+00 7.087159637716372758e-03
1.083417085427135589e+03 1.860435541688763683e+00 7.086318024829264817e-03
1.088442211055276402e+03 1.860436640262006724e+00 7.085484633038009565e-03
1.093467336683417216e+03 1.860437723308067115e+00 7.084659347007621517e-03
1.098492462311557802e+03 1.860438791118293356e+00 7.083842053484097276e-03
1.103517587939698387e+03 1.860439843977230501e+00 7.083032641171518179e-03
1.108542713567839201e+03 1.860440882162809562e+00 7.082231000718755380e-03
1.113567839195980014e+03 1.860441905946530694e+00 7.081437024753140831e-03
1.118592964824120827e+03 1.860442915593642832e+00 7.080650607725965003e-03
1.123618090452261413e+03 1.860443911363313108e+00 7.079871645977358144e-03
1.128643216080401999e+03 1.860444893508795161e+00 7.079100037597292963e-03
1.133668341708542812e+03 1.860445862277589901e+00 7.078335682506033295e-03
1.138693467336683625e+03 1.860446817911601602e+00 7.077578482299304828e-03
1.143718592964824211e+03 1.860447760647288673e+00 7.076828340281574904e-03
1.148743718592964797e+03 1.860448690715810871e+00 7.076085161452250194e-03
1.153768844221105610e+03 1.860449608343170746e+00 7.075348852413365988e-03
1.158793969849246423e+03 1.860450513750350865e+00 7.074619321371342605e-03
1.163819095477387009e+03 1.860451407153448367e+00 7.073896478075926593e-03
1.168844221105527595e+03 1.860452288763801754e+00 7.073180233821847393e-03
1.173869346733668408e+03 1.860453158788118122e+00 7.072470501434740923e-03
1.178894472361809221e+03 1.860454017428593509e+00 7.071767195162836916e-03
1.183919597989949807e+03 1.860454864883030579e+00 7.071070230725562400e-03
1.188944723618090393e+03 1.860455701344953416e+00 7.070379525236519976e-03
1.193969849246231206e+03 1.860456527003716776e+00 7.069694997220618213e-03
1.198994974874372019e+03 1.860457342044614881e+00 7.069016566536951915e-03
1.204020100502512605e+03 1.860458146648984457e+00 7.068344154395850114e-03
1.209045226130653191e+03 1.860458940994306198e+00 7.067677683281658324e-03
1.214070351758794004e+03 1.860459725254302699e+00 7.067017077016836575e-03
1.219095477386934817e+03 1.860460499599033479e+00 7.066362260606121395e-03
1.224120603015075403e+03 1.860461264194987585e+00 7.065713160331963359e-03
1.229145728643215989e+03 1.860462019205172624e+00 7.065069703645728699e-03
1.234170854271356802e+03 1.860462764789202472e+00 7.064431819231679378e-03
1.239195979899497615e+03 1.860463501103381434e+00 7.063799436898077558e-03
1.244221105527638429e+03 1.860464228300785505e+00 7.063172487578248983e-03
1.249246231155779014e+03 1.860464946531343866e+00 7.062550903347340411e-03
1.254271356783919600e+03 1.860465655941914376e+00 7.061934617360455906e-03
1.259296482412060413e+03 1.860466356676359956e+00 7.061323563853643022e-03
1.264321608040201227e+03 1.860467048875620755e+00 7.060717678097680645e-03
1.269346733668341813e+03 1.860467732677786090e+00 7.060116896414727131e-03
1.274371859296482398e+03 1.860468408218162395e+00 7.059521156116333428e-03
1.279396984924623212e+03 1.860469075629341384e+00 7.058930395551492321e-03
1.284422110552764025e+03 1.860469735041263561e+00 7.058344553965954088e-03
1.289447236180904611e+03 1.860470386581283497e+00 7.057763571628872593e-03
1.294472361809045196e+03 1.860471030374230228e+00 7.057187389739252512e-03
1.299497487437186010e+03 1.860471666542466540e+00 7.056615950348067191e-03
1.304522613065326823e+03 1.860472295205949145e+00 7.056049196500610923e-03
1.309547738693467409e+03 1.860472916482283301e+00 7.055487072079923670e-03
1.314572864321607994e+03 1.860473530486779214e+00 7.054929521823236245e-03
1.319597989949748808e+03 1.860474137332504663e+00 7.054376491354145094e-03
1.324623115577889621e+03 1.860474737130338285e+00 7.053827927120360879e-03
1.329648241206030207e+03 1.860475329989018656e+00 7.053283776394366801e-03
1.334673366834170793e+03 1.860475916015195352e+00 7.052743987226849087e-03
1.339698492462311606e+03 1.860476495313475809e+00 7.052208508510293683e-03
1.344723618090452419e+03 1.860477067986472610e+00 7.051677289853665494e-03
1.349748743718593005e+03 1.860477634134848790e+00 7.051150281693209509e-03
1.354773869346733591e+03 1.860478193857361795e+00 7.050627435151335387e-03
1.359798994974874404e+03 1.860478747250907672e+00 7.050108702131656878e-03
1.364824120603015217e+03 1.860479294410561479e+00 7.049594035225065225e-03
1.369849246231156030e+03 1.860479835429619921e+00 7.049083387789010363e-03
1.374874371859296616e+03 1.860480370399639538e+00 7.048576713759035356e-03
1.379899497487437202e+03 1.860480899410476674e+00 7.048073967885527119e-03
1.384924623115578015e+03 1.860481422550324782e+00 7.047575105545226572e-03
1.389949748743718828e+03 1.860481939905751059e+00 7.047080082694435338e-03
1.394974874371859414e+03 1.860482451561732642e+00 7.046588856058528215e-03
1.400000000000000000e+03 1.860482957601691467e+00 7.046101382927620962e-03
