4.000000000000000000e+02 1.865076659289087502e+00 6.802683505771386918e-03
4.050251256281406995e+02 1.865100672393451120e+00 6.797979961993995748e-03
4.100502512562813990e+02 1.865123756516547715e+00 6.793183915434175893e-03
4.150753768844220986e+02 1.865145956781817604e+00 6.788313589253968348e-03
4.201005025125627981e+02 1.865167315805626780e+00 6.783385198248882003e-03
4.251256281407034976e+02 1.865187873841632982e+00 6.778413161159718009e-03
4.301507537688441971e+02 1.865207668918143380e+00 6.773410289767362556e-03
4.351758793969848966e+02 1.865226736968447208e+00 6.768387957812693582e-03
4.402010050251256530e+02 1.865245111954199952e+00 6.763356251565551258e-03
4.452261306532663525e+02 1.865262825982004324e+00 6.758324104505108142e-03
4.502512562814070520e+02 1.865279909413388060e+00 6.753299417414950628e-03
4.552763819095477515e+02 1.865296390968414597e+00 6.748289165942969632e-03
4.603015075376884511e+02 1.865312297823187970e+00 6.743299496769126176e-03
4.653266331658291506e+02 1.865327655701524368e+00 6.738335813520477356e-03
4.703517587939698501e+02 1.865342488961080347e+00 6.733402853934279501e-03
4.753768844221105496e+02 1.865356820674217486e+00 6.728504758749789295e-03
4.804020100502512491e+02 1.865370672703894561e+00 6.723645133649732222e-03
4.854271356783919487e+02 1.865384065774862155e+00 6.718827104585342255e-03
4.904522613065327050e+02 1.865397019540432133e+00 6.714053367612021761e-03
4.954773869346734045e+02 1.865409552645087343e+00 6.709326233573156308e-03
5.005025125628141041e+02 1.865421682783178881e+00 6.704647668053085284e-03
5.055276381909548036e+02 1.865433426753955626e+00 6.700019327485816009e-03
5.105527638190955031e+02 1.865444800513151868e+00 6.695442591497994048e-03
5.155778894472362026e+02 1.865455819221351730e+00 6.690918591963091952e-03
5.206030150753769021e+02 1.865466497289335557e+00 6.686448239213057566e-03
5.256281407035176017e+02 1.865476848420599243e+00 6.682032245490627034e-03
5.306532663316583012e+02 1.865486885651232996e+00 6.677671146158342848e-03
5.356783919597990007e+02 1.865496621387326526e+00 6.673365318783967652e-03
5.407035175879397002e+02 1.865506067440062754e+00 6.669115000272776358e-03
5.457286432160803997e+02 1.865515235058650578e+00 6.664920302301631169e-03
5.507537688442210992e+02 1.865524134961238589e+00 6.660781225211324583e-03
5.557788944723617988e+02 1.865532777363937411e+00 6.656697670598113112e-03
5.608040201005024983e+02 1.865541172008080562e+00 6.652669452563106725e-03
5.658291457286431978e+02 1.865549328185830857e+00 6.648696307878843893e-03
5.708542713567838973e+02 1.865557254764245831e+00 6.644777905183465658e-03
5.758793969849245968e+02 1.865564960207900747e+00 6.640913853163246672e-03
5.809045226130654100e+02 1.865572452600160691e+00 6.637103708102418814e-03
5.859296482412059959e+02 1.865579739663191239e+00 6.633346980428067759e-03
5.909547738693468091e+02 1.865586828776788497e+00 6.629643140881098622e-03
5.959798994974873949e+02 1.865593726996103374e+00 6.625991625858222364e-03
6.010050251256282081e+02 1.865600441068332671e+00 6.622391842339785638e-03
6.060301507537687939e+02 1.865606977448440951e+00 6.618843172266702761e-03
6.110552763819096072e+02 1.865613342313976020e+00 6.615344976497821404e-03
6.160804020100503067e+02 1.865619541579034424e+00 6.611896598328613137e-03
6.211055276381910062e+02 1.865625580907432024e+00 6.608497366753692155e-03
6.261306532663317057e+02 1.865631465725127391e+00 6.605146599286761816e-03
6.311557788944724052e+02 1.865637201231947095e+00 6.601843604520849645e-03
6.361809045226131047e+02 1.865642792412653073e+00 6.598587684444295887e-03
6.412060301507538043e+02 1.865648244047395821e+00 6.595378136477566058e-03
6.462311557788945038e+02 1.865653560721590054e+00 6.592214255364326793e-03
6.512562814070352033e+02 1.865658746835247239e+00 6.589095334764324442e-03
6.562814070351759028e+02 1.865663806611798758e+00 6.586020668715387473e-03
6.613065326633166023e+02 1.865668744106442123e+00 6.582989552997634691e-03
6.663316582914573019e+02 1.865673563214034880e+00 6.580001286196893694e-03
6.713567839195980014e+02 1.865678267676569080e+00 6.577055170803810386e-03
6.763819095477387009e+02 1.865682861090243616e+00 6.574150514044657494e-03
6.814070351758794004e+02 1.865687346912168865e+00 6.571286628780772208e-03
6.864321608040200999e+02 1.865691728466711830e+00 6.568462834088007601e-03
6.914572864321607994e+02 1.865696008951517104e+00 6.565678455937869196e-03
6.964824120603016127e+02 1.865700191443209865e+00 6.562932827693010972e-03
7.015075376884421985e+02 1.865704278902809099e+00 6.560225290568806253e-03
7.065326633165830117e+02 1.865708274180860604e+00 6.557555194060859030e-03
7.115577889447235975e+02 1.865712180022311095e+00 6.554921896168960233e-03
7.165829145728644107e+02 1.865715999071134723e+00 6.552324763823554749e-03
7.216080402010049966e+02 1.865719733874726893e+00 6.549763173023714392e-03
7.266331658291458098e+02 1.865723386888079816e+00 6.547236509008000360e-03
7.316582914572863956e+02 1.865726960477749108e+00 6.544744166424388936e-03
7.366834170854272088e+02 1.865730456925628777e+00 6.542285549533213319e-03
7.417085427135677946e+02 1.865733878432535020e+00 6.539860072137642852e-03
7.467336683417086078e+02 1.865737227121621933e+00 6.537467157716525534e-03
7.517587939698491937e+02 1.865740505041627806e+00 6.535106239505300736e-03
7.567839195979900069e+02 1.865743714169967093e+00 6.532776760354941890e-03
7.618090452261307064e+02 1.865746856415674282e+00 6.530478172861398090e-03
7.668341708542714059e+02 1.865749933622208534e+00 6.528209939290078971e-03
7.718592964824121054e+02 1.865752947570124887e+00 6.525971531499028151e-03
7.768844221105528050e+02 1.865755899979620658e+00 6.523762430860839852e-03
7.819095477386935045e+02 1.865758792512964614e+00 6.521582128319524871e-03
7.869346733668342040e+02 1.865761626776810456e+00 6.519430124105858072e-03
7.919597989949749035e+02 1.865764404324407710e+00 6.517305927808877616e-03
7.969849246231156030e+02 1.865767126657707831e+00 6.515209058242052778e-03
8.020100502512563025e+02 1.865769795229377026e+00 6.513139043188921444e-03
8.070351758793970021e+02 1.865772411444716727e+00 6.511095419556535077e-03
8.120603015075377016e+02 1.865774976663498563e+00 6.509077732965449017e-03
8.170854271356784011e+02 1.865777492201717180e+00 6.507085537866981115e-03
8.221105527638192143e+02 1.865779959333264459e+00 6.505118397216120077e-03
8.271356783919598001e+02 1.865782379291531345e+00 6.503175882501536186e-03
8.321608040201006133e+02 1.865784753270937735e+00 6.501257573501637542e-03
8.371859296482411992e+02 1.865787082428397081e+00 6.499363058176087400e-03
8.422110552763820124e+02 1.865789367884716388e+00 6.497491932556409035e-03
8.472361809045225982e+02 1.865791610725936689e+00 6.495643800584421403e-03
8.522613065326634114e+02 1.865793812004615582e+00 6.493818273949722442e-03
8.572864321608039972e+02 1.865795972741055131e+00 6.492014972028843645e-03
8.623115577889448105e+02 1.865798093924478485e+00 6.490233521618411425e-03
8.673366834170853963e+02 1.865800176514154751e+00 6.488473556906801734e-03
8.723618090452262095e+02 1.865802221440481246e+00 6.486734719291126737e-03
8.773869346733667953e+02 1.865804229606013998e+00 6.485016657210487118e-03
8.824120603015076085e+02 1.865806201886462290e+00 6.483319026098275858e-03
8.874371859296483080e+02 1.865808139131638566e+00 6.481641488162603014e-03
8.924623115577890076e+02 1.865810042166370142e+00 6.479983712217272061e-03
8.974874371859297071e+02 1.865811911791372957e+00 6.478345373683377581e-03
9.025125628140704066e+02 1.865813748784092452e+00 6.476726154384749266e-03
9.075376884422111061e+02 1.865815553899508039e+00 6.475125742308334570e-03
9.125628140703518056e+02 1.865817327870906261e+00 6.473543831723948400e-03
9.175879396984925052e+02 1.865819071410623975e+00 6.471980122806306364e-03
9.226130653266332047e+02 1.865820785210761112e+00 6.470434321667905588e-03
9.276381909547739042e+02 1.865822469943864803e+00 6.468906140168458399e-03
9.326633165829146037e+02 1.865824126263588401e+00 6.467395295826675571e-03
9.376884422110553032e+02 1.865825754805324976e+00 6.465901511680056425e-03
9.427135678391960028e+02 1.865827356186812391e+00 6.464424516161313208e-03
9.477386934673367023e+02 1.865828931008720382e+00 6.462964043043007388e-03
9.527638190954774018e+02 1.865830479855212332e+00 6.461519831227147646e-03
9.577889447236181013e+02 1.865832003294484842e+00 6.460091624706056253e-03
9.628140703517588008e+02 1.865833501879288869e+00 6.458679172454129258e-03
9.678391959798995003e+02 1.865834976147430435e+00 6.457282228267589679e-03
9.728643216080401999e+02 1.865836426622251798e+00 6.455900550724126552e-03
9.778894472361808994e+02 1.865837853813095526e+00 6.454533903056228032e-03
9.829145728643217126e+02 1.865839258215751029e+00 6.453182053058490776e-03
9.879396984924624121e+02 1.865840640312885101e+00 6.451844772891330779e-03
9.929648241206031116e+02 1.865842000574454707e+00 6.450521839211222075e-03
9.979899497487438111e+02 1.865843339458108430e+00 6.449213032818855787e-03
1.003015075376884511e+03 1.865844657409569063e+00 6.447918138771540665e-03
1.008040201005025210e+03 1.865845954863004863e+00 6.446636946133874752e-03
1.013065326633165910e+03 1.865847232241387266e+00 6.445369248037961969e-03
1.018090452261306609e+03 1.865848489956835055e+00 6.444114841467855383e-03
1.023115577889447309e+03 1.865849728410946318e+00 6.442873527267564682e-03
1.028140703517588008e+03 1.865850947995119524e+00 6.441645109993779893e-03
1.033165829145728821e+03 1.865852149090861722e+00 6.440429397888912909e-03
1.038190954773869407e+03 1.865853332070088078e+00 6.439226202784981666e-03
1.043216080402009993e+03 1.865854497295408532e+00 6.438035339989968409e-03
1.048241206030150806e+03 1.865855645120405804e+00 6.436856628242891218e-03
1.053266331658291620e+03 1.865856775889904506e+00 6.435689889668673447e-03
1.058291457286432205e+03 1.865857889940228942e+00 6.434534949646550199e-03
1.063316582914572791e+03 1.865858987599453567e+00 6.433391636816238740e-03
1.068341708542713604e+03 1.865860069187645021e+00 6.432259782894132402e-03
1.073366834170854418e+03 1.865861135017094830e+00 6.431139222748100993e-03
1.078391959798995003e+03 1.865862185392544781e+00 6.430029794213264899e-03
1.083417085427135589e+03 1.865863220611405859e+00 6.428931338062867339e-03
1.088442211055276402e+03 1.865864240963967413e+00 6.427843698030823172e-03
1.093467336683417216e+03 1.865865246733601879e+00 6.426766720575043633e-03
1.098492462311557802e+03 1.865866238196960403e+00 6.425700255003259295e-03
1.103517587939698387e+03 1.865867215624164910e+00 6.424644153305080624e-03
1.108542713567839201e+03 1.865868179278989736e+00 6.423598270070215305e-03
1.113567839195980014e+03 1.865869129419041927e+00 6.422562462579363418e-03
1.118592964824120827e+03 1.865870066295932661e+00 6.421536590549335385e-03
1.123618090452261413e+03 1.865870990155443110e+00 6.420520516275530880e-03
1.128643216080401999e+03 1.865871901237686981e+00 6.419514104445879325e-03
1.133668341708542812e+03 1.865872799777266167e+00 6.418517222110193404e-03
1.138693467336683625e+03 1.865873686003421295e+00 6.417529738684002796e-03
1.143718592964824211e+03 1.865874560140178717e+00 6.416551525883114337e-03
1.148743718592964797e+03 1.865875422406492179e+00 6.415582457606111393e-03
1.153768844221105610e+03 1.865876273016379372e+00 6.414622410007057851e-03
1.158793969849246423e+03 1.865877112179056274e+00 6.413671261377784996e-03
1.163819095477387009e+03 1.865877940099063714e+00 6.412728892047317442e-03
1.168844221105527595e+03 1.865878756976393715e+00 6.411795184488924652e-03
1.173869346733668408e+03 1.865879563006610065e+00 6.410870023132796830e-03
1.178894472361809221e+03 1.865880358380965331e+00 6.409953294420989676e-03
1.183919597989949807e+03 1.865881143286514776e+00 6.409044886741081630e-03
1.188944723618090393e+03 1.865881917906225151e+00 6.408144690325081119e-03
1.193969849246231206e+03 1.865882682419082617e+00 6.407252597304125864e-03
1.198994974874372019e+03 1.865883437000197098e+00 6.406368501641877301e-03
1.204020100502512605e+03 1.865884181820899990e+00 6.405492299050464557e-03
1.209045226130653191e+03 1.865884917048843405e+00 6.404623887010317540e-03
1.214070351758794004e+03 1.865885642848094994e+00 6.403763164720627579e-03
1.219095477386934817e+03 1.865886359379227644e+00 6.402910033032368012e-03
1.224120603015075403e+03 1.865887066799410521e+00 6.402064394485274153e-03
1.229145728643215989e+03 1.865887765262493225e+00 6.401226153188708558e-03
1.234170854271356802e+03 1.865888454919091721e+00 6.400395214858508285e-03
1.239195979899497615e+03 1.865889135916668051e+00 6.399571486749721858e-03
1.244221105527638429e+03 1.865889808399609606e+00 6.398754877641315078e-03
1.249246231155779014e+03 1.865890472509305953e+00 6.397945297803464548e-03
1.254271356783919600e+03 1.865891128384222775e+00 6.397142658964791347e-03
1.259296482412060413e+03 1.865891776159975590e+00 6.396346874314252744e-03
1.264321608040201227e+03 1.865892415969397256e+00 6.395557858329397639e-03
1.269346733668341813e+03 1.865893047942608796e+00 6.394775527038499760e-03
1.274371859296482398e+03 1.865893672207084242e+00 6.393999797692496295e-03
1.279396984924623212e+03 1.865894288887714803e+00 6.393230588905516112e-03
1.284422110552764025e+03 1.865894898106872812e+00 6.392467820569705701e-03
1.289447236180904611e+03 1.865895499984470129e+00 6.391711413891550814e-03
1.294472361809045196e+03 1.865896094638020086e+00 6.390961291289216396e-03
1.299497487437186010e+03 1.865896682182692778e+00 6.390217376428781494e-03
1.304522613065326823e+03 1.865897262731371242e+00 6.389479594156216406e-03
1.309547738693467409e+03 1.865897836394706522e+00 6.388747870516168874e-03
1.314572864321607994e+03 1.865898403281170070e+00 6.388022132701226020e-03
1.319597989949748808e+03 1.865898963497104379e+00 6.387302309035875966e-03
1.324623115577889621e+03 1.865899517146774045e+00 6.386588328960435615e-03
1.329648241206030207e+03 1.865900064332413733e+00 6.385880122980169479e-03
1.334673366834170793e+03 1.865900605154275471e+00 6.385177622736072471e-03
1.339698492462311606e+03 1.865901139710674395e+00 6.384480760866994946e-03
1.344723618090452419e+03 1.865901668098033817e+00 6.383789471028182561e-03
1.349748743718593005e+03 1.865902190410929196e+00 6.383103687996773482e-03
1.354773869346733591e+03 1.865902706742128991e+00 6.382423347377257951e-03
1.359798994974874404e+03 1.865903217182637741e+00 6.381748385898219217e-03
1.364824120603015217e+03 1.865903721821734917e+00 6.381078741169888581e-03
1.369849246231156030e+03 1.865904220747014453e+00 6.380414351754739102e-03
1.374874371859296616e+03 1.865904714044422930e+00 6.379755157133685378e-03
1.379899497487437202e+03 1.865905201798296664e+00 6.379101097707061060e-03
1.384924623115578015e+03 1.865905684091397232e+00 6.378452114778171943e-03
1.389949748743718828e+03 1.865906161004946995e+00 6.377808150484593104e-03
1.394974874371859414e+03 1.865906632618663297e+00 6.377169147886103777e-03
1.400000000000000000e+03 1.865907099010792214e+00 6.376535050774072462e-03
