4.000000000000000000e+02 1.848609651811420340e+00 6.888617080346678620e-03
4.050251256281406995e+02 1.848640405744738091e+00 6.861921180275248715e-03
4.100502512562813990e+02 1.848669728982256233e+00 6.835638728554142146e-03
4.150753768844220986e+02 1.848697696730097428e+00 6.809807011355980579e-03
4.201005025125627981e+02 1.848724380598766759e+00 6.784456595435133831e-03
4.251256281407034976e+02 1.848749848674491547e+00 6.759612014405238199e-03
4.301507537688441971e+02 1.848774165606174247e+00 6.735292410597633513e-03
4.351758793969848966e+02 1.848797392704946585e+00 6.711512132291033370e-03
4.402010050251256530e+02 1.848819588053618013e+00 6.688281286635708138e-03
4.452261306532663525e+02 1.848840806623601951e+00 6.665606249030940969e-03
4.502512562814070520e+02 1.848861100397189983e+00 6.643490130167803778e-03
4.552763819095477515e+02 1.848880518493294822e+00 6.621933202106200685e-03
4.603015075376884511e+02 1.848899107295035593e+00 6.600933285301049946e-03
4.653266331658291506e+02 1.848916910577767636e+00 6.580486098469021106e-03
4.703517587939698501e+02 1.848933969636368913e+00 6.560585573685074993e-03
4.753768844221105496e+02 1.848950323410791574e+00 6.541224138463864503e-03
4.804020100502512491e+02 1.848966008609062905e+00 6.522392967788646218e-03
4.854271356783919487e+02 1.848981059827079942e+00 6.504082207848962439e-03
4.904522613065327050e+02 1.848995509664676407e+00 6.486281173998014772e-03
4.954773869346734045e+02 1.849009388837576928e+00 6.468978525226820597e-03
5.005025125628141041e+02 1.849022726284949014e+00 6.452162417037395070e-03
5.055276381909548036e+02 1.849035549272366685e+00 6.435820634907474767e-03
5.105527638190955031e+02 1.849047883490069433e+00 6.419940710313916908e-03
5.155778894472362026e+02 1.849059753146477414e+00 6.404510020939816264e-03
5.206030150753769021e+02 1.849071181056971769e+00 6.389515876681488814e-03
5.256281407035176017e+02 1.849082188727996234e+00 6.374945593439086851e-03
5.306532663316583012e+02 1.849092796436576425e+00 6.360786555333017636e-03
5.356783919597990007e+02 1.849103023305375570e+00 6.347026267342414235e-03
5.407035175879397002e+02 1.849112887373434821e+00 6.333652399231654191e-03
5.457286432160803997e+02 1.849122405662755986e+00 6.320652821650291596e-03
5.507537688442210992e+02 1.849131594240900123e+00 6.308015635747978717e-03
5.557788944723617988e+02 1.849140468279783178e+00 6.295729196766669707e-03
5.608040201005024983e+02 1.849149042110847629e+00 6.283782132675806015e-03
5.658291457286431978e+02 1.849157329276801098e+00 6.272163358377112578e-03
5.708542713567838973e+02 1.849165342580100457e+00 6.260862086004561830e-03
5.758793969849245968e+02 1.849173094128362838e+00 6.249867832197424783e-03
5.809045226130654100e+02 1.849180595376882286e+00 6.239170422263808601e-03
5.859296482412059959e+02 1.849187857168420601e+00 6.228759992278218305e-03
5.909547738693468091e+02 1.849194889770436001e+00 6.218626988942459709e-03
5.959798994974873949e+02 1.849201702909910372e+00 6.208762167826108527e-03
6.010050251256282081e+02 1.849208305805923658e+00 6.199156590344054828e-03
6.060301507537687939e+02 1.849214707200117713e+00 6.189801619224371415e-03
6.110552763819096072e+02 1.849220915385189068e+00 6.180688913492929024e-03
6.160804020100503067e+02 1.849226938231533834e+00 6.171810422214958972e-03
6.211055276381910062e+02 1.849232783212169995e+00 6.163158377990251256e-03
6.261306532663317057e+02 1.849238457426050752e+00 6.154725289766886480e-03
6.311557788944724052e+02 1.849243967619871976e+00 6.146503935418158940e-03
6.361809045226131047e+02 1.849249320208479652e+00 6.138487354007215666e-03
6.412060301507538043e+02 1.849254521293967946e+00 6.130668837843602365e-03
6.462311557788945038e+02 1.849259576683555784e+00 6.123041924617641206e-03
6.512562814070352033e+02 1.849264491906327912e+00 6.115600389265307170e-03
6.562814070351759028e+02 1.849269272228910577e+00 6.108338236084489246e-03
6.613065326633166023e+02 1.849273922670160886e+00 6.101249690754354318e-03
6.663316582914573019e+02 1.849278448014931131e+00 6.094329192451953571e-03
6.713567839195980014e+02 1.849282852826973578e+00 6.087571386279515273e-03
6.763819095477387009e+02 1.849287141461041228e+00 6.080971115596231491e-03
6.814070351758794004e+02 1.849291318074240520e+00 6.074523414721328535e-03
6.864321608040200999e+02 1.849295386636684801e+00 6.068223501636933574e-03
6.914572864321607994e+02 1.849299350941497222e+00 6.062066771121278445e-03
6.964824120603016127e+02 1.849303214614203439e+00 6.056048787865682057e-03
7.015075376884421985e+02 1.849306981121557891e+00 6.050165279858571790e-03
7.065326633165830117e+02 1.849310653779839386e+00 6.044412132119419447e-03
7.115577889447235975e+02 1.849314235762650416e+00 6.038785380479463546e-03
7.165829145728644107e+02 1.849317730108255287e+00 6.033281205544881176e-03
7.216080402010049966e+02 1.849321139726485042e+00 6.027895927162845759e-03
7.266331658291458098e+02 1.849324467405237815e+00 6.022625998717258400e-03
7.316582914572863956e+02 1.849327715816601270e+00 6.017468001904137213e-03
7.366834170854272088e+02 1.849330887522622868e+00 6.012418641606743705e-03
7.417085427135677946e+02 1.849333984980745305e+00 6.007474740912560097e-03
7.467336683417086078e+02 1.849337010548937732e+00 6.002633236499173817e-03
7.517587939698491937e+02 1.849339966490531895e+00 5.997891174043417685e-03
7.567839195979900069e+02 1.849342854978788475e+00 5.993245703861348021e-03
7.618090452261307064e+02 1.849345678101209201e+00 5.988694076728137000e-03
7.668341708542714059e+02 1.849348437863608474e+00 5.984233639900578099e-03
7.718592964824121054e+02 1.849351136193963185e+00 5.979861833271963960e-03
7.768844221105528050e+02 1.849353774946050688e+00 5.975576185699920523e-03
7.819095477386935045e+02 1.849356355902889160e+00 5.971374311399076443e-03
7.869346733668342040e+02 1.849358880779994774e+00 5.967253906754767245e-03
7.919597989949749035e+02 1.849361351228462347e+00 5.963212746780083805e-03
7.969849246231156030e+02 1.849363768837884558e+00 5.959248682371688990e-03
8.020100502512563025e+02 1.849366135139115519e+00 5.955359637065095468e-03
8.070351758793970021e+02 1.849368451606892449e+00 5.951543604277552586e-03
8.120603015075377016e+02 1.849370719662317031e+00 5.947798644613085800e-03
8.170854271356784011e+02 1.849372940675212851e+00 5.944122883268873440e-03
8.221105527638192143e+02 1.849375115966360950e+00 5.940514507432673175e-03
8.271356783919598001e+02 1.849377246809619901e+00 5.936971763990519374e-03
8.321608040201006133e+02 1.849379334433940869e+00 5.933492957173022546e-03
8.371859296482411992e+02 1.849381380025282073e+00 5.930076446421985586e-03
8.422110552763820124e+02 1.849383384728425783e+00 5.926720644217077158e-03
8.472361809045225982e+02 1.849385349648707599e+00 5.923424014144534552e-03
8.522613065326634114e+02 1.849387275853659807e+00 5.920185068853489434e-03
8.572864321608039972e+02 1.849389164374575678e+00 5.917002368294375231e-03
8.623115577889448105e+02 1.849391016207996064e+00 5.913874517978502492e-03
8.673366834170853963e+02 1.849392832317128699e+00 5.910800167146909936e-03
8.723618090452262095e+02 1.849394613633193796e+00 5.907778007299923501e-03
8.773869346733667953e+02 1.849396361056711902e+00 5.904806770544114916e-03
8.824120603015076085e+02 1.849398075458727586e+00 5.901885228095238821e-03
8.874371859296483080e+02 1.849399757681976508e+00 5.899012188881824596e-03
8.924623115577890076e+02 1.849401408541999414e+00 5.896186498174972937e-03
8.974874371859297071e+02 1.849403028828204620e+00 5.893407036263818150e-03
9.025125628140704066e+02 1.849404619304880537e+00 5.890672717196098959e-03
9.075376884422111061e+02 1.849406180712163117e+00 5.887982487509092928e-03
9.125628140703518056e+02 1.849407713766960226e+00 5.885335325158810686e-03
9.175879396984925052e+02 1.849409219163834051e+00 5.882730238384236907e-03
9.226130653266332047e+02 1.849410697575843754e+00 5.880166264563425893e-03
9.276381909547739042e+02 1.849412149655351056e+00 5.877642469288443805e-03
9.326633165829146037e+02 1.849413576034790951e+00 5.875157945301096724e-03
9.376884422110553032e+02 1.849414977327408893e+00 5.872711811610705802e-03
9.427135678391960028e+02 1.849416354127964013e+00 5.870303212511059424e-03
9.477386934673367023e+02 1.849417707013405687e+00 5.867931316799248134e-03
9.527638190954774018e+02 1.849419036543517691e+00 5.865595316856492790e-03
9.577889447236181013e+02 1.849420343261535926e+00 5.863294427874847330e-03
9.628140703517588008e+02 1.849421627694742165e+00 5.861027887116743336e-03
9.678391959798995003e+02 1.849422890355029603e+00 5.858794953075023050e-03
9.728643216080401999e+02 1.849424131739446642e+00 5.856594904893562548e-03
9.778894472361808994e+02 1.849425352330718697e+00 5.854427041556304993e-03
9.829145728643217126e+02 1.849426552597746465e+00 5.852290681318533284e-03
9.879396984924624121e+02 1.849427732996086426e+00 5.850185160982636010e-03
9.929648241206031116e+02 1.849428893968408483e+00 5.848109835359848775e-03
9.979899497487438111e+02 1.849430035944939155e+00 5.846064076690681358e-03
1.003015075376884511e+03 1.849431159343883024e+00 5.844047273967067566e-03
1.008040201005025210e+03 1.849432264571830631e+00 5.842058832555221612e-03
1.013065326633165910e+03 1.849433352024147048e+00 5.840098173511689555e-03
1.018090452261306609e+03 1.849434422085348251e+00 5.838164733181520558e-03
1.023115577889447309e+03 1.849435475129460604e+00 5.836257962660802712e-03
1.028140703517588008e+03 1.849436511520367254e+00 5.834377327389766305e-03
1.033165829145728821e+03 1.849437531612140306e+00 5.832522306591312808e-03
1.038190954773869407e+03 1.849438535749361012e+00 5.830692392973623427e-03
1.043216080402009993e+03 1.849439524267428192e+00 5.828887092202285347e-03
1.048241206030150806e+03 1.849440497492853108e+00 5.827105922541626383e-03
1.053266331658291620e+03 1.849441455743544349e+00 5.825348414456049499e-03
1.058291457286432205e+03 1.849442399329082720e+00 5.823614110266679862e-03
1.063316582914572791e+03 1.849443328550984145e+00 5.821902563710944570e-03
1.068341708542713604e+03 1.849444243702954571e+00 5.820213339729225083e-03
1.073366834170854418e+03 1.849445145071132446e+00 5.818546013944851311e-03
1.078391959798995003e+03 1.849446032934327855e+00 5.816900172523972387e-03
1.083417085427135589e+03 1.849446907564246345e+00 5.815275411728821134e-03
1.088442211055276402e+03 1.849447769225709193e+00 5.813671337679436786e-03
1.093467336683417216e+03 1.849448618176863901e+00 5.812087566056865079e-03
1.098492462311557802e+03 1.849449454669386927e+00 5.810523721766877765e-03
1.103517587939698387e+03 1.849450278948681303e+00 5.808979438793530729e-03
1.108542713567839201e+03 1.849451091254063373e+00 5.807454359784140069e-03
1.113567839195980014e+03 1.849451891818947313e+00 5.805948135862389059e-03
1.118592964824120827e+03 1.849452680871018995e+00 5.804460426459632366e-03
1.123618090452261413e+03 1.849453458632408287e+00 5.802990898954012849e-03
1.128643216080401999e+03 1.849454225319850043e+00 5.801539228499802067e-03
1.133668341708542812e+03 1.849454981144844412e+00 5.800105097779364310e-03
1.138693467336683625e+03 1.849455726313808945e+00 5.798688196869101509e-03
1.143718592964824211e+03 1.849456461028225807e+00 5.797288222913178635e-03
1.148743718592964797e+03 1.849457185484784549e+00 5.795904879987848375e-03
1.153768844221105610e+03 1.849457899875520228e+00 5.794537878984274033e-03
1.158793969849246423e+03 1.849458604387945293e+00 5.793186937222450338e-03
1.163819095477387009e+03 1.849459299205179263e+00 5.791851778466693655e-03
1.168844221105527595e+03 1.849459984506072630e+00 5.790532132653163772e-03
1.173869346733668408e+03 1.849460660465326756e+00 5.789227735750859631e-03
1.178894472361809221e+03 1.849461327253610454e+00 5.787938329564518321e-03
1.183919597989949807e+03 1.849461985037671896e+00 5.786663661594452883e-03
1.188944723618090393e+03 1.849462633980448079e+00 5.785403484915054885e-03
1.193969849246231206e+03 1.849463274241168964e+00 5.784157557976044549e-03
1.198994974874372019e+03 1.849463905975460509e+00 5.782925644499136743e-03
1.204020100502512605e+03 1.849464529335441032e+00 5.781707513259074643e-03
1.209045226130653191e+03 1.849465144469819800e+00 5.780502938113774893e-03
1.214070351758794004e+03 1.849465751523986068e+00 5.779311697650043288e-03
1.219095477386934817e+03 1.849466350640100565e+00 5.778133575270513050e-03
1.224120603015075403e+03 1.849466941957180532e+00 5.776968358934513569e-03
1.229145728643215989e+03 1.849467525611185215e+00 5.775815841032946527e-03
1.234170854271356802e+03 1.849468101735095349e+00 5.774675818358905761e-03
1.239195979899497615e+03 1.849468670458993103e+00 5.773548092001129679e-03
1.244221105527638429e+03 1.849469231910137568e+00 5.772432467121715524e-03
1.249246231155779014e+03 1.849469786213038924e+00 5.771328752925748706e-03
1.254271356783919600e+03 1.849470333489530383e+00 5.770236762553732600e-03
1.259296482412060413e+03 1.849470873858836573e+00 5.769156313012209145e-03
1.264321608040201227e+03 1.849471407437642378e+00 5.768087225007878516e-03
1.269346733668341813e+03 1.849471934340157109e+00 5.767029322858370152e-03
1.274371859296482398e+03 1.849472454678177780e+00 5.765982434537534652e-03
1.279396984924623212e+03 1.849472968561150843e+00 5.764946391373982661e-03
1.284422110552764025e+03 1.849473476096232138e+00 5.763921028134374146e-03
1.289447236180904611e+03 1.849473977388344181e+00 5.762906182836944301e-03
1.294472361809045196e+03 1.849474472540233005e+00 5.761901696776650962e-03
1.299497487437186010e+03 1.849474961652520788e+00 5.760907414338213919e-03
1.304522613065326823e+03 1.849475444823760695e+00 5.759923182963038943e-03
1.309547738693467409e+03 1.849475922150487728e+00 5.758948853115985686e-03
1.314572864321607994e+03 1.849476393727267798e+00 5.757984278155571338e-03
1.319597989949748808e+03 1.849476859646746796e+00 5.757029314242497788e-03
1.324623115577889621e+03 1.849477319999697444e+00 5.756083820402286416e-03
1.329648241206030207e+03 1.849477774875064817e+00 5.755147658298497698e-03
1.334673366834170793e+03 1.849478224360010303e+00 5.754220692256455279e-03
1.339698492462311606e+03 1.849478668539955573e+00 5.753302789209703734e-03
1.344723618090452419e+03 1.849479107498624098e+00 5.752393818607723017e-03
1.349748743718593005e+03 1.849479541318081344e+00 5.751493652342762157e-03
1.354773869346733591e+03 1.849479970078774738e+00 5.750602164753751064e-03
1.359798994974874404e+03 1.849480393859572303e+00 5.749719232494956804e-03
1.364824120603015217e+03 1.849480812737799518e+00 5.748844734520319917e-03
1.369849246231156030e+03 1.849481226789275734e+00 5.747978552087008863e-03
1.374874371859296616e+03 1.849481636088350145e+00 5.747120568546404060e-03
1.379899497487437202e+03 1.849482040707935093e+00 5.746270669482599937e-03
1.384924623115578015e+03 1.849482440719540710e+00 5.745428742541781875e-03
1.389949748743718828e+03 1.849482836193306001e+00 5.744594677435319215e-03
1.394974874371859414e+03 1.849483227198031710e+00 5.743768365826826955e-03
1.400000000000000000e+03 1.849483613801210513e+00 5.742949701393051942e-03
