4.000000000000000000e+02 1.833990834540080828e+00 1.111930180897367088e-02
4.050251256281406995e+02 1.834070845926246918e+00 1.104408844902519775e-02
4.100502512562813990e+02 1.834155064461491902e+00 1.094532003484828889e-02
4.150753768844220986e+02 1.834245583042620309e+00 1.081467218684820618e-02
4.201005025125627981e+02 1.834345418044882825e+00 1.063945312963311164e-02
4.251256281407034976e+02 1.834458925481601943e+00 1.039997214645908656e-02
4.301507537688441971e+02 1.834592091221856514e+00 1.006602745164241960e-02
4.351758793969848966e+02 1.834751394265236923e+00 9.596281994024190992e-03
4.402010050251256530e+02 1.834936686473834788e+00 8.960264501394702569e-03
4.452261306532663525e+02 1.835124143437828703e+00 8.221701626142838629e-03
4.502512562814070520e+02 1.835270801321446710e+00 7.578908723190247790e-03
4.552763819095477515e+02 1.835363948125706690e+00 7.149501481687354880e-03
4.603015075376884511e+02 1.835421308288126108e+00 6.888672162224275010e-03
4.653266331658291506e+02 1.835459360393882466e+00 6.726495747659132392e-03
4.703517587939698501e+02 1.835486970499726311e+00 6.619791179373553207e-03
4.753768844221105496e+02 1.835508538936931222e+00 6.545603632115092572e-03
4.804020100502512491e+02 1.835526339300805887e+00 6.491587156776908347e-03
4.854271356783919487e+02 1.835541625677162170e+00 6.450761620085477925e-03
4.904522613065327050e+02 1.835555135579155950e+00 6.418960990426342099e-03
4.954773869346734045e+02 1.835567328038692381e+00 6.393572960690582785e-03
5.005025125628141041e+02 1.835578503087343938e+00 6.372887723269602019e-03
5.055276381909548036e+02 1.835588865270867176e+00 6.355744291352338933e-03
5.105527638190955031e+02 1.835598559222511916e+00 6.341329136397707081e-03
5.155778894472362026e+02 1.835607690526097624e+00 6.329056562260518097e-03
5.206030150753769021e+02 1.835616338455429819e+00 6.318494905316576066e-03
5.256281407035176017e+02 1.835624564033142780e+00 6.309319464074893830e-03
5.306532663316583012e+02 1.835632415289729868e+00 6.301281580568888693e-03
5.356783919597990007e+02 1.835639930791278296e+00 6.294187795160897762e-03
5.407035175879397002e+02 1.835647142064596560e+00 6.287885462466158253e-03
5.457286432160803997e+02 1.835654075301396349e+00 6.282252618073478137e-03
5.507537688442210992e+02 1.835660752579825195e+00 6.277190705640511501e-03
5.557788944723617988e+02 1.835667192755927157e+00 6.272619268277417753e-03
5.608040201005024983e+02 1.835673412124985138e+00 6.268472014666771029e-03
5.658291457286431978e+02 1.835679424919591129e+00 6.264693863075469597e-03
5.708542713567838973e+02 1.835685243689994639e+00 6.261238691813737073e-03
5.758793969849245968e+02 1.835690879598320002e+00 6.258067607901125241e-03
5.809045226130654100e+02 1.835696342648894586e+00 6.255147599634349950e-03
5.859296482412059959e+02 1.835701641870593592e+00 6.252450478139173762e-03
5.909547738693468091e+02 1.835706785462718926e+00 6.249952038142939786e-03
5.959798994974873949e+02 1.835711780912861579e+00 6.247631386999525326e-03
6.010050251256282081e+02 1.835716635093019189e+00 6.245470403842281158e-03
6.060301507537687939e+02 1.835721354338673450e+00 6.243453300867857908e-03
6.110552763819096072e+02 1.835725944514390751e+00 6.241566264552832373e-03
6.160804020100503067e+02 1.835730411068676293e+00 6.239797160741140936e-03
6.211055276381910062e+02 1.835734759080185574e+00 6.238135290609668829e-03
6.261306532663317057e+02 1.835738993296933463e+00 6.236571187487948559e-03
6.311557788944724052e+02 1.835743118169788524e+00 6.235096447276130063e-03
6.361809045226131047e+02 1.835747137881268642e+00 6.233703585431994709e-03
6.412060301507538043e+02 1.835751056370450440e+00 6.232385916658608402e-03
6.462311557788945038e+02 1.835754877354639936e+00 6.231137452466493400e-03
6.512562814070352033e+02 1.835758604348332490e+00 6.229952814217064837e-03
6.562814070351759028e+02 1.835762240679885693e+00 6.228827158523362120e-03
6.613065326633166023e+02 1.835765789506254020e+00 6.227756113384074789e-03
6.663316582914573019e+02 1.835769253826075920e+00 6.226735723041891719e-03
6.713567839195980014e+02 1.835772636491339593e+00 6.225762400368439926e-03
6.763819095477387009e+02 1.835775940217839297e+00 6.224832885625063324e-03
6.814070351758794004e+02 1.835779167594571604e+00 6.223944210389884685e-03
6.864321608040200999e+02 1.835782321092219505e+00 6.223093666275610926e-03
6.914572864321607994e+02 1.835785403070836930e+00 6.222278777524404593e-03
6.964824120603016127e+02 1.835788415786831607e+00 6.221497276884438432e-03
7.015075376884421985e+02 1.835791361399332855e+00 6.220747084384751352e-03
7.065326633165830117e+02 1.835794241976012042e+00 6.220026288712665781e-03
7.115577889447235975e+02 1.835797059498422312e+00 6.219333130682505248e-03
7.165829145728644107e+02 1.835799815866905327e+00 6.218665988533038369e-03
7.216080402010049966e+02 1.835802512905116091e+00 6.218023365040133144e-03
7.266331658291458098e+02 1.835805152364199833e+00 6.217403875823432693e-03
7.316582914572863956e+02 1.835807735926662465e+00 6.216806239117841915e-03
7.366834170854272088e+02 1.835810265209959047e+00 6.216229266494605228e-03
7.417085427135677946e+02 1.835812741769830891e+00 6.215671854659100305e-03
7.467336683417086078e+02 1.835815167103411971e+00 6.215132977952120275e-03
7.517587939698491937e+02 1.835817542652127932e+00 6.214611681841979672e-03
7.567839195979900069e+02 1.835819869804404814e+00 6.214107076729987779e-03
7.618090452261307064e+02 1.835822149898203692e+00 6.213618332749193396e-03
7.668341708542714059e+02 1.835824384223396111e+00 6.213144674753517255e-03
7.718592964824121054e+02 1.835826574023993185e+00 6.212685377962527504e-03
7.768844221105528050e+02 1.835828720500242150e+00 6.212239763958879273e-03
7.819095477386935045e+02 1.835830824810595674e+00 6.211807197039003782e-03
7.869346733668342040e+02 1.835832888073570146e+00 6.211387080953312267e-03
7.919597989949749035e+02 1.835834911369494948e+00 6.210978855821915751e-03
7.969849246231156030e+02 1.835836895742167352e+00 6.210581995530094733e-03
8.020100502512563025e+02 1.835838842200413046e+00 6.210196005139155886e-03
8.070351758793970021e+02 1.835840751719563402e+00 6.209820418670461591e-03
8.120603015075377016e+02 1.835842625242854353e+00 6.209454796958991524e-03
8.170854271356784011e+02 1.835844463682750671e+00 6.209098725826965072e-03
8.221105527638192143e+02 1.835846267922202957e+00 6.208751814238035703e-03
8.271356783919598001e+02 1.835848038815839800e+00 6.208413692807690856e-03
8.321608040201006133e+02 1.835849777191099319e+00 6.208084012240895795e-03
8.371859296482411992e+02 1.835851483849305854e+00 6.207762442001089724e-03
8.422110552763820124e+02 1.835853159566692705e+00 6.207448669067605965e-03
8.472361809045225982e+02 1.835854805095377351e+00 6.207142396835274405e-03
8.522613065326634114e+02 1.835856421164285379e+00 6.206843343905913378e-03
8.572864321608039972e+02 1.835858008480038217e+00 6.206551243308350285e-03
8.623115577889448105e+02 1.835859567727790909e+00 6.206265841413736301e-03
8.673366834170853963e+02 1.835861099572038801e+00 6.205986897225897019e-03
8.723618090452262095e+02 1.835862604657382047e+00 6.205714181492278866e-03
8.773869346733667953e+02 1.835864083609257902e+00 6.205447476082742025e-03
8.824120603015076085e+02 1.835865537034641282e+00 6.205186573296377073e-03
8.874371859296483080e+02 1.835866965522710226e+00 6.204931275167916566e-03
8.924623115577890076e+02 1.835868369645487608e+00 6.204681393006373190e-03
8.974874371859297071e+02 1.835869749958450647e+00 6.204436746754441942e-03
9.025125628140704066e+02 1.835871107001116442e+00 6.204197164544419593e-03
9.075376884422111061e+02 1.835872441297601521e+00 6.203962482235965067e-03
9.125628140703518056e+02 1.835873753357159410e+00 6.203732542989406039e-03
9.175879396984925052e+02 1.835875043674692453e+00 6.203507196785130323e-03
9.226130653266332047e+02 1.835876312731246074e+00 6.203286300121721442e-03
9.276381909547739042e+02 1.835877560994481072e+00 6.203069715660234490e-03
9.326633165829146037e+02 1.835878788919125482e+00 6.202857311832493843e-03
9.376884422110553032e+02 1.835879996947409776e+00 6.202648962646108502e-03
9.427135678391960028e+02 1.835881185509484759e+00 6.202444547220874183e-03
9.477386934673367023e+02 1.835882355023821466e+00 6.202243949718804980e-03
9.527638190954774018e+02 1.835883505897596191e+00 6.202047058898170658e-03
9.577889447236181013e+02 1.835884638527060186e+00 6.201853768007502439e-03
9.628140703517588008e+02 1.835885753297894718e+00 6.201663974554211256e-03
9.678391959798995003e+02 1.835886850585553232e+00 6.201477579965688700e-03
9.728643216080401999e+02 1.835887930755589093e+00 6.201294489554648980e-03
9.778894472361808994e+02 1.835888994163971777e+00 6.201114612233767781e-03
9.829145728643217126e+02 1.835890041157391073e+00 6.200937860391363306e-03
9.879396984924624121e+02 1.835891072073549735e+00 6.200764149641684563e-03
9.929648241206031116e+02 1.835892087241443926e+00 6.200593398789980976e-03
9.979899497487438111e+02 1.835893086981635891e+00 6.200425529600568121e-03
1.003015075376884511e+03 1.835894071606514855e+00 6.200260466672261571e-03
1.008040201005025210e+03 1.835895041420547713e+00 6.200098137295857216e-03
1.013065326633165910e+03 1.835895996720522838e+00 6.199938471418998780e-03
1.018090452261306609e+03 1.835896937795782335e+00 6.199781401378215949e-03
1.023115577889447309e+03 1.835897864928448753e+00 6.199626861935339690e-03
1.028140703517588008e+03 1.835898778393641573e+00 6.199474790063178031e-03
1.033165829145728821e+03 1.835899678459687046e+00 6.199325124910225714e-03
1.038190954773869407e+03 1.835900565388320027e+00 6.199177807693717623e-03
1.043216080402009993e+03 1.835901439434879601e+00 6.199032781574737375e-03
1.048241206030150806e+03 1.835902300848497593e+00 6.198889991640747776e-03
1.053266331658291620e+03 1.835903149872278872e+00 6.198749384762735487e-03
1.058291457286432205e+03 1.835903986743478544e+00 6.198610909559786226e-03
1.063316582914572791e+03 1.835904811693671368e+00 6.198474516309901775e-03
1.068341708542713604e+03 1.835905624948913406e+00 6.198340156860797888e-03
1.073366834170854418e+03 1.835906426729902785e+00 6.198207784630238235e-03
1.078391959798995003e+03 1.835907217252131574e+00 6.198077354445143128e-03
1.083417085427135589e+03 1.835907996726032998e+00 6.197948822595620091e-03
1.088442211055276402e+03 1.835908765357124883e+00 6.197822146709866011e-03
1.093467336683417216e+03 1.835909523346147321e+00 6.197697285664860965e-03
1.098492462311557802e+03 1.835910270889197227e+00 6.197574199658276856e-03
1.103517587939698387e+03 1.835911008177855797e+00 6.197452850029584043e-03
1.108542713567839201e+03 1.835911735399314626e+00 6.197333199314015127e-03
1.113567839195980014e+03 1.835912452736496725e+00 6.197215211117385568e-03
1.118592964824120827e+03 1.835913160368173092e+00 6.197098850134206798e-03
1.123618090452261413e+03 1.835913858469075288e+00 6.196984082058309799e-03
1.128643216080401999e+03 1.835914547210006909e+00 6.196870873654688680e-03
1.133668341708542812e+03 1.835915226757947050e+00 6.196759192508860016e-03
1.138693467336683625e+03 1.835915897276156450e+00 6.196649007242013667e-03
1.143718592964824211e+03 1.835916558924273634e+00 6.196540287296185487e-03
1.148743718592964797e+03 1.835917211858413500e+00 6.196433002988149114e-03
1.153768844221105610e+03 1.835917856231260137e+00 6.196327125455815613e-03
1.158793969849246423e+03 1.835918492192157414e+00 6.196222626622529400e-03
1.163819095477387009e+03 1.835919119887196249e+00 6.196119479161367634e-03
1.168844221105527595e+03 1.835919739459300315e+00 6.196017656531098428e-03
1.173869346733668408e+03 1.835920351048307975e+00 6.195917132868788459e-03
1.178894472361809221e+03 1.835920954791052662e+00 6.195817883007840622e-03
1.183919597989949807e+03 1.835921550821439929e+00 6.195719882442253523e-03
1.188944723618090393e+03 1.835922139270522502e+00 6.195623107290895715e-03
1.193969849246231206e+03 1.835922720266573993e+00 6.195527534351354983e-03
1.198994974874372019e+03 1.835923293935159295e+00 6.195433140974600239e-03
1.204020100502512605e+03 1.835923860399202301e+00 6.195339905100906777e-03
1.209045226130653191e+03 1.835924419779053629e+00 6.195247805242022447e-03
1.214070351758794004e+03 1.835924972192555238e+00 6.195156820409568679e-03
1.219095477386934817e+03 1.835925517755101932e+00 6.195066930222638442e-03
1.224120603015075403e+03 1.835926056579704202e+00 6.194978114746590991e-03
1.229145728643215989e+03 1.835926588777045065e+00 6.194890354546877739e-03
1.234170854271356802e+03 1.835927114455540021e+00 6.194803630689115978e-03
1.239195979899497615e+03 1.835927633721390784e+00 6.194717924703311077e-03
1.244221105527638429e+03 1.835928146678640127e+00 6.194633218512228014e-03
1.249246231155779014e+03 1.835928653429224511e+00 6.194549494538987601e-03
1.254271356783919600e+03 1.835929154073026037e+00 6.194466735617509649e-03
1.259296482412060413e+03 1.835929648707920414e+00 6.194384924938802460e-03
1.264321608040201227e+03 1.835930137429826914e+00 6.194304046140628947e-03
1.269346733668341813e+03 1.835930620332753671e+00 6.194224083235864292e-03
1.274371859296482398e+03 1.835931097508844756e+00 6.194145020576698191e-03
1.279396984924623212e+03 1.835931569048423917e+00 6.194066842926377811e-03
1.284422110552764025e+03 1.835932035040037436e+00 6.193989535369631011e-03
1.289447236180904611e+03 1.835932495570496314e+00 6.193913083330634603e-03
1.294472361809045196e+03 1.835932950724917356e+00 6.193837472555130223e-03
1.299497487437186010e+03 1.835933400586762243e+00 6.193762689164238923e-03
1.304522613065326823e+03 1.835933845237875728e+00 6.193688719511103620e-03
1.309547738693467409e+03 1.835934284758524493e+00 6.193615550306394608e-03
1.314572864321607994e+03 1.835934719227432455e+00 6.193543168528723233e-03
1.319597989949748808e+03 1.835935148721817400e+00 6.193471561460525514e-03
1.324623115577889621e+03 1.835935573317424074e+00 6.193400716670169337e-03
1.329648241206030207e+03 1.835935993088558371e+00 6.193330621940284358e-03
1.334673366834170793e+03 1.835936408108121309e+00 6.193261265375343480e-03
1.339698492462311606e+03 1.835936818447639451e+00 6.193192635347916780e-03
1.344723618090452419e+03 1.835937224177295768e+00 6.193124720391142944e-03
1.349748743718593005e+03 1.835937625365961612e+00 6.193057509395943905e-03
1.354773869346733591e+03 1.835938022081224030e+00 6.192990991378006377e-03
1.359798994974874404e+03 1.835938414389415740e+00 6.192925155657074202e-03
1.364824120603015217e+03 1.835938802355642663e+00 6.192859991749410237e-03
1.369849246231156030e+03 1.835939186043811011e+00 6.192795489403677377e-03
1.374874371859296616e+03 1.835939565516654159e+00 6.192731638529244166e-03
1.379899497487437202e+03 1.835939940835757511e+00 6.192668429321706788e-03
1.384924623115578015e+03 1.835940312061584923e+00 6.192605852101555446e-03
1.389949748743718828e+03 1.835940679253502461e+00 6.192543897421761909e-03
1.394974874371859414e+03 1.835941042469801721e+00 6.192482556031945334e-03
1.400000000000000000e+03 1.835941401767724690e+00 6.192421818842533746e-03
