4.000000000000000000e+02 1.825316321973906364e+00 1.534864735098904684e-02
4.050251256281406995e+02 1.825410913926925893e+00 1.529277494715413493e-02
4.100502512562813990e+02 1.825507243478124098e+00 1.521963171729383973e-02
4.150753768844220986e+02 1.825606547105255606e+00 1.512457461216392025e-02
4.201005025125627981e+02 1.825710522197867114e+00 1.500090198636413671e-02
4.251256281407034976e+02 1.825821564077816150e+00 1.483868993021079073e-02
4.301507537688441971e+02 1.825943136851716275e+00 1.462283405804581417e-02
4.351758793969848966e+02 1.826080321500819448e+00 1.432977153928990423e-02
4.402010050251256530e+02 1.826240440197316683e+00 1.392244511524619657e-02
4.452261306532663525e+02 1.826432813802369326e+00 1.334559096341656446e-02
4.502512562814070520e+02 1.826663319237761707e+00 1.253838466501488655e-02
4.552763819095477515e+02 1.826914207749298580e+00 1.152299393312210610e-02
4.603015075376884511e+02 1.827128829895168893e+00 1.054208725468367205e-02
4.653266331658291506e+02 1.827269813762345096e+00 9.849603410877563053e-03
4.703517587939698501e+02 1.827354489847737185e+00 9.431482341987014809e-03
4.753768844221105496e+02 1.827408514246467997e+00 9.178462048063242701e-03
4.804020100502512491e+02 1.827446470900569775e+00 9.016325750393712826e-03
4.854271356783919487e+02 1.827475450790873701e+00 8.905955621412855322e-03
4.904522613065327050e+02 1.827498998292029553e+00 8.826889391402780935e-03
4.954773869346734045e+02 1.827519009323976595e+00 8.767874186055594696e-03
5.005025125628141041e+02 1.827536570465410293e+00 8.722351311134352372e-03
5.055276381909548036e+02 1.827552343752660846e+00 8.686288050908744576e-03
5.105527638190955031e+02 1.827566754310338215e+00 8.657087220548882051e-03
5.155778894472362026e+02 1.827580087677522114e+00 8.633008740512648771e-03
5.206030150753769021e+02 1.827592543203619080e+00 8.612846868432881553e-03
5.256281407035176017e+02 1.827604264822181745e+00 8.595741695892906292e-03
5.306532663316583012e+02 1.827615359564934927e+00 8.581064540477970765e-03
5.356783919597990007e+02 1.827625909125061732e+00 8.568345757829021539e-03
5.407035175879397002e+02 1.827635977320092531e+00 8.557227836663102230e-03
5.457286432160803997e+02 1.827645615049680261e+00 8.547434073354577208e-03
5.507537688442210992e+02 1.827654863674725405e+00 8.538747135395093751e-03
5.557788944723617988e+02 1.827663757373879427e+00 8.530994070379084582e-03
5.608040201005024983e+02 1.827672324821084660e+00 8.524035616660777248e-03
5.658291457286431978e+02 1.827680590402227967e+00 8.517758446743918174e-03
5.708542713567838973e+02 1.827688575112611291e+00 8.512069449268678395e-03
5.758793969849245968e+02 1.827696297229329359e+00 8.506891452715482221e-03
5.809045226130654100e+02 1.827703772822248496e+00 8.502159985390176158e-03
5.859296482412059959e+02 1.827711016147489875e+00 8.497820790835252866e-03
5.909547738693468091e+02 1.827718039954173479e+00 8.493827901765796384e-03
5.959798994974873949e+02 1.827724855726293729e+00 8.490142131604129505e-03
6.010050251256282081e+02 1.827731473875496615e+00 8.486729881995004957e-03
6.060301507537687939e+02 1.827737903896281546e+00 8.483562192113651423e-03
6.110552763819096072e+02 1.827744154492139561e+00 8.480613974414274656e-03
6.160804020100503067e+02 1.827750233678993919e+00 8.477863395802651483e-03
6.211055276381910062e+02 1.827756148870747888e+00 8.475291372982763846e-03
6.261306532663317057e+02 1.827761906950606585e+00 8.472881158253956629e-03
6.311557788944724052e+02 1.827767514330992160e+00 8.470617997438052021e-03
6.361809045226131047e+02 1.827772977004245014e+00 8.468488845770753490e-03
6.412060301507538043e+02 1.827778300585820581e+00 8.466482130689295324e-03
6.462311557788945038e+02 1.827783490351337248e+00 8.464587552672328888e-03
6.512562814070352033e+02 1.827788551268549000e+00 8.462795917350525790e-03
6.562814070351759028e+02 1.827793488025098556e+00 8.461098993227715581e-03
6.613065326633166023e+02 1.827798305052747541e+00 8.459489390655631699e-03
6.663316582914573019e+02 1.827803006548642806e+00 8.457960458466346962e-03
6.713567839195980014e+02 1.827807596494073206e+00 8.456506195289384409e-03
6.763819095477387009e+02 1.827812078671098739e+00 8.455121173181858948e-03
6.814070351758794004e+02 1.827816456677354040e+00 8.453800471831373481e-03
6.864321608040200999e+02 1.827820733939289122e+00 8.452539621319523841e-03
6.914572864321607994e+02 1.827824913724056755e+00 8.451334552568778510e-03
6.964824120603016127e+02 1.827828999150227895e+00 8.450181553933375916e-03
7.015075376884421985e+02 1.827832993197486156e+00 8.449077233427726083e-03
7.065326633165830117e+02 1.827836898715426317e+00 8.448018485438687358e-03
7.115577889447235975e+02 1.827840718431570810e+00 8.447002461605915280e-03
7.165829145728644107e+02 1.827844454958689191e+00 8.446026545052904427e-03
7.216080402010049966e+02 1.827848110801506554e+00 8.445088327609344067e-03
7.266331658291458098e+02 1.827851688362863936e+00 8.444185589729633068e-03
7.316582914572863956e+02 1.827855189949394887e+00 8.443316282548315663e-03
7.366834170854272088e+02 1.827858617776761951e+00 8.442478512051066267e-03
7.417085427135677946e+02 1.827861973974507226e+00 8.441670524800069797e-03
7.467336683417086078e+02 1.827865260590544993e+00 8.440890695335595897e-03
7.517587939698491937e+02 1.827868479595340157e+00 8.440137514809657043e-03
7.567839195979900069e+02 1.827871632885795794e+00 8.439409580801601404e-03
7.618090452261307064e+02 1.827874722288878040e+00 8.438705588199391441e-03
7.668341708542714059e+02 1.827877749565006260e+00 8.438024321003699882e-03
7.718592964824121054e+02 1.827880716411218964e+00 8.437364644859016161e-03
7.768844221105528050e+02 1.827883624464145207e+00 8.436725500431469654e-03
7.819095477386935045e+02 1.827886475302791247e+00 8.436105897279284893e-03
7.869346733668342040e+02 1.827889270451158232e+00 8.435504908453666378e-03
7.919597989949749035e+02 1.827892011380706228e+00 8.434921665462500814e-03
7.969849246231156030e+02 1.827894699512673693e+00 8.434355353794983912e-03
8.020100502512563025e+02 1.827897336220266400e+00 8.433805208784088056e-03
8.070351758793970021e+02 1.827899922830722890e+00 8.433270511886352405e-03
8.120603015075377016e+02 1.827902460627265802e+00 8.432750587261034214e-03
8.170854271356784011e+02 1.827904950850948618e+00 8.432244798622662990e-03
8.221105527638192143e+02 1.827907394702403376e+00 8.431752546499065443e-03
8.271356783919598001e+02 1.827909793343497569e+00 8.431273265421144678e-03
8.321608040201006133e+02 1.827912147898903550e+00 8.430806421742556567e-03
8.371859296482411992e+02 1.827914459457591789e+00 8.430351511325815880e-03
8.422110552763820124e+02 1.827916729074244406e+00 8.429908057542762068e-03
8.472361809045225982e+02 1.827918957770602981e+00 8.429475609418349627e-03
8.522613065326634114e+02 1.827921146536748198e+00 8.429053739944304333e-03
8.572864321608039972e+02 1.827923296332318426e+00 8.428642044510104014e-03
8.623115577889448105e+02 1.827925408087670123e+00 8.428240139385544810e-03
8.673366834170853963e+02 1.827927482704984952e+00 8.427847660439405017e-03
8.723618090452262095e+02 1.827929521059323381e+00 8.427464261923109032e-03
8.773869346733667953e+02 1.827931523999630548e+00 8.427089615214057236e-03
8.824120603015076085e+02 1.827933492349698597e+00 8.426723407900755386e-03
8.874371859296483080e+02 1.827935426909081507e+00 8.426365342630153313e-03
8.924623115577890076e+02 1.827937328453973720e+00 8.426015136375978459e-03
8.974874371859297071e+02 1.827939197738046806e+00 8.425672519416699258e-03
9.025125628140704066e+02 1.827941035493252153e+00 8.425337234668719977e-03
9.075376884422111061e+02 1.827942842430586357e+00 8.425009036887391375e-03
9.125628140703518056e+02 1.827944619240826851e+00 8.424687692025737210e-03
9.175879396984925052e+02 1.827946366595233796e+00 8.424372976540099936e-03
9.226130653266332047e+02 1.827948085146224644e+00 8.424064676879944660e-03
9.276381909547739042e+02 1.827949775528018517e+00 8.423762588858756464e-03
9.326633165829146037e+02 1.827951438357256597e+00 8.423466517156450589e-03
9.376884422110553032e+02 1.827953074233594766e+00 8.423176274847864187e-03
9.427135678391960028e+02 1.827954683740273589e+00 8.422891682957407700e-03
9.477386934673367023e+02 1.827956267444665439e+00 8.422612570013476851e-03
9.527638190954774018e+02 1.827957825898798516e+00 8.422338771668582899e-03
9.577889447236181013e+02 1.827959359639862447e+00 8.422070130319295536e-03
9.628140703517588008e+02 1.827960869190690785e+00 8.421806494752395733e-03
9.678391959798995003e+02 1.827962355060228861e+00 8.421547719830399861e-03
9.728643216080401999e+02 1.827963817743979869e+00 8.421293666176971060e-03
9.778894472361808994e+02 1.827965257724434966e+00 8.421044199901724439e-03
9.829145728643217126e+02 1.827966675471488944e+00 8.420799192311744299e-03
9.879396984924624121e+02 1.827968071442836795e+00 8.420558519662540292e-03
9.929648241206031116e+02 1.827969446084358074e+00 8.420322062882521288e-03
9.979899497487438111e+02 1.827970799830486159e+00 8.420089707455610112e-03
1.003015075376884511e+03 1.827972133104562635e+00 8.419861343066417994e-03
1.008040201005025210e+03 1.827973446319181239e+00 8.419636863509067509e-03
1.013065326633165910e+03 1.827974739876516264e+00 8.419416166424506867e-03
1.018090452261306609e+03 1.827976014168641195e+00 8.419199153156437659e-03
1.023115577889447309e+03 1.827977269577834907e+00 8.418985728607185359e-03
1.028140703517588008e+03 1.827978506476876763e+00 8.418775801027556654e-03
1.033165829145728821e+03 1.827979725229332608e+00 8.418569281859408088e-03
1.038190954773869407e+03 1.827980926189827660e+00 8.418366085670463822e-03
1.043216080402009993e+03 1.827982109704314073e+00 8.418166129930832950e-03
1.048241206030150806e+03 1.827983276110324518e+00 8.417969334921365787e-03
1.053266331658291620e+03 1.827984425737220864e+00 8.417775623628779430e-03
1.058291457286432205e+03 1.827985558906431329e+00 8.417584921627549108e-03
1.063316582914572791e+03 1.827986675931682070e+00 8.417397156895829735e-03
1.068341708542713604e+03 1.827987777119217672e+00 8.417212259842354535e-03
1.073366834170854418e+03 1.827988862768017864e+00 8.417030163082716426e-03
1.078391959798995003e+03 1.827989933170004910e+00 8.416850801453032438e-03
1.083417085427135589e+03 1.827990988610241896e+00 8.416674111825716079e-03
1.088442211055276402e+03 1.827992029367129900e+00 8.416500033096718444e-03
1.093467336683417216e+03 1.827993055712593184e+00 8.416328506040817586e-03
1.098492462311557802e+03 1.827994067912261267e+00 8.416159473338390498e-03
1.103517587939698387e+03 1.827995066225643894e+00 8.415992879351501949e-03
1.108542713567839201e+03 1.827996050906301129e+00 8.415828670203401654e-03
1.113567839195980014e+03 1.827997022202006994e+00 8.415666793620543012e-03
1.118592964824120827e+03 1.827997980354908236e+00 8.415507198906496331e-03
1.123618090452261413e+03 1.827998925601678204e+00 8.415349836863083091e-03
1.128643216080401999e+03 1.827999858173665615e+00 8.415194659764270099e-03
1.133668341708542812e+03 1.828000778297037554e+00 8.415041621250878706e-03
1.138693467336683625e+03 1.828001686192920250e+00 8.414890676317638568e-03
1.143718592964824211e+03 1.828002582077533855e+00 8.414741781273849322e-03
1.148743718592964797e+03 1.828003466162322121e+00 8.414594893651233809e-03
1.153768844221105610e+03 1.828004338654080962e+00 8.414449972190969282e-03
1.158793969849246423e+03 1.828005199755078802e+00 8.414306976804297039e-03
1.163819095477387009e+03 1.828006049663177812e+00 8.414165868480356567e-03
1.168844221105527595e+03 1.828006888571948485e+00 8.414026609352342687e-03
1.173869346733668408e+03 1.828007716670780658e+00 8.413889162526142634e-03
1.178894472361809221e+03 1.828008534144992758e+00 8.413753492159673636e-03
1.183919597989949807e+03 1.828009341175936608e+00 8.413619563331090762e-03
1.188944723618090393e+03 1.828010137941099122e+00 8.413487342104911115e-03
1.193969849246231206e+03 1.828010924614201782e+00 8.413356795413393444e-03
1.198994974874372019e+03 1.828011701365296116e+00 8.413227891056682117e-03
1.204020100502512605e+03 1.828012468360856513e+00 8.413100597729324115e-03
1.209045226130653191e+03 1.828013225763870375e+00 8.412974884862041425e-03
1.214070351758794004e+03 1.828013973733926933e+00 8.412850722727419073e-03
1.219095477386934817e+03 1.828014712427301180e+00 8.412728082360843365e-03
1.224120603015075403e+03 1.828015441997036472e+00 8.412606935507814868e-03
1.229145728643215989e+03 1.828016162593024907e+00 8.412487254650454979e-03
1.234170854271356802e+03 1.828016874362085709e+00 8.412369012928418155e-03
1.239195979899497615e+03 1.828017577448039832e+00 8.412252184191776685e-03
1.244221105527638429e+03 1.828018271991783905e+00 8.412136742908728204e-03
1.249246231155779014e+03 1.828018958131361504e+00 8.412022664178878464e-03
1.254271356783919600e+03 1.828019636002032877e+00 8.411909923720133769e-03
1.259296482412060413e+03 1.828020305736340889e+00 8.411798497815977521e-03
1.264321608040201227e+03 1.828020967464177859e+00 8.411688363341950775e-03
1.269346733668341813e+03 1.828021621312849065e+00 8.411579497712933992e-03
1.274371859296482398e+03 1.828022267407133361e+00 8.411471878896407267e-03
1.279396984924623212e+03 1.828022905869344017e+00 8.411365485346529100e-03
1.284422110552764025e+03 1.828023536819387784e+00 8.411260296056995156e-03
1.289447236180904611e+03 1.828024160374820628e+00 8.411156290481905384e-03
1.294472361809045196e+03 1.828024776650903238e+00 8.411053448575426736e-03
1.299497487437186010e+03 1.828025385760655208e+00 8.410951750725840712e-03
1.304522613065326823e+03 1.828025987814906550e+00 8.410851177782011773e-03
1.309547738693467409e+03 1.828026582922349208e+00 8.410751711053425506e-03
1.314572864321607994e+03 1.828027171189586131e+00 8.410653332204653249e-03
1.319597989949748808e+03 1.828027752721179233e+00 8.410556023374191059e-03
1.324623115577889621e+03 1.828028327619696691e+00 8.410459767055712688e-03
1.329648241206030207e+03 1.828028895985758462e+00 8.410364546150907519e-03
1.334673366834170793e+03 1.828029457918080247e+00 8.410270343943128390e-03
1.339698492462311606e+03 1.828030013513516794e+00 8.410177144057829485e-03
1.344723618090452419e+03 1.828030562867104081e+00 8.410084930502206499e-03
1.349748743718593005e+03 1.828031106072100176e+00 8.409993687586036007e-03
1.354773869346733591e+03 1.828031643220025204e+00 8.409903400014111935e-03
1.359798994974874404e+03 1.828032174400700427e+00 8.409814052767472514e-03
1.364824120603015217e+03 1.828032699702284658e+00 8.409725631182649389e-03
1.369849246231156030e+03 1.828033219211313121e+00 8.409638120872479222e-03
1.374874371859296616e+03 1.828033733012731421e+00 8.409551507739348314e-03
1.379899497487437202e+03 1.828034241189932407e+00 8.409465778054426091e-03
1.384924623115578015e+03 1.828034743824788144e+00 8.409380918286078407e-03
1.389949748743718828e+03 1.828035240997685218e+00 8.409296915231902550e-03
1.394974874371859414e+03 1.828035732787554934e+00 8.409213755952762645e-03
1.400000000000000000e+03 1.828036219271906626e+00 8.409131427746392370e-03
