4.000000000000000000e+02 1.830770466481837611e+00 1.564639744874973121e-02
4.050251256281406995e+02 1.830866337107604380e+00 1.558590488363387032e-02
4.100502512562813990e+02 1.830963293790491164e+00 1.550952391046898915e-02
4.150753768844220986e+02 1.831062239827960125e+00 1.541371415633597912e-02
4.201005025125627981e+02 1.831164339354283133e+00 1.529363955619881740e-02
4.251256281407034976e+02 1.831271118854789659e+00 1.514259699860985228e-02
4.301507537688441971e+02 1.831384605263581822e+00 1.495116247192271319e-02
4.351758793969848966e+02 1.831507495633609039e+00 1.470595140830298179e-02
4.402010050251256530e+02 1.831643299915724610e+00 1.438799997613596747e-02
4.452261306532663525e+02 1.831796212778376676e+00 1.397140462080278568e-02
4.502512562814070520e+02 1.831969929742112813e+00 1.342529784292336228e-02
4.552763819095477515e+02 1.832163579945694787e+00 1.272895198159578085e-02
4.603015075376884511e+02 1.832363706837197626e+00 1.191486727754613624e-02
4.653266331658291506e+02 1.832542149983807045e+00 1.110934113203429496e-02
4.703517587939698501e+02 1.832676645804578452e+00 1.045771006173694742e-02
4.753768844221105496e+02 1.832768697726485430e+00 9.999992962781718148e-03
4.804020100502512491e+02 1.832831590014133427e+00 9.693018018305339309e-03
4.854271356783919487e+02 1.832876699749046656e+00 9.484408272850113758e-03
4.904522613065327050e+02 1.832911017013140631e+00 9.337690692464250056e-03
4.954773869346734045e+02 1.832938526411915348e+00 9.230609966510702064e-03
5.005025125628141041e+02 1.832961523341588350e+00 9.149792061910010446e-03
5.055276381909548036e+02 1.832981380444822284e+00 9.087015437523174310e-03
5.105527638190955031e+02 1.832998954749851972e+00 9.037053777071160643e-03
5.155778894472362026e+02 1.833014804129249997e+00 8.996467888988236503e-03
5.206030150753769021e+02 1.833029305803680176e+00 8.962920288022131407e-03
5.256281407035176017e+02 1.833042723675402774e+00 8.934775380253742391e-03
5.306532663316583012e+02 1.833055248054827002e+00 8.910858760388917429e-03
5.356783919597990007e+02 1.833067019945284537e+00 8.890307697540756129e-03
5.407035175879397002e+02 1.833078146378107842e+00 8.872475494479920011e-03
5.457286432160803997e+02 1.833088710384898068e+00 8.856868634522665693e-03
5.507537688442210992e+02 1.833098777656377187e+00 8.843104448792731345e-03
5.557788944723617988e+02 1.833108401096163353e+00 8.830881962570820420e-03
5.608040201005024983e+02 1.833117624002847057e+00 8.819961408622945670e-03
5.658291457286431978e+02 1.833126482337471552e+00 8.810149565217121129e-03
5.708542713567838973e+02 1.833135006368309838e+00 8.801289086786756935e-03
5.758793969849245968e+02 1.833143221883522411e+00 8.793250621392842414e-03
5.809045226130654100e+02 1.833151151098672438e+00 8.785926905954127147e-03
5.859296482412059959e+02 1.833158813345306060e+00 8.779228286546685717e-03
5.909547738693468091e+02 1.833166225600105115e+00 8.773079279831815305e-03
5.959798994974873949e+02 1.833173402896379534e+00 8.767415905361820860e-03
6.010050251256282081e+02 1.833180358647606534e+00 8.762183595112642970e-03
6.060301507537687939e+02 1.833187104904463682e+00 8.757335540239647928e-03
6.110552763819096072e+02 1.833193652561016407e+00 8.752831372603936400e-03
6.160804020100503067e+02 1.833200011521634254e+00 8.748636104537419259e-03
6.211055276381910062e+02 1.833206190837288085e+00 8.744719270211122331e-03
6.261306532663317057e+02 1.833212198817755878e+00 8.741054225433269112e-03
6.311557788944724052e+02 1.833218043124710706e+00 8.737617572653087750e-03
6.361809045226131047e+02 1.833223730849520949e+00 8.734388686287123532e-03
6.412060301507538043e+02 1.833229268578725923e+00 8.731349318310792015e-03
6.462311557788945038e+02 1.833234662449508390e+00 8.728483268875498677e-03
6.512562814070352033e+02 1.833239918196989837e+00 8.725776109949000617e-03
6.562814070351759028e+02 1.833245041194799363e+00 8.723214952072656792e-03
6.613065326633166023e+02 1.833250036490071899e+00 8.720788246862223522e-03
6.663316582914573019e+02 1.833254908833808150e+00 8.718485618958705247e-03
6.713567839195980014e+02 1.833259662707348747e+00 8.716297722307390569e-03
6.763819095477387009e+02 1.833264302345575913e+00 8.714216117120181931e-03
6.814070351758794004e+02 1.833268831757342898e+00 8.712233163681535122e-03
6.864321608040200999e+02 1.833273254743545744e+00 8.710341930905782931e-03
6.914572864321607994e+02 1.833277574913177554e+00 8.708536116835490296e-03
6.964824120603016127e+02 1.833281795697650374e+00 8.706809979606934882e-03
7.015075376884421985e+02 1.833285920363618482e+00 8.705158277257946803e-03
7.065326633165830117e+02 1.833289952024508285e+00 8.703576215050492365e-03
7.115577889447235975e+02 1.833293893650916884e+00 8.702059399228382827e-03
7.165829145728644107e+02 1.833297748080022993e+00 8.700603796418347399e-03
7.216080402010049966e+02 1.833301518024133436e+00 8.699205697737896759e-03
7.266331658291458098e+02 1.833305206078465810e+00 8.697861687167329423e-03
7.316582914572863956e+02 1.833308814728256575e+00 8.696568613395775152e-03
7.366834170854272088e+02 1.833312346355270073e+00 8.695323565012447881e-03
7.417085427135677946e+02 1.833315803243777298e+00 8.694123848210272634e-03
7.467336683417086078e+02 1.833319187586055055e+00 8.692966966997115949e-03
7.517587939698491937e+02 1.833322501487463230e+00 8.691850605602326196e-03
7.567839195979900069e+02 1.833325746971135262e+00 8.690772612509613596e-03
7.618090452261307064e+02 1.833328925982327551e+00 8.689730986338234722e-03
7.668341708542714059e+02 1.833332040392453566e+00 8.688723863014625667e-03
7.718592964824121054e+02 1.833335092002837952e+00 8.687749504314615928e-03
7.768844221105528050e+02 1.833338082548212400e+00 8.686806287434291687e-03
7.819095477386935045e+02 1.833341013699980815e+00 8.685892695655913695e-03
7.869346733668342040e+02 1.833343887069267097e+00 8.685007309881146581e-03
7.919597989949749035e+02 1.833346704209772193e+00 8.684148800854503414e-03
7.969849246231156030e+02 1.833349466620450396e+00 8.683315922334304895e-03
8.020100502512563025e+02 1.833352175748021118e+00 8.682507504586220795e-03
8.070351758793970021e+02 1.833354832989331218e+00 8.681722448737508313e-03
8.120603015075377016e+02 1.833357439693576785e+00 8.680959721443280361e-03
8.170854271356784011e+02 1.833359997164397459e+00 8.680218350108655570e-03
8.221105527638192143e+02 1.833362506661849745e+00 8.679497418501375475e-03
8.271356783919598001e+02 1.833364969404273959e+00 8.678796062742782230e-03
8.321608040201006133e+02 1.833367386570053048e+00 8.678113467562682468e-03
8.371859296482411992e+02 1.833369759299282142e+00 8.677448863036063553e-03
8.422110552763820124e+02 1.833372088695345514e+00 8.676801521354474828e-03
8.472361809045225982e+02 1.833374375826411828e+00 8.676170754092956891e-03
8.522613065326634114e+02 1.833376621726854339e+00 8.675555909512397412e-03
8.572864321608039972e+02 1.833378827398596034e+00 8.674956370153460994e-03
8.623115577889448105e+02 1.833380993812388615e+00 8.674371550632857183e-03
8.673366834170853963e+02 1.833383121909028635e+00 8.673800895552613577e-03
8.723618090452262095e+02 1.833385212600515457e+00 8.673243877637763430e-03
8.773869346733667953e+02 1.833387266771148605e+00 8.672699995910663692e-03
8.824120603015076085e+02 1.833389285278580472e+00 8.672168774119711973e-03
8.874371859296483080e+02 1.833391268954812414e+00 8.671649759217844866e-03
8.924623115577890076e+02 1.833393218607149988e+00 8.671142519942142898e-03
8.974874371859297071e+02 1.833395135019110223e+00 8.670646645494653124e-03
9.025125628140704066e+02 1.833397018951292479e+00 8.670161744414223853e-03
9.075376884422111061e+02 1.833398871142204456e+00 8.669687443344904765e-03
9.125628140703518056e+02 1.833400692309056890e+00 8.669223386059566466e-03
9.175879396984925052e+02 1.833402483148520723e+00 8.668769232469919830e-03
9.226130653266332047e+02 1.833404244337450750e+00 8.668324657712616829e-03
9.276381909547739042e+02 1.833405976533581061e+00 8.667889351285925498e-03
9.326633165829146037e+02 1.833407680376187177e+00 8.667463016249819449e-03
9.376884422110553032e+02 1.833409356486723540e+00 8.667045368553590381e-03
9.427135678391960028e+02 1.833411005469432142e+00 8.666636136260492604e-03
9.477386934673367023e+02 1.833412627911927162e+00 8.666235058925605278e-03
9.527638190954774018e+02 1.833414224385755187e+00 8.665841887037341665e-03
9.577889447236181013e+02 1.833415795446932117e+00 8.665456381330430974e-03
9.628140703517588008e+02 1.833417341636460751e+00 8.665078312393211663e-03
9.678391959798995003e+02 1.833418863480822836e+00 8.664707460095229935e-03
9.728643216080401999e+02 1.833420361492458239e+00 8.664343613078577186e-03
9.778894472361808994e+02 1.833421836170218810e+00 8.663986568402707103e-03
9.829145728643217126e+02 1.833423287999809359e+00 8.663636131048046279e-03
9.879396984924624121e+02 1.833424717454208430e+00 8.663292113598751454e-03
9.929648241206031116e+02 1.833426124994075090e+00 8.662954335822741631e-03
9.979899497487438111e+02 1.833427511068138616e+00 8.662622624328404977e-03
1.003015075376884511e+03 1.833428876113573969e+00 8.662296812259558110e-03
1.008040201005025210e+03 1.833430220556364398e+00 8.661976738964604836e-03
1.013065326633165910e+03 1.833431544811647385e+00 8.661662249755253465e-03
1.018090452261306609e+03 1.833432849284051924e+00 8.661353195524074469e-03
1.023115577889447309e+03 1.833434134368019608e+00 8.661049432631110281e-03
1.028140703517588008e+03 1.833435400448117036e+00 8.660750822546792876e-03
1.033165829145728821e+03 1.833436647899333583e+00 8.660457231648580403e-03
1.038190954773869407e+03 1.833437877087372492e+00 8.660168531017455040e-03
1.043216080402009993e+03 1.833439088368927550e+00 8.659884596221526648e-03
1.048241206030150806e+03 1.833440282091953533e+00 8.659605307137970345e-03
1.053266331658291620e+03 1.833441458595923335e+00 8.659330547723623206e-03
1.058291457286432205e+03 1.833442618212079545e+00 8.659060205862382370e-03
1.063316582914572791e+03 1.833443761263675142e+00 8.658794173212558051e-03
1.068341708542713604e+03 1.833444888066206646e+00 8.658532345041308059e-03
1.073366834170854418e+03 1.833445998927638820e+00 8.658274620033377597e-03
1.078391959798995003e+03 1.833447094148622281e+00 8.658020900227976144e-03
1.083417085427135589e+03 1.833448174022702437e+00 8.657771090788924859e-03
1.088442211055276402e+03 1.833449238836523110e+00 8.657525099954243783e-03
1.093467336683417216e+03 1.833450288870022371e+00 8.657282838857473586e-03
1.098492462311557802e+03 1.833451324396621063e+00 8.657044221464346018e-03
1.103517587939698387e+03 1.833452345683406426e+00 8.656809164381180227e-03
1.108542713567839201e+03 1.833453352991309071e+00 8.656577586842763988e-03
1.113567839195980014e+03 1.833454346575273952e+00 8.656349410559137716e-03
1.118592964824120827e+03 1.833455326684425568e+00 8.656124559613620484e-03
1.123618090452261413e+03 1.833456293562229167e+00 8.655902960386471778e-03
1.128643216080401999e+03 1.833457247446644622e+00 8.655684541465678145e-03
1.133668341708542812e+03 1.833458188570276093e+00 8.655469233570538615e-03
1.138693467336683625e+03 1.833459117160519014e+00 8.655256969449574497e-03
1.143718592964824211e+03 1.833460033439698877e+00 8.655047683842531994e-03
1.148743718592964797e+03 1.833460937625208009e+00 8.654841313352579918e-03
1.153768844221105610e+03 1.833461829929637021e+00 8.654637796433922031e-03
1.158793969849246423e+03 1.833462710560902931e+00 8.654437073302422359e-03
1.163819095477387009e+03 1.833463579722372838e+00 8.654239085833379669e-03
1.168844221105527595e+03 1.833464437612982723e+00 8.654043777574739124e-03
1.173869346733668408e+03 1.833465284427355124e+00 8.653851093631986444e-03
1.178894472361809221e+03 1.833466120355910611e+00 8.653660980630013475e-03
1.183919597989949807e+03 1.833466945584977026e+00 8.653473386687784291e-03
1.188944723618090393e+03 1.833467760296895843e+00 8.653288261303179046e-03
1.193969849246231206e+03 1.833468564670123646e+00 8.653105555353292344e-03
1.198994974874372019e+03 1.833469358879332933e+00 8.652925221043397674e-03
1.204020100502512605e+03 1.833470143095507598e+00 8.652747211868722782e-03
1.209045226130653191e+03 1.833470917486037299e+00 8.652571482524896301e-03
1.214070351758794004e+03 1.833471682214807164e+00 8.652397988933854117e-03
1.219095477386934817e+03 1.833472437442287495e+00 8.652226688128596480e-03
1.224120603015075403e+03 1.833473183325617706e+00 8.652057538279063140e-03
1.229145728643215989e+03 1.833473920018690917e+00 8.651890498641037069e-03
1.234170854271356802e+03 1.833474647672233004e+00 8.651725529517843502e-03
1.239195979899497615e+03 1.833475366433882092e+00 8.651562592183550254e-03
1.244221105527638429e+03 1.833476076448264047e+00 8.651401648934494218e-03
1.249246231155779014e+03 1.833476777857065976e+00 8.651242662961123459e-03
1.254271356783919600e+03 1.833477470799109055e+00 8.651085598412336375e-03
1.259296482412060413e+03 1.833478155410416699e+00 8.650930420305812107e-03
1.264321608040201227e+03 1.833478831824282951e+00 8.650777094528170133e-03
1.269346733668341813e+03 1.833479500171338650e+00 8.650625587770950295e-03
1.274371859296482398e+03 1.833480160579614493e+00 8.650475867582090722e-03
1.279396984924623212e+03 1.833480813174604096e+00 8.650327902224893076e-03
1.284422110552764025e+03 1.833481458079323501e+00 8.650181660767988778e-03
1.289447236180904611e+03 1.833482095414369573e+00 8.650037113008464743e-03
1.294472361809045196e+03 1.833482725297979288e+00 8.649894229459151318e-03
1.299497487437186010e+03 1.833483347846082356e+00 8.649752981310224187e-03
1.304522613065326823e+03 1.833483963172356512e+00 8.649613340416490576e-03
1.309547738693467409e+03 1.833484571388280582e+00 8.649475279310325088e-03
1.314572864321607994e+03 1.833485172603184221e+00 8.649338771124760739e-03
1.319597989949748808e+03 1.833485766924299654e+00 8.649203789657769134e-03
1.324623115577889621e+03 1.833486354456806744e+00 8.649070309231156328e-03
1.329648241206030207e+03 1.833486935303883847e+00 8.648938304819013892e-03
1.334673366834170793e+03 1.833487509566750218e+00 8.648807751893777818e-03
1.339698492462311606e+03 1.833488077344713085e+00 8.648678626528995272e-03
1.344723618090452419e+03 1.833488638735209619e+00 8.648550905296715705e-03
1.349748743718593005e+03 1.833489193833849118e+00 8.648424565293242813e-03
1.354773869346733591e+03 1.833489742734455419e+00 8.648299584126375658e-03
1.359798994974874404e+03 1.833490285529105090e+00 8.648175939876956778e-03
1.364824120603015217e+03 1.833490822308168067e+00 8.648053611098953722e-03
1.369849246231156030e+03 1.833491353160344950e+00 8.647932576832358456e-03
1.374874371859296616e+03 1.833491878172702760e+00 8.647812816526222884e-03
1.379899497487437202e+03 1.833492397430713794e+00 8.647694310128583445e-03
1.384924623115578015e+03 1.833492911018288263e+00 8.647577037919636223e-03
1.389949748743718828e+03 1.833493419017809156e+00 8.647460980704357175e-03
1.394974874371859414e+03 1.833493921510165992e+00 8.647346119594305144e-03
1.400000000000000000e+03 1.833494418574786788e+00 8.647232436161741628e-03
