4.000000000000000000e+02 1.839066058230849787e+00 1.726884311290835874e-02
4.050251256281406995e+02 1.839172966166190637e+00 1.720103149413411067e-02
4.100502512562813990e+02 1.839281918993761034e+00 1.711311134811681692e-02
4.150753768844220986e+02 1.839394313583415652e+00 1.699970890982398924e-02
4.201005025125627981e+02 1.839512054857235457e+00 1.685311225154807052e-02
4.251256281407034976e+02 1.839637806297674372e+00 1.666198798650459292e-02
4.301507537688441971e+02 1.839775368722982751e+00 1.640926985784829303e-02
4.351758793969848966e+02 1.839930204153941595e+00 1.606875625705043997e-02
4.402010050251256530e+02 1.840109917812373652e+00 1.560028589787946368e-02
4.452261306532663525e+02 1.840323531499430176e+00 1.494667793503113608e-02
4.502512562814070520e+02 1.840575016095022054e+00 1.405174556943411882e-02
4.552763819095477515e+02 1.840843340169291187e+00 1.295341641428485353e-02
4.603015075376884511e+02 1.841071986512151648e+00 1.190187271229064744e-02
4.653266331658291506e+02 1.841225382117869458e+00 1.114586587349799748e-02
4.703517587939698501e+02 1.841319885224704578e+00 1.067693331755026863e-02
4.753768844221105496e+02 1.841381109077232514e+00 1.038745633288108011e-02
4.804020100502512491e+02 1.841424405929027008e+00 1.019965915612367456e-02
4.854271356783919487e+02 1.841457521631209682e+00 1.007084702415389846e-02
4.904522613065327050e+02 1.841484417714325916e+00 9.978115667030537650e-03
4.954773869346734045e+02 1.841507243540942751e+00 9.908667798204319824e-03
5.005025125628141041e+02 1.841527242140541754e+00 9.854966753063945997e-03
5.055276381909548036e+02 1.841545175378473953e+00 9.812345556518829379e-03
5.105527638190955031e+02 1.841561534418997503e+00 9.777783402324949358e-03
5.155778894472362026e+02 1.841576650020878114e+00 9.749248913917499260e-03
5.206030150753769021e+02 1.841590753490152554e+00 9.725330574100150144e-03
5.256281407035176017e+02 1.841604011996561985e+00 9.705019541871636596e-03
5.306532663316583012e+02 1.841616549905455313e+00 9.687576982162191680e-03
5.356783919597990007e+02 1.841628462141845946e+00 9.672450194132774931e-03
5.407035175879397002e+02 1.841639822836062201e+00 9.659217955657835308e-03
5.457286432160803997e+02 1.841650691078048352e+00 9.647553935775113332e-03
5.507537688442210992e+02 1.841661114845233316e+00 9.637201609454301016e-03
5.557788944723617988e+02 1.841671133744964051e+00 9.627956686649400547e-03
5.608040201005024983e+02 1.841680780968620867e+00 9.619654566608999355e-03
5.658291457286431978e+02 1.841690084709914244e+00 9.612161224099446608e-03
5.708542713567838973e+02 1.841699069211700124e+00 9.605366484082202005e-03
5.758793969849245968e+02 1.841707755550579195e+00 9.599178988093811510e-03
5.809045226130654100e+02 1.841716162233338894e+00 9.593522377479743804e-03
5.859296482412059959e+02 1.841724305656336602e+00 9.588332364725353843e-03
5.909547738693468091e+02 1.841732200463641389e+00 9.583554461737977051e-03
5.959798994974873949e+02 1.841739859829433890e+00 9.579142199805755833e-03
6.010050251256282081e+02 1.841747295683061614e+00 9.575055721843413886e-03
6.060301507537687939e+02 1.841754518890188264e+00 9.571260659483857985e-03
6.110552763819096072e+02 1.841761539399982439e+00 9.567727230102122948e-03
6.160804020100503067e+02 1.841768366365778675e+00 9.564429505425780381e-03
6.211055276381910062e+02 1.841775008244825207e+00 9.561344814799629943e-03
6.261306532663317057e+02 1.841781472881403037e+00 9.558453255392373657e-03
6.311557788944724052e+02 1.841787767576615442e+00 9.555737287412513839e-03
6.361809045226131047e+02 1.841793899147405877e+00 9.553181397977989972e-03
6.412060301507538043e+02 1.841799873976810220e+00 9.550771820279805452e-03
6.462311557788945038e+02 1.841805698057024543e+00 9.548496297817590100e-03
6.512562814070352033e+02 1.841811377026543850e+00 9.546343885581787259e-03
6.562814070351759028e+02 1.841816916202375864e+00 9.544304781452767061e-03
6.613065326633166023e+02 1.841822320608141439e+00 9.542370182939191245e-03
6.663316582914573019e+02 1.841827594998716178e+00 9.540532164473125229e-03
6.713567839195980014e+02 1.841832743881947954e+00 9.538783572501433744e-03
6.763819095477387009e+02 1.841837771537891522e+00 9.537117934860932927e-03
6.814070351758794004e+02 1.841842682035916390e+00 9.535529382689894584e-03
6.864321608040200999e+02 1.841847479249996145e+00 9.534012582639975891e-03
6.914572864321607994e+02 1.841852166872421703e+00 9.532562678004669401e-03
6.964824120603016127e+02 1.841856748426150991e+00 9.531175237303452299e-03
7.015075376884421985e+02 1.841861227275973123e+00 9.529846209332375889e-03
7.065326633165830117e+02 1.841865606638632968e+00 9.528571883815568910e-03
7.115577889447235975e+02 1.841869889592042675e+00 9.527348856648534814e-03
7.165829145728644107e+02 1.841874079083691162e+00 9.526173999373633086e-03
7.216080402010049966e+02 1.841878177938341965e+00 9.525044432199576347e-03
7.266331658291458098e+02 1.841882188865096248e+00 9.523957499991304865e-03
7.316582914572863956e+02 1.841886114463896496e+00 9.522910751109553776e-03
7.366834170854272088e+02 1.841889957231522379e+00 9.521901918418724034e-03
7.417085427135677946e+02 1.841893719567138099e+00 9.520928902479979319e-03
7.467336683417086078e+02 1.841897403777428943e+00 9.519989756479314488e-03
7.517587939698491937e+02 1.841901012081373468e+00 9.519082672684463578e-03
7.567839195979900069e+02 1.841904546614681282e+00 9.518205970445491396e-03
7.618090452261307064e+02 1.841908009433930182e+00 9.517358085240274976e-03
7.668341708542714059e+02 1.841911402520426178e+00 9.516537558930442120e-03
7.718592964824121054e+02 1.841914727783815486e+00 9.515743030949796663e-03
7.768844221105528050e+02 1.841917987065464724e+00 9.514973230275227192e-03
7.819095477386935045e+02 1.841921182141633473e+00 9.514226968298220011e-03
7.869346733668342040e+02 1.841924314726450795e+00 9.513503132248184169e-03
7.919597989949749035e+02 1.841927386474715878e+00 9.512800679285339858e-03
7.969849246231156030e+02 1.841930398984534589e+00 9.512118631112377598e-03
8.020100502512563025e+02 1.841933353799804829e+00 9.511456069059003038e-03
8.070351758793970021e+02 1.841936252412559316e+00 9.510812129675107890e-03
8.120603015075377016e+02 1.841939096265181597e+00 9.510186000576339657e-03
8.170854271356784011e+02 1.841941886752499924e+00 9.509576916822769233e-03
8.221105527638192143e+02 1.841944625223767451e+00 9.508984157422545325e-03
8.271356783919598001e+02 1.841947312984540952e+00 9.508407042299464249e-03
8.321608040201006133e+02 1.841949951298458288e+00 9.507844929351239732e-03
8.371859296482411992e+02 1.841952541388928166e+00 9.507297211913992921e-03
8.422110552763820124e+02 1.841955084440731749e+00 9.506763316294662008e-03
8.472361809045225982e+02 1.841957581601546545e+00 9.506242699570028459e-03
8.522613065326634114e+02 1.841960033983394363e+00 9.505734847559199965e-03
8.572864321608039972e+02 1.841962442664019983e+00 9.505239272922988425e-03
8.623115577889448105e+02 1.841964808688201449e+00 9.504755513425406505e-03
8.673366834170853963e+02 1.841967133069002394e+00 9.504283130357418091e-03
8.723618090452262095e+02 1.841969416788962199e+00 9.503821707017960640e-03
8.773869346733667953e+02 1.841971660801232424e+00 9.503370847357476420e-03
8.824120603015076085e+02 1.841973866030662599e+00 9.502930174725652060e-03
8.874371859296483080e+02 1.841976033374834509e+00 9.502499330630012273e-03
8.924623115577890076e+02 1.841978163705052962e+00 9.502077973727391519e-03
8.974874371859297071e+02 1.841980257867290582e+00 9.501665778744646310e-03
9.025125628140704066e+02 1.841982316683091314e+00 9.501262435527230502e-03
9.075376884422111061e+02 1.841984340950438392e+00 9.500867648227445325e-03
9.125628140703518056e+02 1.841986331444578129e+00 9.500481134410359435e-03
9.175879396984925052e+02 1.841988288918816608e+00 9.500102624322864092e-03
9.226130653266332047e+02 1.841990214105276413e+00 9.499731860197341282e-03
9.276381909547739042e+02 1.841992107715625382e+00 9.499368595554962338e-03
9.326633165829146037e+02 1.841993970441773820e+00 9.499012594578720714e-03
9.376884422110553032e+02 1.841995802956544415e+00 9.498663631614716329e-03
9.427135678391960028e+02 1.841997605914312164e+00 9.498321490509508552e-03
9.477386934673367023e+02 1.841999379951621885e+00 9.497985964180945609e-03
9.527638190954774018e+02 1.842001125687779073e+00 9.497656854141995134e-03
9.577889447236181013e+02 1.842002843725417671e+00 9.497333970012653698e-03
9.628140703517588008e+02 1.842004534651044301e+00 9.497017129113459466e-03
9.678391959798995003e+02 1.842006199035564729e+00 9.496706156117267275e-03
9.728643216080401999e+02 1.842007837434785911e+00 9.496400882619005987e-03
9.778894472361808994e+02 1.842009450389900715e+00 9.496101146822172323e-03
9.829145728643217126e+02 1.842011038427954661e+00 9.495806793201791440e-03
9.879396984924624121e+02 1.842012602062293114e+00 9.495517672225690237e-03
9.929648241206031116e+02 1.842014141792992943e+00 9.495233639993799768e-03
9.979899497487438111e+02 1.842015658107278853e+00 9.494954558064400141e-03
1.003015075376884511e+03 1.842017151479921289e+00 9.494680293116578018e-03
1.008040201005025210e+03 1.842018622373623460e+00 9.494410716764555697e-03
1.013065326633165910e+03 1.842020071239390377e+00 9.494145705255025228e-03
1.018090452261306609e+03 1.842021498516888123e+00 9.493885139339758999e-03
1.023115577889447309e+03 1.842022904634787572e+00 9.493628904042929542e-03
1.028140703517588008e+03 1.842024290011096133e+00 9.493376888404937708e-03
1.033165829145728821e+03 1.842025655053479039e+00 9.493128985401591904e-03
1.038190954773869407e+03 1.842027000159566885e+00 9.492885091699493003e-03
1.043216080402009993e+03 1.842028325717255610e+00 9.492645107516619815e-03
1.048241206030150806e+03 1.842029632104991821e+00 9.492408936471147946e-03
1.053266331658291620e+03 1.842030919692052793e+00 9.492176485430227004e-03
1.058291457286432205e+03 1.842032188838811813e+00 9.491947664370390877e-03
1.063316582914572791e+03 1.842033439896999303e+00 9.491722386249628815e-03
1.068341708542713604e+03 1.842034673209951290e+00 9.491500566879402731e-03
1.073366834170854418e+03 1.842035889112851432e+00 9.491282124784929108e-03
1.078391959798995003e+03 1.842037087932962836e+00 9.491066981147305154e-03
1.083417085427135589e+03 1.842038269989856536e+00 9.490855059663712637e-03
1.088442211055276402e+03 1.842039435595624663e+00 9.490646286384197758e-03
1.093467336683417216e+03 1.842040585055096269e+00 9.490440589758970119e-03
1.098492462311557802e+03 1.842041718666036054e+00 9.490237900393237724e-03
1.103517587939698387e+03 1.842042836719345100e+00 9.490038151071055958e-03
1.108542713567839201e+03 1.842043939499248939e+00 9.489841276627077743e-03
1.113567839195980014e+03 1.842045027283482295e+00 9.489647213829988798e-03
1.118592964824120827e+03 1.842046100343468717e+00 9.489455901394583046e-03
1.123618090452261413e+03 1.842047158944490670e+00 9.489267279806650954e-03
1.128643216080401999e+03 1.842048203345858504e+00 9.489081291370131052e-03
1.133668341708542812e+03 1.842049233801071884e+00 9.488897880020245520e-03
1.138693467336683625e+03 1.842050250557975222e+00 9.488716991370617013e-03
1.143718592964824211e+03 1.842051253858910442e+00 9.488538572561464740e-03
1.148743718592964797e+03 1.842052243940863310e+00 9.488362572248196930e-03
1.153768844221105610e+03 1.842053221035605537e+00 9.488188940566570639e-03
1.158793969849246423e+03 1.842054185369832675e+00 9.488017629015953538e-03
1.163819095477387009e+03 1.842055137165298229e+00 9.487848590494663698e-03
1.168844221105527595e+03 1.842056076638942219e+00 9.487681779148092812e-03
1.173869346733668408e+03 1.842057004003017306e+00 9.487517150415729350e-03
1.178894472361809221e+03 1.842057919465210025e+00 9.487354660972873582e-03
1.183919597989949807e+03 1.842058823228759357e+00 9.487194268602108446e-03
1.188944723618090393e+03 1.842059715492569749e+00 9.487035932263705035e-03
1.193969849246231206e+03 1.842060596451323917e+00 9.486879612013903243e-03
1.198994974874372019e+03 1.842061466295588756e+00 9.486725268946560874e-03
1.204020100502512605e+03 1.842062325211921037e+00 9.486572865169920488e-03
1.209045226130653191e+03 1.842063173382967545e+00 9.486422363795071755e-03
1.214070351758794004e+03 1.842064010987564782e+00 9.486273728889285661e-03
1.219095477386934817e+03 1.842064838200833110e+00 9.486126925429346976e-03
1.224120603015075403e+03 1.842065655194270013e+00 9.485981919278293345e-03
1.229145728643215989e+03 1.842066462135840021e+00 9.485838677185543660e-03
1.234170854271356802e+03 1.842067259190062201e+00 9.485697166716803089e-03
1.239195979899497615e+03 1.842068046518093860e+00 9.485557356265888682e-03
1.244221105527638429e+03 1.842068824277814709e+00 9.485419214984627465e-03
1.249246231155779014e+03 1.842069592623905017e+00 9.485282712782957051e-03
1.254271356783919600e+03 1.842070351707925546e+00 9.485147820340747785e-03
1.259296482412060413e+03 1.842071101678390388e+00 9.485014509025961951e-03
1.264321608040201227e+03 1.842071842680842453e+00 9.484882750883060626e-03
1.269346733668341813e+03 1.842072574857923861e+00 9.484752518644789382e-03
1.274371859296482398e+03 1.842073298349445887e+00 9.484623785697159429e-03
1.279396984924623212e+03 1.842074013292455126e+00 9.484496526021009982e-03
1.284422110552764025e+03 1.842074719821300333e+00 9.484370714250610693e-03
1.289447236180904611e+03 1.842075418067695924e+00 9.484246325591806984e-03
1.294472361809045196e+03 1.842076108160783043e+00 9.484123335822098114e-03
1.299497487437186010e+03 1.842076790227190397e+00 9.484001721267294738e-03
1.304522613065326823e+03 1.842077464391092878e+00 9.483881458813294210e-03
1.309547738693467409e+03 1.842078130774269296e+00 9.483762525871032231e-03
1.314572864321607994e+03 1.842078789496156110e+00 9.483644900353138674e-03
1.319597989949748808e+03 1.842079440673902502e+00 9.483528560662281975e-03
1.324623115577889621e+03 1.842080084422423214e+00 9.483413485702947912e-03
1.329648241206030207e+03 1.842080720854448517e+00 9.483299654811249216e-03
1.334673366834170793e+03 1.842081350080575497e+00 9.483187047813517595e-03
1.339698492462311606e+03 1.842081972209314689e+00 9.483075644979526916e-03
1.344723618090452419e+03 1.842082587347138700e+00 9.482965426964012207e-03
1.349748743718593005e+03 1.842083195598527290e+00 9.482856374876957178e-03
1.354773869346733591e+03 1.842083797066012441e+00 9.482748470248526795e-03
1.359798994974874404e+03 1.842084391850221659e+00 9.482641694970567192e-03
1.364824120603015217e+03 1.842084980049920162e+00 9.482536031320069544e-03
1.369849246231156030e+03 1.842085561762053292e+00 9.482431461970917616e-03
1.374874371859296616e+03 1.842086137081784702e+00 9.482327969947102267e-03
1.379899497487437202e+03 1.842086706102537885e+00 9.482225538622750943e-03
1.384924623115578015e+03 1.842087268916032361e+00 9.482124151733882164e-03
1.389949748743718828e+03 1.842087825612322094e+00 9.482023793343313800e-03
1.394974874371859414e+03 1.842088376279831685e+00 9.481924447840696032e-03
1.400000000000000000e+03 1.842088921005390789e+00 9.481826099930841870e-03
