4.000000000000000000e+02 1.851206931928310429e+00 1.744428066018801834e-02
4.050251256281406995e+02 1.851321276604229293e+00 1.735256288607044117e-02
4.100502512562813990e+02 1.851438463027553771e+00 1.723653716397751529e-02
4.150753768844220986e+02 1.851560043952757972e+00 1.708982468410901248e-02
4.201005025125627981e+02 1.851688078966231554e+00 1.690347668211951079e-02
4.251256281407034976e+02 1.851825327351187767e+00 1.666476376282195401e-02
4.301507537688441971e+02 1.851975467696789890e+00 1.635544845517602694e-02
4.351758793969848966e+02 1.852143205789067215e+00 1.594972444868661063e-02
4.402010050251256530e+02 1.852333742625454249e+00 1.541345328127267586e-02
4.452261306532663525e+02 1.852550043764596310e+00 1.471142889119952425e-02
4.502512562814070520e+02 1.852785186700224296e+00 1.384005224651193786e-02
4.552763819095477515e+02 1.853012774045795785e+00 1.289127361670807000e-02
4.603015075376884511e+02 1.853197549462380245e+00 1.204786010249254795e-02
4.653266331658291506e+02 1.853327304126837882e+00 1.142610250552527663e-02
4.703517587939698501e+02 1.853414528091407165e+00 1.100790328086825864e-02
4.753768844221105496e+02 1.853475189088023223e+00 1.072876764886622480e-02
4.804020100502512491e+02 1.853519988491747261e+00 1.053680928364286382e-02
4.854271356783919487e+02 1.853555053823595644e+00 1.039960483550429748e-02
4.904522613065327050e+02 1.853583843652439445e+00 1.029788433951679162e-02
4.954773869346734045e+02 1.853608373423635269e+00 1.022004183173349720e-02
5.005025125628141041e+02 1.853629870449654327e+00 1.015885656219135333e-02
5.055276381909548036e+02 1.853649115959086879e+00 1.010967057701276858e-02
5.105527638190955031e+02 1.853666627989345228e+00 1.006937347925880577e-02
5.155778894472362026e+02 1.853682762883146928e+00 1.003582221054609945e-02
5.206030150753769021e+02 1.853697773880739197e+00 1.000749857400388271e-02
5.256281407035176017e+02 1.853711846243957906e+00 9.983300330383363536e-03
5.306532663316583012e+02 1.853725119054324466e+00 9.962409735049131132e-03
5.356783919597990007e+02 1.853737699171834841e+00 9.944208398146147515e-03
5.407035175879397002e+02 1.853749670429449381e+00 9.928220685851635655e-03
5.457286432160803997e+02 1.853761099845015137e+00 9.914075194828947737e-03
5.507537688442210992e+02 1.853772041915179969e+00 9.901477962162083188e-03
5.557788944723617988e+02 1.853782541645512039e+00 9.890193472101590708e-03
5.608040201005024983e+02 1.853792636729294507e+00 9.880030952272805464e-03
5.658291457286431978e+02 1.853802359141223377e+00 9.870834327152534435e-03
5.708542713567838973e+02 1.853811736321544501e+00 9.862474745135099002e-03
5.758793969849245968e+02 1.853820792068656020e+00 9.854844945259701866e-03
5.809045226130654100e+02 1.853829547220976037e+00 9.847854958861229635e-03
5.859296482412059959e+02 1.853838020184300106e+00 9.841428792599247674e-03
5.909547738693468091e+02 1.853846227344378095e+00 9.835501842325313632e-03
5.959798994974873949e+02 1.853854183393184085e+00 9.830018857382905387e-03
6.010050251256282081e+02 1.853861901589543448e+00 9.824932323771027112e-03
6.060301507537687939e+02 1.853869393969309831e+00 9.820201169577718811e-03
6.110552763819096072e+02 1.853876671516375918e+00 9.815789720259166656e-03
6.160804020100503067e+02 1.853883744303000070e+00 9.811666849585813296e-03
6.211055276381910062e+02 1.853890621605877698e+00 9.807805284977396884e-03
6.261306532663317057e+02 1.853897312002880771e+00 9.804181035536501179e-03
6.311557788944724052e+02 1.853903823454270405e+00 9.800772918315233881e-03
6.361809045226131047e+02 1.853910163371342401e+00 9.797562163788648554e-03
6.412060301507538043e+02 1.853916338674832964e+00 9.794532085594389106e-03
6.462311557788945038e+02 1.853922355844916936e+00 9.791667802535311202e-03
6.512562814070352033e+02 1.853928220964271123e+00 9.788956003839796235e-03
6.562814070351759028e+02 1.853933939755366689e+00 9.786384749603058847e-03
6.613065326633166023e+02 1.853939517612942511e+00 9.783943300856780267e-03
6.663316582914573019e+02 1.853944959632428668e+00 9.781621973986019333e-03
6.713567839195980014e+02 1.853950270634942443e+00 9.779412015696700364e-03
6.763819095477387009e+02 1.853955455189377100e+00 9.777305495186209769e-03
6.814070351758794004e+02 1.853960517632004423e+00 9.775295210908809332e-03
6.864321608040200999e+02 1.853965462083948301e+00 9.773374609537805249e-03
6.914572864321607994e+02 1.853970292466816661e+00 9.771537715417253495e-03
6.964824120603016127e+02 1.853975012516748233e+00 9.769779069069721433e-03
7.015075376884421985e+02 1.853979625797068653e+00 9.768093673170597652e-03
7.065326633165830117e+02 1.853984135709745296e+00 9.766476945188055925e-03
7.115577889447235975e+02 1.853988545505777408e+00 9.764924675689495154e-03
7.165829145728644107e+02 1.853992858294657209e+00 9.763432991481387282e-03
7.216080402010049966e+02 1.853997077053006537e+00 9.761998323064286290e-03
7.266331658291458098e+02 1.854001204632481414e+00 9.760617375643244886e-03
7.316582914572863956e+02 1.854005243767031352e+00 9.759287103556923623e-03
7.366834170854272088e+02 1.854009197079574234e+00 9.758004687247689990e-03
7.417085427135677946e+02 1.854013067088155831e+00 9.756767512939681572e-03
7.467336683417086078e+02 1.854016856211641251e+00 9.755573154292113830e-03
7.517587939698491937e+02 1.854020566774986056e+00 9.754419356056072063e-03
7.567839195979900069e+02 1.854024201014131012e+00 9.753304019329923913e-03
7.618090452261307064e+02 1.854027761080550007e+00 9.752225188371842213e-03
7.668341708542714059e+02 1.854031249045487995e+00 9.751181038642793217e-03
7.718592964824121054e+02 1.854034666903915607e+00 9.750169866071557723e-03
7.768844221105528050e+02 1.854038016578222203e+00 9.749190077327989090e-03
7.819095477386935045e+02 1.854041299921675989e+00 9.748240180992798903e-03
7.869346733668342040e+02 1.854044518721662982e+00 9.747318779580198614e-03
7.919597989949749035e+02 1.854047674702730353e+00 9.746424562323927065e-03
7.969849246231156030e+02 1.854050769529443032e+00 9.745556298511617171e-03
8.020100502512563025e+02 1.854053804809074224e+00 9.744712831516804188e-03
8.070351758793970021e+02 1.854056782094138933e+00 9.743893073370172783e-03
8.120603015075377016e+02 1.854059702884780503e+00 9.743095999620284345e-03
8.170854271356784011e+02 1.854062568631027474e+00 9.742320644906148075e-03
8.221105527638192143e+02 1.854065380734923218e+00 9.741566098672662169e-03
8.271356783919598001e+02 1.854068140552541433e+00 9.740831501394117339e-03
8.321608040201006133e+02 1.854070849395893061e+00 9.740116040975863379e-03
8.371859296482411992e+02 1.854073508534734627e+00 9.739418949619516389e-03
8.422110552763820124e+02 1.854076119198280637e+00 9.738739500741808858e-03
8.472361809045225982e+02 1.854078682576832060e+00 9.738077006323595658e-03
8.522613065326634114e+02 1.854081199823318205e+00 9.737430814290376491e-03
8.572864321608039972e+02 1.854083672054767096e+00 9.736800306289400408e-03
8.623115577889448105e+02 1.854086100353699917e+00 9.736184895453232555e-03
8.673366834170853963e+02 1.854088485769460615e+00 9.735584024434973394e-03
8.723618090452262095e+02 1.854090829319480216e+00 9.734997163578560861e-03
8.773869346733667953e+02 1.854093131990482979e+00 9.734423809178703937e-03
8.824120603015076085e+02 1.854095394739635472e+00 9.733863481978868859e-03
8.874371859296483080e+02 1.854097618495642363e+00 9.733315725565291204e-03
8.924623115577890076e+02 1.854099804159794029e+00 9.732780105147616212e-03
8.974874371859297071e+02 1.854101952606964865e+00 9.732256206212984082e-03
9.025125628140704066e+02 1.854104064686567854e+00 9.731743633338826860e-03
9.075376884422111061e+02 1.854106141223468729e+00 9.731242009141678057e-03
9.125628140703518056e+02 1.854108183018856826e+00 9.730750973236572746e-03
9.175879396984925052e+02 1.854110190851081308e+00 9.730270181229934770e-03
9.226130653266332047e+02 1.854112165476449636e+00 9.729799303939974664e-03
9.276381909547739042e+02 1.854114107629994290e+00 9.729338026445323931e-03
9.326633165829146037e+02 1.854116018026204182e+00 9.728886047395548381e-03
9.376884422110553032e+02 1.854117897359728984e+00 9.728443078229846025e-03
9.427135678391960028e+02 1.854119746306052141e+00 9.728008842509400581e-03
9.477386934673367023e+02 1.854121565522136361e+00 9.727583075306342475e-03
9.527638190954774018e+02 1.854123355647045113e+00 9.727165522580924137e-03
9.577889447236181013e+02 1.854125117302535708e+00 9.726755940603957692e-03
9.628140703517588008e+02 1.854126851093632400e+00 9.726354095470228500e-03
9.678391959798995003e+02 1.854128557609173722e+00 9.725959762565950656e-03
9.728643216080401999e+02 1.854130237422340288e+00 9.725572726150068931e-03
9.778894472361808994e+02 1.854131891091161055e+00 9.725192778866824025e-03
9.829145728643217126e+02 1.854133519159000265e+00 9.724819721360791411e-03
9.879396984924624121e+02 1.854135122155025739e+00 9.724453361868872631e-03
9.929648241206031116e+02 1.854136700594660070e+00 9.724093515903416834e-03
9.979899497487438111e+02 1.854138254980013167e+00 9.723740005843800951e-03
1.003015075376884511e+03 1.854139785800299478e+00 9.723392660676261068e-03
1.008040201005025210e+03 1.854141293532239887e+00 9.723051315630811334e-03
1.013065326633165910e+03 1.854142778640448519e+00 9.722715811920744008e-03
1.018090452261306609e+03 1.854144241577805330e+00 9.722385996470593594e-03
1.023115577889447309e+03 1.854145682785814264e+00 9.722061721632535569e-03
1.028140703517588008e+03 1.854147102694950311e+00 9.721742845016865739e-03
1.033165829145728821e+03 1.854148501724991904e+00 9.721429229151061155e-03
1.038190954773869407e+03 1.854149880285343110e+00 9.721120741321455372e-03
1.043216080402009993e+03 1.854151238775342936e+00 9.720817253391973722e-03
1.048241206030150806e+03 1.854152577584565309e+00 9.720518641531417439e-03
1.053266331658291620e+03 1.854153897093107073e+00 9.720224786123389873e-03
1.058291457286432205e+03 1.854155197671866651e+00 9.719935571493400206e-03
1.063316582914572791e+03 1.854156479682812497e+00 9.719650885807225998e-03
1.068341708542713604e+03 1.854157743479243337e+00 9.719370620889239074e-03
1.073366834170854418e+03 1.854158989406038183e+00 9.719094672063525661e-03
1.078391959798995003e+03 1.854160217799898813e+00 9.718822938017767851e-03
1.083417085427135589e+03 1.854161428989583804e+00 9.718555320689938395e-03
1.088442211055276402e+03 1.854162623296133683e+00 9.718291725086390664e-03
1.093467336683417216e+03 1.854163801033090753e+00 9.718032059214128104e-03
1.098492462311557802e+03 1.854164962506708703e+00 9.717776233898790111e-03
1.103517587939698387e+03 1.854166108016157333e+00 9.717524162751123296e-03
1.108542713567839201e+03 1.854167237853721506e+00 9.717275762019146612e-03
1.113567839195980014e+03 1.854168352304988998e+00 9.717030950428855174e-03
1.118592964824120827e+03 1.854169451649038125e+00 9.716789649219126357e-03
1.123618090452261413e+03 1.854170536158614491e+00 9.716551781913797953e-03
1.128643216080401999e+03 1.854171606100305736e+00 9.716317274345076527e-03
1.133668341708542812e+03 1.854172661734707184e+00 9.716086054494105922e-03
1.138693467336683625e+03 1.854173703316584820e+00 9.715858052422915794e-03
1.143718592964824211e+03 1.854174731095031836e+00 9.715633200206337181e-03
1.148743718592964797e+03 1.854175745313622059e+00 9.715411431909605489e-03
1.153768844221105610e+03 1.854176746210554505e+00 9.715192683428821446e-03
1.158793969849246423e+03 1.854177734018797929e+00 9.714976892445636655e-03
1.163819095477387009e+03 1.854178708966228495e+00 9.714763998439089610e-03
1.168844221105527595e+03 1.854179671275763885e+00 9.714553942525976440e-03
1.173869346733668408e+03 1.854180621165491649e+00 9.714346667449786851e-03
1.178894472361809221e+03 1.854181558848796874e+00 9.714142117512463565e-03
1.183919597989949807e+03 1.854182484534483422e+00 9.713940238551869999e-03
1.188944723618090393e+03 1.854183398426891394e+00 9.713740977839242091e-03
1.193969849246231206e+03 1.854184300726012591e+00 9.713544284045185981e-03
1.198994974874372019e+03 1.854185191627601537e+00 9.713350107228532412e-03
1.204020100502512605e+03 1.854186071323283613e+00 9.713158398756596701e-03
1.209045226130653191e+03 1.854186940000658534e+00 9.712969111236853179e-03
1.214070351758794004e+03 1.854187797843403596e+00 9.712782198540036507e-03
1.219095477386934817e+03 1.854188645031370930e+00 9.712597615708931653e-03
1.224120603015075403e+03 1.854189481740683654e+00 9.712415318947165838e-03
1.229145728643215989e+03 1.854190308143828902e+00 9.712235265562273179e-03
1.234170854271356802e+03 1.854191124409747315e+00 9.712057413931590028e-03
1.239195979899497615e+03 1.854191930703921409e+00 9.711881723502461400e-03
1.244221105527638429e+03 1.854192727188459955e+00 9.711708154700970236e-03
1.249246231155779014e+03 1.854193514022180578e+00 9.711536668932117811e-03
1.254271356783919600e+03 1.854194291360690583e+00 9.711367228579986799e-03
1.259296482412060413e+03 1.854195059356463782e+00 9.711199796893591266e-03
1.264321608040201227e+03 1.854195818158917763e+00 9.711034338067053850e-03
1.269346733668341813e+03 1.854196567914485394e+00 9.710870817125431473e-03
1.274371859296482398e+03 1.854197308766688312e+00 9.710709199924859314e-03
1.279396984924623212e+03 1.854198040856205099e+00 9.710549453152689595e-03
1.284422110552764025e+03 1.854198764320939441e+00 9.710391544270452133e-03
1.289447236180904611e+03 1.854199479296085418e+00 9.710235441491120792e-03
1.294472361809045196e+03 1.854200185914192334e+00 9.710081113790661536e-03
1.299497487437186010e+03 1.854200884305225117e+00 9.709928530850986048e-03
1.304522613065326823e+03 1.854201574596626045e+00 9.709777663048629187e-03
1.309547738693467409e+03 1.854202256913373814e+00 9.709628481454851343e-03
1.314572864321607994e+03 1.854202931378038821e+00 9.709480957755705841e-03
1.319597989949748808e+03 1.854203598110841344e+00 9.709335064343611529e-03
1.324623115577889621e+03 1.854204257229702835e+00 9.709190774145932609e-03
1.329648241206030207e+03 1.854204908850300981e+00 9.709048060773712088e-03
1.334673366834170793e+03 1.854205553086120339e+00 9.708906898384554035e-03
1.339698492462311606e+03 1.854206190048500513e+00 9.708767261705567031e-03
1.344723618090452419e+03 1.854206819846687004e+00 9.708629125999148485e-03
1.349748743718593005e+03 1.854207442587877841e+00 9.708492467120230507e-03
1.354773869346733591e+03 1.854208058377268209e+00 9.708357261390569704e-03
1.359798994974874404e+03 1.854208667318097747e+00 9.708223485690305882e-03
1.364824120603015217e+03 1.854209269511691183e+00 9.708091117343668058e-03
1.369849246231156030e+03 1.854209865057504292e+00 9.707960134199101337e-03
1.374874371859296616e+03 1.854210454053161650e+00 9.707830514549268403e-03
1.379899497487437202e+03 1.854211036594500150e+00 9.707702237142555937e-03
1.384924623115578015e+03 1.854211612775606755e+00 9.707575281194567168e-03
1.389949748743718828e+03 1.854212182688856903e+00 9.707449626342434454e-03
1.394974874371859414e+03 1.854212746424950931e+00 9.707325252622002465e-03
1.400000000000000000e+03 1.854213304072953150e+00 9.707202140502186119e-03
