3.250000000000000000e+02 1.347703738783809779e+00 1.854930379539834640e+00
3.311557788944723484e+02 1.568017061315300165e+00 1.596428407274280259e+00
3.373115577889446968e+02 1.704236709383116555e+00 1.467798049126899151e+00
3.434673366834171020e+02 1.811036824523766686e+00 1.377247130280510490e+00
3.496231155778894504e+02 1.904406311553941800e+00 1.302815673926609907e+00
3.557788944723617988e+02 1.991231591355008268e+00 1.236171115348382532e+00
3.619346733668341471e+02 2.075120694162366775e+00 1.173377235463830770e+00
3.680904522613065524e+02 2.158198925446559002e+00 1.112316562149552768e+00
3.742462311557789008e+02 2.241810727893205790e+00 1.051741085947707433e+00
3.804020100502512491e+02 2.326838161034173069e+00 9.908509700390767394e-01
3.865577889447235975e+02 2.413860679159868461e+00 9.290762074203258170e-01
3.927135678391960028e+02 2.503240164051835137e+00 8.659435277210774107e-01
3.988693467336683511e+02 2.595165222376039083e+00 8.009769479742357978e-01
4.050251256281406995e+02 2.689666601215877417e+00 7.336013299129439114e-01
4.111809045226130479e+02 2.786600042805370325e+00 6.630179595773474377e-01
4.173366834170853963e+02 2.885568517841799352e+00 5.879973260485872322e-01
4.234924623115578015e+02 2.985682842788405011e+00 5.064501459703788511e-01
4.296482412060301499e+02 3.084737176444056317e+00 4.143116995144440207e-01
4.358040201005024983e+02 3.175092499493896714e+00 3.014537602000957328e-01
4.419597989949749035e+02 3.163584278554816720e+00 1.129266439884519246e-01
4.481155778894472519e+02 3.023528015713336181e+00 3.655163722364372647e-03
4.542713567839196003e+02 2.879169188124407697e+00 3.839422318455111560e-03
4.604271356783919487e+02 2.790964857977795699e+00 3.961648419331934533e-03
4.665829145728642970e+02 2.727022836564800823e+00 4.055319894769419085e-03
4.727386934673367023e+02 2.677162033161457177e+00 4.131525536029384549e-03
4.788944723618090507e+02 2.636608750361532305e+00 4.195650995055565276e-03
4.850502512562813990e+02 2.602689379985098306e+00 4.250817039931745894e-03
4.912060301507538043e+02 2.573739947083515389e+00 4.299030126247258866e-03
4.973618090452260958e+02 2.548649031547975952e+00 4.341672391375778553e-03
5.035175879396985010e+02 2.526635498237740141e+00 4.379743943925539472e-03
5.096733668341708494e+02 2.507128747064220509e+00 4.413995670643405811e-03
5.158291457286431978e+02 2.489699136456595241e+00 4.445007767268926296e-03
5.219849246231156030e+02 2.474015136716816610e+00 4.473238964123279517e-03
5.281407035175878946e+02 2.459815693563353722e+00 4.499058845600815287e-03
5.342964824120602998e+02 2.446891715829003999e+00 4.522769884768334386e-03
5.404522613065325913e+02 2.435073278688771214e+00 4.544622943714617634e-03
5.466080402010049966e+02 2.424220539217998294e+00 4.564828468105793652e-03
5.527638190954774018e+02 2.414217138476967506e+00 4.583564757294728703e-03
5.589195979899498070e+02 2.404965313732351007e+00 4.600984193270113258e-03
5.650753768844220986e+02 2.396382214229205943e+00 4.617218012424318709e-03
5.712311557788945038e+02 2.388397081283872403e+00 4.632380017360527256e-03
5.773869346733667953e+02 2.380949060288958918e+00 4.646569501041405113e-03
5.835427135678392006e+02 2.373985482145664960e+00 4.659873579235246713e-03
5.896984924623116058e+02 2.367460498449130757e+00 4.672369069637762572e-03
5.958542713567838973e+02 2.361333986725532075e+00 4.684124021785487056e-03
6.020100502512563025e+02 2.355570664257015778e+00 4.695198972150655368e-03
6.081658291457285941e+02 2.350139364752318105e+00 4.705647982929063097e-03
6.143216080402009993e+02 2.345012443403069913e+00 4.715519507814666667e-03
6.204773869346734045e+02 2.340165284073194574e+00 4.724857117967970303e-03
6.266331658291456961e+02 2.335575888414462398e+00 4.733700115447209492e-03
6.327889447236181013e+02 2.331224531206224526e+00 4.742084053504100165e-03
6.389447236180903928e+02 2.327093469610105547e+00 4.750041181042567208e-03
6.451005025125627981e+02 2.323166696610910797e+00 4.757600823529899506e-03
6.512562814070352033e+02 2.319429730895765207e+00 4.764789711398305025e-03
6.574120603015076085e+02 2.315869436956933924e+00 4.771632264170621619e-03
6.635678391959799001e+02 2.312473870400481246e+00 4.778150837437493588e-03
6.697236180904521916e+02 2.309232144383764229e+00 4.784365937899727993e-03
6.758793969849245968e+02 2.306134313849748096e+00 4.790296412116880863e-03
6.820351758793970021e+02 2.303171274819851622e+00 4.795959611774719238e-03
6.881909547738694073e+02 2.300334676483214214e+00 4.801371539538637316e-03
6.943467336683416988e+02 2.297616844204422915e+00 4.806546978097230895e-03
7.005025125628139904e+02 2.295010711883318066e+00 4.811499603939401425e-03
7.066582914572863956e+02 2.292509762354630443e+00 4.816242089044734352e-03
7.128140703517588008e+02 2.290107974723443629e+00 4.820786191154095672e-03
7.189698492462312061e+02 2.287799777703950710e+00 4.825142834625336871e-03
7.251256281407034976e+02 2.285580008170828403e+00 4.829322182315732431e-03
7.312814070351757891e+02 2.283443874250373540e+00 4.833333700695535001e-03
7.374371859296481944e+02 2.281386922376825499e+00 4.837186217973712260e-03
7.435929648241205996e+02 2.279405007821607487e+00 4.840887976468559971e-03
7.497487437185930048e+02 2.277494268272373112e+00 4.844446680066359645e-03
7.559045226130652964e+02 2.275651100097111357e+00 4.847869537090001256e-03
7.620603015075377016e+02 2.273872136977935554e+00 4.851163298932930842e-03
7.682160804020099931e+02 2.272154230641118211e+00 4.854334295351758755e-03
7.743718592964823983e+02 2.270494433445667593e+00 4.857388466338608164e-03
7.805276381909548036e+02 2.268889982623243373e+00 4.860331391402050380e-03
7.866834170854272088e+02 2.267338285988393487e+00 4.863168316025791652e-03
7.928391959798995003e+02 2.265836908960540796e+00 4.865904175846522996e-03
7.989949748743717919e+02 2.264383562758532253e+00 4.868543618949010450e-03
8.051507537688441971e+02 2.262976093645288067e+00 4.871091026033190496e-03
8.113065326633166023e+02 2.261612473114566146e+00 4.873550529071839221e-03
8.174623115577890076e+02 2.260290788924450567e+00 4.875926028434726840e-03
8.236180904522612991e+02 2.259009236893103623e+00 4.878221208453139592e-03
8.297738693467335906e+02 2.257766113381865392e+00 4.880439551988291318e-03
8.359296482412059959e+02 2.256559808399130063e+00 4.882584353699356838e-03
8.420854271356784011e+02 2.255388799265737099e+00 4.884658732297538636e-03
8.482412060301506926e+02 2.254251644789012410e+00 4.886665641888533751e-03
8.543969849246230979e+02 2.253146979898244417e+00 4.888607882458949339e-03
8.605527638190955031e+02 2.252073510699347025e+00 4.890488109515707393e-03
8.667085427135677946e+02 2.251030009910838903e+00 4.892308843158921748e-03
8.728643216080401999e+02 2.250015312647140941e+00 4.894072476322736641e-03
8.790201005025126051e+02 2.249028312518650985e+00 4.895781282417666601e-03
8.851758793969848966e+02 2.248067958021069401e+00 4.897437422742724651e-03
8.913316582914573019e+02 2.247133249189178894e+00 4.899042952946410304e-03
8.974874371859295934e+02 2.246223234492688015e+00 4.900599829267006900e-03
9.036432160804019986e+02 2.245337007953890129e+00 4.902109914374412104e-03
9.097989949748744039e+02 2.244473706468820051e+00 4.903574982590617332e-03
9.159547738693466954e+02 2.243632507315290514e+00 4.904996725171506186e-03
9.221105527638191006e+02 2.242812625832744100e+00 4.906376754746865319e-03
9.282663316582913922e+02 2.242013313260222240e+00 4.907716609781804379e-03
9.344221105527637974e+02 2.241233854719996366e+00 4.909017758699383595e-03
9.405778894472362026e+02 2.240473567335512506e+00 4.910281603711858130e-03
9.467336683417084942e+02 2.239731798473312718e+00 4.911509484317228350e-03
9.528894472361808994e+02 2.239007924099486679e+00 4.912702680688952814e-03
9.590452261306533046e+02 2.238301347242033668e+00 4.913862416960098137e-03
9.652010050251255961e+02 2.237611496551241252e+00 4.914989863906205937e-03
9.713567839195980014e+02 2.236937824950862908e+00 4.916086141977273755e-03
9.775125628140702929e+02 2.236279808373469180e+00 4.917152323640502573e-03
9.836683417085426981e+02 2.235636944573908380e+00 4.918189436209487696e-03
9.898241206030151034e+02 2.235008752015288813e+00 4.919198463625096274e-03
9.959798994974873949e+02 2.234394768822375532e+00 4.920180349085613407e-03
1.002135678391959800e+03 2.233794551797668948e+00 4.921135996810940307e-03
1.008291457286432205e+03 2.233207675495838540e+00 4.922066273980135569e-03
1.014447236180904497e+03 2.232633731352506423e+00 4.922972012752312512e-03
1.020603015075376902e+03 2.232072326863695277e+00 4.923854011694796251e-03
1.026758793969849194e+03 2.231523084812528257e+00 4.924713037521438047e-03
1.032914572864321599e+03 2.230985642540048719e+00 4.925549826690235784e-03
1.039070351758794004e+03 2.230459651257236775e+00 4.926365086590352334e-03
1.045226130653266409e+03 2.229944775395544809e+00 4.927159497175523373e-03
1.051381909547738815e+03 2.229440691993451296e+00 4.927933712097408610e-03
1.057537688442210992e+03 2.228947090116728091e+00 4.928688359880312696e-03
1.063693467336683398e+03 2.228463670310282474e+00 4.929424045272578180e-03
1.069849246231155803e+03 2.227990144079582180e+00 4.930141350009039844e-03
1.076005025125627981e+03 2.227526233399819588e+00 4.930840834201187864e-03
1.082160804020100386e+03 2.227071670251106639e+00 4.931523036913771675e-03
1.088316582914572791e+03 2.226626196178094652e+00 4.932188477459462268e-03
1.094472361809045196e+03 2.226189561872546907e+00 4.932837656060633583e-03
1.100628140703517602e+03 2.225761526777475297e+00 4.933471054779143931e-03
1.106783919597990007e+03 2.225341858711554099e+00 4.934089138218974470e-03
1.112939698492462412e+03 2.224930333512615821e+00 4.934692354317023709e-03
1.119095477386934817e+03 2.224526734699104669e+00 4.935281135132103987e-03
1.125251256281406995e+03 2.224130853148443610e+00 4.935855897272344375e-03
1.131407035175879400e+03 2.223742486791338013e+00 4.936417042816041746e-03
1.137562814070351578e+03 2.223361440321110827e+00 4.936964959961037160e-03
1.143718592964823983e+03 2.222987524917201529e+00 4.937500023133107457e-03
1.149874371859296389e+03 2.222620557982048606e+00 4.938022594217586839e-03
1.156030150753768794e+03 2.222260362890591257e+00 4.938533022440569527e-03
1.162185929648241199e+03 2.221906768751702899e+00 4.939031645373372775e-03
1.168341708542713604e+03 2.221559610180895206e+00 4.939518789081610330e-03
1.174497487437186010e+03 2.221218727083680289e+00 4.939994768812904467e-03
1.180653266331658415e+03 2.220883964449006598e+00 4.940459889189230402e-03
1.186809045226130593e+03 2.220555172152241852e+00 4.940914444892923960e-03
1.192964824120602998e+03 2.220232204767174977e+00 4.941358720812557073e-03
1.199120603015075403e+03 2.219914921386578310e+00 4.941792992637571505e-03
1.205276381909547581e+03 2.219603185450868210e+00 4.942217527002855902e-03
1.211432160804019986e+03 2.219296864584443529e+00 4.942632581992222399e-03
1.217587939698492391e+03 2.218995830439312922e+00 4.943038407416614627e-03
1.223743718592964797e+03 2.218699958545624629e+00 4.943435245181656591e-03
1.229899497487437202e+03 2.218409128168755018e+00 4.943823329474998467e-03
1.236055276381909607e+03 2.218123222172619258e+00 4.944202887132910507e-03
1.242211055276382012e+03 2.217842126888897258e+00 4.944574137871656123e-03
1.248366834170854418e+03 2.217565731991871569e+00 4.944937294653200220e-03
1.254522613065326595e+03 2.217293930378603228e+00 4.945292563736175366e-03
1.260678391959799001e+03 2.217026618054185327e+00 4.945640145130644760e-03
1.266834170854271179e+03 2.216763694021822051e+00 4.945980232738184622e-03
1.272989949748743584e+03 2.216505060177498265e+00 4.946313014536564585e-03
1.279145728643215989e+03 2.216250621209023386e+00 4.946638672898817993e-03
1.285301507537688394e+03 2.216000284499235473e+00 4.946957384597784266e-03
1.291457286432160799e+03 2.215753960033167047e+00 4.947269321214409037e-03
1.297613065326633205e+03 2.215511560308992323e+00 4.947574649231557126e-03
1.303768844221105610e+03 2.215273000252568902e+00 4.947873530172496384e-03
1.309924623115578015e+03 2.215038197135413611e+00 4.948166120918686892e-03
1.316080402010050193e+03 2.214807070495947272e+00 4.948452573668323667e-03
1.322236180904522598e+03 2.214579542063867201e+00 4.948733036253720810e-03
1.328391959798995003e+03 2.214355535687491994e+00 4.949007652189248846e-03
1.334547738693467181e+03 2.214134977263954251e+00 4.949276560898601719e-03
1.340703517587939587e+03 2.213917794672108474e+00 4.949539897896998268e-03
1.346859296482411992e+03 2.213703917708027546e+00 4.949797794748936504e-03
1.353015075376884397e+03 2.213493278022984789e+00 4.950050379294988756e-03
1.359170854271356802e+03 2.213285809063796350e+00 4.950297775788725999e-03
1.365326633165829207e+03 2.213081446015431553e+00 4.950540105123216357e-03
1.371482412060301385e+03 2.212880125745788629e+00 4.950777484698562492e-03
1.377638190954773791e+03 2.212681786752536350e+00 4.951010028693037142e-03
1.383793969849246196e+03 2.212486369111940743e+00 4.951237848199522597e-03
1.389949748743718601e+03 2.212293814429586725e+00 4.951461051137616594e-03
1.396105527638191006e+03 2.212104065792911189e+00 4.951679742614122602e-03
1.402261306532663411e+03 2.211917067725482244e+00 4.951894024879812707e-03
1.408417085427135589e+03 2.211732766142930906e+00 4.952103997286136719e-03
1.414572864321607994e+03 2.211551108310486402e+00 4.952309756645421022e-03
1.420728643216080400e+03 2.211372042802039140e+00 4.952511397232237274e-03
1.426884422110552805e+03 2.211195519460659398e+00 4.952709010650226812e-03
1.433040201005025210e+03 2.211021489360532666e+00 4.952902686147213178e-03
1.439195979899497388e+03 2.210849904770232133e+00 4.953092510706053053e-03
1.445351758793969793e+03 2.210680719117287918e+00 4.953278568866446331e-03
1.451507537688442198e+03 2.210513886953992202e+00 4.953460943129494448e-03
1.457663316582914604e+03 2.210349363924396737e+00 4.953639713734579383e-03
1.463819095477387009e+03 2.210187106732449447e+00 4.953814958884485663e-03
1.469974874371859187e+03 2.210027073111230589e+00 4.953986754791150221e-03
1.476130653266331592e+03 2.209869221793235639e+00 4.954155175676554917e-03
1.482286432160803997e+03 2.209713512481678244e+00 4.954320293952851548e-03
1.488442211055276402e+03 2.209559905822753745e+00 4.954482180043895227e-03
1.494597989949748808e+03 2.209408363378847717e+00 4.954640902744558532e-03
1.500753768844220986e+03 2.209258847602630915e+00 4.954796529042189424e-03
1.506909547738693391e+03 2.209111321812026851e+00 4.954949124296575795e-03
1.513065326633165796e+03 2.208965750166001829e+00 4.955098752150975845e-03
1.519221105527638201e+03 2.208822097641157445e+00 4.955245474756827216e-03
1.525376884422110606e+03 2.208680330009086035e+00 4.955389352729522821e-03
1.531532663316582784e+03 2.208540413814471304e+00 4.955530445148996314e-03
1.537688442211055190e+03 2.208402316353892836e+00 4.955668809605084241e-03
1.543844221105527595e+03 2.208266005655321162e+00 4.955804502466890429e-03
1.550000000000000000e+03 2.208131450458266531e+00 4.955937578480024835e-03
