4.000000000000000000e+02 1.804050016931271649e+00 2.307121011568881441e-02
4.050251256281406995e+02 1.808012239763661988e+00 2.264169892092478265e-02
4.100502512562813990e+02 1.810378040467190974e+00 2.216144384266856629e-02
4.150753768844220986e+02 1.812238150248963287e+00 2.160230323019922752e-02
4.201005025125627981e+02 1.813861578781027939e+00 2.094027575115319992e-02
4.251256281407034976e+02 1.815349452911051431e+00 2.014139038122101169e-02
4.301507537688441971e+02 1.816736986258154163e+00 1.914654279623066030e-02
4.351758793969848966e+02 1.817991594164736435e+00 1.782626903257739787e-02
4.402010050251256530e+02 1.818657999309850615e+00 1.570478800629297039e-02
4.452261306532663525e+02 1.817838367149137602e+00 1.319879522510961425e-02
4.502512562814070520e+02 1.816526286580564697e+00 1.325157342874414869e-02
4.552763819095477515e+02 1.815870247981955732e+00 1.329746807679506142e-02
4.603015075376884511e+02 1.815460970431915122e+00 1.333954556973249335e-02
4.653266331658291506e+02 1.815181712970463934e+00 1.337875699803115978e-02
4.703517587939698501e+02 1.814981856462443810e+00 1.341557098848725031e-02
4.753768844221105496e+02 1.814834783329678958e+00 1.345027752331407964e-02
4.804020100502512491e+02 1.814724807897767356e+00 1.348308236341262505e-02
4.854271356783919487e+02 1.814641955297517706e+00 1.351414492495526740e-02
4.904522613065327050e+02 1.814579524526878318e+00 1.354359610005078512e-02
4.954773869346734045e+02 1.814532822737466855e+00 1.357154763704422271e-02
5.005025125628141041e+02 1.814498454182258635e+00 1.359809751860915038e-02
5.055276381909548036e+02 1.814473895918953916e+00 1.362333326523880624e-02
5.105527638190955031e+02 1.814457232176879042e+00 1.364733408555702382e-02
5.155778894472362026e+02 1.814446981408406989e+00 1.367017234811554981e-02
5.206030150753769021e+02 1.814441979944864558e+00 1.369191463430097407e-02
5.256281407035176017e+02 1.814441301531712458e+00 1.371262252172261026e-02
5.306532663316583012e+02 1.814444200336328805e+00 1.373235318757942865e-02
5.356783919597990007e+02 1.814450069735697557e+00 1.375115988775267063e-02
5.407035175879397002e+02 1.814458411967176055e+00 1.376909234736660784e-02
5.457286432160803997e+02 1.814468815415384517e+00 1.378619708658933816e-02
5.507537688442210992e+02 1.814480937367296987e+00 1.380251769754916279e-02
5.557788944723617988e+02 1.814494490748559175e+00 1.381809508363355220e-02
5.608040201005024983e+02 1.814509233801998134e+00 1.383296766914057958e-02
5.658291457286431978e+02 1.814524961970032990e+00 1.384717158490646714e-02
5.708542713567838973e+02 1.814541501448376337e+00 1.386074083429981833e-02
5.758793969849245968e+02 1.814558704021455027e+00 1.387370744277813782e-02
5.809045226130654100e+02 1.814576442890969865e+00 1.388610159344767087e-02
5.859296482412059959e+02 1.814594609281331428e+00 1.389795175067350640e-02
5.909547738693468091e+02 1.814613109658160583e+00 1.390928477315716248e-02
5.959798994974873949e+02 1.814631863434534642e+00 1.392012601791862633e-02
6.010050251256282081e+02 1.814650801068213415e+00 1.393049943601534432e-02
6.060301507537687939e+02 1.814669862474501905e+00 1.394042766105518631e-02
6.110552763819096072e+02 1.814688995695595386e+00 1.394993209115032336e-02
6.160804020100503067e+02 1.814708155779624299e+00 1.395903296486497927e-02
6.211055276381910062e+02 1.814727303832147864e+00 1.396774943188128226e-02
6.261306532663317057e+02 1.814746406210219654e+00 1.397609961864457705e-02
6.311557788944724052e+02 1.814765433834928832e+00 1.398410068957713775e-02
6.361809045226131047e+02 1.814784361602868712e+00 1.399176890415762715e-02
6.412060301507538043e+02 1.814803167880576273e+00 1.399911967015272929e-02
6.462311557788945038e+02 1.814821834068857331e+00 1.400616759338853788e-02
6.512562814070352033e+02 1.814840344226214874e+00 1.401292652424205969e-02
6.562814070351759028e+02 1.814858684742450379e+00 1.401940960118426387e-02
6.613065326633166023e+02 1.814876844055006710e+00 1.402562929147728281e-02
6.663316582914573019e+02 1.814894812401849578e+00 1.403159742935224802e-02
6.713567839195980014e+02 1.814912581605685027e+00 1.403732525175121343e-02
6.763819095477387009e+02 1.814930144885127605e+00 1.404282343182290844e-02
6.814070351758794004e+02 1.814947496689125250e+00 1.404810211044470701e-02
6.864321608040200999e+02 1.814964632551495205e+00 1.405317092566786032e-02
6.914572864321607994e+02 1.814981548962906421e+00 1.405803904046212978e-02
6.964824120603016127e+02 1.814998243258029831e+00 1.406271516875340528e-02
7.015075376884421985e+02 1.815014713515904932e+00 1.406720759988764127e-02
7.065326633165830117e+02 1.815030958471851585e+00 1.407152422160471567e-02
7.115577889447235975e+02 1.815046977439487952e+00 1.407567254170629702e-02
7.165829145728644107e+02 1.815062770241607781e+00 1.407965970835529587e-02
7.216080402010049966e+02 1.815078337148845034e+00 1.408349252929785508e-02
7.266331658291458098e+02 1.815093678825193679e+00 1.408717748982405218e-02
7.316582914572863956e+02 1.815108796279569781e+00 1.409072076978693834e-02
7.366834170854272088e+02 1.815123690822713076e+00 1.409412825958819560e-02
7.417085427135677946e+02 1.815138364028811235e+00 1.409740557527422791e-02
7.467336683417086078e+02 1.815152817701303878e+00 1.410055807272788189e-02
7.517587939698491937e+02 1.815167053842401179e+00 1.410359086107407060e-02
7.567839195979900069e+02 1.815181074625897617e+00 1.410650881534585357e-02
7.618090452261307064e+02 1.815194882372915819e+00 1.410931658841752152e-02
7.668341708542714059e+02 1.815208479530261432e+00 1.411201862222631609e-02
7.718592964824121054e+02 1.815221868651106130e+00 1.411461915846917367e-02
7.768844221105528050e+02 1.815235052377746072e+00 1.411712224862974457e-02
7.819095477386935045e+02 1.815248033426212215e+00 1.411953176342670493e-02
7.869346733668342040e+02 1.815260814572543291e+00 1.412185140185245706e-02
7.919597989949749035e+02 1.815273398640538716e+00 1.412408469960920940e-02
7.969849246231156030e+02 1.815285788490839103e+00 1.412623503715016923e-02
8.020100502512563025e+02 1.815297987011201597e+00 1.412830564725018473e-02
8.070351758793970021e+02 1.815309997107837248e+00 1.413029962221072459e-02
8.120603015075377016e+02 1.815321821697708726e+00 1.413221992062303062e-02
8.170854271356784011e+02 1.815333463701688688e+00 1.413406937382531009e-02
8.221105527638192143e+02 1.815344926038486850e+00 1.413585069196950962e-02
8.271356783919598001e+02 1.815356211619275850e+00 1.413756646983310369e-02
8.321608040201006133e+02 1.815367323342936157e+00 1.413921919224401906e-02
8.371859296482411992e+02 1.815378264091863869e+00 1.414081123928519028e-02
8.422110552763820124e+02 1.815389036728284111e+00 1.414234489120157028e-02
8.472361809045225982e+02 1.815399644091015396e+00 1.414382233307371652e-02
8.522613065326634114e+02 1.815410088992645665e+00 1.414524565921982530e-02
8.572864321608039972e+02 1.815420374217071586e+00 1.414661687739012658e-02
8.623115577889448105e+02 1.815430502517371592e+00 1.414793791275453794e-02
8.673366834170853963e+02 1.815440476613975340e+00 1.414921061169235710e-02
8.723618090452262095e+02 1.815450299193098971e+00 1.415043674533769669e-02
8.773869346733667953e+02 1.815459972905422825e+00 1.415161801305403824e-02
8.824120603015076085e+02 1.815469500364984778e+00 1.415275604561101221e-02
8.874371859296483080e+02 1.815478884148265859e+00 1.415385240828374337e-02
8.924623115577890076e+02 1.815488126793452839e+00 1.415490860378115605e-02
8.974874371859297071e+02 1.815497230799856254e+00 1.415592607503511798e-02
9.025125628140704066e+02 1.815506198627467205e+00 1.415690620781171957e-02
9.075376884422111061e+02 1.815515032696642495e+00 1.415785033324706323e-02
9.125628140703518056e+02 1.815523735387900128e+00 1.415875973026872042e-02
9.175879396984925052e+02 1.815532309041814729e+00 1.415963562780133203e-02
9.226130653266332047e+02 1.815540755959006436e+00 1.416047920702323548e-02
9.276381909547739042e+02 1.815549078400204186e+00 1.416129160333731707e-02
9.326633165829146037e+02 1.815557278586384271e+00 1.416207390842483607e-02
9.376884422110553032e+02 1.815565358698969733e+00 1.416282717204538077e-02
9.427135678391960028e+02 1.815573320880086827e+00 1.416355240388891303e-02
9.477386934673367023e+02 1.815581167232868998e+00 1.416425057519794979e-02
9.527638190954774018e+02 1.815588899821805269e+00 1.416492262047359604e-02
9.577889447236181013e+02 1.815596520673126602e+00 1.416556943893641264e-02
9.628140703517588008e+02 1.815604031775224003e+00 1.416619189607149810e-02
9.678391959798995003e+02 1.815611435079097502e+00 1.416679082498360429e-02
9.728643216080401999e+02 1.815618732498826882e+00 1.416736702778972380e-02
9.778894472361808994e+02 1.815625925912065508e+00 1.416792127682200454e-02
9.829145728643217126e+02 1.815633017160551477e+00 1.416845431593891265e-02
9.879396984924624121e+02 1.815640008050632748e+00 1.416896686163128527e-02
9.929648241206031116e+02 1.815646900353806492e+00 1.416945960413497525e-02
9.979899497487438111e+02 1.815653695807265766e+00 1.416993320854233185e-02
1.003015075376884511e+03 1.815660396114455732e+00 1.417038831577155725e-02
1.008040201005025210e+03 1.815667002945635433e+00 1.417082554355075796e-02
1.013065326633165910e+03 1.815673517938442005e+00 1.417124548736970954e-02
1.018090452261306609e+03 1.815679942698460225e+00 1.417164872132111245e-02
1.023115577889447309e+03 1.815686278799790276e+00 1.417203579898019747e-02
1.028140703517588008e+03 1.815692527785617294e+00 1.417240725422094956e-02
1.033165829145728821e+03 1.815698691168778245e+00 1.417276360196113166e-02
1.038190954773869407e+03 1.815704770432327919e+00 1.417310533895368464e-02
1.043216080402009993e+03 1.815710767030101147e+00 1.417343294442870855e-02
1.048241206030150806e+03 1.815716682387270575e+00 1.417374688082106635e-02
1.053266331658291620e+03 1.815722517900900224e+00 1.417404759441131396e-02
1.058291457286432205e+03 1.815728274940494158e+00 1.417433551596617575e-02
1.063316582914572791e+03 1.815733954848539167e+00 1.417461106126109011e-02
1.068341708542713604e+03 1.815739558941041221e+00 1.417487463177465740e-02
1.073366834170854418e+03 1.815745088508054383e+00 1.417512661510076863e-02
1.078391959798995003e+03 1.815750544814204392e+00 1.417536738557967704e-02
1.083417085427135589e+03 1.815755929099203581e+00 1.417559730471728251e-02
1.088442211055276402e+03 1.815761242578359802e+00 1.417581672176858494e-02
1.093467336683417216e+03 1.815766486443074923e+00 1.417602597405458881e-02
1.098492462311557802e+03 1.815771661861338870e+00 1.417622538755304237e-02
1.103517587939698387e+03 1.815776769978211913e+00 1.417641527722268008e-02
1.108542713567839201e+03 1.815781811916302058e+00 1.417659594745252633e-02
1.113567839195980014e+03 1.815786788776232896e+00 1.417676769244052663e-02
1.118592964824120827e+03 1.815791701637102351e+00 1.417693079657197236e-02
1.123618090452261413e+03 1.815796551556933647e+00 1.417708553475859924e-02
1.128643216080401999e+03 1.815801339573118955e+00 1.417723217283233493e-02
1.133668341708542812e+03 1.815806066702852828e+00 1.417737096781358612e-02
1.138693467336683625e+03 1.815810733943559407e+00 1.417750216828902315e-02
1.143718592964824211e+03 1.815815342273309652e+00 1.417762601465611186e-02
1.148743718592964797e+03 1.815819892651230338e+00 1.417774273946929668e-02
1.153768844221105610e+03 1.815824386017907077e+00 1.417785256769213062e-02
1.158793969849246423e+03 1.815828823295775774e+00 1.417795571697275450e-02
1.163819095477387009e+03 1.815833205389509430e+00 1.417805239791148156e-02
1.168844221105527595e+03 1.815837533186394737e+00 1.417814281429692798e-02
1.173869346733668408e+03 1.815841807556701548e+00 1.417822716337341186e-02
1.178894472361809221e+03 1.815846029354045044e+00 1.417830563601428159e-02
1.183919597989949807e+03 1.815850199415739663e+00 1.417837841700480238e-02
1.188944723618090393e+03 1.815854318563145720e+00 1.417844568523884789e-02
1.193969849246231206e+03 1.815858387602008683e+00 1.417850761390767635e-02
1.198994974874372019e+03 1.815862407322791139e+00 1.417856437068865973e-02
1.204020100502512605e+03 1.815866378500997191e+00 1.417861611798093210e-02
1.209045226130653191e+03 1.815870301897490435e+00 1.417866301303919753e-02
1.214070351758794004e+03 1.815874178258804594e+00 1.417870520817012328e-02
1.219095477386934817e+03 1.815878008317447723e+00 1.417874285091302693e-02
1.224120603015075403e+03 1.815881792792198857e+00 1.417877608418137599e-02
1.229145728643215989e+03 1.815885532388399559e+00 1.417880504642773411e-02
1.234170854271356802e+03 1.815889227798237027e+00 1.417882987180083855e-02
1.239195979899497615e+03 1.815892879701023421e+00 1.417885069027132426e-02
1.244221105527638429e+03 1.815896488763466321e+00 1.417886762779656945e-02
1.249246231155779014e+03 1.815900055639935395e+00 1.417888080643852321e-02
1.254271356783919600e+03 1.815903580972721532e+00 1.417889034449717166e-02
1.259296482412060413e+03 1.815907065392291520e+00 1.417889635665180691e-02
1.264321608040201227e+03 1.815910509517535187e+00 1.417889895403963083e-02
1.269346733668341813e+03 1.815913913956008985e+00 1.417889824442046358e-02
1.274371859296482398e+03 1.815917279304173571e+00 1.417889433226313979e-02
1.279396984924623212e+03 1.815920606147624072e+00 1.417888731885535818e-02
1.284422110552764025e+03 1.815923895061319238e+00 1.417887730241353637e-02
1.289447236180904611e+03 1.815927146609799925e+00 1.417886437816131065e-02
1.294472361809045196e+03 1.815930361347408928e+00 1.417884863846283379e-02
1.299497487437186010e+03 1.815933539818499920e+00 1.417883017290125398e-02
1.304522613065326823e+03 1.815936682557646398e+00 1.417880906834934757e-02
1.309547738693467409e+03 1.815939790089842854e+00 1.417878540907927844e-02
1.314572864321607994e+03 1.815942862930702617e+00 1.417875927684104746e-02
1.319597989949748808e+03 1.815945901586651257e+00 1.417873075092525130e-02
1.324623115577889621e+03 1.815948906555115538e+00 1.417869990828847862e-02
1.329648241206030207e+03 1.815951878324708169e+00 1.417866682356907874e-02
1.334673366834170793e+03 1.815954817375407426e+00 1.417863156919687423e-02
1.339698492462311606e+03 1.815957724178734800e+00 1.417859421545590061e-02
1.344723618090452419e+03 1.815960599197926628e+00 1.417855483054711319e-02
1.349748743718593005e+03 1.815963442888102630e+00 1.417851348065894863e-02
1.354773869346733591e+03 1.815966255696431775e+00 1.417847023003001618e-02
1.359798994974874404e+03 1.815969038062291041e+00 1.417842514100398424e-02
1.364824120603015217e+03 1.815971790417425513e+00 1.417837827410009521e-02
1.369849246231156030e+03 1.815974513186101813e+00 1.417832968806803477e-02
1.374874371859296616e+03 1.815977206785255538e+00 1.417827943990363632e-02
1.379899497487437202e+03 1.815979871624643360e+00 1.417822758499768902e-02
1.384924623115578015e+03 1.815982508106982696e+00 1.417817417706550807e-02
1.389949748743718828e+03 1.815985116628094698e+00 1.417811926828790869e-02
1.394974874371859414e+03 1.815987697577040816e+00 1.417806290932690019e-02
1.400000000000000000e+03 1.815990251336257799e+00 1.417800514937268483e-02
