4.000000000000000000e+02 2.050311544158696098e+00 3.199843184639922559e-04
4.050251256281406995e+02 2.049012547074589463e+00 3.367740158907808496e-04
4.100502512562813990e+02 2.047696501758501597e+00 3.542246833425528331e-04
4.150753768844220986e+02 2.046363375865328571e+00 3.723541242557869540e-04
4.201005025125627981e+02 2.045013136559559630e+00 3.911804231003208161e-04
4.251256281407034976e+02 2.043645750511504655e+00 4.107219496848011904e-04
4.301507537688441971e+02 2.042261183893451904e+00 4.309973585420804319e-04
4.351758793969848966e+02 2.040859402375744924e+00 4.520255952533782685e-04
4.402010050251256530e+02 2.039440371122793749e+00 4.738258972632863864e-04
4.452261306532663525e+02 2.038004054789001263e+00 4.964177952689241471e-04
4.502512562814070520e+02 2.036550417514615408e+00 5.198211201516381597e-04
4.552763819095477515e+02 2.035079422921501013e+00 5.440560010678878672e-04
4.603015075376884511e+02 2.033591034108833018e+00 5.691428712868582202e-04
4.653266331658291506e+02 2.032085213648704869e+00 5.951024709040449471e-04
4.703517587939698501e+02 2.030561923581656103e+00 6.219558489980095807e-04
4.753768844221105496e+02 2.029021125412113769e+00 6.497243673691655398e-04
4.804020100502512491e+02 2.027462780103746809e+00 6.784297033598772099e-04
4.854271356783919487e+02 2.025886848074736513e+00 7.080938531606759210e-04
4.904522613065327050e+02 2.024293289192953704e+00 7.387391356627915229e-04
4.954773869346734045e+02 2.022682062771045786e+00 7.703881957177015913e-04
5.005025125628141041e+02 2.021053127561433183e+00 8.030640065590583443e-04
5.055276381909548036e+02 2.019406441751210313e+00 8.367898741506921536e-04
5.105527638190955031e+02 2.017741962956950186e+00 8.715894412852611328e-04
5.155778894472362026e+02 2.016059648219413525e+00 9.074866898736290259e-04
5.206030150753769021e+02 2.014359453998156191e+00 9.445059462294724860e-04
5.256281407035176017e+02 2.012641336166037576e+00 9.826718838977744827e-04
5.306532663316583012e+02 2.010905250003622857e+00 1.022009527755484651e-03
5.356783919597990007e+02 2.009151150193485336e+00 1.062544258279879807e-03
5.407035175879397002e+02 2.007378990814396413e+00 1.104301814966303233e-03
5.457286432160803997e+02 2.005588725335412104e+00 1.147308301458423857e-03
5.507537688442210992e+02 2.003780306609841411e+00 1.191590188804752398e-03
5.557788944723617988e+02 2.001953686869111237e+00 1.237174320894712451e-03
5.608040201005024983e+02 2.000108817716506948e+00 1.284087917379109689e-03
5.658291457286431978e+02 1.998245650120801908e+00 1.332358579920623958e-03
5.708542713567838973e+02 1.996364134409763347e+00 1.382014295476980542e-03
5.758793969849245968e+02 1.994464220263539644e+00 1.433083441545083409e-03
5.809045226130654100e+02 1.992545856707919949e+00 1.485594791067470230e-03
5.859296482412059959e+02 1.990608992107470776e+00 1.539577517090772200e-03
5.909547738693468091e+02 1.988653574158538495e+00 1.595061197867532086e-03
5.959798994974873949e+02 1.986679549882126361e+00 1.652075822093661620e-03
6.010050251256282081e+02 1.984686865616630103e+00 1.710651793974053703e-03
6.060301507537687939e+02 1.982675467010443393e+00 1.770819938946713865e-03
6.110552763819096072e+02 1.980645299014417215e+00 1.832611508547575194e-03
6.160804020100503067e+02 1.978596305874182226e+00 1.896058186501023337e-03
6.211055276381910062e+02 1.976528431122321017e+00 1.961192094182985686e-03
6.261306532663317057e+02 1.974441617570394492e+00 2.028045796573806070e-03
6.311557788944724052e+02 1.972335807300817034e+00 2.096652308155198905e-03
6.361809045226131047e+02 1.970210941658575132e+00 2.167045098943133456e-03
6.412060301507538043e+02 1.968066961242790791e+00 2.239258100940975243e-03
6.462311557788945038e+02 1.965903805898121082e+00 2.313325714109612779e-03
6.512562814070352033e+02 1.963721414705996038e+00 2.389282813208384697e-03
6.562814070351759028e+02 1.961519725975688022e+00 2.467164754316152498e-03
6.613065326633166023e+02 1.959298677235207453e+00 2.547007381596101076e-03
6.663316582914573019e+02 1.957058205222029335e+00 2.628847034303758313e-03
6.713567839195980014e+02 1.954798245873633267e+00 2.712720553779308930e-03
6.763819095477387009e+02 1.952518734317870486e+00 2.798665290850624061e-03
6.814070351758794004e+02 1.950219604863134837e+00 2.886719113077082684e-03
6.864321608040200999e+02 1.947900790988351893e+00 2.976920412430425836e-03
6.914572864321607994e+02 1.945562225332769790e+00 3.069308113209275480e-03
6.964824120603016127e+02 1.943203839685551770e+00 3.163921679665156715e-03
7.015075376884421985e+02 1.940825564975166229e+00 3.260801124223094288e-03
7.065326633165830117e+02 1.938427331258570696e+00 3.359987016076500851e-03
7.115577889447235975e+02 1.936009067710182885e+00 3.461520489134630851e-03
7.165829145728644107e+02 1.933570702610637015e+00 3.565443251264036658e-03
7.216080402010049966e+02 1.931112163335316323e+00 3.671797592781523168e-03
7.266331658291458098e+02 1.928633376342661965e+00 3.780626395766372404e-03
7.316582914572863956e+02 1.926134267162251668e+00 3.891973143266255156e-03
7.366834170854272088e+02 1.923614760382639011e+00 4.005881928906186544e-03
7.417085427135677946e+02 1.921074779638955565e+00 4.122397466560917371e-03
7.467336683417086078e+02 1.918514247600261458e+00 4.241565100414046094e-03
7.517587939698491937e+02 1.915933085956649462e+00 4.363430815161816259e-03
7.567839195979900069e+02 1.913331215406084640e+00 4.488041246380823635e-03
7.618090452261307064e+02 1.910708555640985518e+00 4.615443691448308655e-03
7.668341708542714059e+02 1.908065025334533038e+00 4.745686120277637504e-03
7.718592964824121054e+02 1.905400542126702401e+00 4.878817186708226707e-03
7.768844221105528050e+02 1.902715022610015128e+00 5.014886240049904083e-03
7.819095477386935045e+02 1.900008382315000022e+00 5.153943336714814256e-03
7.869346733668342040e+02 1.897280535695359038e+00 5.296039252459756007e-03
7.919597989949749035e+02 1.894531396112832500e+00 5.441225494619501661e-03
7.969849246231156030e+02 1.891760875821751897e+00 5.589554314956582566e-03
8.020100502512563025e+02 1.888968885953277610e+00 5.741078722490140784e-03
8.070351758793970021e+02 1.886155336499313773e+00 5.895852496948943838e-03
8.120603015075377016e+02 1.883320136296086744e+00 6.053930202377713447e-03
8.170854271356784011e+02 1.880463193007391176e+00 6.215367201058527753e-03
8.221105527638192143e+02 1.877584413107479477e+00 6.380219668037564844e-03
8.271356783919598001e+02 1.874683701863604224e+00 6.548544605693419791e-03
8.321608040201006133e+02 1.871760963318188420e+00 6.720399858870958892e-03
8.371859296482411992e+02 1.868816100270628944e+00 6.895844130423781082e-03
8.422110552763820124e+02 1.865849014258711636e+00 7.074936997006149066e-03
8.472361809045225982e+02 1.862859605539639585e+00 7.257738925384138798e-03
8.522613065326634114e+02 1.859847773070658850e+00 7.444311289199179692e-03
8.572864321608039972e+02 1.856813414489272951e+00 7.634716386069000278e-03
8.623115577889448105e+02 1.853756426093036591e+00 7.829017455214517737e-03
8.673366834170853963e+02 1.850676702818919717e+00 8.027278695499412073e-03
8.723618090452262095e+02 1.847574138222227269e+00 8.229565284002437336e-03
8.773869346733667953e+02 1.844448624455069075e+00 8.435943395057425576e-03
8.824120603015076085e+02 1.841300052244364993e+00 8.646480219779834747e-03
8.874371859296483080e+02 1.838128310869373561e+00 8.861243986164887149e-03
8.924623115577890076e+02 1.834933288138734575e+00 9.080303979697654237e-03
8.974874371859297071e+02 1.831714870367013415e+00 9.303730564550536167e-03
9.025125628140704066e+02 1.828472942350730435e+00 9.531595205328759549e-03
9.075376884422111061e+02 1.825207387343869225e+00 9.763970489459816715e-03
9.125628140703518056e+02 1.821918087032843303e+00 1.000093015009616455e-02
9.175879396984925052e+02 1.818604921510915018e+00 1.024254908983764957e-02
9.226130653266332047e+02 1.815267769252045138e+00 1.048890340496317318e-02
9.276381909547739042e+02 1.811906507084164897e+00 1.074007041035033964e-02
9.326633165829146037e+02 1.808521010161851850e+00 1.099612866521869868e-02
9.376884422110553032e+02 1.805111151938396441e+00 1.125715799944931872e-02
9.427135678391960028e+02 1.801676804137242627e+00 1.152323954078477396e-02
9.477386934673367023e+02 1.798217836722785679e+00 1.179445574275965122e-02
9.527638190954774018e+02 1.794734117870512513e+00 1.207089041337017568e-02
9.577889447236181013e+02 1.791225513936465674e+00 1.235262874473573580e-02
9.628140703517588008e+02 1.787691889426015202e+00 1.263975734343431544e-02
9.678391959798995003e+02 1.784133106961917736e+00 1.293236426192793942e-02
9.728643216080401999e+02 1.780549027251647098e+00 1.323053903069866359e-02
9.778894472361808994e+02 1.776939509053974575e+00 1.353437269157503967e-02
9.829145728643217126e+02 1.773304409144782046e+00 1.384395783184010249e-02
9.879396984924624121e+02 1.769643582282086181e+00 1.415938861950668225e-02
9.929648241206031116e+02 1.765956881170250403e+00 1.448076083956774222e-02
9.979899497487438111e+02 1.762244156423369290e+00 1.480817193144456576e-02
1.003015075376884511e+03 1.758505256527796989e+00 1.514172102744952911e-02
1.008040201005025210e+03 1.754740027803801894e+00 1.548150899258202845e-02
1.013065326633165910e+03 1.750948314366320924e+00 1.582763846540565997e-02
1.018090452261306609e+03 1.747129958084790324e+00 1.618021390031977244e-02
1.023115577889447309e+03 1.743284798542030112e+00 1.653934161107585565e-02
1.028140703517588008e+03 1.739412672992154629e+00 1.690512981568103451e-02
1.033165829145728821e+03 1.735513416317483015e+00 1.727768868273266492e-02
1.038190954773869407e+03 1.731586860984426490e+00 1.765713037925885354e-02
1.043216080402009993e+03 1.727632836998316712e+00 1.804356912000267682e-02
1.048241206030150806e+03 1.723651171857157438e+00 1.843712121838400608e-02
1.053266331658291620e+03 1.719641690504264853e+00 1.883790513908761496e-02
1.058291457286432205e+03 1.715604215279760147e+00 1.924604155231913680e-02
1.063316582914572791e+03 1.711538565870899475e+00 1.966165338991866796e-02
1.068341708542713604e+03 1.707444559261193096e+00 2.008486590328016283e-02
1.073366834170854418e+03 1.703322009678292837e+00 2.051580672318743803e-02
1.078391959798995003e+03 1.699170728540608799e+00 2.095460592168669686e-02
1.083417085427135589e+03 1.694990524402620435e+00 2.140139607601577315e-02
1.088442211055276402e+03 1.690781202898852920e+00 2.185631233473432633e-02
1.093467336683417216e+03 1.686542566686474620e+00 2.231949248601926977e-02
1.098492462311557802e+03 1.682274415386484145e+00 2.279107702840701966e-02
1.103517587939698387e+03 1.677976545523448548e+00 2.327120924392472520e-02
1.108542713567839201e+03 1.673648750463748724e+00 2.376003527374689894e-02
1.113567839195980014e+03 1.669290820352300697e+00 2.425770419653335008e-02
1.118592964824120827e+03 1.664902542047703715e+00 2.476436810951327186e-02
1.123618090452261413e+03 1.660483699055775864e+00 2.528018221241560767e-02
1.128643216080401999e+03 1.656034071461437218e+00 2.580530489441879710e-02
1.133668341708542812e+03 1.651553435858891916e+00 2.633989782420114584e-02
1.138693467336683625e+03 1.647041565280069619e+00 2.688412604327483982e-02
1.143718592964824211e+03 1.642498229121273079e+00 2.743815806264749552e-02
1.148743718592964797e+03 1.637923193067992056e+00 2.800216596310475120e-02
1.153768844221105610e+03 1.633316219017831639e+00 2.857632549911869740e-02
1.158793969849246423e+03 1.628677065001508328e+00 2.916081620663088514e-02
1.163819095477387009e+03 1.624005485101863266e+00 2.975582151488639221e-02
1.168844221105527595e+03 1.619301229370838202e+00 3.036152886241523172e-02
1.173869346733668408e+03 1.614564043744373345e+00 3.097812981745781333e-02
1.178894472361809221e+03 1.609793669955160489e+00 3.160582020294670780e-02
1.183919597989949807e+03 1.604989845443213881e+00 3.224480022628671561e-02
1.188944723618090393e+03 1.600152303264188447e+00 3.289527461414840093e-02
1.193969849246231206e+03 1.595280771995407187e+00 3.355745275250993087e-02
1.198994974874372019e+03 1.590374975639533783e+00 3.423154883217539163e-02
1.204020100502512605e+03 1.585434633525835579e+00 3.491778200003162191e-02
1.209045226130653191e+03 1.580459460208985867e+00 3.561637651631673063e-02
1.214070351758794004e+03 1.575449165365346627e+00 3.632756191815850882e-02
1.219095477386934817e+03 1.570403453686676443e+00 3.705157318973076319e-02
1.224120603015075403e+03 1.565322024771214071e+00 3.778865093926705998e-02
1.229145728643215989e+03 1.560204573012071716e+00 3.853904158335676872e-02
1.234170854271356802e+03 1.555050787482896490e+00 3.930299753874993973e-02
1.239195979899497615e+03 1.549860351820738336e+00 4.008077742218437572e-02
1.244221105527638429e+03 1.544632944106077543e+00 4.087264625848890248e-02
1.249246231155779014e+03 1.539368236739961926e+00 4.167887569746558246e-02
1.254271356783919600e+03 1.534065896318199673e+00 4.249974423994228034e-02
1.259296482412060413e+03 1.528725583502572594e+00 4.333553747344443680e-02
1.264321608040201227e+03 1.523346952889018002e+00 4.418654831802127508e-02
1.269346733668341813e+03 1.517929652872747948e+00 4.505307728267066852e-02
1.274371859296482398e+03 1.512473325510264921e+00 4.593543273296112062e-02
1.279396984924623212e+03 1.506977606378246959e+00 4.683393117038113507e-02
1.284422110552764025e+03 1.501442124429284597e+00 4.774889752405733767e-02
1.289447236180904611e+03 1.495866501844438812e+00 4.868066545543749124e-02
1.294472361809045196e+03 1.490250353882623280e+00 4.962957767668287057e-02
1.299497487437186010e+03 1.484593288726802740e+00 5.059598628340341436e-02
1.304522613065326823e+03 1.478894907327020558e+00 5.158025310259241325e-02
1.309547738693467409e+03 1.473154803240274813e+00 5.258275005648124084e-02
1.314572864321607994e+03 1.467372562467269770e+00 5.360385954322959695e-02
1.319597989949748808e+03 1.461547763286109136e+00 5.464397483533321026e-02
1.324623115577889621e+03 1.455679976082973059e+00 5.570350049672582321e-02
1.329648241206030207e+03 1.449768763179879238e+00 5.678285281956729075e-02
1.334673366834170793e+03 1.443813678659626287e+00 5.788246028186072589e-02
1.339698492462311606e+03 1.437814268188051248e+00 5.900276402697622602e-02
1.344723618090452419e+03 1.431770068833755349e+00 6.014421836638685070e-02
1.349748743718593005e+03 1.425680608885484535e+00 6.130729130683253841e-02
1.354773869346733591e+03 1.419545407667386128e+00 6.249246510337447963e-02
1.359798994974874404e+03 1.413363975352405433e+00 6.370023683974089523e-02
1.364824120603015217e+03 1.407135812774112038e+00 6.493111903758491676e-02
1.369849246231156030e+03 1.400860411237328185e+00 6.618564029625632894e-02
1.374874371859296616e+03 1.394537252327937349e+00 6.746434596491900082e-02
1.379899497487437202e+03 1.388165807722366418e+00 6.876779884883631178e-02
1.384924623115578015e+03 1.381745538997252831e+00 7.009657995186756307e-02
1.389949748743718828e+03 1.375275897439933503e+00 7.145128925728036484e-02
1.394974874371859414e+03 1.368756323860422786e+00 7.283254654916659909e-02
1.400000000000000000e+03 1.362186248405700795e+00 7.424099227686146996e-02
