4.000000000000000000e+02 1.821945942176059541e+00 1.908508400917578035e-02
4.050251256281406995e+02 1.827041625088484667e+00 1.851795760749802913e-02
4.100502512562813990e+02 1.830056275381506614e+00 1.786195759094939828e-02
4.150753768844220986e+02 1.832412539623698544e+00 1.707365349663165707e-02
4.201005025125627981e+02 1.834457052108586339e+00 1.610493772092664796e-02
4.251256281407034976e+02 1.836307550897695373e+00 1.487536207071477219e-02
4.301507537688441971e+02 1.837952836944430235e+00 1.321073092552549344e-02
4.351758793969848966e+02 1.838824710163798448e+00 1.047801291976511312e-02
4.402010050251256530e+02 1.837713958649424439e+00 7.151404768787065352e-03
4.452261306532663525e+02 1.835912622532030580e+00 7.331108221924887564e-03
4.502512562814070520e+02 1.834982492305583524e+00 7.505910118127385663e-03
4.552763819095477515e+02 1.834379909029582700e+00 7.677691934270044517e-03
4.603015075376884511e+02 1.833950883772699436e+00 7.846890402089742172e-03
4.653266331658291506e+02 1.833629047834989700e+00 8.013628473071712083e-03
4.703517587939698501e+02 1.833379664905148143e+00 8.177923104149288289e-03
4.753768844221105496e+02 1.833182325914604505e+00 8.339748910623362432e-03
4.804020100502512491e+02 1.833024064882480930e+00 8.499063208966029653e-03
4.854271356783919487e+02 1.832896159943076864e+00 8.655817457429078668e-03
4.904522613065327050e+02 1.832792479434189437e+00 8.809963002162794765e-03
4.954773869346734045e+02 1.832708557092952439e+00 8.961454132021040575e-03
5.005025125628141041e+02 1.832641042808343723e+00 9.110249740981804512e-03
5.055276381909548036e+02 1.832587360387893494e+00 9.256314217335952915e-03
5.105527638190955031e+02 1.832545485789675244e+00 9.399617878714350283e-03
5.155778894472362026e+02 1.832513798639362257e+00 9.540137128206775674e-03
5.206030150753769021e+02 1.832490980016959314e+00 9.677854433403205309e-03
5.256281407035176017e+02 1.832475940392839453e+00 9.812758190105902792e-03
5.306532663316583012e+02 1.832467767749816012e+00 9.944842510197360666e-03
5.356783919597990007e+02 1.832465689543745668e+00 1.007410695963295057e-02
5.407035175879397002e+02 1.832469044350249820e+00 1.020055626412872188e-02
5.457286432160803997e+02 1.832477260417066933e+00 1.032419999523552685e-02
5.507537688442210992e+02 1.832489839221275840e+00 1.044505224564836778e-02
5.557788944723617988e+02 1.832506342707765246e+00 1.056313130047218697e-02
5.608040201005024983e+02 1.832526383271785519e+00 1.067845930932566877e-02
5.658291457286431978e+02 1.832549615811992938e+00 1.079106196311192464e-02
5.708542713567838973e+02 1.832575731363215610e+00 1.090096817818366620e-02
5.758793969849245968e+02 1.832604451946881374e+00 1.100820979019721119e-02
5.809045226130654100e+02 1.832635526368975309e+00 1.111282125912817741e-02
5.859296482412059959e+02 1.832668726761847555e+00 1.121483938662130343e-02
5.909547738693468091e+02 1.832703845714830582e+00 1.131430304663808700e-02
5.959798994974873949e+02 1.832740693874591376e+00 1.141125292973997792e-02
6.010050251256282081e+02 1.832779097923006750e+00 1.150573130150908847e-02
6.060301507537687939e+02 1.832818898860617773e+00 1.159778177513344152e-02
6.110552763819096072e+02 1.832859950539104554e+00 1.168744909811620346e-02
6.160804020100503067e+02 1.832902118398051616e+00 1.177477895296709029e-02
6.211055276381910062e+02 1.832945278370367470e+00 1.185981777165633598e-02
6.261306532663317057e+02 1.832989315927827434e+00 1.194261256337744541e-02
6.311557788944724052e+02 1.833034125243746093e+00 1.202321075532843640e-02
6.361809045226131047e+02 1.833079608454156517e+00 1.210166004593799145e-02
6.412060301507538043e+02 1.833125675002327037e+00 1.217800827010965918e-02
6.462311557788945038e+02 1.833172241054205509e+00 1.225230327588076699e-02
6.512562814070352033e+02 1.833219228974573900e+00 1.232459281203454257e-02
6.562814070351759028e+02 1.833266566855471735e+00 1.239492442598201169e-02
6.613065326633166023e+02 1.833314188089875563e+00 1.246334537153858182e-02
6.663316582914573019e+02 1.833362030984775570e+00 1.252990252571789705e-02
6.713567839195980014e+02 1.833410038408743059e+00 1.259464231444163904e-02
6.763819095477387009e+02 1.833458157469845418e+00 1.265761064607826523e-02
6.814070351758794004e+02 1.833506339220402959e+00 1.271885285274126400e-02
6.864321608040200999e+02 1.833554538385607779e+00 1.277841363865413020e-02
6.914572864321607994e+02 1.833602713113445581e+00 1.283633703491973352e-02
6.964824120603016127e+02 1.833650824743737306e+00 1.289266636054610914e-02
7.015075376884421985e+02 1.833698837594394115e+00 1.294744418898133125e-02
7.065326633165830117e+02 1.833746718763254346e+00 1.300071231988906770e-02
7.115577889447235975e+02 1.833794437944058053e+00 1.305251175569829142e-02
7.165829145728644107e+02 1.833841967255308569e+00 1.310288268249537244e-02
7.216080402010049966e+02 1.833889281080912204e+00 1.315186445495837401e-02
7.266331658291458098e+02 1.833936355921615080e+00 1.319949558496411046e-02
7.316582914572863956e+02 1.833983170256370476e+00 1.324581373347965760e-02
7.366834170854272088e+02 1.834029704412855066e+00 1.329085570552960248e-02
7.417085427135677946e+02 1.834075940446438180e+00 1.333465744786949299e-02
7.467336683417086078e+02 1.834121862026979910e+00 1.337725404914519127e-02
7.517587939698491937e+02 1.834167454332882086e+00 1.341867974226258232e-02
7.567839195979900069e+02 1.834212703951888512e+00 1.345896790876891132e-02
7.618090452261307064e+02 1.834257598788154642e+00 1.349815108494791839e-02
7.668341708542714059e+02 1.834302127975165897e+00 1.353626096959410600e-02
7.718592964824121054e+02 1.834346281794107636e+00 1.357332843305725234e-02
7.768844221105528050e+02 1.834390051597329263e+00 1.360938352760646119e-02
7.819095477386935045e+02 1.834433429736566978e+00 1.364445549882828922e-02
7.869346733668342040e+02 1.834476409495621851e+00 1.367857279789245865e-02
7.919597989949749035e+02 1.834518985027204785e+00 1.371176309475582132e-02
7.969849246231156030e+02 1.834561151293689241e+00 1.374405329182319842e-02
8.020100502512563025e+02 1.834602904011524593e+00 1.377546953842136504e-02
8.070351758793970021e+02 1.834644239599083182e+00 1.380603724551721263e-02
8.120603015075377016e+02 1.834685155127726786e+00 1.383578110093784848e-02
8.170854271356784011e+02 1.834725648275900456e+00 1.386472508485513642e-02
8.221105527638192143e+02 1.834765717286061193e+00 1.389289248546681996e-02
8.271356783919598001e+02 1.834805360924274265e+00 1.392030591482901376e-02
8.321608040201006133e+02 1.834844578442313523e+00 1.394698732482503416e-02
8.371859296482411992e+02 1.834883369542111620e+00 1.397295802309442454e-02
8.422110552763820124e+02 1.834921734342426225e+00 1.399823868901597240e-02
8.472361809045225982e+02 1.834959673347576592e+00 1.402284938958926579e-02
8.522613065326634114e+02 1.834997187418138553e+00 1.404680959526470596e-02
8.572864321608039972e+02 1.835034277743470055e+00 1.407013819560320837e-02
8.623115577889448105e+02 1.835070945815965526e+00 1.409285351480365177e-02
8.673366834170853963e+02 1.835107193406928294e+00 1.411497332701550957e-02
8.723618090452262095e+02 1.835143022543969549e+00 1.413651487150216490e-02
8.773869346733667953e+02 1.835178435489839277e+00 1.415749486752152300e-02
8.824120603015076085e+02 1.835213434722603676e+00 1.417792952898589559e-02
8.874371859296483080e+02 1.835248022917090438e+00 1.419783457885099610e-02
8.924623115577890076e+02 1.835282202927521311e+00 1.421722526328412887e-02
8.974874371859297071e+02 1.835315977771266205e+00 1.423611636544877546e-02
9.025125628140704066e+02 1.835349350613646902e+00 1.425452221913224918e-02
9.075376884422111061e+02 1.835382324753729533e+00 1.427245672196460029e-02
9.125628140703518056e+02 1.835414903611045867e+00 1.428993334841306521e-02
9.175879396984925052e+02 1.835447090713186125e+00 1.430696516245364217e-02
9.226130653266332047e+02 1.835478889684214021e+00 1.432356482989078847e-02
9.276381909547739042e+02 1.835510304233850309e+00 1.433974463048859338e-02
9.326633165829146037e+02 1.835541338147379298e+00 1.435551646964878560e-02
9.376884422110553032e+02 1.835571995276238821e+00 1.437089188989735741e-02
9.427135678391960028e+02 1.835602279529244818e+00 1.438588208203690245e-02
9.477386934673367023e+02 1.835632194864418087e+00 1.440049789599919493e-02
9.527638190954774018e+02 1.835661745281373269e+00 1.441474985133114894e-02
9.577889447236181013e+02 1.835690934814235620e+00 1.442864814753919665e-02
9.628140703517588008e+02 1.835719767525057833e+00 1.444220267403022000e-02
9.678391959798995003e+02 1.835748247497697383e+00 1.445542301974926148e-02
9.728643216080401999e+02 1.835776378832135514e+00 1.446831848262798530e-02
9.778894472361808994e+02 1.835804165639205232e+00 1.448089807872633000e-02
9.829145728643217126e+02 1.835831612035702554e+00 1.449317055103412771e-02
9.879396984924624121e+02 1.835858722139863008e+00 1.450514437813628897e-02
9.929648241206031116e+02 1.835885500067170994e+00 1.451682778248429388e-02
9.979899497487438111e+02 1.835911949926493314e+00 1.452822873852214515e-02
1.003015075376884511e+03 1.835938075816504478e+00 1.453935498051571636e-02
1.008040201005025210e+03 1.835963881822395338e+00 1.455021401013325937e-02
1.013065326633165910e+03 1.835989372012840626e+00 1.456081310380871914e-02
1.018090452261306609e+03 1.836014550437213622e+00 1.457115931991130597e-02
1.023115577889447309e+03 1.836039421123029092e+00 1.458125950558421952e-02
1.028140703517588008e+03 1.836063988073600273e+00 1.459112030349628275e-02
1.033165829145728821e+03 1.836088255265899694e+00 1.460074815828461305e-02
1.038190954773869407e+03 1.836112226648605850e+00 1.461014932285487934e-02
1.043216080402009993e+03 1.836135906140327068e+00 1.461932986443862173e-02
1.048241206030150806e+03 1.836159297627990128e+00 1.462829567046673371e-02
1.053266331658291620e+03 1.836182404965383208e+00 1.463705245427203427e-02
1.058291457286432205e+03 1.836205231971842267e+00 1.464560576061080255e-02
1.063316582914572791e+03 1.836227782431071986e+00 1.465396097097018333e-02
1.068341708542713604e+03 1.836250060090092617e+00 1.466212330870398164e-02
1.073366834170854418e+03 1.836272068658305168e+00 1.467009784410705335e-02
1.078391959798995003e+03 1.836293811806662957e+00 1.467788949913688933e-02
1.083417085427135589e+03 1.836315293166949969e+00 1.468550305218755021e-02
1.088442211055276402e+03 1.836336516331149138e+00 1.469294314252583139e-02
1.093467336683417216e+03 1.836357484850903221e+00 1.470021427471839871e-02
1.098492462311557802e+03 1.836378202237056723e+00 1.470732082282609661e-02
1.103517587939698387e+03 1.836398671959274198e+00 1.471426703451961422e-02
1.108542713567839201e+03 1.836418897445731391e+00 1.472105703504364947e-02
1.113567839195980014e+03 1.836438882082870983e+00 1.472769483100969459e-02
1.118592964824120827e+03 1.836458629215221627e+00 1.473418431413300866e-02
1.123618090452261413e+03 1.836478142145273162e+00 1.474052926480297863e-02
1.128643216080401999e+03 1.836497424133404888e+00 1.474673335553432045e-02
1.133668341708542812e+03 1.836516478397863805e+00 1.475280015436143156e-02
1.138693467336683625e+03 1.836535308114786158e+00 1.475873312801216121e-02
1.143718592964824211e+03 1.836553916418264487e+00 1.476453564511132077e-02
1.148743718592964797e+03 1.836572306400449106e+00 1.477021097915216449e-02
1.153768844221105610e+03 1.836590481111689988e+00 1.477576231150083512e-02
1.158793969849246423e+03 1.836608443560706405e+00 1.478119273416456624e-02
1.163819095477387009e+03 1.836626196714790993e+00 1.478650525257319340e-02
1.168844221105527595e+03 1.836643743500039783e+00 1.479170278822500122e-02
1.173869346733668408e+03 1.836661086801607112e+00 1.479678818127329841e-02
1.178894472361809221e+03 1.836678229463985401e+00 1.480176419297239525e-02
1.183919597989949807e+03 1.836695174291303800e+00 1.480663350812669483e-02
1.188944723618090393e+03 1.836711924047648381e+00 1.481139873736392332e-02
1.193969849246231206e+03 1.836728481457398310e+00 1.481606241945849362e-02
1.198994974874372019e+03 1.836744849205577790e+00 1.482062702342856232e-02
1.204020100502512605e+03 1.836761029938223544e+00 1.482509495070004693e-02
1.209045226130653191e+03 1.836777026262762957e+00 1.482946853711358294e-02
1.214070351758794004e+03 1.836792840748405764e+00 1.483375005491013518e-02
1.219095477386934817e+03 1.836808475926544171e+00 1.483794171464354779e-02
1.224120603015075403e+03 1.836823934291163196e+00 1.484204566702078572e-02
1.229145728643215989e+03 1.836839218299256782e+00 1.484606400466306590e-02
1.234170854271356802e+03 1.836854330371253674e+00 1.484999876390820893e-02
1.239195979899497615e+03 1.836869272891446192e+00 1.485385192639300002e-02
1.244221105527638429e+03 1.836884048208426323e+00 1.485762542074523310e-02
1.249246231155779014e+03 1.836898658635522930e+00 1.486132112411675185e-02
1.254271356783919600e+03 1.836913106451246946e+00 1.486494086372995571e-02
1.259296482412060413e+03 1.836927393899732586e+00 1.486848641830373213e-02
1.264321608040201227e+03 1.836941523191186976e+00 1.487195951951619105e-02
1.269346733668341813e+03 1.836955496502337137e+00 1.487536185337757708e-02
1.274371859296482398e+03 1.836969315976878292e+00 1.487869506153625086e-02
1.279396984924623212e+03 1.836982983725923724e+00 1.488196074262260193e-02
1.284422110552764025e+03 1.836996501828452644e+00 1.488516045342972403e-02
1.289447236180904611e+03 1.837009872331758054e+00 1.488829571019988258e-02
1.294472361809045196e+03 1.837023097251893056e+00 1.489136798974097578e-02
1.299497487437186010e+03 1.837036178574116940e+00 1.489437873059716588e-02
1.304522613065326823e+03 1.837049118253336832e+00 1.489732933413219669e-02
1.309547738693467409e+03 1.837061918214549117e+00 1.490022116560772193e-02
1.314572864321607994e+03 1.837074580353277975e+00 1.490305555521219925e-02
1.319597989949748808e+03 1.837087106536009262e+00 1.490583379904055275e-02
1.324623115577889621e+03 1.837099498600624603e+00 1.490855716011429272e-02
1.329648241206030207e+03 1.837111758356828606e+00 1.491122686927836422e-02
1.334673366834170793e+03 1.837123887586575632e+00 1.491384412610908747e-02
1.339698492462311606e+03 1.837135888044489462e+00 1.491641009985563739e-02
1.344723618090452419e+03 1.837147761458283624e+00 1.491892593020683472e-02
1.349748743718593005e+03 1.837159509529171952e+00 1.492139272818863820e-02
1.354773869346733591e+03 1.837171133932280487e+00 1.492381157694684136e-02
1.359798994974874404e+03 1.837182636317051365e+00 1.492618353252680649e-02
1.364824120603015217e+03 1.837194018307644061e+00 1.492850962462060824e-02
1.369849246231156030e+03 1.837205281503331067e+00 1.493079085730404827e-02
1.374874371859296616e+03 1.837216427478889358e+00 1.493302820975624806e-02
1.379899497487437202e+03 1.837227457784987639e+00 1.493522263693217167e-02
1.384924623115578015e+03 1.837238373948569148e+00 1.493737507024772183e-02
1.389949748743718828e+03 1.837249177473226913e+00 1.493948641820316489e-02
1.394974874371859414e+03 1.837259869839578785e+00 1.494155756704905469e-02
1.400000000000000000e+03 1.837270452505633367e+00 1.494358938134612153e-02
