4.000000000000000000e+02 1.859425291553975734e+00 1.324260834865703153e-02
4.050251256281406995e+02 1.862957576591574460e+00 1.325706921910121440e-02
4.100502512562813990e+02 1.864802950299710327e+00 1.327119431753694470e-02
4.150753768844220986e+02 1.866118438238505650e+00 1.327587474839911005e-02
4.201005025125627981e+02 1.867189997767105369e+00 1.326809103893154471e-02
4.251256281407034976e+02 1.868131012181222683e+00 1.324592936908136273e-02
4.301507537688441971e+02 1.868997856990748829e+00 1.320774116779684787e-02
4.351758793969848966e+02 1.869822688560402568e+00 1.315188409012233925e-02
4.402010050251256530e+02 1.870625652471860079e+00 1.307660086953135042e-02
4.452261306532663525e+02 1.871420267751849664e+00 1.297993566728971281e-02
4.502512562814070520e+02 1.872216094136996301e+00 1.285965453245242578e-02
4.552763819095477515e+02 1.873020167915720791e+00 1.271315288700105607e-02
4.603015075376884511e+02 1.873837820565528833e+00 1.253733537620670309e-02
4.653266331658291506e+02 1.874673159033692471e+00 1.232844937667602891e-02
4.703517587939698501e+02 1.875529340363441211e+00 1.208184296065336651e-02
4.753768844221105496e+02 1.876408699306146177e+00 1.179159682472248269e-02
4.804020100502512491e+02 1.877312736967182261e+00 1.144993607317648480e-02
4.854271356783919487e+02 1.878241917937238714e+00 1.104623236084735505e-02
4.904522613065327050e+02 1.879195094562648549e+00 1.056517742601669960e-02
4.954773869346734045e+02 1.880167986446982464e+00 9.983080919838755590e-03
5.005025125628141041e+02 1.881148580252821612e+00 9.259183955036292060e-03
5.055276381909548036e+02 1.882098230552945006e+00 8.309922088435950371e-03
5.105527638190955031e+02 1.882794748125272477e+00 6.887246247315583457e-03
5.155778894472362026e+02 1.881641795512915660e+00 4.183659458041688074e-03
5.206030150753769021e+02 1.879530160860975796e+00 4.310716487968658563e-03
5.256281407035176017e+02 1.878339557844619367e+00 4.436941013349651047e-03
5.306532663316583012e+02 1.877499224353154084e+00 4.563459160447774603e-03
5.356783919597990007e+02 1.876849493926898038e+00 4.690525090979011727e-03
5.407035175879397002e+02 1.876321124687778452e+00 4.818203304933149980e-03
5.457286432160803997e+02 1.875877326910540877e+00 4.946490837657390068e-03
5.507537688442210992e+02 1.875496067192404137e+00 5.075354297215202773e-03
5.557788944723617988e+02 1.875163056466886413e+00 5.204744500062257091e-03
5.608040201005024983e+02 1.874868484422973713e+00 5.334603314695002090e-03
5.658291457286431978e+02 1.874605319831835981e+00 5.464867271703771449e-03
5.708542713567838973e+02 1.874368350623828894e+00 5.595469656235516932e-03
5.758793969849245968e+02 1.874153606668125471e+00 5.726341818544432999e-03
5.809045226130654100e+02 1.873957994974133401e+00 5.857414051115785239e-03
5.859296482412059959e+02 1.873779059620257481e+00 5.988616210221953985e-03
5.909547738693468091e+02 1.873614818369660151e+00 6.119878178906108281e-03
5.959798994974873949e+02 1.873463648283296257e+00 6.251130226275065233e-03
6.010050251256282081e+02 1.873324203675337918e+00 6.382303296360330135e-03
6.060301507537687939e+02 1.873195356023279912e+00 6.513329246482664134e-03
6.110552763819096072e+02 1.873076149148042990e+00 6.644141048265589551e-03
6.160804020100503067e+02 1.872965765243517433e+00 6.774672959780465853e-03
6.211055276381910062e+02 1.872863498761338397e+00 6.904860674313106732e-03
6.261306532663317057e+02 1.872768736079235108e+00 7.034641449772122655e-03
6.311557788944724052e+02 1.872680939492127106e+00 7.163954221546499183e-03
6.361809045226131047e+02 1.872599634478159247e+00 7.292739700620358943e-03
6.412060301507538043e+02 1.872524399476420021e+00 7.420940458737741371e-03
6.462311557788945038e+02 1.872454857612525947e+00 7.548501001403512718e-03
6.512562814070352033e+02 1.872390669950228625e+00 7.675367829974105716e-03
6.562814070351759028e+02 1.872331529949688100e+00 7.801489493302723316e-03
6.613065326633166023e+02 1.872277158888042470e+00 7.926816629898745734e-03
6.663316582914573019e+02 1.872227302053395270e+00 8.051302000988620408e-03
6.713567839195980014e+02 1.872181725564896038e+00 8.174900514856657877e-03
6.763819095477387009e+02 1.872140213703010314e+00 8.297569243461241917e-03
6.814070351758794004e+02 1.872102566658062850e+00 8.419267431246416425e-03
6.864321608040200999e+02 1.872068598623628066e+00 8.539956496963058835e-03
6.914572864321607994e+02 1.872038136175697032e+00 8.659600028798100993e-03
6.964824120603016127e+02 1.872011016889801205e+00 8.778163773328115371e-03
7.015075376884421985e+02 1.871987088157138768e+00 8.895615618630031696e-03
7.065326633165830117e+02 1.871966206167793523e+00 9.011925572040318383e-03
7.115577889447235975e+02 1.871948235034779362e+00 9.127065733060761576e-03
7.165829145728644107e+02 1.871933046037162596e+00 9.241010261543867316e-03
7.216080402010049966e+02 1.871920516964194814e+00 9.353735341940340800e-03
7.266331658291458098e+02 1.871910531545366130e+00 9.465219143646588090e-03
7.316582914572863956e+02 1.871902978953731589e+00 9.575441778066962062e-03
7.366834170854272088e+02 1.871897753371878359e+00 9.684385252607259978e-03
7.417085427135677946e+02 1.871894753611547113e+00 9.792033422129243353e-03
7.467336683417086078e+02 1.871893882779311236e+00 9.898371938007710993e-03
7.517587939698491937e+02 1.871895047981854132e+00 1.000338819523799438e-02
7.567839195979900069e+02 1.871898160065347705e+00 1.010707127791495019e-02
7.618090452261307064e+02 1.871903133384243301e+00 1.020941190332474297e-02
7.668341708542714059e+02 1.871909885595463230e+00 1.031040236494964839e-02
7.718592964824121054e+02 1.871918337474550942e+00 1.041003647469944567e-02
7.768844221105528050e+02 1.871928412750838211e+00 1.050830950456019090e-02
7.819095477386935045e+02 1.871940037959078262e+00 1.060521812791898402e-02
7.869346733668342040e+02 1.871953142305381901e+00 1.070076036078370686e-02
7.919597989949749035e+02 1.871967657545554831e+00 1.079493550308245446e-02
7.969849246231156030e+02 1.871983517874229230e+00 1.088774408030973584e-02
8.020100502512563025e+02 1.872000659823381818e+00 1.097918778556112619e-02
8.070351758793970021e+02 1.872019022169032487e+00 1.106926942218230785e-02
8.120603015075377016e+02 1.872038545845078783e+00 1.115799284726132212e-02
8.170854271356784011e+02 1.872059173863362513e+00 1.124536291586158629e-02
8.221105527638192143e+02 1.872080851239195098e+00 1.133138542640929093e-02
8.271356783919598001e+02 1.872103524921657991e+00 1.141606706702179459e-02
8.321608040201006133e+02 1.872127143728109067e+00 1.149941536314822398e-02
8.371859296482411992e+02 1.872151658282384723e+00 1.158143862645283177e-02
8.422110552763820124e+02 1.872177020956267368e+00 1.166214590494607344e-02
8.472361809045225982e+02 1.872203185813845705e+00 1.174154693460848289e-02
8.522613065326634114e+02 1.872230108558447847e+00 1.181965209240563343e-02
8.572864321608039972e+02 1.872257746481865048e+00 1.189647235074304914e-02
8.623115577889448105e+02 1.872286058415636889e+00 1.197201923346832494e-02
8.673366834170853963e+02 1.872315004684186324e+00 1.204630477340811780e-02
8.723618090452262095e+02 1.872344547059632047e+00 1.211934147132429779e-02
8.773869346733667953e+02 1.872374648718131418e+00 1.219114225657661962e-02
8.824120603015076085e+02 1.872405274197619596e+00 1.226172044915596789e-02
8.874371859296483080e+02 1.872436389356840758e+00 1.233108972338625361e-02
8.924623115577890076e+02 1.872467961335574360e+00 1.239926407307500103e-02
8.974874371859297071e+02 1.872499958515978724e+00 1.246625777818471253e-02
9.025125628140704066e+02 1.872532350484982677e+00 1.253208537300224898e-02
9.075376884422111061e+02 1.872565107997668843e+00 1.259676161576387017e-02
9.125628140703518056e+02 1.872598202941597290e+00 1.266030145974482088e-02
9.175879396984925052e+02 1.872631608302029571e+00 1.272272002571406442e-02
9.226130653266332047e+02 1.872665298128017186e+00 1.278403257582030189e-02
9.276381909547739042e+02 1.872699247499321373e+00 1.284425448878787242e-02
9.326633165829146037e+02 1.872733432494141592e+00 1.290340123643970993e-02
9.376884422110553032e+02 1.872767830157627600e+00 1.296148836150865999e-02
9.427135678391960028e+02 1.872802418471157138e+00 1.301853145663620613e-02
9.477386934673367023e+02 1.872837176322359243e+00 1.307454614461831498e-02
9.527638190954774018e+02 1.872872083475872529e+00 1.312954805986715420e-02
9.577889447236181013e+02 1.872907120544820447e+00 1.318355283078457944e-02
9.628140703517588008e+02 1.872942268962991985e+00 1.323657606351171488e-02
9.678391959798995003e+02 1.872977510957722913e+00 1.328863332644649592e-02
9.728643216080401999e+02 1.873012829523454048e+00 1.333974013596717599e-02
9.778894472361808994e+02 1.873048208395970304e+00 1.338991194296016568e-02
9.829145728643217126e+02 1.873083632027300771e+00 1.343916412040998230e-02
9.879396984924624121e+02 1.873119085561278263e+00 1.348751195176903228e-02
9.929648241206031116e+02 1.873154554809740580e+00 1.353497062021305833e-02
9.979899497487438111e+02 1.873190026229373251e+00 1.358155519871560857e-02
1.003015075376884511e+03 1.873225486899178005e+00 1.362728064089528505e-02
1.008040201005025210e+03 1.873260924498559854e+00 1.367216177255216498e-02
1.013065326633165910e+03 1.873296327286025242e+00 1.371621328397570720e-02
1.018090452261306609e+03 1.873331684078479276e+00 1.375944972287206428e-02
1.023115577889447309e+03 1.873366984231112919e+00 1.380188548794913928e-02
1.028140703517588008e+03 1.873402217617870624e+00 1.384353482307795584e-02
1.033165829145728821e+03 1.873437374612489714e+00 1.388441181204013754e-02
1.038190954773869407e+03 1.873472446070098663e+00 1.392453037386424432e-02
1.043216080402009993e+03 1.873507423309367592e+00 1.396390425855611496e-02
1.048241206030150806e+03 1.873542298095195680e+00 1.400254704346180594e-02
1.053266331658291620e+03 1.873577062621930800e+00 1.404047212994388900e-02
1.058291457286432205e+03 1.873611709497105204e+00 1.407769274059585823e-02
1.063316582914572791e+03 1.873646231725681011e+00 1.411422191682206069e-02
1.068341708542713604e+03 1.873680622694790632e+00 1.415007251677176218e-02
1.073366834170854418e+03 1.873714876158965037e+00 1.418525721367153332e-02
1.078391959798995003e+03 1.873748986225835411e+00 1.421978849452168112e-02
1.083417085427135589e+03 1.873782947342301330e+00 1.425367865899903469e-02
1.088442211055276402e+03 1.873816754281148134e+00 1.428693981880029343e-02
1.093467336683417216e+03 1.873850402128111048e+00 1.431958389710561753e-02
1.098492462311557802e+03 1.873883886269366306e+00 1.435162262846726572e-02
1.103517587939698387e+03 1.873917202379445701e+00 1.438306755878209463e-02
1.108542713567839201e+03 1.873950346409557710e+00 1.441393004559845051e-02
1.113567839195980014e+03 1.873983314576309622e+00 1.444422125857329660e-02
1.118592964824120827e+03 1.874016103350817586e+00 1.447395218015190728e-02
1.123618090452261413e+03 1.874048709448191019e+00 1.450313360641117787e-02
1.128643216080401999e+03 1.874081129817387836e+00 1.453177614803160579e-02
1.133668341708542812e+03 1.874113361631423835e+00 1.455989023152368285e-02
1.138693467336683625e+03 1.874145402277929584e+00 1.458748610049774054e-02
1.143718592964824211e+03 1.874177249350042374e+00 1.461457381706571766e-02
1.148743718592964797e+03 1.874208900637626574e+00 1.464116326343172132e-02
1.153768844221105610e+03 1.874240354118809293e+00 1.466726414353811299e-02
1.158793969849246423e+03 1.874271607951823793e+00 1.469288598478694745e-02
1.163819095477387009e+03 1.874302660467149773e+00 1.471803813990897082e-02
1.168844221105527595e+03 1.874333510159944316e+00 1.474272978886315838e-02
1.173869346733668408e+03 1.874364155682749278e+00 1.476696994083166389e-02
1.178894472361809221e+03 1.874394595838474231e+00 1.479076743627659278e-02
1.183919597989949807e+03 1.874424829573634543e+00 1.481413094903280894e-02
1.188944723618090393e+03 1.874454855971851686e+00 1.483706898848612121e-02
1.193969849246231206e+03 1.874484674247590688e+00 1.485958990175093725e-02
1.198994974874372019e+03 1.874514283740141396e+00 1.488170187593404470e-02
1.204020100502512605e+03 1.874543683907824665e+00 1.490341294036893333e-02
1.209045226130653191e+03 1.874572874322423477e+00 1.492473096893685847e-02
1.214070351758794004e+03 1.874601854663828338e+00 1.494566368238147390e-02
1.219095477386934817e+03 1.874630624714886729e+00 1.496621865062864806e-02
1.224120603015075403e+03 1.874659184356456842e+00 1.498640329514503051e-02
1.229145728643215989e+03 1.874687533562650943e+00 1.500622489127972740e-02
1.234170854271356802e+03 1.874715672396268129e+00 1.502569057064471851e-02
1.239195979899497615e+03 1.874743601004404958e+00 1.504480732343403855e-02
1.244221105527638429e+03 1.874771319614240817e+00 1.506358200084793181e-02
1.249246231155779014e+03 1.874798828528991601e+00 1.508202131738159250e-02
1.254271356783919600e+03 1.874826128124022162e+00 1.510013185321088837e-02
1.259296482412060413e+03 1.874853218843118396e+00 1.511792005651591518e-02
1.264321608040201227e+03 1.874880101194907445e+00 1.513539224581934850e-02
1.269346733668341813e+03 1.874906775749423105e+00 1.515255461228384032e-02
1.274371859296482398e+03 1.874933243134810246e+00 1.516941322201563989e-02
1.279396984924623212e+03 1.874959504034165114e+00 1.518597401834059259e-02
1.284422110552764025e+03 1.874985559182505090e+00 1.520224282406276023e-02
1.289447236180904611e+03 1.875011409363861015e+00 1.521822534370109205e-02
1.294472361809045196e+03 1.875037055408493192e+00 1.523392716569952482e-02
1.299497487437186010e+03 1.875062498190221083e+00 1.524935376462771899e-02
1.304522613065326823e+03 1.875087738623863798e+00 1.526451050336022873e-02
1.309547738693467409e+03 1.875112777662790053e+00 1.527940263517844899e-02
1.314572864321607994e+03 1.875137616296570497e+00 1.529403530593588696e-02
1.319597989949748808e+03 1.875162255548727730e+00 1.530841355610716194e-02
1.324623115577889621e+03 1.875186696474583803e+00 1.532254232286114036e-02
1.329648241206030207e+03 1.875210940159201201e+00 1.533642644211656060e-02
1.334673366834170793e+03 1.875234987715407087e+00 1.535007065050980439e-02
1.339698492462311606e+03 1.875258840281908368e+00 1.536347958739273621e-02
1.344723618090452419e+03 1.875282499021485139e+00 1.537665779678276147e-02
1.349748743718593005e+03 1.875305965119263396e+00 1.538960972925259088e-02
1.354773869346733591e+03 1.875329239781064805e+00 1.540233974384096552e-02
1.359798994974874404e+03 1.875352324231826850e+00 1.541485210989929772e-02
1.364824120603015217e+03 1.875375219714094710e+00 1.542715100890485955e-02
1.369849246231156030e+03 1.875397927486579963e+00 1.543924053628528172e-02
1.374874371859296616e+03 1.875420448822781916e+00 1.545112470316219871e-02
1.379899497487437202e+03 1.875442785009675095e+00 1.546280743807326372e-02
1.384924623115578015e+03 1.875464937346450700e+00 1.547429258871692997e-02
1.389949748743718828e+03 1.875486907143320003e+00 1.548558392357050721e-02
1.394974874371859414e+03 1.875508695720370156e+00 1.549668513359825361e-02
1.400000000000000000e+03 1.875530304406473947e+00 1.550759983381387770e-02
