4.000000000000000000e+02 1.861934168770023934e+00 1.013145564183102858e-02
4.050251256281406995e+02 1.864532763677373639e+00 1.017663065396673741e-02
4.100502512562813990e+02 1.865864607617866655e+00 1.022143135103394454e-02
4.150753768844220986e+02 1.866798000249151990e+00 1.026066005791585398e-02
4.201005025125627981e+02 1.867547431769964073e+00 1.029260367189588354e-02
4.251256281407034976e+02 1.868197902539516120e+00 1.031618981639224018e-02
4.301507537688441971e+02 1.868791656996906525e+00 1.033051038495500645e-02
4.351758793969848966e+02 1.869352786024804702e+00 1.033467841269804580e-02
4.402010050251256530e+02 1.869896385841335329e+00 1.032776549934882708e-02
4.452261306532663525e+02 1.870432597920086648e+00 1.030876330922262003e-02
4.502512562814070520e+02 1.870968612285841548e+00 1.027655141330389987e-02
4.552763819095477515e+02 1.871509749419336011e+00 1.022986384330386821e-02
4.603015075376884511e+02 1.872060082799122949e+00 1.016724949473202071e-02
4.653266331658291506e+02 1.872622813614042814e+00 1.008702169357989127e-02
4.703517587939698501e+02 1.873200501783132577e+00 9.987190932764625911e-03
4.753768844221105496e+02 1.873795206658740664e+00 9.865371911520133194e-03
4.804020100502512491e+02 1.874408563930321181e+00 9.718650694205653584e-03
4.854271356783919487e+02 1.875041807946670414e+00 9.543387972603104355e-03
4.904522613065327050e+02 1.875695732414131234e+00 9.334915446741320205e-03
4.954773869346734045e+02 1.876370557540030903e+00 9.087043385473867613e-03
5.005025125628141041e+02 1.877065616900391865e+00 8.791210685157152191e-03
5.055276381909548036e+02 1.877778626331407574e+00 8.434894308860730466e-03
5.105527638190955031e+02 1.878503791373293819e+00 7.998285286026500171e-03
5.155778894472362026e+02 1.879225838165170082e+00 7.446121964203055929e-03
5.206030150753769021e+02 1.879893190382247781e+00 6.701456039227512464e-03
5.256281407035176017e+02 1.880135909895781055e+00 5.491970784720273668e-03
5.306532663316583012e+02 1.879068182620735605e+00 3.911176051722021346e-03
5.356783919597990007e+02 1.877528356704355472e+00 4.025619491938306309e-03
5.407035175879397002e+02 1.876626217238116512e+00 4.139788967658489943e-03
5.457286432160803997e+02 1.875975802281280913e+00 4.254380024599047939e-03
5.507537688442210992e+02 1.875465441004209310e+00 4.369543550902371502e-03
5.557788944723617988e+02 1.875045654202981860e+00 4.485308342979411715e-03
5.608040201005024983e+02 1.874689750562914314e+00 4.601658816306860439e-03
5.658291457286431978e+02 1.874381559762385629e+00 4.718559030089295413e-03
5.708542713567838973e+02 1.874110498466837749e+00 4.835962335170984790e-03
5.758793969849245968e+02 1.873869245178982235e+00 4.953815949426779684e-03
5.809045226130654100e+02 1.873652518329020689e+00 5.072063404886346591e-03
5.859296482412059959e+02 1.873456380596822068e+00 5.190645985830527262e-03
5.909547738693468091e+02 1.873277817698978387e+00 5.309503643040404050e-03
5.959798994974873949e+02 1.873114470587522229e+00 5.428575615258822776e-03
6.010050251256282081e+02 1.872964458277546873e+00 5.547800877131723457e-03
6.060301507537687939e+02 1.872826256697688319e+00 5.667118478278530998e-03
6.110552763819096072e+02 1.872698613507882248e+00 5.786467811210780840e-03
6.160804020100503067e+02 1.872580486762223773e+00 5.905788830076611103e-03
6.211055276381910062e+02 1.872470999822863025e+00 6.025022234025732490e-03
6.261306532663317057e+02 1.872369407618333037e+00 6.144109624252146531e-03
6.311557788944724052e+02 1.872275070989602330e+00 6.262993640243896647e-03
6.361809045226131047e+02 1.872187436910428548e+00 6.381618079345579946e-03
6.412060301507538043e+02 1.872106023045709389e+00 6.499928001887418476e-03
6.462311557788945038e+02 1.872030405561292854e+00 6.617869824331931022e-03
6.512562814070352033e+02 1.871960209403715769e+00 6.735391401233448670e-03
6.562814070351759028e+02 1.871895100479093577e+00 6.852442097537307479e-03
6.613065326633166023e+02 1.871834779308450658e+00 6.968972851559193313e-03
6.663316582914573019e+02 1.871778975842480763e+00 7.084936229457829485e-03
6.713567839195980014e+02 1.871727445195185302e+00 7.200286471857354591e-03
6.763819095477387009e+02 1.871679964111918171e+00 7.314979532894043228e-03
6.814070351758794004e+02 1.871636328028950080e+00 7.428973111928380800e-03
6.864321608040200999e+02 1.871596348612876382e+00 7.542226678719019320e-03
6.914572864321607994e+02 1.871559851691819487e+00 7.654701492086257025e-03
6.964824120603016127e+02 1.871526675508484727e+00 7.766360612379988662e-03
7.015075376884421985e+02 1.871496669239067989e+00 7.877168908300704112e-03
7.065326633165830117e+02 1.871469691732897012e+00 7.987093058241216334e-03
7.115577889447235975e+02 1.871445610436195173e+00 8.096101546475466954e-03
7.165829145728644107e+02 1.871424300470106772e+00 8.204164654442645810e-03
7.216080402010049966e+02 1.871405643838463195e+00 8.311254447773084794e-03
7.266331658291458098e+02 1.871389528745077691e+00 8.417344758828389228e-03
7.316582914572863956e+02 1.871375849003801051e+00 8.522411165537716049e-03
7.366834170854272088e+02 1.871364503527380929e+00 8.626430966601591338e-03
7.417085427135677946e+02 1.871355395883446349e+00 8.729383153367126572e-03
7.467336683417086078e+02 1.871348433907817910e+00 8.831248378799094398e-03
7.517587939698491937e+02 1.871343529366877867e+00 8.932008923620856841e-03
7.567839195979900069e+02 1.871340597662013661e+00 9.031648660160028833e-03
7.618090452261307064e+02 1.871339557570209422e+00 9.130153013889698646e-03
7.668341708542714059e+02 1.871340331015739489e+00 9.227508923213292857e-03
7.718592964824121054e+02 1.871342842868668477e+00 9.323704797511041947e-03
7.768844221105528050e+02 1.871347020766470637e+00 9.418730473776804404e-03
7.819095477386935045e+02 1.871352794955629228e+00 9.512577172154479399e-03
7.869346733668342040e+02 1.871360098150501416e+00 9.605237450436334909e-03
7.919597989949749035e+02 1.871368865407126769e+00 9.696705157865494890e-03
7.969849246231156030e+02 1.871379034009973630e+00 9.786975388331944567e-03
8.020100502512563025e+02 1.871390543369900739e+00 9.876044433349794038e-03
8.070351758793970021e+02 1.871403334931836415e+00 9.963909734565431012e-03
8.120603015075377016e+02 1.871417352090894770e+00 1.005056983655086902e-02
8.170854271356784011e+02 1.871432540115808285e+00 1.013602433949436360e-02
8.221105527638192143e+02 1.871448846078722195e+00 1.022027385220431774e-02
8.271356783919598001e+02 1.871466218790512004e+00 1.030331994557428035e-02
8.321608040201006133e+02 1.871484608740906497e+00 1.038516510639922973e-02
8.371859296482411992e+02 1.871503968042795840e+00 1.046581269200099092e-02
8.422110552763820124e+02 1.871524250380181886e+00 1.054526688529170732e-02
8.472361809045225982e+02 1.871545410959309930e+00 1.062353265088841585e-02
8.522613065326634114e+02 1.871567406462580685e+00 1.070061569191223076e-02
8.572864321608039972e+02 1.871590195004892765e+00 1.077652240781888995e-02
8.623115577889448105e+02 1.871613736092122116e+00 1.085125985311920574e-02
8.673366834170853963e+02 1.871637990581477728e+00 1.092483569724452507e-02
8.723618090452262095e+02 1.871662920643520023e+00 1.099725818543822314e-02
8.773869346733667953e+02 1.871688489725644722e+00 1.106853610072445170e-02
8.824120603015076085e+02 1.871714662516877015e+00 1.113867872713588530e-02
8.874371859296483080e+02 1.871741404913839890e+00 1.120769581401051193e-02
8.924623115577890076e+02 1.871768683987769188e+00 1.127559754148632978e-02
8.974874371859297071e+02 1.871796467952491438e+00 1.134239448724237535e-02
9.025125628140704066e+02 1.871824726133264338e+00 1.140809759439075088e-02
9.075376884422111061e+02 1.871853428936423036e+00 1.147271814058794387e-02
9.125628140703518056e+02 1.871882547819758491e+00 1.153626770832920194e-02
9.175879396984925052e+02 1.871912055263595276e+00 1.159875815651071479e-02
9.226130653266332047e+02 1.871941924742507313e+00 1.166020159304036012e-02
9.276381909547739042e+02 1.871972130697655334e+00 1.172061034872725130e-02
9.326633165829146037e+02 1.872002648509704770e+00 1.177999695233561753e-02
9.376884422110553032e+02 1.872033454472307623e+00 1.183837410664136461e-02
9.427135678391960028e+02 1.872064525766126586e+00 1.189575466573197793e-02
9.477386934673367023e+02 1.872095840433385838e+00 1.195215161338564376e-02
9.527638190954774018e+02 1.872127377352936328e+00 1.200757804242193021e-02
9.577889447236181013e+02 1.872159116215825980e+00 1.206204713518166036e-02
9.628140703517588008e+02 1.872191037501365285e+00 1.211557214504405816e-02
9.678391959798995003e+02 1.872223122453683386e+00 1.216816637879564525e-02
9.728643216080401999e+02 1.872255353058766003e+00 1.221984318011116490e-02
9.778894472361808994e+02 1.872287712021974304e+00 1.227061591384905927e-02
9.829145728643217126e+02 1.872320182746040285e+00 1.232049795131859998e-02
9.879396984924624121e+02 1.872352749309531994e+00 1.236950265637717233e-02
9.929648241206031116e+02 1.872385396445790384e+00 1.241764337237545243e-02
9.979899497487438111e+02 1.872418109522332008e+00 1.246493340989887622e-02
1.003015075376884511e+03 1.872450874520716457e+00 1.251138603531101040e-02
1.008040201005025210e+03 1.872483678016873876e+00 1.255701446001809829e-02
1.013065326633165910e+03 1.872516507161891441e+00 1.260183183050181573e-02
1.018090452261306609e+03 1.872549349663256146e+00 1.264585121894846835e-02
1.023115577889447309e+03 1.872582193766548331e+00 1.268908561463317000e-02
1.028140703517588008e+03 1.872615028237586854e+00 1.273154791591842722e-02
1.033165829145728821e+03 1.872647842345014579e+00 1.277325092277544101e-02
1.038190954773869407e+03 1.872680625843330393e+00 1.281420732999150221e-02
1.043216080402009993e+03 1.872713368956353319e+00 1.285442972086128961e-02
1.048241206030150806e+03 1.872746062361123398e+00 1.289393056144181975e-02
1.053266331658291620e+03 1.872778697172224227e+00 1.293272219526107880e-02
1.058291457286432205e+03 1.872811264926534713e+00 1.297081683855392208e-02
1.063316582914572791e+03 1.872843757568389389e+00 1.300822657589312085e-02
1.068341708542713604e+03 1.872876167435156614e+00 1.304496335631732083e-02
1.073366834170854418e+03 1.872908487243217790e+00 1.308103898980996459e-02
1.078391959798995003e+03 1.872940710074346260e+00 1.311646514416506260e-02
1.083417085427135589e+03 1.872972829362477665e+00 1.315125334222485599e-02
1.088442211055276402e+03 1.873004838880869327e+00 1.318541495955120185e-02
1.093467336683417216e+03 1.873036732729632226e+00 1.321896122223062929e-02
1.098492462311557802e+03 1.873068505323642219e+00 1.325190320514798258e-02
1.103517587939698387e+03 1.873100151380809208e+00 1.328425183050570453e-02
1.108542713567839201e+03 1.873131665910709120e+00 1.331601786656235603e-02
1.113567839195980014e+03 1.873163044203564276e+00 1.334721192673123287e-02
1.118592964824120827e+03 1.873194281819565044e+00 1.337784446877921668e-02
1.123618090452261413e+03 1.873225374578529667e+00 1.340792579436789374e-02
1.128643216080401999e+03 1.873256318549890498e+00 1.343746604878651510e-02
1.133668341708542812e+03 1.873287110043001968e+00 1.346647522079522444e-02
1.138693467336683625e+03 1.873317745597759876e+00 1.349496314277006878e-02
1.143718592964824211e+03 1.873348221975526862e+00 1.352293949091942955e-02
1.148743718592964797e+03 1.873378536150358098e+00 1.355041378573882890e-02
1.153768844221105610e+03 1.873408685300511634e+00 1.357739539256585387e-02
1.158793969849246423e+03 1.873438666800249619e+00 1.360389352226247690e-02
1.163819095477387009e+03 1.873468478211908872e+00 1.362991723206794653e-02
1.168844221105527595e+03 1.873498117278242558e+00 1.365547542655912855e-02
1.173869346733668408e+03 1.873527581915022999e+00 1.368057685867238825e-02
1.178894472361809221e+03 1.873556870203897606e+00 1.370523013087142708e-02
1.183919597989949807e+03 1.873585980385492178e+00 1.372944369641480693e-02
1.188944723618090393e+03 1.873614910852755777e+00 1.375322586065343480e-02
1.193969849246231206e+03 1.873643660144534095e+00 1.377658478245031085e-02
1.198994974874372019e+03 1.873672226939375518e+00 1.379952847566877708e-02
1.204020100502512605e+03 1.873700610049550130e+00 1.382206481067621215e-02
1.209045226130653191e+03 1.873728808415288327e+00 1.384420151596305569e-02
1.214070351758794004e+03 1.873756821099221037e+00 1.386594617978363121e-02
1.219095477386934817e+03 1.873784647281023119e+00 1.388730625182224739e-02
1.224120603015075403e+03 1.873812286252249715e+00 1.390828904494383761e-02
1.229145728643215989e+03 1.873839737411362227e+00 1.392890173696006810e-02
1.234170854271356802e+03 1.873867000258935933e+00 1.394915137238244771e-02
1.239195979899497615e+03 1.873894074393043008e+00 1.396904486428515897e-02
1.244221105527638429e+03 1.873920959504807859e+00 1.398858899612112454e-02
1.249246231155779014e+03 1.873947655374129218e+00 1.400779042356633912e-02
1.254271356783919600e+03 1.873974161865558541e+00 1.402665567643492095e-02
1.259296482412060413e+03 1.874000478924336743e+00 1.404519116050918955e-02
1.264321608040201227e+03 1.874026606572578579e+00 1.406340315947800755e-02
1.269346733668341813e+03 1.874052544905603579e+00 1.408129783681184334e-02
1.274371859296482398e+03 1.874078294088404428e+00 1.409888123762517535e-02
1.279396984924623212e+03 1.874103854352253462e+00 1.411615929067064866e-02
1.284422110552764025e+03 1.874129225991437275e+00 1.413313781011298238e-02
1.289447236180904611e+03 1.874154409360118789e+00 1.414982249753431350e-02
1.294472361809045196e+03 1.874179404869321663e+00 1.416621894374047071e-02
1.299497487437186010e+03 1.874204212984031281e+00 1.418233263066969244e-02
1.304522613065326823e+03 1.874228834220408757e+00 1.419816893328015861e-02
1.309547738693467409e+03 1.874253269143117295e+00 1.421373312135629403e-02
1.314572864321607994e+03 1.874277518362750916e+00 1.422903036139266768e-02
1.319597989949748808e+03 1.874301582533367982e+00 1.424406571840891762e-02
1.324623115577889621e+03 1.874325462350121096e+00 1.425884415776053002e-02
1.329648241206030207e+03 1.874349158546983807e+00 1.427337054695523681e-02
1.334673366834170793e+03 1.874372671894566800e+00 1.428764965739142204e-02
1.339698492462311606e+03 1.874396003198024907e+00 1.430168616616061747e-02
1.344723618090452419e+03 1.874419153295046270e+00 1.431548465779132646e-02
1.349748743718593005e+03 1.874442123053925657e+00 1.432904962591304704e-02
1.354773869346733591e+03 1.874464913371716390e+00 1.434238547504388533e-02
1.359798994974874404e+03 1.874487525172457314e+00 1.435549652220095319e-02
1.364824120603015217e+03 1.874509959405474380e+00 1.436838699858343157e-02
1.369849246231156030e+03 1.874532217043752613e+00 1.438106105124440856e-02
1.374874371859296616e+03 1.874554299082375142e+00 1.439352274463726392e-02
1.379899497487437202e+03 1.874576206537029943e+00 1.440577606226992220e-02
1.384924623115578015e+03 1.874597940442575661e+00 1.441782490823663963e-02
1.389949748743718828e+03 1.874619501851673808e+00 1.442967310878317221e-02
1.394974874371859414e+03 1.874640891833473821e+00 1.444132441381408734e-02
1.400000000000000000e+03 1.874662111472358061e+00 1.445278249841287256e-02
