4.000000000000000000e+02 1.859816795485478291e+00 9.206785393015773020e-03
4.050251256281406995e+02 1.862132902924969136e+00 9.255068665636898007e-03
4.100502512562813990e+02 1.863315411422533208e+00 9.302656450746788278e-03
4.150753768844220986e+02 1.864141347414854932e+00 9.345280113510446782e-03
4.201005025125627981e+02 1.864802676560027184e+00 9.381500748203425513e-03
4.251256281407034976e+02 1.865375481199076590e+00 9.410395801458748544e-03
4.301507537688441971e+02 1.865897578918575883e+00 9.431170834282227508e-03
4.351758793969848966e+02 1.866390540269064369e+00 9.443042243569049060e-03
4.402010050251256530e+02 1.866867885705812746e+00 9.445185301499497282e-03
4.452261306532663525e+02 1.867338701296002546e+00 9.436701514800003437e-03
4.502512562814070520e+02 1.867809431712769141e+00 9.416590790941800626e-03
4.552763819095477515e+02 1.868284848611137194e+00 9.383722081316608551e-03
4.603015075376884511e+02 1.868768607899203626e+00 9.336798367781565938e-03
4.653266331658291506e+02 1.869263585240199310e+00 9.274311916739885753e-03
4.703517587939698501e+02 1.869772083014440422e+00 9.194484524722476571e-03
4.753768844221105496e+02 1.870295956560436679e+00 9.095184916153652155e-03
4.804020100502512491e+02 1.870836683517723920e+00 8.973810741589132584e-03
4.854271356783919487e+02 1.871395384697820852e+00 8.827113932652876083e-03
4.904522613065327050e+02 1.871972790552965282e+00 8.650931430538546379e-03
4.954773869346734045e+02 1.872569125517758559e+00 8.439748990018204958e-03
5.005025125628141041e+02 1.873183834767521150e+00 8.185949512276290488e-03
5.055276381909548036e+02 1.873814946872363052e+00 7.878409377438775826e-03
5.105527638190955031e+02 1.874457428330059461e+00 7.499573747132091267e-03
5.155778894472362026e+02 1.875098016387262145e+00 7.018303490120836319e-03
5.206030150753769021e+02 1.875692177655732484e+00 6.367084344490155437e-03
5.256281407035176017e+02 1.875927908034912051e+00 5.311645551171316308e-03
5.306532663316583012e+02 1.874977358398341565e+00 3.868328219971672692e-03
5.356783919597990007e+02 1.873577701290944253e+00 3.981645258550168924e-03
5.407035175879397002e+02 1.872757688474643745e+00 4.094825966026747165e-03
5.457286432160803997e+02 1.872165677971546316e+00 4.208493642104392009e-03
5.507537688442210992e+02 1.871700330003909007e+00 4.322778672579379554e-03
5.557788944723617988e+02 1.871316850872769111e+00 4.437701265074560884e-03
5.608040201005024983e+02 1.870991116481082406e+00 4.553241613089988905e-03
5.658291457286431978e+02 1.870708529421371002e+00 4.669361546039035513e-03
5.708542713567838973e+02 1.870459544747101965e+00 4.786013215713261909e-03
5.758793969849245968e+02 1.870237564278531384e+00 4.903143217276116801e-03
5.809045226130654100e+02 1.870037831182491450e+00 5.020694796993997733e-03
5.859296482412059959e+02 1.869856801154265780e+00 5.138609153541604489e-03
5.909547738693468091e+02 1.869691761956751241e+00 5.256826269857198253e-03
5.959798994974873949e+02 1.869540591674204721e+00 5.375285481787182677e-03
6.010050251256282081e+02 1.869401598860112035e+00 5.493925891645720129e-03
6.060301507537687939e+02 1.869273413280617469e+00 5.612686683718392210e-03
6.110552763819096072e+02 1.869154909125348318e+00 5.731507375986831347e-03
6.160804020100503067e+02 1.869045149734079647e+00 5.850328027495322117e-03
6.211055276381910062e+02 1.868943346981618570e+00 5.969089413701896864e-03
6.261306532663317057e+02 1.868848830891929103e+00 6.087733177974423947e-03
6.311557788944724052e+02 1.868761026542858028e+00 6.206201964100108506e-03
6.361809045226131047e+02 1.868679436264861327e+00 6.324439533063039298e-03
6.412060301507538043e+02 1.868603625748323394e+00 6.442390867104121240e-03
6.462311557788945038e+02 1.868533213079899946e+00 6.560002261885901527e-03
6.512562814070352033e+02 1.868467860003467207e+00 6.677221408509101223e-03
6.562814070351759028e+02 1.868407264891309261e+00 6.793997466282254531e-03
6.613065326633166023e+02 1.868351157044700450e+00 6.910281126407280365e-03
6.663316582914573019e+02 1.868299292038293702e+00 7.026024667847140942e-03
6.713567839195980014e+02 1.868251447891650319e+00 7.141182005246249874e-03
6.763819095477387009e+02 1.868207421901767917e+00 7.255708729609431501e-03
6.814070351758794004e+02 1.868167028007937436e+00 7.369562141953042711e-03
6.864321608040200999e+02 1.868130094588358325e+00 7.482701280411212068e-03
6.914572864321607994e+02 1.868096462609242003e+00 7.595086940881356358e-03
6.964824120603016127e+02 1.868065984063413065e+00 7.706681691765187615e-03
7.015075376884421985e+02 1.868038520648000578e+00 7.817449882974865719e-03
7.065326633165830117e+02 1.868013942640575964e+00 7.927357649440854720e-03
7.115577889447235975e+02 1.867992127940790281e+00 8.036372909553028340e-03
7.165829145728644107e+02 1.867972961250605302e+00 8.144465358823555975e-03
7.216080402010049966e+02 1.867956333371048050e+00 8.251606458947138845e-03
7.266331658291458098e+02 1.867942140597279366e+00 8.357769422745731785e-03
7.316582914572863956e+02 1.867930284196876123e+00 8.462929195026521953e-03
7.366834170854272088e+02 1.867920669958756941e+00 8.567062429920987987e-03
7.417085427135677946e+02 1.867913207802230469e+00 8.670147464870190529e-03
7.467336683417086078e+02 1.867907811437336862e+00 8.772164291505986713e-03
7.517587939698491937e+02 1.867904398069041738e+00 8.873094523754319202e-03
7.567839195979900069e+02 1.867902888138981643e+00 8.972921363470026668e-03
7.618090452261307064e+02 1.867903205099429309e+00 9.071629563801284629e-03
7.668341708542714059e+02 1.867905275214931216e+00 9.169205390564360084e-03
7.718592964824121054e+02 1.867909027387746335e+00 9.265636581841719607e-03
7.768844221105528050e+02 1.867914393003775375e+00 9.360912306229656962e-03
7.819095477386935045e+02 1.867921305796141462e+00 9.455023119617295135e-03
7.869346733668342040e+02 1.867929701723992642e+00 9.547960921117334618e-03
7.919597989949749035e+02 1.867939518864429216e+00 9.639718907970091719e-03
7.969849246231156030e+02 1.867950697315761799e+00 9.730291529985671956e-03
8.020100502512563025e+02 1.867963179110542882e+00 9.819674443335703676e-03
8.070351758793970021e+02 1.867976908137042313e+00 9.907864464306347443e-03
8.120603015075377016e+02 1.867991830068004511e+00 9.994859522673416735e-03
8.170854271356784011e+02 1.868007892295699524e+00 1.008065861530292075e-02
8.221105527638192143e+02 1.868025043872403090e+00 1.016526175984584779e-02
8.271356783919598001e+02 1.868043235455569384e+00 1.024866994874773160e-02
8.321608040201006133e+02 1.868062419257048301e+00 1.033088510370084104e-02
8.371859296482411992e+02 1.868082548995805947e+00 1.041191003061422288e-02
8.422110552763820124e+02 1.868103579853662044e+00 1.049174837521341282e-02
8.472361809045225982e+02 1.868125468433645686e+00 1.057040457936406913e-02
8.522613065326634114e+02 1.868148172720606182e+00 1.064788383824001421e-02
8.572864321608039972e+02 1.868171652043790099e+00 1.072419205828468482e-02
8.623115577889448105e+02 1.868195867041112956e+00 1.079933581613557424e-02
8.673366834170853963e+02 1.868220779624915062e+00 1.087332231858207168e-02
8.723618090452262095e+02 1.868246352949007649e+00 1.094615936353477217e-02
8.773869346733667953e+02 1.868272551376851665e+00 1.101785530197863829e-02
8.824120603015076085e+02 1.868299340450731982e+00 1.108841900118741515e-02
8.874371859296483080e+02 1.868326686861814245e+00 1.115785980892901146e-02
8.924623115577890076e+02 1.868354558420989742e+00 1.122618751888371409e-02
8.974874371859297071e+02 1.868382924030423275e+00 1.129341233726409433e-02
9.025125628140704066e+02 1.868411753655744079e+00 1.135954485048370176e-02
9.075376884422111061e+02 1.868441018298819811e+00 1.142459599415086326e-02
9.125628140703518056e+02 1.868470689971071241e+00 1.148857702310471587e-02
9.175879396984925052e+02 1.868500741667289855e+00 1.155149948269862566e-02
9.226130653266332047e+02 1.868531147339932197e+00 1.161337518128277915e-02
9.276381909547739042e+02 1.868561881873862962e+00 1.167421616371113260e-02
9.326633165829146037e+02 1.868592921061533962e+00 1.173403468607831131e-02
9.376884422110553032e+02 1.868624241578582534e+00 1.179284319162414441e-02
9.427135678391960028e+02 1.868655820959839176e+00 1.185065428760028600e-02
9.477386934673367023e+02 1.868687637575738636e+00 1.190748072336219633e-02
9.527638190954774018e+02 1.868719670609131134e+00 1.196333536940518208e-02
9.577889447236181013e+02 1.868751900032483260e+00 1.201823119749322044e-02
9.628140703517588008e+02 1.868784306585478561e+00 1.207218126187093593e-02
9.678391959798995003e+02 1.868816871753007369e+00 1.212519868124175247e-02
9.728643216080401999e+02 1.868849577743553425e+00 1.217729662197534167e-02
9.778894472361808994e+02 1.868882407467970408e+00 1.222848828199600557e-02
9.829145728643217126e+02 1.868915344518659927e+00 1.227878687575651058e-02
9.879396984924624121e+02 1.868948373149145192e+00 1.232820561996177643e-02
9.929648241206031116e+02 1.868981478254041928e+00 1.237675772018697815e-02
9.979899497487438111e+02 1.869014645349433845e+00 1.242445635830901132e-02
1.003015075376884511e+03 1.869047860553646245e+00 1.247131468069316747e-02
1.008040201005025210e+03 1.869081110568425963e+00 1.251734578713398389e-02
1.013065326633165910e+03 1.869114382660522766e+00 1.256256272056910372e-02
1.018090452261306609e+03 1.869147664643675766e+00 1.260697845739270836e-02
1.023115577889447309e+03 1.869180944861004390e+00 1.265060589855289061e-02
1.028140703517588008e+03 1.869214212167801703e+00 1.269345786118540771e-02
1.033165829145728821e+03 1.869247455914730294e+00 1.273554707091947152e-02
1.038190954773869407e+03 1.869280665931419838e+00 1.277688615471103337e-02
1.043216080402009993e+03 1.869313832510463902e+00 1.281748763433275887e-02
1.048241206030150806e+03 1.869346946391812869e+00 1.285736392029384646e-02
1.053266331658291620e+03 1.869379998747560778e+00 1.289652730629684690e-02
1.058291457286432205e+03 1.869412981167124732e+00 1.293498996419122429e-02
1.063316582914572791e+03 1.869445885642809557e+00 1.297276393942810822e-02
1.068341708542713604e+03 1.869478704555758375e+00 1.300986114683392453e-02
1.073366834170854418e+03 1.869511430662278872e+00 1.304629336692546097e-02
1.078391959798995003e+03 1.869544057080548605e+00 1.308207224250952996e-02
1.083417085427135589e+03 1.869576577277686225e+00 1.311720927574840795e-02
1.088442211055276402e+03 1.869608985057188422e+00 1.315171582552281636e-02
1.093467336683417216e+03 1.869641274546726573e+00 1.318560310510529139e-02
1.098492462311557802e+03 1.869673440186295554e+00 1.321888218019890912e-02
1.103517587939698387e+03 1.869705476716710280e+00 1.325156396728684009e-02
1.108542713567839201e+03 1.869737379168444624e+00 1.328365923218126528e-02
1.113567839195980014e+03 1.869769142850803201e+00 1.331517858886279750e-02
1.118592964824120827e+03 1.869800763341423089e+00 1.334613249865019766e-02
1.123618090452261413e+03 1.869832236476098197e+00 1.337653126944932450e-02
1.128643216080401999e+03 1.869863558338918708e+00 1.340638505538164701e-02
1.133668341708542812e+03 1.869894725252717826e+00 1.343570385647598238e-02
1.138693467336683625e+03 1.869925733769822962e+00 1.346449751864064494e-02
1.143718592964824211e+03 1.869956580663101109e+00 1.349277573376753310e-02
1.148743718592964797e+03 1.869987262917292892e+00 1.352054804002763948e-02
1.153768844221105610e+03 1.870017777720626606e+00 1.354782382229365034e-02
1.158793969849246423e+03 1.870048122456711370e+00 1.357461231273281513e-02
1.163819095477387009e+03 1.870078294696692067e+00 1.360092259152279569e-02
1.168844221105527595e+03 1.870108292191672072e+00 1.362676358766849553e-02
1.173869346733668408e+03 1.870138112865384228e+00 1.365214407994702790e-02
1.178894472361809221e+03 1.870167754807115168e+00 1.367707269798320614e-02
1.183919597989949807e+03 1.870197216264866125e+00 1.370155792339313935e-02
1.188944723618090393e+03 1.870226495638752429e+00 1.372560809099102920e-02
1.193969849246231206e+03 1.870255591474626833e+00 1.374923139013506553e-02
1.198994974874372019e+03 1.870284502457928655e+00 1.377243586610178878e-02
1.204020100502512605e+03 1.870313227407744971e+00 1.379522942155690483e-02
1.209045226130653191e+03 1.870341765271082979e+00 1.381761981804489024e-02
1.214070351758794004e+03 1.870370115117344412e+00 1.383961467758919837e-02
1.219095477386934817e+03 1.870398276132997362e+00 1.386122148426935721e-02
1.224120603015075403e+03 1.870426247616439941e+00 1.388244758593078741e-02
1.229145728643215989e+03 1.870454028973046912e+00 1.390330019584581911e-02
1.234170854271356802e+03 1.870481619710398391e+00 1.392378639446542089e-02
1.239195979899497615e+03 1.870509019433682418e+00 1.394391313117655101e-02
1.244221105527638429e+03 1.870536227841263832e+00 1.396368722607629724e-02
1.249246231155779014e+03 1.870563244720419460e+00 1.398311537179765598e-02
1.254271356783919600e+03 1.870590069943230294e+00 1.400220413532615032e-02
1.259296482412060413e+03 1.870616703462624875e+00 1.402095995982627873e-02
1.264321608040201227e+03 1.870643145308574784e+00 1.403938916652022403e-02
1.269346733668341813e+03 1.870669395584428463e+00 1.405749795649486808e-02
1.274371859296482398e+03 1.870695454463388918e+00 1.407529241262988826e-02
1.279396984924623212e+03 1.870721322185120439e+00 1.409277850137286188e-02
1.284422110552764025e+03 1.870746999052487647e+00 1.410996207470368267e-02
1.289447236180904611e+03 1.870772485428420451e+00 1.412684887191991215e-02
1.294472361809045196e+03 1.870797781732895348e+00 1.414344452150605343e-02
1.299497487437186010e+03 1.870822888440040854e+00 1.415975454301792412e-02
1.304522613065326823e+03 1.870847806075347730e+00 1.417578434889036655e-02
1.309547738693467409e+03 1.870872535212995125e+00 1.419153924628848221e-02
1.314572864321607994e+03 1.870897076473275966e+00 1.420702443889487049e-02
1.319597989949748808e+03 1.870921430520128714e+00 1.422224502876813512e-02
1.324623115577889621e+03 1.870945598058764370e+00 1.423720601811823833e-02
1.329648241206030207e+03 1.870969579833387852e+00 1.425191231104023550e-02
1.334673366834170793e+03 1.870993376625011972e+00 1.426636871535642490e-02
1.339698492462311606e+03 1.871016989249358886e+00 1.428057994431146741e-02
1.344723618090452419e+03 1.871040418554844598e+00 1.429455061828636270e-02
1.349748743718593005e+03 1.871063665420648725e+00 1.430828526655612311e-02
1.354773869346733591e+03 1.871086730754858873e+00 1.432178832896850891e-02
1.359798994974874404e+03 1.871109615492694500e+00 1.433506415755365047e-02
1.364824120603015217e+03 1.871132320594802056e+00 1.434811701826001554e-02
1.369849246231156030e+03 1.871154847045620739e+00 1.436095109253131968e-02
1.374874371859296616e+03 1.871177195851817521e+00 1.437357047891221762e-02
1.379899497487437202e+03 1.871199368040785016e+00 1.438597919466078588e-02
1.384924623115578015e+03 1.871221364659206410e+00 1.439818117728428742e-02
1.389949748743718828e+03 1.871243186771675893e+00 1.441018028609238229e-02
1.394974874371859414e+03 1.871264835459383269e+00 1.442198030370733797e-02
1.400000000000000000e+03 1.871286311818848969e+00 1.443358493756341857e-02
