4.000000000000000000e+02 1.857379830864523962e+00 9.076383664616848035e-03
4.050251256281406995e+02 1.859636692364606381e+00 9.130358685076648065e-03
4.100502512562813990e+02 1.860784351932865732e+00 9.183935278606945515e-03
4.150753768844220986e+02 1.861583063799029603e+00 9.233012350986939676e-03
4.201005025125627981e+02 1.862220623258128427e+00 9.276222490693649542e-03
4.251256281407034976e+02 1.862771450475877000e+00 9.312699998428309450e-03
4.301507537688441971e+02 1.863272533420516019e+00 9.341707101497854701e-03
4.351758793969848966e+02 1.863744968738901830e+00 9.362521883443953793e-03
4.402010050251256530e+02 1.864201980801355685e+00 9.374389563077645607e-03
4.452261306532663525e+02 1.864652458999466855e+00 9.376492863240253745e-03
4.502512562814070520e+02 1.865102712170063182e+00 9.367927650514938642e-03
4.552763819095477515e+02 1.865557416683465641e+00 9.347678014193916765e-03
4.603015075376884511e+02 1.866020162878823774e+00 9.314587217999726818e-03
4.653266331658291506e+02 1.866493785328426247e+00 9.267321257752611161e-03
4.703517587939698501e+02 1.866980568597667256e+00 9.204321014245848975e-03
4.753768844221105496e+02 1.867482376128681842e+00 9.123737253734606062e-03
4.804020100502512491e+02 1.868000727163026120e+00 9.023339544096346115e-03
4.854271356783919487e+02 1.868536833163462196e+00 8.900384417709333168e-03
4.904522613065327050e+02 1.869091594775473819e+00 8.751417433055883738e-03
4.954773869346734045e+02 1.869665547935052796e+00 8.571962817240994306e-03
5.005025125628141041e+02 1.870258725157484925e+00 8.356010230101167807e-03
5.055276381909548036e+02 1.870870344413416264e+00 8.095106699643635911e-03
5.105527638190955031e+02 1.871498084545436091e+00 7.776600044024918092e-03
5.155778894472362026e+02 1.872136174226888494e+00 7.379790914332811508e-03
5.206030150753769021e+02 1.872769119940076443e+00 6.865755754899731562e-03
5.256281407035176017e+02 1.873340859497657940e+00 6.139769432092939336e-03
5.306532663316583012e+02 1.873054241647403195e+00 4.666560537378370253e-03
5.356783919597990007e+02 1.871798077376858771e+00 4.048359124368080576e-03
5.407035175879397002e+02 1.870674253229981820e+00 4.163540012377075356e-03
5.457286432160803997e+02 1.869960027779044909e+00 4.278801618478117290e-03
5.507537688442210992e+02 1.869426489657056933e+00 4.394542310578522515e-03
5.557788944723617988e+02 1.868999121548947207e+00 4.510844115129358269e-03
5.608040201005024983e+02 1.868642733924888999e+00 4.627709590555184431e-03
5.658291457286431978e+02 1.868337569268647691e+00 4.745110424977841412e-03
5.708542713567838973e+02 1.868071323982265497e+00 4.863003557457115482e-03
5.758793969849245968e+02 1.867835781442072296e+00 4.981337987907979124e-03
5.809045226130654100e+02 1.867625168707879535e+00 5.100058137239499474e-03
5.859296482412059959e+02 1.867435269564009515e+00 5.219105705479630368e-03
5.909547738693468091e+02 1.867262908810048305e+00 5.338420796779544224e-03
5.959798994974873949e+02 1.867105634665455538e+00 5.457942653936402773e-03
6.010050251256282081e+02 1.866961513999859656e+00 5.577610170427185592e-03
6.060301507537687939e+02 1.866828995261782476e+00 5.697362267459606631e-03
6.110552763819096072e+02 1.866706813810367738e+00 5.817138185004288274e-03
6.160804020100503067e+02 1.866593924779322400e+00 5.936877715239282857e-03
6.211055276381910062e+02 1.866489454373284396e+00 6.056521395331875349e-03
6.261306532663317057e+02 1.866392663834437693e+00 6.176010670672128951e-03
6.311557788944724052e+02 1.866302922321062319e+00 6.295288035283746857e-03
6.361809045226131047e+02 1.866219686182516657e+00 6.414297153831927459e-03
6.412060301507538043e+02 1.866142482908167644e+00 6.532982968708985101e-03
6.462311557788945038e+02 1.866070898546654533e+00 6.651291794128760294e-03
6.512562814070352033e+02 1.866004567739051101e+00 6.769171398781661381e-03
6.562814070351759028e+02 1.865943165746497101e+00 6.886571078273755718e-03
6.613065326633166023e+02 1.865886402017601808e+00 7.003441718224655971e-03
6.663316582914573019e+02 1.865834014957332920e+00 7.119735848549381234e-03
6.713567839195980014e+02 1.865785767642585080e+00 7.235407689774248259e-03
6.763819095477387009e+02 1.865741444290321072e+00 7.350413191544323023e-03
6.814070351758794004e+02 1.865700847328886303e+00 7.464710063995197431e-03
6.864321608040200999e+02 1.865663794956366806e+00 7.578257802268065918e-03
6.914572864321607994e+02 1.865630119094948913e+00 7.691017704507234314e-03
6.964824120603016127e+02 1.865599663669283537e+00 7.802952883742953968e-03
7.015075376884421985e+02 1.865572283151497146e+00 7.914028273989806572e-03
7.065326633165830117e+02 1.865547841326814948e+00 8.024210630867306682e-03
7.115577889447235975e+02 1.865526210242609340e+00 8.133468527027577430e-03
7.165829145728644107e+02 1.865507269310635596e+00 8.241772342843491084e-03
7.216080402010049966e+02 1.865490904537733252e+00 8.349094252507080829e-03
7.266331658291458098e+02 1.865477007864662973e+00 8.455408206010293221e-03
7.316582914572863956e+02 1.865465476596278815e+00 8.560689907169792209e-03
7.366834170854272088e+02 1.865456212909086142e+00 8.664916788107386580e-03
7.417085427135677946e+02 1.865449123424553379e+00 8.768067980517463278e-03
7.467336683417086078e+02 1.865444118838428089e+00 8.870124283844765464e-03
7.517587939698491937e+02 1.865441113597871681e+00 8.971068130830071180e-03
7.567839195979900069e+02 1.865440025619502507e+00 9.070883550705836906e-03
7.618090452261307064e+02 1.865440776042493587e+00 9.169556130094957958e-03
7.668341708542714059e+02 1.865443289011769368e+00 9.267072972203081391e-03
7.718592964824121054e+02 1.865447491487070897e+00 9.363422654304117548e-03
7.768844221105528050e+02 1.865453313074282304e+00 9.458595183806138909e-03
7.819095477386935045e+02 1.865460685875943270e+00 9.552581953296572850e-03
7.869346733668342040e+02 1.865469544358301812e+00 9.645375694516965942e-03
7.919597989949749035e+02 1.865479825232640110e+00 9.736970431687487146e-03
7.969849246231156030e+02 1.865491467348930232e+00 9.827361434354940639e-03
8.020100502512563025e+02 1.865504411600139134e+00 9.916545169758995623e-03
8.070351758793970021e+02 1.865518600835742502e+00 1.000451925518040797e-02
8.120603015075377016e+02 1.865533979783200236e+00 1.009128241018938769e-02
8.170854271356784011e+02 1.865550494976325746e+00 1.017683440908324737e-02
8.221105527638192143e+02 1.865568094689614709e+00 1.026117603360542779e-02
8.271356783919598001e+02 1.865586728877742129e+00 1.034430902601797715e-02
8.321608040201006133e+02 1.865606349119533602e+00 1.042623604276294788e-02
8.371859296482411992e+02 1.865626908565817699e+00 1.050696060873138916e-02
8.422110552763820124e+02 1.865648361890649420e+00 1.058648707227239499e-02
8.472361809045225982e+02 1.865670665245456439e+00 1.066482056091100535e-02
8.522613065326634114e+02 1.865693776215735955e+00 1.074196693813923333e-02
8.572864321608039972e+02 1.865717653779970897e+00 1.081793276096857520e-02
8.623115577889448105e+02 1.865742258270487008e+00 1.089272523859429603e-02
8.673366834170853963e+02 1.865767551336009467e+00 1.096635219205964462e-02
8.723618090452262095e+02 1.865793495905715194e+00 1.103882201511913880e-02
8.773869346733667953e+02 1.865820056154606332e+00 1.111014363610338118e-02
8.824120603015076085e+02 1.865847197470052121e+00 1.118032648098911397e-02
8.874371859296483080e+02 1.865874886419377932e+00 1.124938043773363559e-02
8.924623115577890076e+02 1.865903090718391777e+00 1.131731582168894051e-02
8.974874371859297071e+02 1.865931779200757035e+00 1.138414334228497402e-02
9.025125628140704066e+02 1.865960921788140103e+00 1.144987407094379128e-02
9.075376884422111061e+02 1.865990489461064161e+00 1.151451941010598994e-02
9.125628140703518056e+02 1.866020454230424175e+00 1.157809106360576344e-02
9.175879396984925052e+02 1.866050789109611197e+00 1.164060100815765206e-02
9.226130653266332047e+02 1.866081468087215978e+00 1.170206146605545956e-02
9.276381909547739042e+02 1.866112466100284584e+00 1.176248487901393816e-02
9.326633165829146037e+02 1.866143759008094927e+00 1.182188388328826549e-02
9.376884422110553032e+02 1.866175323566445110e+00 1.188027128575662276e-02
9.427135678391960028e+02 1.866207137402429161e+00 1.193766004127222620e-02
9.477386934673367023e+02 1.866239178989697045e+00 1.199406323104637052e-02
9.527638190954774018e+02 1.866271427624183854e+00 1.204949404210426192e-02
9.577889447236181013e+02 1.866303863400303076e+00 1.210396574778410325e-02
9.628140703517588008e+02 1.866336467187601489e+00 1.215749168927288994e-02
9.678391959798995003e+02 1.866369220607865920e+00 1.221008525813050208e-02
9.728643216080401999e+02 1.866402106012684969e+00 1.226175987974965562e-02
9.778894472361808994e+02 1.866435106461458382e+00 1.231252899774924400e-02
9.829145728643217126e+02 1.866468205699858940e+00 1.236240605930159428e-02
9.879396984924624121e+02 1.866501388138735118e+00 1.241140450128967905e-02
9.929648241206031116e+02 1.866534638833466264e+00 1.245953773733888409e-02
9.979899497487438111e+02 1.866567943463758983e+00 1.250681914560919546e-02
1.003015075376884511e+03 1.866601288313886498e+00 1.255326205741649423e-02
1.008040201005025210e+03 1.866634660253373657e+00 1.259887974657547711e-02
1.013065326633165910e+03 1.866668046718120033e+00 1.264368541948497279e-02
1.018090452261306609e+03 1.866701435691962008e+00 1.268769220584650172e-02
1.023115577889447309e+03 1.866734815688673832e+00 1.273091315012107698e-02
1.028140703517588008e+03 1.866768175734400792e+00 1.277336120354124159e-02
1.033165829145728821e+03 1.866801505350524470e+00 1.281504921679643694e-02
1.038190954773869407e+03 1.866834794536958109e+00 1.285598993323176092e-02
1.043216080402009993e+03 1.866868033755864964e+00 1.289619598266391644e-02
1.048241206030150806e+03 1.866901213915796776e+00 1.293567987562505885e-02
1.053266331658291620e+03 1.866934326356253671e+00 1.297445399825313331e-02
1.058291457286432205e+03 1.866967362832649746e+00 1.301253060746302564e-02
1.063316582914572791e+03 1.867000315501691654e+00 1.304992182674851245e-02
1.068341708542713604e+03 1.867033176907156422e+00 1.308663964230458859e-02
1.073366834170854418e+03 1.867065939966064958e+00 1.312269589959061400e-02
1.078391959798995003e+03 1.867098597955249906e+00 1.315810230028405595e-02
1.083417085427135589e+03 1.867131144498304751e+00 1.319287039954267562e-02
1.088442211055276402e+03 1.867163573552913736e+00 1.322701160369684631e-02
1.093467336683417216e+03 1.867195879398553027e+00 1.326053716819863663e-02
1.098492462311557802e+03 1.867228056624557597e+00 1.329345819590059194e-02
1.103517587939698387e+03 1.867260100118548038e+00 1.332578563561108258e-02
1.108542713567839201e+03 1.867292005055206427e+00 1.335753028093276951e-02
1.113567839195980014e+03 1.867323766885400138e+00 1.338870276934116602e-02
1.118592964824120827e+03 1.867355381325641828e+00 1.341931358151932270e-02
1.123618090452261413e+03 1.867386844347880048e+00 1.344937304088211945e-02
1.128643216080401999e+03 1.867418152169614487e+00 1.347889131335680210e-02
1.133668341708542812e+03 1.867449301244324067e+00 1.350787840729645445e-02
1.138693467336683625e+03 1.867480288252208576e+00 1.353634417368424631e-02
1.143718592964824211e+03 1.867511110091225390e+00 1.356429830632538761e-02
1.148743718592964797e+03 1.867541763868427962e+00 1.359175034240689417e-02
1.153768844221105610e+03 1.867572246891582965e+00 1.361870966305728063e-02
1.158793969849246423e+03 1.867602556661073443e+00 1.364518549406501004e-02
1.163819095477387009e+03 1.867632690862069511e+00 1.367118690679839689e-02
1.168844221105527595e+03 1.867662647356967964e+00 1.369672281917449011e-02
1.173869346733668408e+03 1.867692424178086563e+00 1.372180199668863836e-02
1.178894472361809221e+03 1.867722019520611898e+00 1.374643305368584804e-02
1.183919597989949807e+03 1.867751431735789058e+00 1.377062445460092502e-02
1.188944723618090393e+03 1.867780659324350001e+00 1.379438451530074286e-02
1.193969849246231206e+03 1.867809700930171291e+00 1.381772140456358558e-02
1.198994974874372019e+03 1.867838555334156769e+00 1.384064314552150773e-02
1.204020100502512605e+03 1.867867221448336057e+00 1.386315761728634799e-02
1.209045226130653191e+03 1.867895698310172881e+00 1.388527255650531117e-02
1.214070351758794004e+03 1.867923985077081905e+00 1.390699555909025512e-02
1.219095477386934817e+03 1.867952081021138744e+00 1.392833408188338083e-02
1.224120603015075403e+03 1.867979985523985587e+00 1.394929544443081898e-02
1.229145728643215989e+03 1.868007698071921130e+00 1.396988683075532992e-02
1.234170854271356802e+03 1.868035218251171248e+00 1.399011529117127027e-02
1.239195979899497615e+03 1.868062545743335301e+00 1.400998774413692895e-02
1.244221105527638429e+03 1.868089680321000090e+00 1.402951097807595381e-02
1.249246231155779014e+03 1.868116621843517677e+00 1.404869165330578130e-02
1.254271356783919600e+03 1.868143370252942415e+00 1.406753630387789708e-02
1.259296482412060413e+03 1.868169925570120515e+00 1.408605133949933190e-02
1.264321608040201227e+03 1.868196287890927731e+00 1.410424304745895759e-02
1.269346733668341813e+03 1.868222457382649138e+00 1.412211759450636428e-02
1.274371859296482398e+03 1.868248434280500136e+00 1.413968102877296261e-02
1.279396984924623212e+03 1.868274218884278248e+00 1.415693928171412805e-02
1.284422110552764025e+03 1.868299811555145684e+00 1.417389816997303119e-02
1.289447236180904611e+03 1.868325212712536265e+00 1.419056339733369178e-02
1.294472361809045196e+03 1.868350422831181801e+00 1.420694055656960587e-02
1.299497487437186010e+03 1.868375442438258816e+00 1.422303513137856447e-02
1.304522613065326823e+03 1.868400272110641414e+00 1.423885249824935299e-02
1.309547738693467409e+03 1.868424912472267163e+00 1.425439792828646877e-02
1.314572864321607994e+03 1.868449364191607120e+00 1.426967658914319106e-02
1.319597989949748808e+03 1.868473627979234442e+00 1.428469354680003169e-02
1.324623115577889621e+03 1.868497704585492691e+00 1.429945376740135964e-02
1.329648241206030207e+03 1.868521594798255858e+00 1.431396211906644546e-02
1.334673366834170793e+03 1.868545299440781626e+00 1.432822337368469534e-02
1.339698492462311606e+03 1.868568819369649692e+00 1.434224220867385061e-02
1.344723618090452419e+03 1.868592155472783789e+00 1.435602320874177114e-02
1.349748743718593005e+03 1.868615308667557873e+00 1.436957086759173101e-02
1.354773869346733591e+03 1.868638279898976462e+00 1.438288958968894464e-02
1.359798994974874404e+03 1.868661070137933589e+00 1.439598369186593368e-02
1.364824120603015217e+03 1.868683680379541023e+00 1.440885740506973184e-02
1.369849246231156030e+03 1.868706111641529777e+00 1.442151487593586537e-02
1.374874371859296616e+03 1.868728364962715549e+00 1.443396016846853688e-02
1.379899497487437202e+03 1.868750441401532125e+00 1.444619726559710944e-02
1.384924623115578015e+03 1.868772342034623613e+00 1.445823007076455467e-02
1.389949748743718828e+03 1.868794067955499294e+00 1.447006240949521433e-02
1.394974874371859414e+03 1.868815620273245992e+00 1.448169803089719918e-02
1.400000000000000000e+03 1.868837000111293944e+00 1.449314060916990880e-02
