4.000000000000000000e+02 2.057827609561865057e+00 2.180851361112319010e-04
4.050251256281406995e+02 2.056815688670359243e+00 2.294955686079521427e-04
4.100502512562813990e+02 2.055790632132427298e+00 2.413526133200271599e-04
4.150753768844220986e+02 2.054752420612150576e+00 2.536681256695024985e-04
4.201005025125627981e+02 2.053701034494511024e+00 2.664541429543043258e-04
4.251256281407034976e+02 2.052636453883761813e+00 2.797228817360792132e-04
4.301507537688441971e+02 2.051558658601762897e+00 2.934867364121033096e-04
4.351758793969848966e+02 2.050467628186294800e+00 3.077582885255181915e-04
4.402010050251256530e+02 2.049363341889332890e+00 3.225502983914686587e-04
4.452261306532663525e+02 2.048245778675303441e+00 3.378757150010928511e-04
4.502512562814070520e+02 2.047114917219298835e+00 3.537476715072308017e-04
4.552763819095477515e+02 2.045970735905265681e+00 3.701794906328724857e-04
4.603015075376884511e+02 2.044813212824165394e+00 3.871846813839134832e-04
4.653266331658291506e+02 2.043642325772096591e+00 4.047769463403022659e-04
4.703517587939698501e+02 2.042458052248389500e+00 4.229701789027885228e-04
4.753768844221105496e+02 2.041260369453667955e+00 4.417784661413978720e-04
4.804020100502512491e+02 2.040049254287874980e+00 4.612160901720706264e-04
4.854271356783919487e+02 2.038824683348267719e+00 4.812975309839552063e-04
4.904522613065327050e+02 2.037586632927379071e+00 5.020374647596779994e-04
4.954773869346734045e+02 2.036335079010941573e+00 5.234507701672534968e-04
5.005025125628141041e+02 2.035069997275777975e+00 5.455525255688448844e-04
5.055276381909548036e+02 2.033791363087659398e+00 5.683580142000714932e-04
5.105527638190955031e+02 2.032499151499119971e+00 5.918827233633201530e-04
5.155778894472362026e+02 2.031193337247244379e+00 6.161423472705524537e-04
5.206030150753769021e+02 2.029873894751408336e+00 6.411527889224924144e-04
5.256281407035176017e+02 2.028540798110992416e+00 6.669301620470185306e-04
5.306532663316583012e+02 2.027194021103046140e+00 6.934907925500841033e-04
5.356783919597990007e+02 2.025833537179923205e+00 7.208512200162499025e-04
5.407035175879397002e+02 2.024459319466871410e+00 7.490282005340227625e-04
5.457286432160803997e+02 2.023071340759584391e+00 7.780387083108758744e-04
5.507537688442210992e+02 2.021669573521712948e+00 8.078999378225851583e-04
5.557788944723617988e+02 2.020253989882335066e+00 8.386293048475103231e-04
5.608040201005024983e+02 2.018824561633385972e+00 8.702444497895961374e-04
5.658291457286431978e+02 2.017381260227039785e+00 9.027632398369669128e-04
5.708542713567838973e+02 2.015924056773056527e+00 9.362037695582787903e-04
5.758793969849245968e+02 2.014452922036076732e+00 9.705843644822989731e-04
5.809045226130654100e+02 2.012967826432880969e+00 1.005923583461314349e-03
5.859296482412059959e+02 2.011468740029593860e+00 1.042240219691572059e-03
5.909547738693468091e+02 2.009955632538850789e+00 1.079553304027502632e-03
5.959798994974873949e+02 2.008428473316912655e+00 1.117882107300266275e-03
6.010050251256282081e+02 2.006887231360736656e+00 1.157246141872449348e-03
6.060301507537687939e+02 2.005331875304995126e+00 1.197665165213621530e-03
6.110552763819096072e+02 2.003762373419049947e+00 1.239159181457886137e-03
6.160804020100503067e+02 2.002178693603874571e+00 1.281748444509833761e-03
6.211055276381910062e+02 2.000580803388923634e+00 1.325453460341748102e-03
6.261306532663317057e+02 1.998968669928956166e+00 1.370294989295845313e-03
6.311557788944724052e+02 1.997342260000803504e+00 1.416294049870596167e-03
6.361809045226131047e+02 1.995701540000082819e+00 1.463471920078351441e-03
6.412060301507538043e+02 1.994046475937859553e+00 1.511850141064055532e-03
6.462311557788945038e+02 1.992377033437253919e+00 1.561450519563862887e-03
6.512562814070352033e+02 1.990693177729990548e+00 1.612295131138984138e-03
6.562814070351759028e+02 1.988994873652893292e+00 1.664406322654249024e-03
6.613065326633166023e+02 1.987282085644320739e+00 1.717806715611091975e-03
6.663316582914573019e+02 1.985554777740543564e+00 1.772519208865767958e-03
6.713567839195980014e+02 1.983812913572063685e+00 1.828566982153312674e-03
6.763819095477387009e+02 1.982056456359869046e+00 1.885973498792662979e-03
6.814070351758794004e+02 1.980285368911630872e+00 1.944762509233462526e-03
6.864321608040200999e+02 1.978499613617835884e+00 2.004958054226798226e-03
6.914572864321607994e+02 1.976699152447854324e+00 2.066584467962526150e-03
6.964824120603016127e+02 1.974883946945944047e+00 2.129666381803144333e-03
7.015075376884421985e+02 1.973053958227188653e+00 2.194228727524675376e-03
7.065326633165830117e+02 1.971209146973366355e+00 2.260296740983655257e-03
7.115577889447235975e+02 1.969349473428753328e+00 2.327895965442856267e-03
7.165829145728644107e+02 1.967474897395855349e+00 2.397052255760818550e-03
7.216080402010049966e+02 1.965585378231067715e+00 2.467791781542308296e-03
7.266331658291458098e+02 1.963680874840266544e+00 2.540141031345859168e-03
7.316582914572863956e+02 1.961761345674322365e+00 2.614126816399226037e-03
7.366834170854272088e+02 1.959826748724541323e+00 2.689776274664574564e-03
7.417085427135677946e+02 1.957877041518031325e+00 2.767116874708175269e-03
7.467336683417086078e+02 1.955912181112987147e+00 2.846176420072543331e-03
7.517587939698491937e+02 1.953932124093900047e+00 2.926983053177439637e-03
7.567839195979900069e+02 1.951936826566684768e+00 3.009565259896538822e-03
7.618090452261307064e+02 1.949926244153726840e+00 3.093951873665155144e-03
7.668341708542714059e+02 1.947900331988843492e+00 3.180172080058799207e-03
7.718592964824121054e+02 1.945859044712163977e+00 3.268255421360736525e-03
7.768844221105528050e+02 1.943802336464919955e+00 3.358231801126009431e-03
7.819095477386935045e+02 1.941730160884149292e+00 3.450131488905381835e-03
7.869346733668342040e+02 1.939642471097309695e+00 3.543985125160686867e-03
7.919597989949749035e+02 1.937539219716802652e+00 3.639823726024538162e-03
7.969849246231156030e+02 1.935420358834402110e+00 3.737678688396037577e-03
8.020100502512563025e+02 1.933285840015590562e+00 3.837581795066193936e-03
8.070351758793970021e+02 1.931135614293796987e+00 3.939565219960035336e-03
8.120603015075377016e+02 1.928969632164537096e+00 4.043661533313407802e-03
8.170854271356784011e+02 1.926787843579454540e+00 4.149903707383630763e-03
8.221105527638192143e+02 1.924590197940257097e+00 4.258325121630318101e-03
8.271356783919598001e+02 1.922376644092553599e+00 4.368959568743325389e-03
8.321608040201006133e+02 1.920147130319579176e+00 4.481841260094424594e-03
8.371859296482411992e+02 1.917901604335816801e+00 4.597004831946941046e-03
8.422110552763820124e+02 1.915640013280508036e+00 4.714485351164410948e-03
8.472361809045225982e+02 1.913362303711049206e+00 4.834318321599879315e-03
8.522613065326634114e+02 1.911068421596276545e+00 4.956539690213394508e-03
8.572864321608039972e+02 1.908758312309632332e+00 5.081185853581665635e-03
8.623115577889448105e+02 1.906431920622212228e+00 5.208293664353450848e-03
8.673366834170853963e+02 1.904089190695694711e+00 5.337900437989344035e-03
8.723618090452262095e+02 1.901730066075142167e+00 5.470043959569017081e-03
8.773869346733667953e+02 1.899354489681679192e+00 5.604762490720966578e-03
8.824120603015076085e+02 1.896962403805042552e+00 5.742094776830655029e-03
8.874371859296483080e+02 1.894553750095998801e+00 5.882080054157137576e-03
8.924623115577890076e+02 1.892128469558628678e+00 6.024758057435543150e-03
8.974874371859297071e+02 1.889686502542477387e+00 6.170169027315580874e-03
9.025125628140704066e+02 1.887227788734562095e+00 6.318353718240429448e-03
9.075376884422111061e+02 1.884752267151242222e+00 6.469353406243029403e-03
9.125628140703518056e+02 1.882259876129942722e+00 6.623209897196915413e-03
9.175879396984925052e+02 1.879750553320729267e+00 6.779965534875580235e-03
9.226130653266332047e+02 1.877224235677737330e+00 6.939663209659671997e-03
9.276381909547739042e+02 1.874680859450442494e+00 7.102346366996853747e-03
9.326633165829146037e+02 1.872120360174778009e+00 7.268059016306634319e-03
9.376884422110553032e+02 1.869542672664093130e+00 7.436845740059387123e-03
9.427135678391960028e+02 1.866947730999945820e+00 7.608751702900535055e-03
9.477386934673367023e+02 1.864335468522732464e+00 7.783822661249832804e-03
9.527638190954774018e+02 1.861705817822146392e+00 7.962104972845301942e-03
9.577889447236181013e+02 1.859058710727462982e+00 8.143645606686102101e-03
9.628140703517588008e+02 1.856394078297652017e+00 8.328492153117528912e-03
9.678391959798995003e+02 1.853711850811304629e+00 8.516692834202902254e-03
9.728643216080401999e+02 1.851011957756381276e+00 8.708296514278721090e-03
9.778894472361808994e+02 1.848294327819769434e+00 8.903352710786993293e-03
9.829145728643217126e+02 1.845558888876650760e+00 9.101911605370180056e-03
9.879396984924624121e+02 1.842805567979674208e+00 9.304024055185202910e-03
9.929648241206031116e+02 1.840034291347927953e+00 9.509741604532951850e-03
9.979899497487438111e+02 1.837244984355708599e+00 9.719116496738918962e-03
1.003015075376884511e+03 1.834437571521082999e+00 9.932201686268066557e-03
1.008040201005025210e+03 1.831611976494237792e+00 1.014905085123827926e-02
1.013065326633165910e+03 1.828768122045613342e+00 1.036971840614010591e-02
1.018090452261306609e+03 1.825905930053815185e+00 1.059425951487678874e-02
1.023115577889447309e+03 1.823025321493301876e+00 1.082273010415046866e-02
1.028140703517588008e+03 1.820126216421841026e+00 1.105518687715729281e-02
1.033165829145728821e+03 1.817208533967729966e+00 1.129168732762041334e-02
1.038190954773869407e+03 1.814272192316780608e+00 1.153228975412829045e-02
1.043216080402009993e+03 1.811317108699051603e+00 1.177705327491190140e-02
1.048241206030150806e+03 1.808343199375338051e+00 1.202603784288672033e-02
1.053266331658291620e+03 1.805350379623401169e+00 1.227930426112952209e-02
1.058291457286432205e+03 1.802338563723939080e+00 1.253691419876423220e-02
1.063316582914572791e+03 1.799307664946289576e+00 1.279893020712976302e-02
1.068341708542713604e+03 1.796257595533861773e+00 1.306541573647884875e-02
1.073366834170854418e+03 1.793188266689291543e+00 1.333643515309958574e-02
1.078391959798995003e+03 1.790099588559311394e+00 1.361205375672495423e-02
1.083417085427135589e+03 1.786991470219329914e+00 1.389233779858650188e-02
1.088442211055276402e+03 1.783863819657719008e+00 1.417735449975184372e-02
1.093467336683417216e+03 1.780716543759794490e+00 1.446717207006776792e-02
1.098492462311557802e+03 1.777549548291493586e+00 1.476185972754871442e-02
1.103517587939698387e+03 1.774362737882732244e+00 1.506148771822565964e-02
1.108542713567839201e+03 1.771156016010442924e+00 1.536612733655079617e-02
1.113567839195980014e+03 1.767929284981286431e+00 1.567585094639160556e-02
1.118592964824120827e+03 1.764682445914024234e+00 1.599073200251221669e-02
1.123618090452261413e+03 1.761415398721550618e+00 1.631084507258614633e-02
1.128643216080401999e+03 1.758128042092573562e+00 1.663626585993241425e-02
1.133668341708542812e+03 1.754820273472939673e+00 1.696707122671243378e-02
1.138693467336683625e+03 1.751491989046595643e+00 1.730333921789676058e-02
1.143718592964824211e+03 1.748143083716173107e+00 1.764514908572229618e-02
1.148743718592964797e+03 1.744773451083196925e+00 1.799258131496860383e-02
1.153768844221105610e+03 1.741382983427903985e+00 1.834571764882838435e-02
1.158793969849246423e+03 1.737971571688664785e+00 1.870464111550430852e-02
1.163819095477387009e+03 1.734539105441001761e+00 1.906943605558926447e-02
1.168844221105527595e+03 1.731085472876192632e+00 1.944018815014320056e-02
1.173869346733668408e+03 1.727610560779453186e+00 1.981698444960657349e-02
1.178894472361809221e+03 1.724114254507688182e+00 2.019991340349978903e-02
1.183919597989949807e+03 1.720596437966805059e+00 2.058906489095132381e-02
1.188944723618090393e+03 1.717056993588574665e+00 2.098453025213225728e-02
1.193969849246231206e+03 1.713495802307037907e+00 2.138640232053710261e-02
1.198994974874372019e+03 1.709912743534444557e+00 2.179477545623516657e-02
1.204020100502512605e+03 1.706307695136712876e+00 2.220974558005545454e-02
1.209045226130653191e+03 1.702680533408404528e+00 2.263141020875248516e-02
1.214070351758794004e+03 1.699031133047203657e+00 2.305986849124660315e-02
1.219095477386934817e+03 1.695359367127886374e+00 2.349522124586164371e-02
1.224120603015075403e+03 1.691665107075779551e+00 2.393757099869614491e-02
1.229145728643215989e+03 1.687948222639685358e+00 2.438702202313264289e-02
1.234170854271356802e+03 1.684208581864276688e+00 2.484368038050734431e-02
1.239195979899497615e+03 1.680446051061938340e+00 2.530765396201594894e-02
1.244221105527638429e+03 1.676660494784054656e+00 2.577905253185018564e-02
1.249246231155779014e+03 1.672851775791727169e+00 2.625798777167631659e-02
1.254271356783919600e+03 1.669019755025910934e+00 2.674457332643531346e-02
1.259296482412060413e+03 1.665164291576963329e+00 2.723892485156887561e-02
1.264321608040201227e+03 1.661285242653590677e+00 2.774116006169081300e-02
1.269346733668341813e+03 1.657382463551182683e+00 2.825139878074490671e-02
1.274371859296482398e+03 1.653455807619524043e+00 2.876976299373813425e-02
1.279396984924623212e+03 1.649505126229870777e+00 2.929637690012381127e-02
1.284422110552764025e+03 1.645530268741386193e+00 2.983136696879114605e-02
1.289447236180904611e+03 1.641531082466914704e+00 3.037486199485668614e-02
1.294472361809045196e+03 1.637507412638094406e+00 3.092699315823690606e-02
1.299497487437186010e+03 1.633459102369789973e+00 3.148789408408896734e-02
1.304522613065326823e+03 1.629385992623837431e+00 3.205770090522378629e-02
1.309547738693467409e+03 1.625287922172093946e+00 3.263655232648527554e-02
1.314572864321607994e+03 1.621164727558773055e+00 3.322458969129215428e-02
1.319597989949748808e+03 1.617016243062067593e+00 3.382195705028764876e-02
1.324623115577889621e+03 1.612842300655039640e+00 3.442880123230509376e-02
1.329648241206030207e+03 1.608642729965777729e+00 3.504527191764379712e-02
1.334673366834170793e+03 1.604417358236801761e+00 3.567152171379302933e-02
1.339698492462311606e+03 1.600166010283717188e+00 3.630770623371430694e-02
1.344723618090452419e+03 1.595888508453106702e+00 3.695398417671540148e-02
1.349748743718593005e+03 1.591584672579646087e+00 3.761051741209992666e-02
1.354773869346733591e+03 1.587254319942450032e+00 3.827747106564665519e-02
1.359798994974874404e+03 1.582897265220629457e+00 3.895501360905560123e-02
1.364824120603015217e+03 1.578513320448063473e+00 3.964331695247953757e-02
1.369849246231156030e+03 1.574102294967379745e+00 4.034255654025117876e-02
1.374874371859296616e+03 1.569663995383137278e+00 4.105291144996043445e-02
1.379899497487437202e+03 1.565198225514214503e+00 4.177456449499056257e-02
1.384924623115578015e+03 1.560704786345397332e+00 4.250770233068684734e-02
1.389949748743718828e+03 1.556183475978177855e+00 4.325251556427509025e-02
1.394974874371859414e+03 1.551634089580748999e+00 4.400919886871419717e-02
1.400000000000000000e+03 1.547056419337219602e+00 4.477795110062334633e-02
