4.000000000000000000e+02 1.855493246461007661e+00 9.727549159093726305e-03
4.050251256281406995e+02 1.857947704511020426e+00 9.776243908307153882e-03
4.100502512562813990e+02 1.859203676828145468e+00 9.824421276070119738e-03
4.150753768844220986e+02 1.860082740262973822e+00 9.867319595739389507e-03
4.201005025125627981e+02 1.860787863574756784e+00 9.903348603873301376e-03
4.251256281407034976e+02 1.861399489276562402e+00 9.931498423722366631e-03
4.301507537688441971e+02 1.861957601222328451e+00 9.950904993017975139e-03
4.351758793969848966e+02 1.862485004200681526e+00 9.960719017740735787e-03
4.402010050251256530e+02 1.862995990586920003e+00 9.960048131211308303e-03
4.452261306532663525e+02 1.863500163146628585e+00 9.947920749246446856e-03
4.502512562814070520e+02 1.864004330588187486e+00 9.923255376080157217e-03
4.552763819095477515e+02 1.864513531130476132e+00 9.884828280069863152e-03
4.603015075376884511e+02 1.865031621246838300e+00 9.831234913479701062e-03
4.653266331658291506e+02 1.865561629684825196e+00 9.760840505547973070e-03
4.703517587939698501e+02 1.866105975181696852e+00 9.671713887187516345e-03
4.753768844221105496e+02 1.866666598160870771e+00 9.561535674494706094e-03
4.804020100502512491e+02 1.867245031079000972e+00 9.427466522785681730e-03
4.854271356783919487e+02 1.867842415301158798e+00 9.265951103220360779e-03
4.904522613065327050e+02 1.868459456039864186e+00 9.072413915458659925e-03
4.954773869346734045e+02 1.869096280986386249e+00 8.840762568608861657e-03
5.005025125628141041e+02 1.869752109946546170e+00 8.562522999412253838e-03
5.055276381909548036e+02 1.870424479521439309e+00 8.225202374681304246e-03
5.105527638190955031e+02 1.871107210559065148e+00 7.808811729958926341e-03
5.155778894472362026e+02 1.871783859954130991e+00 7.277105112052026370e-03
5.206030150753769021e+02 1.872397097137421307e+00 6.548111600938979690e-03
5.256281407035176017e+02 1.872469115048139177e+00 5.294345724489675498e-03
5.306532663316583012e+02 1.871372421010211395e+00 4.040182774517745747e-03
5.356783919597990007e+02 1.869994327214950403e+00 4.156871103241851183e-03
5.407035175879397002e+02 1.869170054155779859e+00 4.273365728584709380e-03
5.457286432160803997e+02 1.868570160553567616e+00 4.390271046498095582e-03
5.507537688442210992e+02 1.868096852321960766e+00 4.507714935048689857e-03
5.557788944723617988e+02 1.867706143272211960e+00 4.625715983334796264e-03
5.608040201005024983e+02 1.867374069937396852e+00 4.744252518763147040e-03
5.658291457286431978e+02 1.867086012621893554e+00 4.863284279325964972e-03
5.708542713567838973e+02 1.866832352512982851e+00 4.982761220555876128e-03
5.758793969849245968e+02 1.866606407943532053e+00 5.102627734452480808e-03
5.809045226130654100e+02 1.866403342747825267e+00 5.222824926072100124e-03
5.859296482412059959e+02 1.866219541475992116e+00 5.343291962814670018e-03
5.909547738693468091e+02 1.866052229471674595e+00 5.463966938851450364e-03
5.959798994974873949e+02 1.865899230454413527e+00 5.584787467108379665e-03
6.010050251256282081e+02 1.865758805654246011e+00 5.705691108499150350e-03
6.060301507537687939e+02 1.865629543528570133e+00 5.826615698418908043e-03
6.110552763819096072e+02 1.865510282048248536e+00 5.947499605517214682e-03
6.160804020100503067e+02 1.865400052631125405e+00 6.068281943242113778e-03
6.211055276381910062e+02 1.865298038861928909e+00 6.188902747187942192e-03
6.261306532663317057e+02 1.865203545554695586e+00 6.309303126389198199e-03
6.311557788944724052e+02 1.865115975201692811e+00 6.429425394393580191e-03
6.361809045226131047e+02 1.865034809795812709e+00 6.549213183190596282e-03
6.412060301507538043e+02 1.864959596626736715e+00 6.668611543147283729e-03
6.462311557788945038e+02 1.864889937059345026e+00 6.787567030242450464e-03
6.512562814070352033e+02 1.864825477580133173e+00 6.906027782401691524e-03
6.562814070351759028e+02 1.864765902589278213e+00 7.023943585501684836e-03
6.613065326633166023e+02 1.864710928551053026e+00 7.141265930188683830e-03
6.663316582914573019e+02 1.864660299211763572e+00 7.257948059934168049e-03
6.713567839195980014e+02 1.864613781664321568e+00 7.373945010985388619e-03
6.763819095477387009e+02 1.864571163089876915e+00 7.489213644502582153e-03
6.814070351758794004e+02 1.864532248045046581e+00 7.603712671731041768e-03
6.864321608040200999e+02 1.864496856191909080e+00 7.717402671938248040e-03
6.914572864321607994e+02 1.864464820389624133e+00 7.830246104268426266e-03
6.964824120603016127e+02 1.864435985083171099e+00 7.942207313220039921e-03
7.015075376884421985e+02 1.864410204937541726e+00 8.053252528543315344e-03
7.065326633165830117e+02 1.864387343675715680e+00 8.163349859582931176e-03
7.115577889447235975e+02 1.864367273086610099e+00 8.272469284780828436e-03
7.165829145728644107e+02 1.864349872175396161e+00 8.380582636363820281e-03
7.216080402010049966e+02 1.864335026433523002e+00 8.487663580585452436e-03
7.266331658291458098e+02 1.864322627209746397e+00 8.593687594093724763e-03
7.316582914572863956e+02 1.864312571166665933e+00 8.698631936475464954e-03
7.366834170854272088e+02 1.864304759809845891e+00 8.802475619497962186e-03
7.417085427135677946e+02 1.864299099078731370e+00 8.905199373204199242e-03
7.467336683417086078e+02 1.864295498990281130e+00 9.006785609260017228e-03
7.517587939698491937e+02 1.864293873327686812e+00 9.107218381914443037e-03
7.567839195979900069e+02 1.864294139367708825e+00 9.206483346589444325e-03
7.618090452261307064e+02 1.864296217641160824e+00 9.304567716807625108e-03
7.668341708542714059e+02 1.864300031721878081e+00 9.401460219271576962e-03
7.718592964824121054e+02 1.864305508040208892e+00 9.497151047700370247e-03
7.768844221105528050e+02 1.864312575717624876e+00 9.591631815430609956e-03
7.819095477386935045e+02 1.864321166419561804e+00 9.684895507152251407e-03
7.869346733668342040e+02 1.864331214223989175e+00 9.776936429937231610e-03
7.919597989949749035e+02 1.864342655503578250e+00 9.867750163808034630e-03
7.969849246231156030e+02 1.864355428819623572e+00 9.957333511964896328e-03
8.020100502512563025e+02 1.864369474826141460e+00 1.004568445092806142e-02
8.070351758793970021e+02 1.864384736182775004e+00 1.013280208072789290e-02
8.120603015075377016e+02 1.864401157475333637e+00 1.021868657527187293e-02
8.170854271356784011e+02 1.864418685142952281e+00 1.030333913312301251e-02
8.221105527638192143e+02 1.864437267410990362e+00 1.038676192867057230e-02
8.271356783919598001e+02 1.864456854228924598e+00 1.046895806399140115e-02
8.321608040201006133e+02 1.864477397212571219e+00 1.054993152132257389e-02
8.371859296482411992e+02 1.864498849590087382e+00 1.062968711638418925e-02
8.422110552763820124e+02 1.864521166151262177e+00 1.070823045259088058e-02
8.472361809045225982e+02 1.864544303199677122e+00 1.078556787624127683e-02
8.522613065326634114e+02 1.864568218507383301e+00 1.086170643265925440e-02
8.572864321608039972e+02 1.864592871271784746e+00 1.093665382348819708e-02
8.623115577889448105e+02 1.864618222074458487e+00 1.101041836513992275e-02
8.673366834170853963e+02 1.864644232841692784e+00 1.108300894832342856e-02
8.723618090452262095e+02 1.864670866806542815e+00 1.115443499886504056e-02
8.773869346733667953e+02 1.864698088472241722e+00 1.122470643975772252e-02
8.824120603015076085e+02 1.864725863576824461e+00 1.129383365441452049e-02
8.874371859296483080e+02 1.864754159058845895e+00 1.136182745121428264e-02
8.924623115577890076e+02 1.864782943024090756e+00 1.142869902937967801e-02
8.974874371859297071e+02 1.864812184713191101e+00 1.149445994603737198e-02
9.025125628140704066e+02 1.864841854470077109e+00 1.155912208457162207e-02
9.075376884422111061e+02 1.864871923711202806e+00 1.162269762436315794e-02
9.125628140703518056e+02 1.864902364895497211e+00 1.168519901164513999e-02
9.175879396984925052e+02 1.864933151494992947e+00 1.174663893164950255e-02
9.226130653266332047e+02 1.864964257966105210e+00 1.180703028206388921e-02
9.276381909547739042e+02 1.864995659721529142e+00 1.186638614754250212e-02
9.326633165829146037e+02 1.865027333102729612e+00 1.192471977558761526e-02
9.376884422110553032e+02 1.865059255353005652e+00 1.198204455346173550e-02
9.427135678391960028e+02 1.865091404591118884e+00 1.203837398626889273e-02
9.477386934673367023e+02 1.865123759785463520e+00 1.209372167620457149e-02
9.527638190954774018e+02 1.865156300728775030e+00 1.214810130283153732e-02
9.577889447236181013e+02 1.865189008013365513e+00 1.220152660439337115e-02
9.628140703517588008e+02 1.865221863006881753e+00 1.225401136025297544e-02
9.678391959798995003e+02 1.865254847828575091e+00 1.230556937418301848e-02
9.728643216080401999e+02 1.865287945326084440e+00 1.235621445873285457e-02
9.778894472361808994e+02 1.865321139052722677e+00 1.240596042046252824e-02
9.829145728643217126e+02 1.865354413245267073e+00 1.245482104607602281e-02
9.879396984924624121e+02 1.865387752802247334e+00 1.250281008945200271e-02
9.929648241206031116e+02 1.865421143262728787e+00 1.254994125944918805e-02
9.979899497487438111e+02 1.865454570785589627e+00 1.259622820858114986e-02
1.003015075376884511e+03 1.865488022129283330e+00 1.264168452238253679e-02
1.008040201005025210e+03 1.865521484632090665e+00 1.268632370957610903e-02
1.013065326633165910e+03 1.865554946192849561e+00 1.273015919289592450e-02
1.018090452261306609e+03 1.865588395252165244e+00 1.277320430061040270e-02
1.023115577889447309e+03 1.865621820774093109e+00 1.281547225869429478e-02
1.028140703517588008e+03 1.865655212228290116e+00 1.285697618357559482e-02
1.033165829145728821e+03 1.865688559572632244e+00 1.289772907554180038e-02
1.038190954773869407e+03 1.865721853236289363e+00 1.293774381260599619e-02
1.043216080402009993e+03 1.865755084103255301e+00 1.297703314500731932e-02
1.048241206030150806e+03 1.865788243496325993e+00 1.301560969014195664e-02
1.053266331658291620e+03 1.865821323161520606e+00 1.305348592802449068e-02
1.058291457286432205e+03 1.865854315252937212e+00 1.309067419714055047e-02
1.063316582914572791e+03 1.865887212318041000e+00 1.312718669080952319e-02
1.068341708542713604e+03 1.865920007283371707e+00 1.316303545389588617e-02
1.073366834170854418e+03 1.865952693440670496e+00 1.319823237993919540e-02
1.078391959798995003e+03 1.865985264433414503e+00 1.323278920863760894e-02
1.083417085427135589e+03 1.866017714243752401e+00 1.326671752365530914e-02
1.088442211055276402e+03 1.866050037179835197e+00 1.330002875080048969e-02
1.093467336683417216e+03 1.866082227863532506e+00 1.333273415646183714e-02
1.098492462311557802e+03 1.866114281218528070e+00 1.336484484636030375e-02
1.103517587939698387e+03 1.866146192458786546e+00 1.339637176456445929e-02
1.108542713567839201e+03 1.866177957077381322e+00 1.342732569273558801e-02
1.113567839195980014e+03 1.866209570835682285e+00 1.345771724968511905e-02
1.118592964824120827e+03 1.866241029752882863e+00 1.348755689102116261e-02
1.123618090452261413e+03 1.866272330095872345e+00 1.351685490913331032e-02
1.128643216080401999e+03 1.866303468369437946e+00 1.354562143329348170e-02
1.133668341708542812e+03 1.866334441306785941e+00 1.357386642997359533e-02
1.138693467336683625e+03 1.866365245860382105e+00 1.360159970330783799e-02
1.143718592964824211e+03 1.866395879193096574e+00 1.362883089571007879e-02
1.148743718592964797e+03 1.866426338669647134e+00 1.365556948865687993e-02
1.153768844221105610e+03 1.866456621848335384e+00 1.368182480358152465e-02
1.158793969849246423e+03 1.866486726473063795e+00 1.370760600289829684e-02
1.163819095477387009e+03 1.866516650465628979e+00 1.373292209111935495e-02
1.168844221105527595e+03 1.866546391918284087e+00 1.375778191614818874e-02
1.173869346733668408e+03 1.866575949086558106e+00 1.378219417057463016e-02
1.178894472361809221e+03 1.866605320382331845e+00 1.380616739308034545e-02
1.183919597989949807e+03 1.866634504367155056e+00 1.382970996997384683e-02
1.188944723618090393e+03 1.866663499745805144e+00 1.385283013676158990e-02
1.193969849246231206e+03 1.866692305360076132e+00 1.387553597975894198e-02
1.198994974874372019e+03 1.866720920182789456e+00 1.389783543780863037e-02
1.204020100502512605e+03 1.866749343312025466e+00 1.391973630398986653e-02
1.209045226130653191e+03 1.866777573965563208e+00 1.394124622746558198e-02
1.214070351758794004e+03 1.866805611475525595e+00 1.396237271527138619e-02
1.219095477386934817e+03 1.866833455283219090e+00 1.398312313416978994e-02
1.224120603015075403e+03 1.866861104934170790e+00 1.400350471261235623e-02
1.229145728643215989e+03 1.866888560073344028e+00 1.402352454258271042e-02
1.234170854271356802e+03 1.866915820440537388e+00 1.404318958159397716e-02
1.239195979899497615e+03 1.866942885865956248e+00 1.406250665465305118e-02
1.244221105527638429e+03 1.866969756265950853e+00 1.408148245617962119e-02
1.249246231155779014e+03 1.866996431638917375e+00 1.410012355208836894e-02
1.254271356783919600e+03 1.867022912061356399e+00 1.411843638167423892e-02
1.259296482412060413e+03 1.867049197684081063e+00 1.413642725969049829e-02
1.264321608040201227e+03 1.867075288728573090e+00 1.415410237833060123e-02
1.269346733668341813e+03 1.867101185483479808e+00 1.417146780921162835e-02
1.274371859296482398e+03 1.867126888301246401e+00 1.418852950536989704e-02
1.279396984924623212e+03 1.867152397594882052e+00 1.420529330327134632e-02
1.284422110552764025e+03 1.867177713834851538e+00 1.422176492476115786e-02
1.289447236180904611e+03 1.867202837546090954e+00 1.423794997909597765e-02
1.294472361809045196e+03 1.867227769305139340e+00 1.425385396482689235e-02
1.299497487437186010e+03 1.867252509737389099e+00 1.426948227180121868e-02
1.304522613065326823e+03 1.867277059514441451e+00 1.428484018310574762e-02
1.309547738693467409e+03 1.867301419351571790e+00 1.429993287690749411e-02
1.314572864321607994e+03 1.867325590005296965e+00 1.431476542847409140e-02
1.319597989949748808e+03 1.867349572271038705e+00 1.432934281193292206e-02
1.324623115577889621e+03 1.867373366980886962e+00 1.434366990223728822e-02
1.329648241206030207e+03 1.867396975001449189e+00 1.435775147695343180e-02
1.334673366834170793e+03 1.867420397231794427e+00 1.437159221808782285e-02
1.339698492462311606e+03 1.867443634601476887e+00 1.438519671392533145e-02
1.344723618090452419e+03 1.867466688068644576e+00 1.439856946076429126e-02
1.349748743718593005e+03 1.867489558618226519e+00 1.441171486468173848e-02
1.354773869346733591e+03 1.867512247260195712e+00 1.442463724331484801e-02
1.359798994974874404e+03 1.867534755027905558e+00 1.443734082750617286e-02
1.364824120603015217e+03 1.867557082976496474e+00 1.444982976302250539e-02
1.369849246231156030e+03 1.867579232181369564e+00 1.446210811221011749e-02
1.374874371859296616e+03 1.867601203736728444e+00 1.447417985565718074e-02
1.379899497487437202e+03 1.867622998754181030e+00 1.448604889375734728e-02
1.384924623115578015e+03 1.867644618361401498e+00 1.449771904832949238e-02
1.389949748743718828e+03 1.867666063700853973e+00 1.450919406417207347e-02
1.394974874371859414e+03 1.867687335928567949e+00 1.452047761062248352e-02
1.400000000000000000e+03 1.867708436212970113e+00 1.453157328301551802e-02
