4.000000000000000000e+02 1.848319555980942441e+00 1.420107329316838349e-02
4.050251256281406995e+02 1.852107109193626311e+00 1.421079685601446541e-02
4.100502512562813990e+02 1.854090551681501164e+00 1.422074110350052441e-02
4.150753768844220986e+02 1.855507445006373324e+00 1.422042113776187874e-02
4.201005025125627981e+02 1.856663656875455315e+00 1.420638370014126045e-02
4.251256281407034976e+02 1.857680465711947893e+00 1.417645299117244705e-02
4.301507537688441971e+02 1.858618167647779984e+00 1.412876011424513134e-02
4.351758793969848966e+02 1.859511146376695123e+00 1.406144338152277851e-02
4.402010050251256530e+02 1.860380930064922778e+00 1.397250732826652367e-02
4.452261306532663525e+02 1.861241948290326409e+00 1.385972429280234695e-02
4.502512562814070520e+02 1.862104381571686007e+00 1.372053956919938242e-02
4.552763819095477515e+02 1.862975691685589741e+00 1.355195962646088895e-02
4.603015075376884511e+02 1.863861488404934930e+00 1.335040507220545264e-02
4.653266331658291506e+02 1.864766028394569064e+00 1.311150416779741611e-02
4.703517587939698501e+02 1.865692483212605834e+00 1.282978813140660951e-02
4.753768844221105496e+02 1.866643028637983370e+00 1.249821953480867963e-02
4.804020100502512491e+02 1.867618740049792558e+00 1.210742217959280553e-02
4.854271356783919487e+02 1.868619177729700986e+00 1.164433832380036733e-02
4.904522613065327050e+02 1.869641297248704204e+00 1.108967998447786714e-02
4.954773869346734045e+02 1.870676493125968509e+00 1.041249328260794062e-02
5.005025125628141041e+02 1.871700945900817370e+00 9.556375151110468522e-03
5.055276381909548036e+02 1.872629954645366857e+00 8.392544324818654658e-03
5.105527638190955031e+02 1.872721495127765978e+00 6.387645248280969523e-03
5.155778894472362026e+02 1.871156831743555404e+00 4.534603197097789376e-03
5.206030150753769021e+02 1.869250784434614232e+00 4.669792338570421565e-03
5.256281407035176017e+02 1.868117775037124506e+00 4.804282362347803668e-03
5.306532663316583012e+02 1.867299251449213271e+00 4.939036542549289296e-03
5.356783919597990007e+02 1.866658137916291649e+00 5.074277939345860945e-03
5.407035175879397002e+02 1.866132574995484239e+00 5.210058879902004607e-03
5.457286432160803997e+02 1.865688809388079017e+00 5.346368687266146551e-03
5.507537688442210992e+02 1.865306237044363602e+00 5.483167618984426811e-03
5.557788944723617988e+02 1.864971302383689356e+00 5.620400674477212151e-03
5.608040201005024983e+02 1.864674593250474466e+00 5.758004200720842451e-03
5.658291457286431978e+02 1.864409302070815455e+00 5.895909442484465260e-03
5.708542713567838973e+02 1.864170344279819425e+00 6.034044631785370240e-03
5.758793969849245968e+02 1.863953821928715282e+00 6.172336312601020211e-03
5.809045226130654100e+02 1.863756681316351305e+00 6.310710235654084545e-03
5.859296482412059959e+02 1.863576485773686509e+00 6.449091996615812991e-03
5.909547738693468091e+02 1.863411259905086492e+00 6.587407512722070514e-03
5.959798994974873949e+02 1.863259379853053455e+00 6.725583392790745497e-03
6.010050251256282081e+02 1.863119494156931788e+00 6.863547233637414327e-03
6.060301507537687939e+02 1.862990465508968851e+00 7.001227863382405991e-03
6.110552763819096072e+02 1.862871327125558807e+00 7.138555544893045168e-03
6.160804020100503067e+02 1.862761249554116372e+00 7.275462148116897988e-03
6.211055276381910062e+02 1.862659515069162053e+00 7.411881297125626558e-03
6.261306532663317057e+02 1.862565497678501769e+00 7.547748496084409620e-03
6.311557788944724052e+02 1.862478647337661775e+00 7.683001237044650468e-03
6.361809045226131047e+02 1.862398477362962490e+00 7.817579091691072984e-03
6.412060301507538043e+02 1.862324554305032187e+00 7.951423788906931966e-03
6.462311557788945038e+02 1.862256489735587328e+00 8.084479279126921547e-03
6.512562814070352033e+02 1.862193933536771207e+00 8.216691786906855574e-03
6.562814070351759028e+02 1.862136568381231649e+00 8.348009852143845055e-03
6.613065326633166023e+02 1.862084105163678505e+00 8.478384361379258383e-03
6.663316582914573019e+02 1.862036279198535427e+00 8.607768569010923465e-03
6.713567839195980014e+02 1.861992847038757226e+00 8.736118109998787171e-03
6.763819095477387009e+02 1.861953583801537526e+00 8.863391003840823471e-03
6.814070351758794004e+02 1.861918280910120904e+00 8.989547650958433500e-03
6.864321608040200999e+02 1.861886744179053865e+00 9.114550821713059484e-03
6.914572864321607994e+02 1.861858792184329259e+00 9.238365638708698896e-03
6.964824120603016127e+02 1.861834254870949890e+00 9.360959552953108942e-03
7.015075376884421985e+02 1.861812972359194296e+00 9.482302314168598867e-03
7.065326633165830117e+02 1.861794793917828539e+00 9.602365936011297842e-03
7.115577889447235975e+02 1.861779577078096271e+00 9.721124656370004613e-03
7.165829145728644107e+02 1.861767186866800872e+00 9.838554893567800705e-03
7.216080402010049966e+02 1.861757495140452745e+00 9.954635198502198926e-03
7.266331658291458098e+02 1.861750380005413374e+00 1.006934620354569578e-02
7.316582914572863956e+02 1.861745725311402033e+00 1.018267056827547486e-02
7.366834170854272088e+02 1.861743420207739641e+00 1.029459292273125770e-02
7.417085427135677946e+02 1.861743358753349398e+00 1.040509980835109191e-02
7.467336683417086078e+02 1.861745439572916494e+00 1.051417961704379303e-02
7.517587939698491937e+02 1.861749565552754282e+00 1.062182252883623300e-02
7.567839195979900069e+02 1.861755643570880414e+00 1.072802044817667416e-02
7.618090452261307064e+02 1.861763584256617365e+00 1.083276693946254136e-02
7.668341708542714059e+02 1.861773301775712541e+00 1.093605716189448296e-02
7.718592964824121054e+02 1.861784713637539168e+00 1.103788780406904368e-02
7.768844221105528050e+02 1.861797740521441646e+00 1.113825701838124654e-02
7.819095477386935045e+02 1.861812306119687399e+00 1.123716435568889414e-02
7.869346733668342040e+02 1.861828336994857835e+00 1.133461070023008416e-02
7.919597989949749035e+02 1.861845762449795272e+00 1.143059820516901734e-02
7.969849246231156030e+02 1.861864514408500204e+00 1.152513022884643634e-02
8.020100502512563025e+02 1.861884527306580273e+00 1.161821127188993399e-02
8.070351758793970021e+02 1.861905737990050769e+00 1.170984691538550122e-02
8.120603015075377016e+02 1.861928085621449958e+00 1.180004376023374192e-02
8.170854271356784011e+02 1.861951511592373043e+00 1.188880936769637180e-02
8.221105527638192143e+02 1.861975959441651618e+00 1.197615220143765334e-02
8.271356783919598001e+02 1.862001374778509577e+00 1.206208157089097566e-02
8.321608040201006133e+02 1.862027705210118622e+00 1.214660757621546447e-02
8.371859296482411992e+02 1.862054900273057090e+00 1.222974105491601501e-02
8.422110552763820124e+02 1.862082911368240223e+00 1.231149352992244594e-02
8.472361809045225982e+02 1.862111691698953075e+00 1.239187715954051527e-02
8.522613065326634114e+02 1.862141196211663630e+00 1.247090468896917652e-02
8.572864321608039972e+02 1.862171381539342363e+00 1.254858940362276777e-02
8.623115577889448105e+02 1.862202205947051326e+00 1.262494508413116411e-02
8.673366834170853963e+02 1.862233629279595792e+00 1.269998596314892564e-02
8.723618090452262095e+02 1.862265612911064183e+00 1.277372668385323012e-02
8.773869346733667953e+02 1.862298119696103704e+00 1.284618226016999605e-02
8.824120603015076085e+02 1.862331113922803594e+00 1.291736803878994026e-02
8.874371859296483080e+02 1.862364561267069174e+00 1.298729966275849988e-02
8.924623115577890076e+02 1.862398428748393675e+00 1.305599303684790158e-02
8.974874371859297071e+02 1.862432684686944784e+00 1.312346429454517259e-02
9.025125628140704066e+02 1.862467298661891091e+00 1.318972976657921577e-02
9.075376884422111061e+02 1.862502241470909370e+00 1.325480595116220427e-02
9.125628140703518056e+02 1.862537485090816514e+00 1.331870948560297425e-02
9.175879396984925052e+02 1.862573002639282826e+00 1.338145711963290192e-02
9.226130653266332047e+02 1.862608768337582044e+00 1.344306568997643246e-02
9.276381909547739042e+02 1.862644757474342549e+00 1.350355209646928421e-02
9.326633165829146037e+02 1.862680946370275814e+00 1.356293327953844545e-02
9.376884422110553032e+02 1.862717312343840970e+00 1.362122619898378101e-02
9.427135678391960028e+02 1.862753833677832427e+00 1.367844781403204819e-02
9.477386934673367023e+02 1.862790489586862996e+00 1.373461506467178045e-02
9.527638190954774018e+02 1.862827260185719647e+00 1.378974485417669080e-02
9.577889447236181013e+02 1.862864126458577241e+00 1.384385403270808196e-02
9.628140703517588008e+02 1.862901070229051381e+00 1.389695938210951109e-02
9.678391959798995003e+02 1.862938074131071264e+00 1.394907760175211064e-02
9.728643216080401999e+02 1.862975121580559001e+00 1.400022529526489916e-02
9.778894472361808994e+02 1.863012196747900528e+00 1.405041895842663868e-02
9.829145728643217126e+02 1.863049284531191230e+00 1.409967496782140242e-02
9.879396984924624121e+02 1.863086370530242952e+00 1.414800957048586820e-02
9.929648241206031116e+02 1.863123441021340199e+00 1.419543887431099112e-02
9.979899497487438111e+02 1.863160482932727291e+00 1.424197883933566756e-02
1.003015075376884511e+03 1.863197483820816958e+00 1.428764526971875587e-02
1.008040201005025210e+03 1.863234431847103467e+00 1.433245380646976964e-02
1.013065326633165910e+03 1.863271315755768986e+00 1.437641992090238005e-02
1.018090452261306609e+03 1.863308124851966729e+00 1.441955890866956566e-02
1.023115577889447309e+03 1.863344848980770685e+00 1.446188588446669331e-02
1.028140703517588008e+03 1.863381478506773714e+00 1.450341577732725505e-02
1.033165829145728821e+03 1.863418004294324914e+00 1.454416332635505467e-02
1.038190954773869407e+03 1.863454417688389153e+00 1.458414307718259445e-02
1.043216080402009993e+03 1.863490710496016112e+00 1.462336937869607341e-02
1.048241206030150806e+03 1.863526874968405078e+00 1.466185638041108200e-02
1.053266331658291620e+03 1.863562903783551494e+00 1.469961803011291153e-02
1.058291457286432205e+03 1.863598790029462826e+00 1.473666807205454600e-02
1.063316582914572791e+03 1.863634527187925993e+00 1.477302004539890988e-02
1.068341708542713604e+03 1.863670109118818585e+00 1.480868728316090885e-02
1.073366834170854418e+03 1.863705530044946324e+00 1.484368291134688204e-02
1.078391959798995003e+03 1.863740784537391670e+00 1.487801984848773421e-02
1.083417085427135589e+03 1.863775867501367367e+00 1.491171080546087498e-02
1.088442211055276402e+03 1.863810774162551365e+00 1.494476828552057830e-02
1.093467336683417216e+03 1.863845500053900039e+00 1.497720458464345261e-02
1.098492462311557802e+03 1.863880041002919929e+00 1.500903179210159172e-02
1.103517587939698387e+03 1.863914393119386448e+00 1.504026179123686691e-02
1.108542713567839201e+03 1.863948552783499135e+00 1.507090626037342097e-02
1.113567839195980014e+03 1.863982516634459685e+00 1.510097667406395255e-02
1.118592964824120827e+03 1.864016281559458088e+00 1.513048430434127747e-02
1.123618090452261413e+03 1.864049844683058454e+00 1.515944022225979709e-02
1.128643216080401999e+03 1.864083203356969864e+00 1.518785529948808721e-02
1.133668341708542812e+03 1.864116355150192250e+00 1.521574021004575353e-02
1.138693467336683625e+03 1.864149297839525321e+00 1.524310543223265577e-02
1.143718592964824211e+03 1.864182029400426766e+00 1.526996125055786642e-02
1.148743718592964797e+03 1.864214547998213289e+00 1.529631775785591195e-02
1.153768844221105610e+03 1.864246851979589170e+00 1.532218485739833373e-02
1.158793969849246423e+03 1.864278939864496776e+00 1.534757226520176362e-02
1.163819095477387009e+03 1.864310810338271285e+00 1.537248951229766049e-02
1.168844221105527595e+03 1.864342462244097387e+00 1.539694594712117531e-02
1.173869346733668408e+03 1.864373894575753310e+00 1.542095073791530623e-02
1.178894472361809221e+03 1.864405106470633067e+00 1.544451287522741537e-02
1.183919597989949807e+03 1.864436097203039822e+00 1.546764117443776357e-02
1.188944723618090393e+03 1.864466866177738602e+00 1.549034427823879970e-02
1.193969849246231206e+03 1.864497412923759700e+00 1.551263065927822697e-02
1.198994974874372019e+03 1.864527737088447434e+00 1.553450862272601901e-02
1.204020100502512605e+03 1.864557838431740500e+00 1.555598630886360391e-02
1.209045226130653191e+03 1.864587716820680585e+00 1.557707169576370843e-02
1.214070351758794004e+03 1.864617372224138148e+00 1.559777260185085668e-02
1.219095477386934817e+03 1.864646804707749128e+00 1.561809668861095096e-02
1.224120603015075403e+03 1.864676014429053952e+00 1.563805146317582412e-02
1.229145728643215989e+03 1.864705001632833259e+00 1.565764428096515573e-02
1.234170854271356802e+03 1.864733766646633040e+00 1.567688234833251176e-02
1.239195979899497615e+03 1.864762309876468294e+00 1.569577272515549834e-02
1.244221105527638429e+03 1.864790631802706100e+00 1.571432232746604665e-02
1.249246231155779014e+03 1.864818732976114335e+00 1.573253793000399525e-02
1.254271356783919600e+03 1.864846614014075366e+00 1.575042616882483745e-02
1.259296482412060413e+03 1.864874275596953623e+00 1.576799354383075918e-02
1.264321608040201227e+03 1.864901718464616831e+00 1.578524642130600328e-02
1.269346733668341813e+03 1.864928943413099782e+00 1.580219103643151421e-02
1.274371859296482398e+03 1.864955951291410230e+00 1.581883349573981815e-02
1.279396984924623212e+03 1.864982742998466447e+00 1.583517977962559456e-02
1.284422110552764025e+03 1.865009319480167127e+00 1.585123574471108965e-02
1.289447236180904611e+03 1.865035681726583849e+00 1.586700712630800814e-02
1.294472361809045196e+03 1.865061830769271678e+00 1.588249954073996453e-02
1.299497487437186010e+03 1.865087767678700326e+00 1.589771848771751733e-02
1.304522613065326823e+03 1.865113493561789237e+00 1.591266935263510943e-02
1.309547738693467409e+03 1.865139009559553918e+00 1.592735740884855533e-02
1.314572864321607994e+03 1.865164316844852399e+00 1.594178781991435062e-02
1.319597989949748808e+03 1.865189416620230300e+00 1.595596564183492799e-02
1.324623115577889621e+03 1.865214310115861585e+00 1.596989582519366471e-02
1.329648241206030207e+03 1.865238998587577912e+00 1.598358321734189708e-02
1.334673366834170793e+03 1.865263483314987036e+00 1.599703256446606894e-02
1.339698492462311606e+03 1.865287765599674685e+00 1.601024851371771543e-02
1.344723618090452419e+03 1.865311846763486159e+00 1.602323561522749767e-02
1.349748743718593005e+03 1.865335728146885419e+00 1.603599832410250794e-02
1.354773869346733591e+03 1.865359411107389898e+00 1.604854100242232573e-02
1.359798994974874404e+03 1.865382897018074582e+00 1.606086792120079570e-02
1.364824120603015217e+03 1.865406187266144711e+00 1.607298326223222801e-02
1.369849246231156030e+03 1.865429283251576420e+00 1.608489112002425142e-02
1.374874371859296616e+03 1.865452186385817113e+00 1.609659550359051131e-02
1.379899497487437202e+03 1.865474898090549560e+00 1.610810033829136734e-02
1.384924623115578015e+03 1.865497419796511513e+00 1.611940946758575952e-02
1.389949748743718828e+03 1.865519752942371712e+00 1.613052665476476244e-02
1.394974874371859414e+03 1.865541898973660517e+00 1.614145558466794153e-02
1.400000000000000000e+03 1.865563859341751174e+00 1.615219986535630300e-02
