4.000000000000000000e+02 1.848531767842087392e+00 1.426190088597935855e-02
4.050251256281406995e+02 1.852325907261026527e+00 1.427388034267693465e-02
4.100502512562813990e+02 1.854311488315798950e+00 1.428626556770733712e-02
4.150753768844220986e+02 1.855729121083012245e+00 1.428851885810211893e-02
4.201005025125627981e+02 1.856885415814542029e+00 1.427718198712934691e-02
4.251256281407034976e+02 1.857901942118426630e+00 1.425008528086092914e-02
4.301507537688441971e+02 1.858839140074281415e+00 1.420537156903665943e-02
4.351758793969848966e+02 1.859731475800010969e+00 1.414119557035182356e-02
4.402010050251256530e+02 1.860600530221710125e+00 1.405558335635040748e-02
4.452261306532663525e+02 1.861460770228854589e+00 1.394633516892376107e-02
4.502512562814070520e+02 1.862322405586227081e+00 1.381093260857561497e-02
4.552763819095477515e+02 1.863192923788849820e+00 1.364642997851882138e-02
4.603015075376884511e+02 1.864077960311263604e+00 1.344931206118410091e-02
4.653266331658291506e+02 1.864981801138114959e+00 1.321529524256280855e-02
4.703517587939698501e+02 1.865907655734821979e+00 1.293903531852541415e-02
4.753768844221105496e+02 1.866857754696242599e+00 1.261367747542440493e-02
4.804020100502512491e+02 1.867833261172661574e+00 1.223012580356488618e-02
4.854271356783919487e+02 1.868833891068664821e+00 1.177577929380130284e-02
4.904522613065327050e+02 1.869856910056721055e+00 1.123215684324822307e-02
4.954773869346734045e+02 1.870894433134938417e+00 1.056990411580998636e-02
5.005025125628141041e+02 1.871924752859270624e+00 9.736410557711735331e-03
5.055276381909548036e+02 1.872872678042091898e+00 8.615346239977415832e-03
5.105527638190955031e+02 1.873168007659536505e+00 6.777004923684592022e-03
5.155778894472362026e+02 1.871712318526838059e+00 4.594145666218029528e-03
5.206030150753769021e+02 1.869695427702420698e+00 4.731097453339151021e-03
5.256281407035176017e+02 1.868518859107120456e+00 4.867163622848108030e-03
5.306532663316583012e+02 1.867675885982337691e+00 5.003433739154242860e-03
5.356783919597990007e+02 1.867018769111571164e+00 5.140158758635557726e-03
5.407035175879397002e+02 1.866481788045411427e+00 5.277400649450134963e-03
5.457286432160803997e+02 1.866029415324751417e+00 5.415152676462768079e-03
5.507537688442210992e+02 1.865640104846496339e+00 5.553376745050618048e-03
5.557788944723617988e+02 1.865299749267511631e+00 5.692018429328552821e-03
5.608040201005024983e+02 1.864998589384428973e+00 5.831014100405836238e-03
5.658291457286431978e+02 1.864729587142166078e+00 5.970294729579348446e-03
5.708542713567838973e+02 1.864487498189627557e+00 6.109788111861498908e-03
5.758793969849245968e+02 1.864268309866912388e+00 6.249420267244418757e-03
5.809045226130654100e+02 1.864068883696178514e+00 6.389116381641867654e-03
5.859296482412059959e+02 1.863886718795044528e+00 6.528801474086416701e-03
5.909547738693468091e+02 1.863719790089717332e+00 6.668400892472279781e-03
5.959798994974873949e+02 1.863566434573166175e+00 6.807840696274666294e-03
6.010050251256282081e+02 1.863425269425198483e+00 6.947047961580992380e-03
6.060301507537687939e+02 1.863295131850480679e+00 7.085951030607592037e-03
6.110552763819096072e+02 1.863175034077531267e+00 7.224479718979166798e-03
6.160804020100503067e+02 1.863064129165203253e+00 7.362565491035948616e-03
6.211055276381910062e+02 1.862961684657177486e+00 7.500141608400549657e-03
6.261306532663317057e+02 1.862867062030117316e+00 7.637143257022959222e-03
6.311557788944724052e+02 1.862779700482520617e+00 7.773507655284919889e-03
6.361809045226131047e+02 1.862699104019238217e+00 7.909174145698718433e-03
6.412060301507538043e+02 1.862624831068522502e+00 8.044084271997046370e-03
6.462311557788945038e+02 1.862556486066564876e+00 8.178181842612273003e-03
6.512562814070352033e+02 1.862493712585870487e+00 8.311412982350692771e-03
6.562814070351759028e+02 1.862436187686109745e+00 8.443726172308332889e-03
6.613065326633166023e+02 1.862383617241102129e+00 8.575072279767554165e-03
6.663316582914573019e+02 1.862335732051208836e+00 8.705404577942289432e-03
6.713567839195980014e+02 1.862292284592145464e+00 8.834678757007620106e-03
6.763819095477387009e+02 1.862253046282830171e+00 8.962852926310944934e-03
6.814070351758794004e+02 1.862217805179072982e+00 9.089887609091535509e-03
6.864321608040200999e+02 1.862186364018552975e+00 9.215745729513984824e-03
6.914572864321607994e+02 1.862158538557067811e+00 9.340392593279095435e-03
6.964824120603016127e+02 1.862134156147403852e+00 9.463795861778472041e-03
7.015075376884421985e+02 1.862113054521179922e+00 9.585925520595310265e-03
7.065326633165830117e+02 1.862095080741161146e+00 9.706753842785716471e-03
7.115577889447235975e+02 1.862080090297266954e+00 9.826255347513223812e-03
7.165829145728644107e+02 1.862067946324105883e+00 9.944406754165279957e-03
7.216080402010049966e+02 1.862058518921603900e+00 1.006118693297659676e-02
7.266331658291458098e+02 1.862051684563336140e+00 1.017657685198270628e-02
7.316582914572863956e+02 1.862047325579662127e+00 1.029055952119759497e-02
7.366834170854272088e+02 1.862045329704811403e+00 1.040311993415736318e-02
7.417085427135677946e+02 1.862045589678763324e+00 1.051424500733152620e-02
7.467336683417086078e+02 1.862048002896167676e+00 1.062392351763575410e-02
7.517587939698491937e+02 1.862052471095728023e+00 1.073214603868142235e-02
7.567839195979900069e+02 1.862058900084442303e+00 1.083890487561827397e-02
7.618090452261307064e+02 1.862067199491933112e+00 1.094419399941329481e-02
7.668341708542714059e+02 1.862077282550780755e+00 1.104800898046383144e-02
7.718592964824121054e+02 1.862089065899362073e+00 1.115034692190527109e-02
7.768844221105528050e+02 1.862102469404203209e+00 1.125120639306400119e-02
7.819095477386935045e+02 1.862117415999265280e+00 1.135058736290764196e-02
7.869346733668342040e+02 1.862133831539952711e+00 1.144849113415280679e-02
7.919597989949749035e+02 1.862151644669937989e+00 1.154492027777488140e-02
7.969849246231156030e+02 1.862170786699157032e+00 1.163987856849839700e-02
8.020100502512563025e+02 1.862191191491560094e+00 1.173337092105939880e-02
8.070351758793970021e+02 1.862212795361400275e+00 1.182540332774847068e-02
8.120603015075377016e+02 1.862235536976994288e+00 1.191598279699476390e-02
8.170854271356784011e+02 1.862259357271057070e+00 1.200511729345260341e-02
8.221105527638192143e+02 1.862284199356813774e+00 1.209281567935755440e-02
8.271356783919598001e+02 1.862310008449213461e+00 1.217908765751077142e-02
8.321608040201006133e+02 1.862336731790656508e+00 1.226394371572773687e-02
8.371859296482411992e+02 1.862364318580732370e+00 1.234739507309656932e-02
8.422110552763820124e+02 1.862392719909522931e+00 1.242945362772619397e-02
8.472361809045225982e+02 1.862421888694100192e+00 1.251013190633588727e-02
8.522613065326634114e+02 1.862451779617890768e+00 1.258944301556733092e-02
8.572864321608039972e+02 1.862482349072622556e+00 1.266740059503620140e-02
8.623115577889448105e+02 1.862513555102616847e+00 1.274401877220738590e-02
8.673366834170853963e+02 1.862545357351211850e+00 1.281931211896461704e-02
8.723618090452262095e+02 1.862577717009140876e+00 1.289329561007716320e-02
8.773869346733667953e+02 1.862610596764705528e+00 1.296598458324187651e-02
8.824120603015076085e+02 1.862643960755618000e+00 1.303739470109874059e-02
8.874371859296483080e+02 1.862677774522386809e+00 1.310754191476910802e-02
8.924623115577890076e+02 1.862712004963154921e+00 1.317644242914946945e-02
8.974874371859297071e+02 1.862746620289900346e+00 1.324411266998912727e-02
9.025125628140704066e+02 1.862781589985924802e+00 1.331056925237714995e-02
9.075376884422111061e+02 1.862816884764567416e+00 1.337582895104057895e-02
9.125628140703518056e+02 1.862852476529087253e+00 1.343990867205318435e-02
9.175879396984925052e+02 1.862888338333664739e+00 1.350282542613456468e-02
9.226130653266332047e+02 1.862924444345480879e+00 1.356459630339901593e-02
9.276381909547739042e+02 1.862960769807835648e+00 1.362523844953011064e-02
9.326633165829146037e+02 1.862997291004271139e+00 1.368476904337109952e-02
9.376884422110553032e+02 1.863033985223675248e+00 1.374320527578908567e-02
9.427135678391960028e+02 1.863070830726330840e+00 1.380056432990574636e-02
9.477386934673367023e+02 1.863107806710893488e+00 1.385686336253218708e-02
9.527638190954774018e+02 1.863144893282272507e+00 1.391211948681462737e-02
9.577889447236181013e+02 1.863182071420394603e+00 1.396634975600588233e-02
9.628140703517588008e+02 1.863219322949832391e+00 1.401957114839472336e-02
9.678391959798995003e+02 1.863256630510278899e+00 1.407180055325406125e-02
9.728643216080401999e+02 1.863293977527852530e+00 1.412305475781780277e-02
9.778894472361808994e+02 1.863331348187212466e+00 1.417335043523613829e-02
9.829145728643217126e+02 1.863368727404473901e+00 1.422270413343205801e-02
9.879396984924624121e+02 1.863406100800901521e+00 1.427113226487210403e-02
9.929648241206031116e+02 1.863443454677373712e+00 1.431865109715788932e-02
9.979899497487438111e+02 1.863480775989593052e+00 1.436527674444999965e-02
1.003015075376884511e+03 1.863518052324037333e+00 1.441102515958356776e-02
1.008040201005025210e+03 1.863555271874630881e+00 1.445591212701668495e-02
1.013065326633165910e+03 1.863592423420123323e+00 1.449995325636048958e-02
1.018090452261306609e+03 1.863629496302161348e+00 1.454316397659103678e-02
1.023115577889447309e+03 1.863666480404038817e+00 1.458555953092015647e-02
1.028140703517588008e+03 1.863703366130110117e+00 1.462715497219057442e-02
1.033165829145728821e+03 1.863740144385854336e+00 1.466796515886912775e-02
1.038190954773869407e+03 1.863776806558571586e+00 1.470800475146977378e-02
1.043216080402009993e+03 1.863813344498702174e+00 1.474728820958143630e-02
1.048241206030150806e+03 1.863849750501751279e+00 1.478582978925987480e-02
1.053266331658291620e+03 1.863886017290803165e+00 1.482364354090809876e-02
1.058291457286432205e+03 1.863922137999616702e+00 1.486074330751387985e-02
1.063316582914572791e+03 1.863958106156278882e+00 1.489714272329507525e-02
1.068341708542713604e+03 1.863993915667412571e+00 1.493285521270628323e-02
1.073366834170854418e+03 1.864029560802914043e+00 1.496789398973947562e-02
1.078391959798995003e+03 1.864065036181215218e+00 1.500227205757875132e-02
1.083417085427135589e+03 1.864100336755049048e+00 1.503600220847651700e-02
1.088442211055276402e+03 1.864135457797713391e+00 1.506909702400112232e-02
1.093467336683417216e+03 1.864170394889808513e+00 1.510156887542124515e-02
1.098492462311557802e+03 1.864205143906446427e+00 1.513342992439273629e-02
1.103517587939698387e+03 1.864239701004907657e+00 1.516469212382545728e-02
1.108542713567839201e+03 1.864274062612743865e+00 1.519536721896322558e-02
1.113567839195980014e+03 1.864308225416302145e+00 1.522546674865121047e-02
1.118592964824120827e+03 1.864342186349667863e+00 1.525500204672191294e-02
1.123618090452261413e+03 1.864375942584007850e+00 1.528398424362082883e-02
1.128643216080401999e+03 1.864409491517301953e+00 1.531242426805755862e-02
1.133668341708542812e+03 1.864442830764455827e+00 1.534033284891277160e-02
1.138693467336683625e+03 1.864475958147776780e+00 1.536772051715119825e-02
1.143718592964824211e+03 1.864508871687805103e+00 1.539459760788388851e-02
1.148743718592964797e+03 1.864541569594490023e+00 1.542097426256240633e-02
1.153768844221105610e+03 1.864574050258694049e+00 1.544686043115846806e-02
1.158793969849246423e+03 1.864606312244024622e+00 1.547226587453607791e-02
1.163819095477387009e+03 1.864638354278970844e+00 1.549720016679761135e-02
1.168844221105527595e+03 1.864670175249344419e+00 1.552167269773859805e-02
1.173869346733668408e+03 1.864701774191009909e+00 1.554569267534410687e-02
1.178894472361809221e+03 1.864733150282896323e+00 1.556926912829606491e-02
1.183919597989949807e+03 1.864764302840278942e+00 1.559241090859633805e-02
1.188944723618090393e+03 1.864795231308324475e+00 1.561512669411754817e-02
1.193969849246231206e+03 1.864825935255888245e+00 1.563742499125065494e-02
1.198994974874372019e+03 1.864856414369556736e+00 1.565931413758938490e-02
1.204020100502512605e+03 1.864886668447924389e+00 1.568080230454968471e-02
1.209045226130653191e+03 1.864916697396098444e+00 1.570189750004249291e-02
1.214070351758794004e+03 1.864946501220422936e+00 1.572260757120382338e-02
1.219095477386934817e+03 1.864976080023415195e+00 1.574294020701664729e-02
1.224120603015075403e+03 1.865005433998904172e+00 1.576290294103397174e-02
1.229145728643215989e+03 1.865034563427369063e+00 1.578250315404449225e-02
1.234170854271356802e+03 1.865063468671461555e+00 1.580174807672032888e-02
1.239195979899497615e+03 1.865092150171717478e+00 1.582064479232794807e-02
1.244221105527638429e+03 1.865120608442438321e+00 1.583920023928113777e-02
1.249246231155779014e+03 1.865148844067746392e+00 1.585742121384884837e-02
1.254271356783919600e+03 1.865176857697800505e+00 1.587531437273338036e-02
1.259296482412060413e+03 1.865204650045170887e+00 1.589288623563491973e-02
1.264321608040201227e+03 1.865232221881362173e+00 1.591014318785463275e-02
1.269346733668341813e+03 1.865259574033485857e+00 1.592709148279955120e-02
1.274371859296482398e+03 1.865286707381068609e+00 1.594373724451138633e-02
1.279396984924623212e+03 1.865313622853000064e+00 1.596008647017319385e-02
1.284422110552764025e+03 1.865340321424604486e+00 1.597614503252725582e-02
1.289447236180904611e+03 1.865366804114843458e+00 1.599191868233245523e-02
1.294472361809045196e+03 1.865393071983632245e+00 1.600741305074544416e-02
1.299497487437186010e+03 1.865419126129276517e+00 1.602263365170476447e-02
1.304522613065326823e+03 1.865444967686017419e+00 1.603758588423720086e-02
1.309547738693467409e+03 1.865470597821682341e+00 1.605227503479977197e-02
1.314572864321607994e+03 1.865496017735441159e+00 1.606670627952105565e-02
1.319597989949748808e+03 1.865521228655657282e+00 1.608088468642746363e-02
1.324623115577889621e+03 1.865546231837836855e+00 1.609481521767722884e-02
1.329648241206030207e+03 1.865571028562665212e+00 1.610850273167985930e-02
1.334673366834170793e+03 1.865595620134133714e+00 1.612195198527586679e-02
1.339698492462311606e+03 1.865620007877748066e+00 1.613516763579227534e-02
1.344723618090452419e+03 1.865644193138819240e+00 1.614815424313454165e-02
1.349748743718593005e+03 1.865668177280830120e+00 1.616091627180636647e-02
1.354773869346733591e+03 1.865691961683875411e+00 1.617345809286622332e-02
1.359798994974874404e+03 1.865715547743177050e+00 1.618578398594593126e-02
1.364824120603015217e+03 1.865738936867662678e+00 1.619789814111303322e-02
1.369849246231156030e+03 1.865762130478614278e+00 1.620980466079840684e-02
1.374874371859296616e+03 1.865785130008375869e+00 1.622150756162574550e-02
1.379899497487437202e+03 1.865807936899124941e+00 1.623301077622686314e-02
1.384924623115578015e+03 1.865830552601700276e+00 1.624431815505087556e-02
1.389949748743718828e+03 1.865852978574484844e+00 1.625543346809335543e-02
1.394974874371859414e+03 1.865875216282344429e+00 1.626636040660841415e-02
1.400000000000000000e+03 1.865897267195613773e+00 1.627710258480485547e-02
