4.000000000000000000e+02 1.854423160989302932e+00 1.408604213817231041e-02
4.050251256281406995e+02 1.858203688335016368e+00 1.409363718956886148e-02
4.100502512562813990e+02 1.860182823781250105e+00 1.410136217703723653e-02
4.150753768844220986e+02 1.861596164371561501e+00 1.409887004218044609e-02
4.201005025125627981e+02 1.862749082241254905e+00 1.408275659804607977e-02
4.251256281407034976e+02 1.863762655206969043e+00 1.405087994438820355e-02
4.301507537688441971e+02 1.864697077989377894e+00 1.400140257254110787e-02
4.351758793969848966e+02 1.865586676152477530e+00 1.393249592676433155e-02
4.402010050251256530e+02 1.866452942202028842e+00 1.384220185570428190e-02
4.452261306532663525e+02 1.867310283536265825e+00 1.372833639133292684e-02
4.502512562814070520e+02 1.868168867874065553e+00 1.358839752537843379e-02
4.552763819095477515e+02 1.869036151931483980e+00 1.341945701867063370e-02
4.603015075376884511e+02 1.869917748144538150e+00 1.321801864436543059e-02
4.653266331658291506e+02 1.870817925116137426e+00 1.297981986877452289e-02
4.703517587939698501e+02 1.871739879359980208e+00 1.269954039742612721e-02
4.753768844221105496e+02 1.872685832295024166e+00 1.237035320570476458e-02
4.804020100502512491e+02 1.873656941477538140e+00 1.198319561382004371e-02
4.854271356783919487e+02 1.874652921082454959e+00 1.152550768790913845e-02
4.904522613065327050e+02 1.875671039808292972e+00 1.097886102343249848e-02
4.954773869346734045e+02 1.876703421997478749e+00 1.031397133456144789e-02
5.005025125628141041e+02 1.877728375603213484e+00 9.478321144395465692e-03
5.055276381909548036e+02 1.878670684770009869e+00 8.355663970552075492e-03
5.105527638190955031e+02 1.878957662057694211e+00 6.515180477371795495e-03
5.155778894472362026e+02 1.877503178842792497e+00 4.345412137576644407e-03
5.206030150753769021e+02 1.875495501665808806e+00 4.476893439228600557e-03
5.256281407035176017e+02 1.874322796850201422e+00 4.607686152582717888e-03
5.306532663316583012e+02 1.873481700570414743e+00 4.738810568526750401e-03
5.356783919597990007e+02 1.872825360817830909e+00 4.870501959320002947e-03
5.407035175879397002e+02 1.872288429148759814e+00 5.002818398070255600e-03
5.457286432160803997e+02 1.871835572488989019e+00 5.135753344690723726e-03
5.507537688442210992e+02 1.871445360810646497e+00 5.269270607004983113e-03
5.557788944723617988e+02 1.871103762761644029e+00 5.403318413441825750e-03
5.608040201005024983e+02 1.870801072430901213e+00 5.537836090163773123e-03
5.658291457286431978e+02 1.870530291226122799e+00 5.672757626343452424e-03
5.708542713567838973e+02 1.870286205350919717e+00 5.808013761405687522e-03
5.758793969849245968e+02 1.870064826703583760e+00 5.943533303367894149e-03
5.809045226130654100e+02 1.869863037179282816e+00 6.079244017331721268e-03
5.859296482412059959e+02 1.869678353256592818e+00 6.215073258840683040e-03
5.909547738693468091e+02 1.869508764995632122e+00 6.350948447429583324e-03
5.959798994974873949e+02 1.869352622835766198e+00 6.486797435461910330e-03
6.010050251256282081e+02 1.869208556094750673e+00 6.622548805142193171e-03
6.060301507537687939e+02 1.869075413077956105e+00 6.758132113947439186e-03
6.110552763819096072e+02 1.868952216274320399e+00 6.893478101641562980e-03
6.160804020100503067e+02 1.868838128307640289e+00 7.028518867553955850e-03
6.211055276381910062e+02 1.868732425698613975e+00 7.163188023460508730e-03
6.261306532663317057e+02 1.868634478393533804e+00 7.297420826745655217e-03
6.311557788944724052e+02 1.868543733613872160e+00 7.431154295955696293e-03
6.361809045226131047e+02 1.868459702986868365e+00 7.564327311369400779e-03
6.412060301507538043e+02 1.868381952197711193e+00 7.696880701790411936e-03
6.462311557788945038e+02 1.868310092601027428e+00 7.828757318929043321e-03
6.512562814070352033e+02 1.868243774370054400e+00 7.959902100244102552e-03
6.562814070351759028e+02 1.868182680863681444e+00 8.090262121082457403e-03
6.613065326633166023e+02 1.868126523966175068e+00 8.219786636811814845e-03
6.663316582914573019e+02 1.868075040209751014e+00 8.348427115541399643e-03
6.713567839195980014e+02 1.868027987531687195e+00 8.476137262012512288e-03
6.763819095477387009e+02 1.867985142549119626e+00 8.602873033084431492e-03
6.814070351758794004e+02 1.867946298258725157e+00 8.728592645560015462e-03
6.864321608040200999e+02 1.867911262087055713e+00 8.853256576493620522e-03
6.914572864321607994e+02 1.867879854231743186e+00 8.976827556771097699e-03
6.964824120603016127e+02 1.867851906245103111e+00 9.099270558183523289e-03
7.015075376884421985e+02 1.867827259820632468e+00 9.220552774619510811e-03
7.065326633165830117e+02 1.867805765749992686e+00 9.340643597726697167e-03
7.115577889447235975e+02 1.867787283023778278e+00 9.459514587468223837e-03
7.165829145728644107e+02 1.867771678053951945e+00 9.577139438044205214e-03
7.216080402010049966e+02 1.867758823999546847e+00 9.693493939620493466e-03
7.266331658291458098e+02 1.867748600180262564e+00 9.808555936238727221e-03
7.316582914572863956e+02 1.867740891565058847e+00 9.922305280177920114e-03
7.366834170854272088e+02 1.867735588324897833e+00 1.003472378344433952e-02
7.417085427135677946e+02 1.867732585440462278e+00 1.014579516648269134e-02
7.467336683417086078e+02 1.867731782357088699e+00 1.025550500456560293e-02
7.517587939698491937e+02 1.867733082680312240e+00 1.036384067230658630e-02
7.567839195979900069e+02 1.867736393906406445e+00 1.047079128633099897e-02
7.618090452261307064e+02 1.867741627183117759e+00 1.057634764681861066e-02
7.668341708542714059e+02 1.867748697096488497e+00 1.068050217783828720e-02
7.718592964824121054e+02 1.867757521480251093e+00 1.078324886696157940e-02
7.768844221105528050e+02 1.867768021244769150e+00 1.088458320437617373e-02
7.819095477386935045e+02 1.867780120222929607e+00 1.098450212168145500e-02
7.869346733668342040e+02 1.867793745030744690e+00 1.108300393063516888e-02
7.919597989949749035e+02 1.867808824940742074e+00 1.118008826207278483e-02
7.969849246231156030e+02 1.867825291766473272e+00 1.127575600520919902e-02
8.020100502512563025e+02 1.867843079756707603e+00 1.137000924735712647e-02
8.070351758793970021e+02 1.867862125498072290e+00 1.146285121443964099e-02
8.120603015075377016e+02 1.867882367825065337e+00 1.155428621224426598e-02
8.170854271356784011e+02 1.867903747736517683e+00 1.164431956870259390e-02
8.221105527638192143e+02 1.867926208317700398e+00 1.173295757716891555e-02
8.271356783919598001e+02 1.867949694667392802e+00 1.182020744093756695e-02
8.321608040201006133e+02 1.867974153829305317e+00 1.190607721899379287e-02
8.371859296482411992e+02 1.867999534727350142e+00 1.199057577312619659e-02
8.422110552763820124e+02 1.868025788104307638e+00 1.207371271639677210e-02
8.472361809045225982e+02 1.868052866463509876e+00 1.215549836312454848e-02
8.522613065326634114e+02 1.868080724013208904e+00 1.223594368040834338e-02
8.572864321608039972e+02 1.868109316613342008e+00 1.231506024106515489e-02
8.623115577889448105e+02 1.868138601724454784e+00 1.239286017831157764e-02
8.673366834170853963e+02 1.868168538358565334e+00 1.246935614187307841e-02
8.723618090452262095e+02 1.868199087031796379e+00 1.254456125582058441e-02
8.773869346733667953e+02 1.868230209718610757e+00 1.261848907796814245e-02
8.824120603015076085e+02 1.868261869807527731e+00 1.269115356083717200e-02
8.874371859296483080e+02 1.868294032058197551e+00 1.276256901426838473e-02
8.924623115577890076e+02 1.868326662559743889e+00 1.283275006962673707e-02
8.974874371859297071e+02 1.868359728690289545e+00 1.290171164552766404e-02
9.025125628140704066e+02 1.868393199077589495e+00 1.296946891513339230e-02
9.075376884422111061e+02 1.868427043560719536e+00 1.303603727500386028e-02
9.125628140703518056e+02 1.868461233152762135e+00 1.310143231538327298e-02
9.175879396984925052e+02 1.868495740004448846e+00 1.316566979196549456e-02
9.226130653266332047e+02 1.868530537368718214e+00 1.322876559916854114e-02
9.276381909547739042e+02 1.868565599566161639e+00 1.329073574464355138e-02
9.326633165829146037e+02 1.868600901951324111e+00 1.335159632533278878e-02
9.376884422110553032e+02 1.868636420879839166e+00 1.341136350466430940e-02
9.427135678391960028e+02 1.868672133676373415e+00 1.347005349116634637e-02
9.477386934673367023e+02 1.868708018603368659e+00 1.352768251825364407e-02
9.527638190954774018e+02 1.868744054830554058e+00 1.358426682519597861e-02
9.577889447236181013e+02 1.868780222405225455e+00 1.363982263932336098e-02
9.628140703517588008e+02 1.868816502223269893e+00 1.369436615923262136e-02
9.678391959798995003e+02 1.868852876000926200e+00 1.374791353918304072e-02
9.728643216080401999e+02 1.868889326247268778e+00 1.380048087444774377e-02
9.778894472361808994e+02 1.868925836237405713e+00 1.385208418765451061e-02
9.829145728643217126e+02 1.868962389986374983e+00 1.390273941613542029e-02
9.879396984924624121e+02 1.868998972223736343e+00 1.395246240014791708e-02
9.929648241206031116e+02 1.869035568368841105e+00 1.400126887194739524e-02
9.979899497487438111e+02 1.869072164506774048e+00 1.404917444571798964e-02
1.003015075376884511e+03 1.869108747364954803e+00 1.409619460829941891e-02
1.008040201005025210e+03 1.869145304290392051e+00 1.414234471066715994e-02
1.013065326633165910e+03 1.869181823227574535e+00 1.418763996011842589e-02
1.018090452261306609e+03 1.869218292696994022e+00 1.423209541313496217e-02
1.023115577889447309e+03 1.869254701774286875e+00 1.427572596895822221e-02
1.028140703517588008e+03 1.869291040069983589e+00 1.431854636369595847e-02
1.033165829145728821e+03 1.869327297709855396e+00 1.436057116507108607e-02
1.038190954773869407e+03 1.869363465315848627e+00 1.440181476769862232e-02
1.043216080402009993e+03 1.869399533987594619e+00 1.444229138891867624e-02
1.048241206030150806e+03 1.869435495284481608e+00 1.448201506507588304e-02
1.053266331658291620e+03 1.869471341208282178e+00 1.452099964831480607e-02
1.058291457286432205e+03 1.869507064186320733e+00 1.455925880376953384e-02
1.063316582914572791e+03 1.869542657055170309e+00 1.459680600720394093e-02
1.068341708542713604e+03 1.869578113044869205e+00 1.463365454303719448e-02
1.073366834170854418e+03 1.869613425763643422e+00 1.466981750270613533e-02
1.078391959798995003e+03 1.869648589183122933e+00 1.470530778340824012e-02
1.083417085427135589e+03 1.869683597624043125e+00 1.474013808713288756e-02
1.088442211055276402e+03 1.869718445742417412e+00 1.477432092004112886e-02
1.093467336683417216e+03 1.869753128516168150e+00 1.480786859206591893e-02
1.098492462311557802e+03 1.869787641232208975e+00 1.484079321678697695e-02
1.103517587939698387e+03 1.869821979473960782e+00 1.487310671163367959e-02
1.108542713567839201e+03 1.869856139109295379e+00 1.490482079817819459e-02
1.113567839195980014e+03 1.869890116278892789e+00 1.493594700275366165e-02
1.118592964824120827e+03 1.869923907385000472e+00 1.496649665719805740e-02
1.123618090452261413e+03 1.869957509080584890e+00 1.499648089980180898e-02
1.128643216080401999e+03 1.869990918258864765e+00 1.502591067646207035e-02
1.133668341708542812e+03 1.870024132043211829e+00 1.505479674191391795e-02
1.138693467336683625e+03 1.870057147777413054e+00 1.508314966113889072e-02
1.143718592964824211e+03 1.870089963016280832e+00 1.511097981093226586e-02
1.148743718592964797e+03 1.870122575516600882e+00 1.513829738155202109e-02
1.153768844221105610e+03 1.870154983228408341e+00 1.516511237845415312e-02
1.158793969849246423e+03 1.870187184286583593e+00 1.519143462421380757e-02
1.163819095477387009e+03 1.870219177002753419e+00 1.521727376040933090e-02
1.168844221105527595e+03 1.870250959857494788e+00 1.524263924970814359e-02
1.173869346733668408e+03 1.870282531492823086e+00 1.526754037792469286e-02
1.178894472361809221e+03 1.870313890704965454e+00 1.529198625621574874e-02
1.183919597989949807e+03 1.870345036437402131e+00 1.531598582327159744e-02
1.188944723618090393e+03 1.870375967774170478e+00 1.533954784762398861e-02
1.193969849246231206e+03 1.870406683933423686e+00 1.536268092990100004e-02
1.198994974874372019e+03 1.870437184261233288e+00 1.538539350521452020e-02
1.204020100502512605e+03 1.870467468225631702e+00 1.540769384553229530e-02
1.209045226130653191e+03 1.870497535410880374e+00 1.542959006205360702e-02
1.214070351758794004e+03 1.870527385511960849e+00 1.545109010768632059e-02
1.219095477386934817e+03 1.870557018329282117e+00 1.547220177940615213e-02
1.224120603015075403e+03 1.870586433763589795e+00 1.549293272079005357e-02
1.229145728643215989e+03 1.870615631811078927e+00 1.551329042439688645e-02
1.234170854271356802e+03 1.870644612558696407e+00 1.553328223427947151e-02
1.239195979899497615e+03 1.870673376179632363e+00 1.555291534843067022e-02
1.244221105527638429e+03 1.870701922928986072e+00 1.557219682123910272e-02
1.249246231155779014e+03 1.870730253139609278e+00 1.559113356593654076e-02
1.254271356783919600e+03 1.870758367218113616e+00 1.560973235704763047e-02
1.259296482412060413e+03 1.870786265641039003e+00 1.562799983280258043e-02
1.264321608040201227e+03 1.870813948951178141e+00 1.564594249759438532e-02
1.269346733668341813e+03 1.870841417754049552e+00 1.566356672434155925e-02
1.274371859296482398e+03 1.870868672714512515e+00 1.568087875690881219e-02
1.279396984924623212e+03 1.870895714553525213e+00 1.569788471242541256e-02
1.284422110552764025e+03 1.870922544045031888e+00 1.571459058366728168e-02
1.289447236180904611e+03 1.870949162012981226e+00 1.573100224137802955e-02
1.294472361809045196e+03 1.870975569328466204e+00 1.574712543656012556e-02
1.299497487437186010e+03 1.871001766906987385e+00 1.576296580273188128e-02
1.304522613065326823e+03 1.871027755705825468e+00 1.577852885819511566e-02
1.309547738693467409e+03 1.871053536721528410e+00 1.579382000826652990e-02
1.314572864321607994e+03 1.871079110987502458e+00 1.580884454741905698e-02
1.319597989949748808e+03 1.871104479571707779e+00 1.582360766152541426e-02
1.324623115577889621e+03 1.871129643574449331e+00 1.583811442990379348e-02
1.329648241206030207e+03 1.871154604126265442e+00 1.585236982750513196e-02
1.334673366834170793e+03 1.871179362385904765e+00 1.586637872692809800e-02
1.339698492462311606e+03 1.871203919538393157e+00 1.588014590049539182e-02
1.344723618090452419e+03 1.871228276793182044e+00 1.589367602225308373e-02
1.349748743718593005e+03 1.871252435382380952e+00 1.590697366997188486e-02
1.354773869346733591e+03 1.871276396559063748e+00 1.592004332706131384e-02
1.359798994974874404e+03 1.871300161595653044e+00 1.593288938451733333e-02
1.364824120603015217e+03 1.871323731782375210e+00 1.594551614283508736e-02
1.369849246231156030e+03 1.871347108425783778e+00 1.595792781378405079e-02
1.374874371859296616e+03 1.871370292847349237e+00 1.597012852232583546e-02
1.379899497487437202e+03 1.871393286382114107e+00 1.598212230834171466e-02
1.384924623115578015e+03 1.871416090377406194e+00 1.599391312840824780e-02
1.389949748743718828e+03 1.871438706191614232e+00 1.600550485756642438e-02
1.394974874371859414e+03 1.871461135193015934e+00 1.601690129094696102e-02
1.400000000000000000e+03 1.871483378758664218e+00 1.602810614551676907e-02
