4.000000000000000000e+02 1.856639827985223645e+00 1.827585465523445113e-02
4.050251256281406995e+02 1.861609125264050313e+00 1.820328560440487645e-02
4.100502512562813990e+02 1.864284151584741034e+00 1.812841266877013649e-02
4.150753768844220986e+02 1.866240441660271809e+00 1.803354733843330962e-02
4.201005025125627981e+02 1.867867835838612267e+00 1.791241223656676179e-02
4.251256281407034976e+02 1.869321037085324599e+00 1.776067050066834629e-02
4.301507537688441971e+02 1.870676962136553989e+00 1.757427978440725264e-02
4.351758793969848966e+02 1.871979400591052611e+00 1.734892254434464848e-02
4.402010050251256530e+02 1.873255630895103385e+00 1.707965985146740057e-02
4.452261306532663525e+02 1.874523716445427368e+00 1.676059576119736522e-02
4.502512562814070520e+02 1.875796061697253103e+00 1.638444835795798901e-02
4.552763819095477515e+02 1.877081221665286570e+00 1.594191928193951224e-02
4.603015075376884511e+02 1.878384733726883526e+00 1.542068352538205830e-02
4.653266331658291506e+02 1.879709187561502182e+00 1.480364170891513773e-02
4.703517587939698501e+02 1.881053269789583648e+00 1.406561668932312589e-02
4.753768844221105496e+02 1.882408450113897791e+00 1.316633355290834986e-02
4.804020100502512491e+02 1.883747611256326504e+00 1.203270067922505328e-02
4.854271356783919487e+02 1.884971009323872293e+00 1.049896908407629142e-02
4.904522613065327050e+02 1.885223109980381340e+00 7.894926890812692735e-03
4.954773869346734045e+02 1.883444835398248474e+00 5.356677419974570538e-03
5.005025125628141041e+02 1.881193717851781466e+00 5.509085676475182665e-03
5.055276381909548036e+02 1.879887978204228371e+00 5.659407996032343388e-03
5.105527638190955031e+02 1.878962810449568144e+00 5.809049400215345396e-03
5.155778894472362026e+02 1.878250638411380846e+00 5.958341290319623187e-03
5.206030150753769021e+02 1.877676246965017892e+00 6.107370462242117833e-03
5.256281407035176017e+02 1.877198778147864511e+00 6.256135202286926267e-03
5.306532663316583012e+02 1.876793388109046168e+00 6.404594281301446979e-03
5.356783919597990007e+02 1.876443788654051703e+00 6.552686805902191609e-03
5.407035175879397002e+02 1.876138705358388448e+00 6.700341660673619394e-03
5.457286432160803997e+02 1.875870006061201689e+00 6.847482536172757456e-03
5.507537688442210992e+02 1.875631631280097134e+00 6.994030844177872609e-03
5.557788944723617988e+02 1.875418944955918876e+00 7.139907524905966807e-03
5.608040201005024983e+02 1.875228321026636058e+00 7.285034228574033960e-03
5.658291457286431978e+02 1.875056869711736240e+00 7.429334121448425213e-03
5.708542713567838973e+02 1.874902250335574339e+00 7.572732453984918656e-03
5.758793969849245968e+02 1.874762539786207327e+00 7.715156970704840217e-03
5.809045226130654100e+02 1.874636137888653131e+00 7.856538210166044006e-03
5.859296482412059959e+02 1.874521697944189880e+00 7.996809725418243392e-03
5.909547738693468091e+02 1.874418074835208836e+00 8.135908244836311670e-03
5.959798994974873949e+02 1.874324285646388644e+00 8.273773786554729226e-03
6.010050251256282081e+02 1.874239479368612349e+00 8.410349736206664331e-03
6.060301507537687939e+02 1.874162913301900657e+00 8.545582894231278787e-03
6.110552763819096072e+02 1.874093934471593226e+00 8.679423498327318992e-03
6.160804020100503067e+02 1.874031964845635612e+00 8.811825224491120698e-03
6.211055276381910062e+02 1.873976489468207607e+00 8.942745169974421898e-03
6.261306532663317057e+02 1.873927046855009770e+00 9.072143820548446425e-03
6.311557788944724052e+02 1.873883221159746038e+00 9.199985004354555712e-03
6.361809045226131047e+02 1.873844635740128828e+00 9.326235833764198735e-03
6.412060301507538043e+02 1.873810947838828067e+00 9.450866637476308327e-03
6.462311557788945038e+02 1.873781844159348342e+00 9.573850883526932240e-03
6.512562814070352033e+02 1.873757037165227013e+00 9.695165095085873583e-03
6.562814070351759028e+02 1.873736261967593686e+00 9.814788759816483674e-03
6.613065326633166023e+02 1.873719273694155252e+00 9.932704233970076485e-03
6.663316582914573019e+02 1.873705845254269420e+00 1.004889664215086534e-02
6.713567839195980014e+02 1.873695765431550031e+00 1.016335377372553500e-02
6.763819095477387009e+02 1.873688837248620453e+00 1.027606597644068268e-02
6.814070351758794004e+02 1.873684876558981749e+00 1.038702604825050661e-02
6.864321608040200999e+02 1.873683710829222360e+00 1.049622912787299620e-02
6.914572864321607994e+02 1.873685178081363256e+00 1.060367258470644100e-02
6.964824120603016127e+02 1.873689125970436020e+00 1.070935590870240178e-02
7.015075376884421985e+02 1.873695410976663922e+00 1.081328060068324944e-02
7.065326633165830117e+02 1.873703897695089715e+00 1.091545006347922030e-02
7.115577889447235975e+02 1.873714458208336486e+00 1.101586949449412899e-02
7.165829145728644107e+02 1.873726971530507157e+00 1.111454577978965817e-02
7.216080402010049966e+02 1.873741323112154689e+00 1.121148739026550309e-02
7.266331658291458098e+02 1.873757404397824899e+00 1.130670427992478549e-02
7.316582914572863956e+02 1.873775112429006517e+00 1.140020778683340993e-02
7.366834170854272088e+02 1.873794349486405775e+00 1.149201053658660890e-02
7.417085427135677946e+02 1.873815022766380123e+00 1.158212634874095613e-02
7.467336683417086078e+02 1.873837044087140136e+00 1.167057014622511872e-02
7.517587939698491937e+02 1.873860329620963938e+00 1.175735786781194857e-02
7.567839195979900069e+02 1.873884799649216948e+00 1.184250638383788252e-02
7.618090452261307064e+02 1.873910378337431126e+00 1.192603341521136610e-02
7.668341708542714059e+02 1.873936993528079187e+00 1.200795745559046258e-02
7.718592964824121054e+02 1.873964576549015604e+00 1.208829769701854490e-02
7.768844221105528050e+02 1.873993062035832047e+00 1.216707395877929948e-02
7.819095477386935045e+02 1.874022387766621556e+00 1.224430661959725192e-02
7.869346733668342040e+02 1.874052494507834066e+00 1.232001655310418359e-02
7.919597989949749035e+02 1.874083325870098182e+00 1.239422506653945627e-02
7.969849246231156030e+02 1.874114828173016889e+00 1.246695384263449800e-02
8.020100502512563025e+02 1.874146950318087423e+00 1.253822488457928715e-02
8.070351758793970021e+02 1.874179643668987483e+00 1.260806046412966085e-02
8.120603015075377016e+02 1.874212861938580943e+00 1.267648307257633437e-02
8.170854271356784011e+02 1.874246561082067108e+00 1.274351537471511177e-02
8.221105527638192143e+02 1.874280699195768118e+00 1.280918016548876666e-02
8.271356783919598001e+02 1.874315236421110642e+00 1.287350032948937455e-02
8.321608040201006133e+02 1.874350134853410621e+00 1.293649880300828947e-02
8.371859296482411992e+02 1.874385358455113781e+00 1.299819853853298457e-02
8.422110552763820124e+02 1.874420872973176833e+00 1.305862247183420602e-02
8.472361809045225982e+02 1.874456645860321347e+00 1.311779349126721873e-02
8.522613065326634114e+02 1.874492646199906742e+00 1.317573440930515198e-02
8.572864321608039972e+02 1.874528844634204328e+00 1.323246793626356443e-02
8.623115577889448105e+02 1.874565213295868338e+00 1.328801665600975318e-02
8.673366834170853963e+02 1.874601725742427005e+00 1.334240300361487150e-02
8.723618090452262095e+02 1.874638356893625346e+00 1.339564924491545503e-02
8.773869346733667953e+02 1.874675082971469342e+00 1.344777745768626839e-02
8.824120603015076085e+02 1.874711881442838513e+00 1.349880951468454202e-02
8.874371859296483080e+02 1.874748730964530097e+00 1.354876706804495484e-02
8.924623115577890076e+02 1.874785611330631596e+00 1.359767153530910128e-02
8.974874371859297071e+02 1.874822503422099329e+00 1.364554408684067084e-02
9.025125628140704066e+02 1.874859389158453293e+00 1.369240563451059288e-02
9.075376884422111061e+02 1.874896251451486195e+00 1.373827682168877844e-02
9.125628140703518056e+02 1.874933074160903823e+00 1.378317801437218930e-02
9.175879396984925052e+02 1.874969842051809721e+00 1.382712929343100569e-02
9.226130653266332047e+02 1.875006540753961781e+00 1.387015044789392283e-02
9.276381909547739042e+02 1.875043156722718374e+00 1.391226096917413599e-02
9.326633165829146037e+02 1.875079677201614503e+00 1.395348004624552378e-02
9.376884422110553032e+02 1.875116090186493611e+00 1.399382656158998720e-02
9.427135678391960028e+02 1.875152384391133298e+00 1.403331908801954027e-02
9.477386934673367023e+02 1.875188549214310108e+00 1.407197588614459913e-02
9.527638190954774018e+02 1.875224574708240777e+00 1.410981490256527776e-02
9.577889447236181013e+02 1.875260451548344198e+00 1.414685376871278530e-02
9.628140703517588008e+02 1.875296171004277479e+00 1.418310980022362278e-02
9.678391959798995003e+02 1.875331724912189690e+00 1.421859999689640934e-02
9.728643216080401999e+02 1.875367105648149790e+00 1.425334104308614847e-02
9.778894472361808994e+02 1.875402306102696981e+00 1.428734930861942989e-02
9.829145728643217126e+02 1.875437319656475754e+00 1.432064085009585042e-02
9.879396984924624121e+02 1.875472140156906775e+00 1.435323141259076986e-02
9.929648241206031116e+02 1.875506761895855856e+00 1.438513643166644020e-02
9.979899497487438111e+02 1.875541179588260610e+00 1.441637103574665811e-02
1.003015075376884511e+03 1.875575388351675477e+00 1.444695004877091273e-02
1.008040201005025210e+03 1.875609383686700271e+00 1.447688799307616202e-02
1.013065326633165910e+03 1.875643161458257602e+00 1.450619909257761138e-02
1.018090452261306609e+03 1.875676717877679867e+00 1.453489727610483492e-02
1.023115577889447309e+03 1.875710049485580511e+00 1.456299618092702676e-02
1.028140703517588008e+03 1.875743153135473573e+00 1.459050915650813435e-02
1.033165829145728821e+03 1.875776025978109773e+00 1.461744926831154943e-02
1.038190954773869407e+03 1.875808665446506041e+00 1.464382930183284227e-02
1.043216080402009993e+03 1.875841069241632297e+00 1.466966176668805036e-02
1.048241206030150806e+03 1.875873235318735510e+00 1.469495890077613179e-02
1.053266331658291620e+03 1.875905161874270810e+00 1.471973267461658755e-02
1.058291457286432205e+03 1.875936847333414814e+00 1.474399479560022617e-02
1.063316582914572791e+03 1.875968290338140276e+00 1.476775671249560759e-02
1.068341708542713604e+03 1.875999489735823644e+00 1.479102961980586182e-02
1.073366834170854418e+03 1.876030444568368205e+00 1.481382446227249086e-02
1.078391959798995003e+03 1.876061154061817948e+00 1.483615193933971767e-02
1.083417085427135589e+03 1.876091617616442386e+00 1.485802250970882227e-02
1.088442211055276402e+03 1.876121834797274568e+00 1.487944639579664302e-02
1.093467336683417216e+03 1.876151805325078081e+00 1.490043358826450941e-02
1.098492462311557802e+03 1.876181529067731502e+00 1.492099385049886102e-02
1.103517587939698387e+03 1.876211006032006967e+00 1.494113672310422303e-02
1.108542713567839201e+03 1.876240236355728674e+00 1.496087152831978781e-02
1.113567839195980014e+03 1.876269220300293306e+00 1.498020737447166781e-02
1.118592964824120827e+03 1.876297958243541952e+00 1.499915316034929058e-02
1.123618090452261413e+03 1.876326450672957780e+00 1.501771757954318588e-02
1.128643216080401999e+03 1.876354698179189429e+00 1.503590912476597541e-02
1.133668341708542812e+03 1.876382701449872625e+00 1.505373609212625613e-02
1.138693467336683625e+03 1.876410461263745777e+00 1.507120658527355550e-02
1.143718592964824211e+03 1.876437978485044455e+00 1.508832851964943440e-02
1.148743718592964797e+03 1.876465254058159893e+00 1.510510962649674709e-02
1.153768844221105610e+03 1.876492289002553493e+00 1.512155745699416028e-02
1.158793969849246423e+03 1.876519084407915816e+00 1.513767938619014521e-02
1.163819095477387009e+03 1.876545641429554268e+00 1.515348261693340477e-02
1.168844221105527595e+03 1.876571961284008161e+00 1.516897418374600105e-02
1.173869346733668408e+03 1.876598045244872504e+00 1.518416095664414621e-02
1.178894472361809221e+03 1.876623894638826728e+00 1.519904964485295495e-02
1.183919597989949807e+03 1.876649510841855717e+00 1.521364680049306153e-02
1.188944723618090393e+03 1.876674895275659116e+00 1.522795882219224808e-02
1.193969849246231206e+03 1.876700049404234294e+00 1.524199195859723618e-02
1.198994974874372019e+03 1.876724974730630713e+00 1.525575231190640611e-02
1.204020100502512605e+03 1.876749672793865287e+00 1.526924584124502056e-02
1.209045226130653191e+03 1.876774145165990726e+00 1.528247836599620768e-02
1.214070351758794004e+03 1.876798393449314206e+00 1.529545556914926364e-02
1.219095477386934817e+03 1.876822419273751930e+00 1.530818300041433475e-02
1.224120603015075403e+03 1.876846224294323351e+00 1.532066607945561584e-02
1.229145728643215989e+03 1.876869810188768861e+00 1.533291009894100984e-02
1.234170854271356802e+03 1.876893178655292704e+00 1.534492022754219316e-02
1.239195979899497615e+03 1.876916331410421135e+00 1.535670151294568804e-02
1.244221105527638429e+03 1.876939270186972708e+00 1.536825888467503558e-02
1.249246231155779014e+03 1.876961996732133819e+00 1.537959715698001932e-02
1.254271356783919600e+03 1.876984512805637273e+00 1.539072103157117406e-02
1.259296482412060413e+03 1.877006820178035218e+00 1.540163510033939857e-02
1.264321608040201227e+03 1.877028920629066899e+00 1.541234384796912743e-02
1.269346733668341813e+03 1.877050815946112561e+00 1.542285165459143272e-02
1.274371859296482398e+03 1.877072507922730837e+00 1.543316279824849535e-02
1.279396984924623212e+03 1.877093998357278304e+00 1.544328145739493237e-02
1.284422110552764025e+03 1.877115289051603852e+00 1.545321171330812753e-02
1.289447236180904611e+03 1.877136381809814347e+00 1.546295755242392371e-02
1.294472361809045196e+03 1.877157278437112442e+00 1.547252286867127104e-02
1.299497487437186010e+03 1.877177980738699015e+00 1.548191146569968986e-02
1.304522613065326823e+03 1.877198490518736884e+00 1.549112705907305584e-02
1.309547738693467409e+03 1.877218809579378034e+00 1.550017327844546884e-02
1.314572864321607994e+03 1.877238939719844790e+00 1.550905366959883652e-02
1.319597989949748808e+03 1.877258882735566292e+00 1.551777169651561740e-02
1.324623115577889621e+03 1.877278640417367583e+00 1.552633074338761673e-02
1.329648241206030207e+03 1.877298214550707112e+00 1.553473411653355854e-02
1.334673366834170793e+03 1.877317606914961301e+00 1.554298504631968988e-02
1.339698492462311606e+03 1.877336819282754421e+00 1.555108668897015392e-02
1.344723618090452419e+03 1.877355853419330201e+00 1.555904212844684033e-02
1.349748743718593005e+03 1.877374711081963410e+00 1.556685437812124415e-02
1.354773869346733591e+03 1.877393394019412964e+00 1.557452638257492833e-02
1.359798994974874404e+03 1.877411903971406781e+00 1.558206101923683730e-02
1.364824120603015217e+03 1.877430242668166605e+00 1.558946110000836160e-02
1.369849246231156030e+03 1.877448411829961472e+00 1.559672937289825582e-02
1.374874371859296616e+03 1.877466413166697157e+00 1.560386852352581809e-02
1.379899497487437202e+03 1.877484248377530474e+00 1.561088117669964109e-02
1.384924623115578015e+03 1.877501919150516896e+00 1.561776989783776083e-02
1.389949748743718828e+03 1.877519427162281929e+00 1.562453719445769211e-02
1.394974874371859414e+03 1.877536774077719572e+00 1.563118551755204519e-02
1.400000000000000000e+03 1.877553961549715211e+00 1.563771726297842266e-02
