4.000000000000000000e+02 2.064356838341132594e+00 1.794710973036463990e-04
4.050251256281406995e+02 2.063416938404654566e+00 1.888532383305877168e-04
4.100502512562813990e+02 2.062464871669360544e+00 1.986020178683051769e-04
4.150753768844220986e+02 2.061500621513104203e+00 2.087271344626100958e-04
4.201005025125627981e+02 2.060524171075814426e+00 2.192384293921416794e-04
4.251256281407034976e+02 2.059535503258179467e+00 2.301458909595600758e-04
4.301507537688441971e+02 2.058534600720308916e+00 2.414596510016653015e-04
4.351758793969848966e+02 2.057521445880373001e+00 2.531899889514937943e-04
4.402010050251256530e+02 2.056496020913216149e+00 2.653473317468479616e-04
4.452261306532663525e+02 2.055458307748950997e+00 2.779422577727554415e-04
4.502512562814070520e+02 2.054408288071524424e+00 2.909854927068876657e-04
4.552763819095477515e+02 2.053345943317259614e+00 3.044879140620063021e-04
4.603015075376884511e+02 2.052271254673377232e+00 3.184605512459004993e-04
4.653266331658291506e+02 2.051184203076489521e+00 3.329145881975648915e-04
4.703517587939698501e+02 2.050084769211065527e+00 3.478613606330280337e-04
4.753768844221105496e+02 2.048972933507877237e+00 3.633123620995883443e-04
4.804020100502512491e+02 2.047848676142416391e+00 3.792792421092039401e-04
4.854271356783919487e+02 2.046711977033282892e+00 3.957738073147701362e-04
4.904522613065327050e+02 2.045562815840552773e+00 4.128080231320076709e-04
4.954773869346734045e+02 2.044401171964113306e+00 4.303940165299304323e-04
5.005025125628141041e+02 2.043227024541971915e+00 4.485440755090898597e-04
5.055276381909548036e+02 2.042040352448540652e+00 4.672706493066794853e-04
5.105527638190955031e+02 2.040841134292889159e+00 4.865863526476404250e-04
5.155778894472362026e+02 2.039629348416970078e+00 5.065039653318245119e-04
5.206030150753769021e+02 2.038404972893817835e+00 5.270364332456308181e-04
5.256281407035176017e+02 2.037167985525712322e+00 5.481968706931664723e-04
5.306532663316583012e+02 2.035918363842319945e+00 5.699985612012128337e-04
5.356783919597990007e+02 2.034656085098799583e+00 5.924549588941260651e-04
5.407035175879397002e+02 2.033381126273879680e+00 6.155796901432575340e-04
5.457286432160803997e+02 2.032093464067906474e+00 6.393865552639246093e-04
5.507537688442210992e+02 2.030793074900854478e+00 6.638895290854094624e-04
5.557788944723617988e+02 2.029479934910312089e+00 6.891027634251828014e-04
5.608040201005024983e+02 2.028154019949430342e+00 7.150405883684420863e-04
5.658291457286431978e+02 2.026815305584843241e+00 7.417175133835483738e-04
5.708542713567838973e+02 2.025463767094545453e+00 7.691482287499701266e-04
5.758793969849245968e+02 2.024099379465750914e+00 7.973476090346111626e-04
5.809045226130654100e+02 2.022722117392700802e+00 8.263307120619014243e-04
5.859296482412059959e+02 2.021331955274449310e+00 8.561127820778329607e-04
5.909547738693468091e+02 2.019928867212606782e+00 8.867092522490472358e-04
5.959798994974873949e+02 2.018512827009052213e+00 9.181357433457996726e-04
6.010050251256282081e+02 2.017083808163600889e+00 9.504080698766152616e-04
6.060301507537687939e+02 2.015641783871647164e+00 9.835422378394586412e-04
6.110552763819096072e+02 2.014186727021757495e+00 1.017554448712424146e-03
6.160804020100503067e+02 2.012718610193233282e+00 1.052461101421080713e-03
6.211055276381910062e+02 2.011237405653630628e+00 1.088278792374685645e-03
6.261306532663317057e+02 2.009743085356245018e+00 1.125024320194792631e-03
6.311557788944724052e+02 2.008235620937551147e+00 1.162714684996615875e-03
6.361809045226131047e+02 2.006714983714603218e+00 1.201367091775833737e-03
6.412060301507538043e+02 2.005181144682397054e+00 1.240998952424926137e-03
6.462311557788945038e+02 2.003634074511188246e+00 1.281627887572687032e-03
6.512562814070352033e+02 2.002073743543765882e+00 1.323271728159044558e-03
6.562814070351759028e+02 2.000500121792685881e+00 1.365948518793708589e-03
6.613065326633166023e+02 1.998913178937457680e+00 1.409676518377615470e-03
6.663316582914573019e+02 1.997312884321689408e+00 1.454474204006344241e-03
6.713567839195980014e+02 1.995699206950184434e+00 1.500360271802627342e-03
6.763819095477387009e+02 1.994072115485993058e+00 1.547353639989842164e-03
6.814070351758794004e+02 1.992431578247418011e+00 1.595473450987270995e-03
6.864321608040200999e+02 1.990777563204971123e+00 1.644739073881645907e-03
6.914572864321607994e+02 1.989110037978280454e+00 1.695170106751126135e-03
6.964824120603016127e+02 1.987428969832951475e+00 1.746786379131368182e-03
7.015075376884421985e+02 1.985734325677374956e+00 1.799607954722189269e-03
7.065326633165830117e+02 1.984026072059484447e+00 1.853655133626711752e-03
7.115577889447235975e+02 1.982304175163463578e+00 1.908948455200557958e-03
7.165829145728644107e+02 1.980568600806398294e+00 1.965508700708416562e-03
7.216080402010049966e+02 1.978819314434877796e+00 2.023356895869071227e-03
7.266331658291458098e+02 1.977056281121537973e+00 2.082514313672256725e-03
7.316582914572863956e+02 1.975279465561553760e+00 2.143002477297381927e-03
7.366834170854272088e+02 1.973488832069069776e+00 2.204843162743528023e-03
7.417085427135677946e+02 1.971684344573578551e+00 2.268058401988895609e-03
7.467336683417086078e+02 1.969865966616236808e+00 2.332670485700725094e-03
7.517587939698491937e+02 1.968033661346124230e+00 2.398701966480042309e-03
7.567839195979900069e+02 1.966187391516441174e+00 2.466175661749287450e-03
7.618090452261307064e+02 1.964327119480645312e+00 2.535114657062964138e-03
7.668341708542714059e+02 1.962452807188524773e+00 2.605542309092420683e-03
7.718592964824121054e+02 1.960564416182209779e+00 2.677482249097651486e-03
7.768844221105528050e+02 1.958661907592115670e+00 2.750958386034666001e-03
7.819095477386935045e+02 1.956745242132825080e+00 2.825994909993003769e-03
7.869346733668342040e+02 1.954814380098899074e+00 2.902616295787612075e-03
7.919597989949749035e+02 1.952869281360620768e+00 2.980847306223674033e-03
7.969849246231156030e+02 1.950909905359671459e+00 3.060712995845728951e-03
8.020100502512563025e+02 1.948936211104733696e+00 3.142238714473740042e-03
8.070351758793970021e+02 1.946948157167023075e+00 3.225450110927036585e-03
8.120603015075377016e+02 1.944945701675748095e+00 3.310373136886438084e-03
8.170854271356784011e+02 1.942928802313492520e+00 3.397034050686487290e-03
8.221105527638192143e+02 1.940897416311524015e+00 3.485459421154214581e-03
8.271356783919598001e+02 1.938851500445025966e+00 3.575676131834225682e-03
8.321608040201006133e+02 1.936791011028247356e+00 3.667711384869684881e-03
8.371859296482411992e+02 1.934715903909575818e+00 3.761592705304516848e-03
8.422110552763820124e+02 1.932626134466527201e+00 3.857347945184653754e-03
8.472361809045225982e+02 1.930521657600651420e+00 3.955005287989574181e-03
8.522613065326634114e+02 1.928402427732355484e+00 4.054593253136577237e-03
8.572864321608039972e+02 1.926268398795638825e+00 4.156140700236891916e-03
8.623115577889448105e+02 1.924119524232739575e+00 4.259676833936239075e-03
8.673366834170853963e+02 1.921955756988694475e+00 4.365231208435197720e-03
8.723618090452262095e+02 1.919777049505804856e+00 4.472833732363642664e-03
8.773869346733667953e+02 1.917583353718009143e+00 4.582514673562514129e-03
8.824120603015076085e+02 1.915374621045163650e+00 4.694304664184746970e-03
8.874371859296483080e+02 1.913150802387223681e+00 4.808234705662580225e-03
8.924623115577890076e+02 1.910911848118328704e+00 4.924336173933860882e-03
8.974874371859297071e+02 1.908657708080784277e+00 5.042640824738849406e-03
9.025125628140704066e+02 1.906388331578945827e+00 5.163180798978973113e-03
9.075376884422111061e+02 1.904103667372994080e+00 5.285988628211031083e-03
9.125628140703518056e+02 1.901803663672607669e+00 5.411097240312789762e-03
9.175879396984925052e+02 1.899488268130525848e+00 5.538539965224717303e-03
9.226130653266332047e+02 1.897157427836001053e+00 5.668350540685283823e-03
9.276381909547739042e+02 1.894811089308139573e+00 5.800563118405440734e-03
9.326633165829146037e+02 1.892449198489127626e+00 5.935212269996765003e-03
9.376884422110553032e+02 1.890071700737339100e+00 6.072332993235649706e-03
9.427135678391960028e+02 1.887678540820327822e+00 6.211960718533422743e-03
9.477386934673367023e+02 1.885269662907693045e+00 6.354131315289317065e-03
9.527638190954774018e+02 1.882845010563826582e+00 6.498881098641407297e-03
9.577889447236181013e+02 1.880404526740529159e+00 6.646246836185665599e-03
9.628140703517588008e+02 1.877948153769500861e+00 6.796265754873694054e-03
9.678391959798995003e+02 1.875475833354698585e+00 6.948975548164115258e-03
9.728643216080401999e+02 1.872987506564561810e+00 7.104414383172047778e-03
9.778894472361808994e+02 1.870483113824097154e+00 7.262620908104313114e-03
9.829145728643217126e+02 1.867962594906830365e+00 7.423634259796315672e-03
9.879396984924624121e+02 1.865425888926608877e+00 7.587494071382424460e-03
9.929648241206031116e+02 1.862872934329265151e+00 7.754240480236561373e-03
9.979899497487438111e+02 1.860303668884128792e+00 7.923914135997453534e-03
1.003015075376884511e+03 1.857718029675388349e+00 8.096556208738088858e-03
1.008040201005025210e+03 1.855115953093300574e+00 8.272208397512539890e-03
1.013065326633165910e+03 1.852497374825241128e+00 8.450912938864806739e-03
1.018090452261306609e+03 1.849862229846594985e+00 8.632712615641661633e-03
1.023115577889447309e+03 1.847210452411484072e+00 8.817650766000752205e-03
1.028140703517588008e+03 1.844541976043327480e+00 9.005771292627877747e-03
1.033165829145728821e+03 1.841856733525231826e+00 9.197118672145562085e-03
1.038190954773869407e+03 1.839154656890206629e+00 9.391737964656912338e-03
1.043216080402009993e+03 1.836435677411203837e+00 9.589674823743074908e-03
1.048241206030150806e+03 1.833699725590975271e+00 9.790975506392912350e-03
1.053266331658291620e+03 1.830946731151745555e+00 9.995686883398347683e-03
1.058291457286432205e+03 1.828176623024695635e+00 1.020385644987527665e-02
1.063316582914572791e+03 1.825389329339256017e+00 1.041553233605408552e-02
1.068341708542713604e+03 1.822584777412199930e+00 1.063076331830930914e-02
1.073366834170854418e+03 1.819762893736539322e+00 1.084959883052940416e-02
1.078391959798995003e+03 1.816923603970213685e+00 1.107208897561450141e-02
1.083417085427135589e+03 1.814066832924570161e+00 1.129828453739828258e-02
1.088442211055276402e+03 1.811192504552631144e+00 1.152823699271755299e-02
1.093467336683417216e+03 1.808300541937142292e+00 1.176199852390823718e-02
1.098492462311557802e+03 1.805390867278398703e+00 1.199962203145708492e-02
1.103517587939698387e+03 1.802463401881845284e+00 1.224116114711729965e-02
1.108542713567839201e+03 1.799518066145440409e+00 1.248667024717289679e-02
1.113567839195980014e+03 1.796554779546788660e+00 1.273620446620517439e-02
1.118592964824120827e+03 1.793573460630026872e+00 1.298981971103819154e-02
1.123618090452261413e+03 1.790574026992464374e+00 1.324757267514301180e-02
1.128643216080401999e+03 1.787556395270971654e+00 1.350952085335273972e-02
1.133668341708542812e+03 1.784520481128108793e+00 1.377572255689960348e-02
1.138693467336683625e+03 1.781466199237994985e+00 1.404623692895784828e-02
1.143718592964824211e+03 1.778393463271903618e+00 1.432112396041388888e-02
1.148743718592964797e+03 1.775302185883587125e+00 1.460044450618876687e-02
1.153768844221105610e+03 1.772192278694317613e+00 1.488426030184421441e-02
1.158793969849246423e+03 1.769063652277644616e+00 1.517263398071755712e-02
1.163819095477387009e+03 1.765916216143857520e+00 1.546562909143400950e-02
1.168844221105527595e+03 1.762749878724148900e+00 1.576331011587625910e-02
1.173869346733668408e+03 1.759564547354475206e+00 1.606574248767051946e-02
1.178894472361809221e+03 1.756360128259100373e+00 1.637299261106710258e-02
1.183919597989949807e+03 1.753136526533827899e+00 1.668512788039458114e-02
1.188944723618090393e+03 1.749893646128899416e+00 1.700221669997602214e-02
1.193969849246231206e+03 1.746631389831566628e+00 1.732432850459392562e-02
1.198994974874372019e+03 1.743349659248322636e+00 1.765153378050477243e-02
1.204020100502512605e+03 1.740048354786782436e+00 1.798390408699326176e-02
1.209045226130653191e+03 1.736727375637215243e+00 1.832151207850741745e-02
1.214070351758794004e+03 1.733386619753707558e+00 1.866443152739884898e-02
1.219095477386934817e+03 1.730025983834963199e+00 1.901273734730656029e-02
1.224120603015075403e+03 1.726645363304722514e+00 1.936650561711380017e-02
1.229145728643215989e+03 1.723244652291792578e+00 1.972581360557430080e-02
1.234170854271356802e+03 1.719823743609691924e+00 2.009073979672821794e-02
1.239195979899497615e+03 1.716382528735881596e+00 2.046136391581280037e-02
1.244221105527638429e+03 1.712920897790595642e+00 2.083776695609958207e-02
1.249246231155779014e+03 1.709438739515244832e+00 2.122003120634632228e-02
1.254271356783919600e+03 1.705935941250393828e+00 2.160824027907484041e-02
1.259296482412060413e+03 1.702412388913300489e+00 2.200247913963578397e-02
1.264321608040201227e+03 1.698867966975008637e+00 2.240283413610632060e-02
1.269346733668341813e+03 1.695302558436983187e+00 2.280939303001155299e-02
1.274371859296482398e+03 1.691716044807278552e+00 2.322224502798030804e-02
1.279396984924623212e+03 1.688108306076233633e+00 2.364148081426002343e-02
1.284422110552764025e+03 1.684479220691678769e+00 2.406719258418035107e-02
1.289447236180904611e+03 1.680828665533646848e+00 2.449947407865359431e-02
1.294472361809045196e+03 1.677156515888578614e+00 2.493842061958811626e-02
1.299497487437186010e+03 1.673462645423013040e+00 2.538412914642723672e-02
1.304522613065326823e+03 1.669746926156745026e+00 2.583669825371257694e-02
1.309547738693467409e+03 1.666009228435454625e+00 2.629622822981090430e-02
1.314572864321607994e+03 1.662249420902775388e+00 2.676282109676013377e-02
1.319597989949748808e+03 1.658467370471815361e+00 2.723658065135587183e-02
1.324623115577889621e+03 1.654662942296096562e+00 2.771761250741883176e-02
1.329648241206030207e+03 1.650835999739920013e+00 2.820602413943041481e-02
1.334673366834170793e+03 1.646986404348132149e+00 2.870192492742536586e-02
1.339698492462311606e+03 1.643114015815288820e+00 2.920542620330807831e-02
1.344723618090452419e+03 1.639218691954203333e+00 2.971664129859808573e-02
1.349748743718593005e+03 1.635300288663863677e+00 3.023568559363703015e-02
1.354773869346733591e+03 1.631358659896711583e+00 3.076267656836522563e-02
1.359798994974874404e+03 1.627393657625270107e+00 3.129773385466524255e-02
1.364824120603015217e+03 1.623405131808107527e+00 3.184097929038004482e-02
1.369849246231156030e+03 1.619392930355127769e+00 3.239253697504451690e-02
1.374874371859296616e+03 1.615356899092168064e+00 3.295253332738640184e-02
1.379899497487437202e+03 1.611296881724906926e+00 3.352109714469619917e-02
1.384924623115578015e+03 1.607212719802054712e+00 3.409835966410574432e-02
1.389949748743718828e+03 1.603104252677827857e+00 3.468445462584657940e-02
1.394974874371859414e+03 1.598971317473684595e+00 3.527951833860892145e-02
1.400000000000000000e+03 1.594813749039322603e+00 3.588368974700795883e-02
