4.000000000000000000e+02 1.849843046828421045e+00 2.184089467917200642e-02
4.050251256281406995e+02 1.855916197868251905e+00 2.161738855315712207e-02
4.100502512562813990e+02 1.859274605378066880e+00 2.138259768059648513e-02
4.150753768844220986e+02 1.861783988513137755e+00 2.110967332811959640e-02
4.201005025125627981e+02 1.863906646931347222e+00 2.078763516451907073e-02
4.251256281407034976e+02 1.865826110328598686e+00 2.040764589734772941e-02
4.301507537688441971e+02 1.867633428706752641e+00 1.996036620571431733e-02
4.351758793969848966e+02 1.869380003251495781e+00 1.943467337982313775e-02
4.402010050251256530e+02 1.871097092940121387e+00 1.881638063136919711e-02
4.452261306532663525e+02 1.872804055696090098e+00 1.808635209268670552e-02
4.502512562814070520e+02 1.874511632687010376e+00 1.721717714216774303e-02
4.552763819095477515e+02 1.876221709772514901e+00 1.616647028656671356e-02
4.603015075376884511e+02 1.877920936305720323e+00 1.486107625233902552e-02
4.653266331658291506e+02 1.879549335441567326e+00 1.314967029698788266e-02
4.703517587939698501e+02 1.880722668809368336e+00 1.057105199518693604e-02
4.753768844221105496e+02 1.879196476934917204e+00 5.983789823643404122e-03
4.804020100502512491e+02 1.876326015687103332e+00 6.152411491224266983e-03
4.854271356783919487e+02 1.874768887309926413e+00 6.317015049210536297e-03
4.904522613065327050e+02 1.873707394123109271e+00 6.479940615232316486e-03
4.954773869346734045e+02 1.872912863701329922e+00 6.641739617084723400e-03
5.005025125628141041e+02 1.872286432240745535e+00 6.802577069206667930e-03
5.055276381909548036e+02 1.871775812377694415e+00 6.962483604083315701e-03
5.105527638190955031e+02 1.871349858909816088e+00 7.121431949591514043e-03
5.155778894472362026e+02 1.870988490556568129e+00 7.279367088766363313e-03
5.206030150753769021e+02 1.870678000763600135e+00 7.436220263173481601e-03
5.256281407035176017e+02 1.870408621270787553e+00 7.591916251920184135e-03
5.306532663316583012e+02 1.870173149403607793e+00 7.746377481599267881e-03
5.356783919597990007e+02 1.869966125115034350e+00 7.899526495305616430e-03
5.407035175879397002e+02 1.869783312712514078e+00 8.051287506055299081e-03
5.457286432160803997e+02 1.869621361137914661e+00 8.201587406360451998e-03
5.507537688442210992e+02 1.869477573769580347e+00 8.350356437135161153e-03
5.557788944723617988e+02 1.869349748009418333e+00 8.497528633137898732e-03
5.608040201005024983e+02 1.869236060791987786e+00 8.643042115225339772e-03
5.658291457286431978e+02 1.869134985160107343e+00 8.786839274104292496e-03
5.708542713567838973e+02 1.869045228367730127e+00 8.928866874514067645e-03
5.758793969849245968e+02 1.868965685216890327e+00 9.069076099390555382e-03
5.809045226130654100e+02 1.868895402377295234e+00 9.207422547818772812e-03
5.859296482412059959e+02 1.868833550755420791e+00 9.343866196847580921e-03
5.909547738693468091e+02 1.868779403851133614e+00 9.478371334341628360e-03
5.959798994974873949e+02 1.868732320627676913e+00 9.610906468986730317e-03
6.010050251256282081e+02 1.868691731824919211e+00 9.741444221515908192e-03
6.060301507537687939e+02 1.868657128928319144e+00 9.869961201233162090e-03
6.110552763819096072e+02 1.868628055206653871e+00 9.996437870662181618e-03
6.160804020100503067e+02 1.868604098376021483e+00 1.012085840087936783e-02
6.211055276381910062e+02 1.868584884553001091e+00 1.024321051978908936e-02
6.261306532663317057e+02 1.868570073237632023e+00 1.036348535505260751e-02
6.311557788944724052e+02 1.868559353124925382e+00 1.048167727357989486e-02
6.361809045226131047e+02 1.868552438587375519e+00 1.059778371863199196e-02
6.412060301507538043e+02 1.868549066704245254e+00 1.071180504611716003e-02
6.462311557788945038e+02 1.868548994738965963e+00 1.082374436098358823e-02
6.512562814070352033e+02 1.868551997985774760e+00 1.093360735457742441e-02
6.562814070351759028e+02 1.868557867922152171e+00 1.104140214406678852e-02
6.613065326633166023e+02 1.868566410615742024e+00 1.114713911433878706e-02
6.663316582914573019e+02 1.868577445344013155e+00 1.125083076316871385e-02
6.713567839195980014e+02 1.868590803392558231e+00 1.135249155009418996e-02
6.763819095477387009e+02 1.868606327004022738e+00 1.145213774949543732e-02
6.814070351758794004e+02 1.868623868454560188e+00 1.154978730818273340e-02
6.864321608040200999e+02 1.868643289238692162e+00 1.164545970777449042e-02
6.914572864321607994e+02 1.868664459346670803e+00 1.173917583218431551e-02
6.964824120603016127e+02 1.868687256621076598e+00 1.183095784027113351e-02
7.015075376884421985e+02 1.868711566181542771e+00 1.192082904388237774e-02
7.065326633165830117e+02 1.868737279908277760e+00 1.200881379125143082e-02
7.115577889447235975e+02 1.868764295976516721e+00 1.209493735593830492e-02
7.165829145728644107e+02 1.868792518435261396e+00 1.217922583120584906e-02
7.216080402010049966e+02 1.868821856824664174e+00 1.226170602975421541e-02
7.266331658291458098e+02 1.868852225827271951e+00 1.234240538885428111e-02
7.316582914572863956e+02 1.868883544949032416e+00 1.242135188089733659e-02
7.366834170854272088e+02 1.868915738226581080e+00 1.249857392890310094e-02
7.417085427135677946e+02 1.868948733957799035e+00 1.257410032729673957e-02
7.467336683417086078e+02 1.868982464453073256e+00 1.264796016745471305e-02
7.517587939698491937e+02 1.869016865805031458e+00 1.272018276816484425e-02
7.567839195979900069e+02 1.869051877674832163e+00 1.279079761060192451e-02
7.618090452261307064e+02 1.869087443093344403e+00 1.285983427786925419e-02
7.668341708542714059e+02 1.869123508275759571e+00 1.292732239871459236e-02
7.718592964824121054e+02 1.869160022448380420e+00 1.299329159545259231e-02
7.768844221105528050e+02 1.869196937686471216e+00 1.305777143583090882e-02
7.819095477386935045e+02 1.869234208762201810e+00 1.312079138855673857e-02
7.869346733668342040e+02 1.869271793001828108e+00 1.318238078254966965e-02
7.919597989949749035e+02 1.869309650151352420e+00 1.324256876950652070e-02
7.969849246231156030e+02 1.869347742249990008e+00 1.330138428975361636e-02
8.020100502512563025e+02 1.869386033510851641e+00 1.335885604115262526e-02
8.070351758793970021e+02 1.869424490208302148e+00 1.341501245088876082e-02
8.120603015075377016e+02 1.869463080571521552e+00 1.346988165002901451e-02
8.170854271356784011e+02 1.869501774683839379e+00 1.352349145063774273e-02
8.221105527638192143e+02 1.869540544387452652e+00 1.357586932535987008e-02
8.271356783919598001e+02 1.869579363193180077e+00 1.362704238917372863e-02
8.321608040201006133e+02 1.869618206194932242e+00 1.367703738343832055e-02
8.371859296482411992e+02 1.869657049988604935e+00 1.372588066179712511e-02
8.422110552763820124e+02 1.869695872595136033e+00 1.377359817802740853e-02
8.472361809045225982e+02 1.869734653387476131e+00 1.382021547557356692e-02
8.522613065326634114e+02 1.869773373021252461e+00 1.386575767877944350e-02
8.572864321608039972e+02 1.869812013368913783e+00 1.391024948552734876e-02
8.623115577889448105e+02 1.869850557457175544e+00 1.395371516134497059e-02
8.673366834170853963e+02 1.869888989407570312e+00 1.399617853478137865e-02
8.723618090452262095e+02 1.869927294379953420e+00 1.403766299394817313e-02
8.773869346733667953e+02 1.869965458518801471e+00 1.407819148422128144e-02
8.824120603015076085e+02 1.870003468902156740e+00 1.411778650688098706e-02
8.874371859296483080e+02 1.870041313493090662e+00 1.415647011875687152e-02
8.924623115577890076e+02 1.870078981093548087e+00 1.419426393264703289e-02
8.974874371859297071e+02 1.870116461300463273e+00 1.423118911857580542e-02
9.025125628140704066e+02 1.870153744464025936e+00 1.426726640574356442e-02
9.075376884422111061e+02 1.870190821647996771e+00 1.430251608510359207e-02
9.125628140703518056e+02 1.870227684591968087e+00 1.433695801250272316e-02
9.175879396984925052e+02 1.870264325675478068e+00 1.437061161243993919e-02
9.226130653266332047e+02 1.870300737883886733e+00 1.440349588218787537e-02
9.276381909547739042e+02 1.870336914775925008e+00 1.443562939638080335e-02
9.326633165829146037e+02 1.870372850452843849e+00 1.446703031203249758e-02
9.376884422110553032e+02 1.870408539529078595e+00 1.449771637377174523e-02
9.427135678391960028e+02 1.870443977104361055e+00 1.452770491948406073e-02
9.477386934673367023e+02 1.870479158737205605e+00 1.455701288617089646e-02
9.527638190954774018e+02 1.870514080419709124e+00 1.458565681600783315e-02
9.577889447236181013e+02 1.870548738553594159e+00 1.461365286259826840e-02
9.628140703517588008e+02 1.870583129927443355e+00 1.464101679744135923e-02
9.678391959798995003e+02 1.870617251695063876e+00 1.466776401645813674e-02
9.728643216080401999e+02 1.870651101354928736e+00 1.469390954670101584e-02
9.778894472361808994e+02 1.870684676730643092e+00 1.471946805309795603e-02
9.829145728643217126e+02 1.870717975952387979e+00 1.474445384526480891e-02
9.879396984924624121e+02 1.870750997439293073e+00 1.476888088440322239e-02
9.929648241206031116e+02 1.870783739882691865e+00 1.479276279015807362e-02
9.979899497487438111e+02 1.870816202230225933e+00 1.481611284759414872e-02
1.003015075376884511e+03 1.870848383670743686e+00 1.483894401405264594e-02
1.008040201005025210e+03 1.870880283619966722e+00 1.486126892605382430e-02
1.013065326633165910e+03 1.870911901706882485e+00 1.488309990620064437e-02
1.018090452261306609e+03 1.870943237760827937e+00 1.490444896992644715e-02
1.023115577889447309e+03 1.870974291799232025e+00 1.492532783236239467e-02
1.028140703517588008e+03 1.871005064015982988e+00 1.494574791498757237e-02
1.033165829145728821e+03 1.871035554770393849e+00 1.496572035232872008e-02
1.038190954773869407e+03 1.871065764576734347e+00 1.498525599851378669e-02
1.043216080402009993e+03 1.871095694094302209e+00 1.500436543377362333e-02
1.048241206030150806e+03 1.871125344118007128e+00 1.502305897088115211e-02
1.053266331658291620e+03 1.871154715569445015e+00 1.504134666145053555e-02
1.058291457286432205e+03 1.871183809488435212e+00 1.505923830219614741e-02
1.063316582914572791e+03 1.871212627025000241e+00 1.507674344105078106e-02
1.068341708542713604e+03 1.871241169431765661e+00 1.509387138320496258e-02
1.073366834170854418e+03 1.871269438056758938e+00 1.511063119704732227e-02
1.078391959798995003e+03 1.871297434336590237e+00 1.512703171998582355e-02
1.083417085427135589e+03 1.871325159789991366e+00 1.514308156417331838e-02
1.088442211055276402e+03 1.871352616011701775e+00 1.515878912210913768e-02
1.093467336683417216e+03 1.871379804666678526e+00 1.517416257214675331e-02
1.098492462311557802e+03 1.871406727484617782e+00 1.518920988390774773e-02
1.103517587939698387e+03 1.871433386254770737e+00 1.520393882353623417e-02
1.108542713567839201e+03 1.871459782821041529e+00 1.521835695886673140e-02
1.113567839195980014e+03 1.871485919077349624e+00 1.523247166453378827e-02
1.118592964824120827e+03 1.871511796963246654e+00 1.524629012686192810e-02
1.123618090452261413e+03 1.871537418459773505e+00 1.525981934876817839e-02
1.128643216080401999e+03 1.871562785585546118e+00 1.527306615444957646e-02
1.133668341708542812e+03 1.871587900393059334e+00 1.528603719402160492e-02
1.138693467336683625e+03 1.871612764965194797e+00 1.529873894807613072e-02
1.143718592964824211e+03 1.871637381411926704e+00 1.531117773204043568e-02
1.148743718592964797e+03 1.871661751867214285e+00 1.532335970049477844e-02
1.153768844221105610e+03 1.871685878486067933e+00 1.533529085144540345e-02
1.158793969849246423e+03 1.871709763441786745e+00 1.534697703032552804e-02
1.163819095477387009e+03 1.871733408923352604e+00 1.535842393409071922e-02
1.168844221105527595e+03 1.871756817132977258e+00 1.536963711508652908e-02
1.173869346733668408e+03 1.871779990283792161e+00 1.538062198482267537e-02
1.178894472361809221e+03 1.871802930597675108e+00 1.539138381777991650e-02
1.183919597989949807e+03 1.871825640303204530e+00 1.540192775492077622e-02
1.188944723618090393e+03 1.871848121633739703e+00 1.541225880731169826e-02
1.193969849246231206e+03 1.871870376825613969e+00 1.542238185950595489e-02
1.198994974874372019e+03 1.871892408116440976e+00 1.543230167291394922e-02
1.204020100502512605e+03 1.871914217743523734e+00 1.544202288906263570e-02
1.209045226130653191e+03 1.871935807942364693e+00 1.545155003277554756e-02
1.214070351758794004e+03 1.871957180945269084e+00 1.546088751526153784e-02
1.219095477386934817e+03 1.871978338980037071e+00 1.547003963713615426e-02
1.224120603015075403e+03 1.871999284268743180e+00 1.547901059136351856e-02
1.229145728643215989e+03 1.872020019026592541e+00 1.548780446610649800e-02
1.234170854271356802e+03 1.872040545460855077e+00 1.549642524750877680e-02
1.239195979899497615e+03 1.872060865769872517e+00 1.550487682240355575e-02
1.244221105527638429e+03 1.872080982142132255e+00 1.551316298094357338e-02
1.249246231155779014e+03 1.872100896755406252e+00 1.552128741918282033e-02
1.254271356783919600e+03 1.872120611775951682e+00 1.552925374156151860e-02
1.259296482412060413e+03 1.872140129357769522e+00 1.553706546331743571e-02
1.264321608040201227e+03 1.872159451641917771e+00 1.554472601289653109e-02
1.269346733668341813e+03 1.872178580755876842e+00 1.555223873420706095e-02
1.274371859296482398e+03 1.872197518812963368e+00 1.555960688886153312e-02
1.279396984924623212e+03 1.872216267911792853e+00 1.556683365839337321e-02
1.284422110552764025e+03 1.872234830135783623e+00 1.557392214632821389e-02
1.289447236180904611e+03 1.872253207552703858e+00 1.558087538026804546e-02
1.294472361809045196e+03 1.872271402214257696e+00 1.558769631388938134e-02
1.299497487437186010e+03 1.872289416155708652e+00 1.559438782888505730e-02
1.304522613065326823e+03 1.872307251395538108e+00 1.560095273687916659e-02
1.309547738693467409e+03 1.872324909935136228e+00 1.560739378123062772e-02
1.314572864321607994e+03 1.872342393758526180e+00 1.561371363890424330e-02
1.319597989949748808e+03 1.872359704832115224e+00 1.561991492210412433e-02
1.324623115577889621e+03 1.872376845104476661e+00 1.562600018008295649e-02
1.329648241206030207e+03 1.872393816506155328e+00 1.563197190071529546e-02
1.334673366834170793e+03 1.872410620949499283e+00 1.563783251212018735e-02
1.339698492462311606e+03 1.872427260328516141e+00 1.564358438424834699e-02
1.344723618090452419e+03 1.872443736518748514e+00 1.564922983037074847e-02
1.349748743718593005e+03 1.872460051377171864e+00 1.565477110856866583e-02
1.354773869346733591e+03 1.872476206742112348e+00 1.566021042314768782e-02
1.359798994974874404e+03 1.872492204433182206e+00 1.566554992608268707e-02
1.364824120603015217e+03 1.872508046251233127e+00 1.567079171832408413e-02
1.369849246231156030e+03 1.872523733978324056e+00 1.567593785114324706e-02
1.374874371859296616e+03 1.872539269377706095e+00 1.568099032741110746e-02
1.379899497487437202e+03 1.872554654193821611e+00 1.568595110286013020e-02
1.384924623115578015e+03 1.872569890152315564e+00 1.569082208727341776e-02
1.389949748743718828e+03 1.872584978960059487e+00 1.569560514570756196e-02
1.394974874371859414e+03 1.872599922305189457e+00 1.570030209957981246e-02
1.400000000000000000e+03 1.872614721857151610e+00 1.570491472786052570e-02
