4.000000000000000000e+02 1.844964991888914385e+00 2.359254869555906658e-02
4.050251256281406995e+02 1.851445795811141659e+00 2.329148972596321518e-02
4.100502512562813990e+02 1.855073833540041628e+00 2.297193880000492766e-02
4.150753768844220986e+02 1.857810113543026498e+00 2.260195188285505502e-02
4.201005025125627981e+02 1.860140776969445131e+00 2.216724056744986265e-02
4.251256281407034976e+02 1.862258629059554638e+00 2.165527594409268064e-02
4.301507537688441971e+02 1.864258857011177550e+00 2.105187179492375507e-02
4.351758793969848966e+02 1.866194365795750265e+00 2.033900952968888814e-02
4.402010050251256530e+02 1.868095805482995697e+00 1.949200302056582415e-02
4.452261306532663525e+02 1.869979046489280927e+00 1.847443601266164984e-02
4.502512562814070520e+02 1.871845273926610043e+00 1.722733924378292564e-02
4.552763819095477515e+02 1.873668837795140041e+00 1.564096361575945462e-02
4.603015075376884511e+02 1.875327120406984127e+00 1.345257916262741424e-02
4.653266331658291506e+02 1.875241267181206206e+00 9.301462333028238591e-03
4.703517587939698501e+02 1.872923804742554932e+00 7.020867341373751395e-03
4.753768844221105496e+02 1.870661553391907539e+00 7.203439922262556104e-03
4.804020100502512491e+02 1.869338028651321038e+00 7.381903837901853359e-03
4.854271356783919487e+02 1.868410145218453611e+00 7.558039461839424246e-03
4.904522613065327050e+02 1.867707251359294496e+00 7.732305676706114836e-03
4.954773869346734045e+02 1.867150618459092692e+00 7.904844820354134730e-03
5.005025125628141041e+02 1.866696863129277739e+00 8.075683106354498292e-03
5.055276381909548036e+02 1.866319406433971650e+00 8.244795710674285988e-03
5.105527638190955031e+02 1.866000757561804946e+00 8.412133651676227328e-03
5.155778894472362026e+02 1.865728791333860936e+00 8.577636659815240233e-03
5.206030150753769021e+02 1.865494759955379278e+00 8.741239987259591393e-03
5.256281407035176017e+02 1.865292148374876557e+00 8.902878272640473920e-03
5.306532663316583012e+02 1.865115976130760078e+00 9.062487842828032339e-03
5.356783919597990007e+02 1.864962351490616177e+00 9.220008125560246251e-03
5.407035175879397002e+02 1.864828175822064393e+00 9.375382525734306596e-03
5.457286432160803997e+02 1.864710941350970375e+00 9.528558962718938763e-03
5.507537688442210992e+02 1.864608589095988478e+00 9.679490184276603321e-03
5.557788944723617988e+02 1.864519406781062427e+00 9.828133927949329537e-03
5.608040201005024983e+02 1.864441954013891900e+00 9.974452975499452020e-03
5.658291457286431978e+02 1.864375006490108344e+00 1.011841513047226880e-02
5.708542713567838973e+02 1.864317513742135057e+00 1.025999313965060555e-02
5.758793969849245968e+02 1.864268566703354502e+00 1.039916457279578023e-02
5.809045226130654100e+02 1.864227372498429069e+00 1.053591167183063303e-02
5.859296482412059959e+02 1.864193234629607510e+00 1.067022117703010468e-02
5.909547738693468091e+02 1.864165537244250492e+00 1.080208413678858392e-02
5.959798994974873949e+02 1.864143732525162189e+00 1.093149570535877600e-02
6.010050251256282081e+02 1.864127330495761736e+00 1.105845493292435290e-02
6.060301507537687939e+02 1.864115890710758672e+00 1.118296455064529855e-02
6.110552763819096072e+02 1.864109015432162675e+00 1.130503075353052334e-02
6.160804020100503067e+02 1.864106343985016512e+00 1.142466298313813897e-02
6.211055276381910062e+02 1.864107548057262642e+00 1.154187371177160977e-02
6.261306532663317057e+02 1.864112327760566012e+00 1.165667822970300332e-02
6.311557788944724052e+02 1.864120408308519883e+00 1.176909443658466677e-02
6.361809045226131047e+02 1.864131537198864264e+00 1.187914263792661136e-02
6.412060301507538043e+02 1.864145481809595939e+00 1.198684534752883502e-02
6.462311557788945038e+02 1.864162027336840000e+00 1.209222709648607487e-02
6.512562814070352033e+02 1.864180975016433317e+00 1.219531424910491428e-02
6.562814070351759028e+02 1.864202140582222889e+00 1.229613482637429041e-02
6.613065326633166023e+02 1.864225352922829426e+00 1.239471833696527241e-02
6.663316582914573019e+02 1.864250452905602096e+00 1.249109561618946644e-02
6.713567839195980014e+02 1.864277292342057635e+00 1.258529867278159776e-02
6.763819095477387009e+02 1.864305733073594373e+00 1.267736054374134572e-02
6.814070351758794004e+02 1.864335646159888560e+00 1.276731515703261738e-02
6.864321608040200999e+02 1.864366911155347806e+00 1.285519720222056891e-02
6.914572864321607994e+02 1.864399415461384990e+00 1.294104200875557421e-02
6.964824120603016127e+02 1.864433053744263047e+00 1.302488543187716938e-02
7.015075376884421985e+02 1.864467727409872211e+00 1.310676374592557522e-02
7.065326633165830117e+02 1.864503344128151552e+00 1.318671354470543275e-02
7.115577889447235975e+02 1.864539817400968857e+00 1.326477164896116244e-02
7.165829145728644107e+02 1.864577066168200625e+00 1.334097502032346658e-02
7.216080402010049966e+02 1.864615014447523755e+00 1.341536068185217485e-02
7.266331658291458098e+02 1.864653591004071131e+00 1.348796564466651915e-02
7.316582914572863956e+02 1.864692729046648845e+00 1.355882684039226398e-02
7.366834170854272088e+02 1.864732365947667336e+00 1.362798105932981618e-02
7.417085427135677946e+02 1.864772442984316436e+00 1.369546489378769584e-02
7.467336683417086078e+02 1.864812905098847562e+00 1.376131468664886989e-02
7.517587939698491937e+02 1.864853700676099235e+00 1.382556648454609863e-02
7.567839195979900069e+02 1.864894781336631668e+00 1.388825599558917573e-02
7.618090452261307064e+02 1.864936101744048003e+00 1.394941855141931981e-02
7.668341708542714059e+02 1.864977619425234989e+00 1.400908907310041522e-02
7.718592964824121054e+02 1.865019294602419775e+00 1.406730204090416228e-02
7.768844221105528050e+02 1.865061090036051361e+00 1.412409146745480237e-02
7.819095477386935045e+02 1.865102970877634769e+00 1.417949087427092247e-02
7.869346733668342040e+02 1.865144904531732317e+00 1.423353327126957064e-02
7.919597989949749035e+02 1.865186860526433898e+00 1.428625113913339385e-02
7.969849246231156030e+02 1.865228810391666991e+00 1.433767641433032237e-02
8.020100502512563025e+02 1.865270727544774187e+00 1.438784047655158882e-02
8.070351758793970021e+02 1.865312587182852200e+00 1.443677413844796260e-02
8.120603015075377016e+02 1.865354366181380286e+00 1.448450763739302961e-02
8.170854271356784011e+02 1.865396042998716419e+00 1.453107062919850416e-02
8.221105527638192143e+02 1.865437597586075968e+00 1.457649218364479547e-02
8.271356783919598001e+02 1.865479011302632717e+00 1.462080078151536261e-02
8.321608040201006133e+02 1.865520266835426044e+00 1.466402431323569379e-02
8.371859296482411992e+02 1.865561348123763841e+00 1.470619007878774288e-02
8.422110552763820124e+02 1.865602240287855818e+00 1.474732478885171574e-02
8.472361809045225982e+02 1.865642929561412755e+00 1.478745456712233369e-02
8.522613065326634114e+02 1.865683403227981874e+00 1.482660495358454310e-02
8.572864321608039972e+02 1.865723649560793618e+00 1.486480090871103790e-02
8.623115577889448105e+02 1.865763657765918904e+00 1.490206681847830103e-02
8.673366834170853963e+02 1.865803417928544095e+00 1.493842650010035120e-02
8.723618090452262095e+02 1.865842920962186513e+00 1.497390320845565052e-02
8.773869346733667953e+02 1.865882158560685289e+00 1.500851964302760827e-02
8.824120603015076085e+02 1.865921123152810335e+00 1.504229795539634672e-02
8.874371859296483080e+02 1.865959807859343567e+00 1.507525975715609014e-02
8.924623115577890076e+02 1.865998206452498254e+00 1.510742612822986788e-02
8.974874371859297071e+02 1.866036313317543494e+00 1.513881762546494085e-02
9.025125628140704066e+02 1.866074123416517461e+00 1.516945429159116676e-02
9.075376884422111061e+02 1.866111632253912189e+00 1.519935566433745604e-02
9.125628140703518056e+02 1.866148835844223974e+00 1.522854078575170723e-02
9.175879396984925052e+02 1.866185730681270361e+00 1.525702821172424117e-02
9.226130653266332047e+02 1.866222313709174463e+00 1.528483602153222695e-02
9.276381909547739042e+02 1.866258582294931356e+00 1.531198182758673233e-02
9.326633165829146037e+02 1.866294534202467048e+00 1.533848278511892350e-02
9.376884422110553032e+02 1.866330167568115428e+00 1.536435560196367997e-02
9.427135678391960028e+02 1.866365480877431260e+00 1.538961654832869674e-02
9.477386934673367023e+02 1.866400472943273714e+00 1.541428146652413372e-02
9.527638190954774018e+02 1.866435142885088050e+00 1.543836578070620358e-02
9.577889447236181013e+02 1.866469490109325058e+00 1.546188450647820178e-02
9.628140703517588008e+02 1.866503514290933863e+00 1.548485226050885094e-02
9.678391959798995003e+02 1.866537215355876800e+00 1.550728327001714424e-02
9.728643216080401999e+02 1.866570593464605743e+00 1.552919138214522467e-02
9.778894472361808994e+02 1.866603648996451481e+00 1.555059007325394760e-02
9.829145728643217126e+02 1.866636382534879512e+00 1.557149245808184951e-02
9.879396984924624121e+02 1.866668794853562741e+00 1.559191129878625959e-02
9.929648241206031116e+02 1.866700886903228440e+00 1.561185901379903360e-02
9.979899497487438111e+02 1.866732659799243077e+00 1.563134768662092361e-02
1.003015075376884511e+03 1.866764114809885911e+00 1.565038907441414565e-02
1.008040201005025210e+03 1.866795253345284511e+00 1.566899461641636446e-02
1.013065326633165910e+03 1.866826076946972890e+00 1.568717544229727631e-02
1.018090452261306609e+03 1.866856587278036494e+00 1.570494238023096081e-02
1.023115577889447309e+03 1.866886786113818975e+00 1.572230596488915708e-02
1.028140703517588008e+03 1.866916675333154085e+00 1.573927644527609374e-02
1.033165829145728821e+03 1.866946256910099189e+00 1.575586379231847661e-02
1.038190954773869407e+03 1.866975532906143931e+00 1.577207770638491130e-02
1.043216080402009993e+03 1.867004505462863229e+00 1.578792762455533821e-02
1.048241206030150806e+03 1.867033176794998584e+00 1.580342272784139926e-02
1.053266331658291620e+03 1.867061549183936631e+00 1.581857194805124517e-02
1.058291457286432205e+03 1.867089624971572492e+00 1.583338397470230446e-02
1.063316582914572791e+03 1.867117406554528181e+00 1.584786726165350254e-02
1.068341708542713604e+03 1.867144896378714058e+00 1.586203003354338947e-02
1.073366834170854418e+03 1.867172096934211600e+00 1.587588029219646688e-02
1.078391959798995003e+03 1.867199010750459243e+00 1.588942582272523385e-02
1.083417085427135589e+03 1.867225640391729780e+00 1.590267419960862336e-02
1.088442211055276402e+03 1.867251988452876654e+00 1.591563279252283802e-02
1.093467336683417216e+03 1.867278057555340487e+00 1.592830877203642997e-02
1.098492462311557802e+03 1.867303850343398519e+00 1.594070911522461886e-02
1.103517587939698387e+03 1.867329369480645651e+00 1.595284061102061196e-02
1.108542713567839201e+03 1.867354617646692416e+00 1.596470986554674246e-02
1.113567839195980014e+03 1.867379597534071234e+00 1.597632330720778759e-02
1.118592964824120827e+03 1.867404311845334286e+00 1.598768719171187597e-02
1.123618090452261413e+03 1.867428763290339466e+00 1.599880760689858378e-02
1.128643216080401999e+03 1.867452954583709079e+00 1.600969047746933147e-02
1.133668341708542812e+03 1.867476888442452632e+00 1.602034156961730516e-02
1.138693467336683625e+03 1.867500567583745719e+00 1.603076649545017926e-02
1.143718592964824211e+03 1.867523994722857905e+00 1.604097071736911018e-02
1.148743718592964797e+03 1.867547172571216496e+00 1.605095955226212151e-02
1.153768844221105610e+03 1.867570103834603534e+00 1.606073817562632053e-02
1.158793969849246423e+03 1.867592791211476477e+00 1.607031162555300555e-02
1.163819095477387009e+03 1.867615237391407224e+00 1.607968480662038541e-02
1.168844221105527595e+03 1.867637445053627943e+00 1.608886249362779727e-02
1.173869346733668408e+03 1.867659416865686595e+00 1.609784933527797987e-02
1.178894472361809221e+03 1.867681155482197042e+00 1.610664985773403377e-02
1.183919597989949807e+03 1.867702663543683528e+00 1.611526846806062355e-02
1.188944723618090393e+03 1.867723943675513087e+00 1.612370945757254925e-02
1.193969849246231206e+03 1.867744998486909891e+00 1.613197700513429450e-02
1.198994974874372019e+03 1.867765830570051078e+00 1.614007518027493412e-02
1.204020100502512605e+03 1.867786442499229205e+00 1.614800794627900896e-02
1.209045226130653191e+03 1.867806836830092410e+00 1.615577916318628252e-02
1.214070351758794004e+03 1.867827016098943194e+00 1.616339259067485837e-02
1.219095477386934817e+03 1.867846982822103374e+00 1.617085189087751756e-02
1.224120603015075403e+03 1.867866739495334549e+00 1.617816063110549471e-02
1.229145728643215989e+03 1.867886288593314292e+00 1.618532228653611280e-02
1.234170854271356802e+03 1.867905632569164087e+00 1.619234024272862837e-02
1.239195979899497615e+03 1.867924773854024112e+00 1.619921779818917287e-02
1.244221105527638429e+03 1.867943714856675319e+00 1.620595816676668674e-02
1.249246231155779014e+03 1.867962457963204148e+00 1.621256447999770353e-02
1.254271356783919600e+03 1.867981005536706540e+00 1.621903978942859301e-02
1.259296482412060413e+03 1.867999359917029256e+00 1.622538706880679790e-02
1.264321608040201227e+03 1.868017523420549830e+00 1.623160921626541284e-02
1.269346733668341813e+03 1.868035498339987166e+00 1.623770905639944709e-02
1.274371859296482398e+03 1.868053286944242775e+00 1.624368934231007131e-02
1.279396984924623212e+03 1.868070891478274209e+00 1.624955275755618489e-02
1.284422110552764025e+03 1.868088314162993813e+00 1.625530191810988651e-02
1.289447236180904611e+03 1.868105557195193889e+00 1.626093937417320487e-02
1.294472361809045196e+03 1.868122622747495853e+00 1.626646761202079836e-02
1.299497487437186010e+03 1.868139512968322702e+00 1.627188905573966407e-02
1.304522613065326823e+03 1.868156229981890792e+00 1.627720606891432803e-02
1.309547738693467409e+03 1.868172775888223835e+00 1.628242095631282638e-02
1.314572864321607994e+03 1.868189152763181982e+00 1.628753596547852928e-02
1.319597989949748808e+03 1.868205362658512003e+00 1.629255328828308272e-02
1.324623115577889621e+03 1.868221407601909911e+00 1.629747506242053279e-02
1.329648241206030207e+03 1.868237289597100226e+00 1.630230337294543905e-02
1.334673366834170793e+03 1.868253010623928345e+00 1.630704025360332765e-02
1.339698492462311606e+03 1.868268572638466907e+00 1.631168768830834614e-02
1.344723618090452419e+03 1.868283977573131915e+00 1.631624761241426760e-02
1.349748743718593005e+03 1.868299227336812418e+00 1.632072191406543429e-02
1.354773869346733591e+03 1.868314323815007727e+00 1.632511243546454910e-02
1.359798994974874404e+03 1.868329268869975746e+00 1.632942097407823548e-02
1.364824120603015217e+03 1.868344064340890176e+00 1.633364928384874529e-02
1.369849246231156030e+03 1.868358712044003278e+00 1.633779907637135029e-02
1.374874371859296616e+03 1.868373213772819508e+00 1.634187202199019473e-02
1.379899497487437202e+03 1.868387571298272265e+00 1.634586975092171615e-02
1.384924623115578015e+03 1.868401786368908857e+00 1.634979385431752086e-02
1.389949748743718828e+03 1.868415860711080789e+00 1.635364588529427537e-02
1.394974874371859414e+03 1.868429796029137613e+00 1.635742735991049801e-02
1.400000000000000000e+03 1.868443594005627872e+00 1.636113975820592190e-02
