4.000000000000000000e+02 1.819454384357552579e+00 1.358671812838470848e-02
4.050251256281406995e+02 1.822811908641322587e+00 1.293232043352300978e-02
4.100502512562813990e+02 1.824856992601953554e+00 1.210217664382045449e-02
4.150753768844220986e+02 1.826423153514041609e+00 1.097169577564561030e-02
4.201005025125627981e+02 1.827394196237720259e+00 9.137378255877902020e-03
4.251256281407034976e+02 1.826897386945630863e+00 6.550943777495665983e-03
4.301507537688441971e+02 1.825784856196368988e+00 6.718211258137802774e-03
4.351758793969848966e+02 1.825255933880013837e+00 6.881803644884883046e-03
4.402010050251256530e+02 1.824933397100445109e+00 7.042878823126544167e-03
4.452261306532663525e+02 1.824715378899427476e+00 7.201655681124392513e-03
4.502512562814070520e+02 1.824559799522064152e+00 7.358159037349648948e-03
4.552763819095477515e+02 1.824445437815910287e+00 7.512353159334707146e-03
4.603015075376884511e+02 1.824360217460587741e+00 7.664181606295298634e-03
4.653266331658291506e+02 1.824296670575500601e+00 7.813582452614523458e-03
4.703517587939698501e+02 1.824249884259481203e+00 7.960494999559334858e-03
4.753768844221105496e+02 1.824216465305385615e+00 8.104862985463852018e-03
4.804020100502512491e+02 1.824193974982717403e+00 8.246636166898173997e-03
4.854271356783919487e+02 1.824180600845535016e+00 8.385771067650527738e-03
4.904522613065327050e+02 1.824174956540028036e+00 8.522231270812887644e-03
4.954773869346734045e+02 1.824175954648610043e+00 8.655987445135448002e-03
5.005025125628141041e+02 1.824182723140825635e+00 8.787017209739320794e-03
5.055276381909548036e+02 1.824194548868774968e+00 8.915304898175520701e-03
5.105527638190955031e+02 1.824210838387251732e+00 9.040841258375785158e-03
5.155778894472362026e+02 1.824231090186331894e+00 9.163623112583826891e-03
5.206030150753769021e+02 1.824254874626928036e+00 9.283652993061414227e-03
5.256281407035176017e+02 1.824281819187924203e+00 9.400938764817814292e-03
5.306532663316583012e+02 1.824311597445964939e+00 9.515493243157773298e-03
5.356783919597990007e+02 1.824343920723030532e+00 9.627333812219571185e-03
5.407035175879397002e+02 1.824378531669881953e+00 9.736482048532521180e-03
5.457286432160803997e+02 1.824415199273670130e+00 9.842963353353143333e-03
5.507537688442210992e+02 1.824453714926433490e+00 9.946806596059107330e-03
5.557788944723617988e+02 1.824493889292972737e+00 1.004804377043783462e-02
5.608040201005024983e+02 1.824535549787464461e+00 1.014670966553532332e-02
5.658291457286431978e+02 1.824578538518243809e+00 1.024284155177790714e-02
5.708542713567838973e+02 1.824622710595994457e+00 1.033647888323726942e-02
5.758793969849245968e+02 1.824667932726550035e+00 1.042766301638483120e-02
5.809045226130654100e+02 1.824714082028474404e+00 1.051643694532448763e-02
5.859296482412059959e+02 1.824761045029658524e+00 1.060284505382590170e-02
5.909547738693468091e+02 1.824808716807634124e+00 1.068693288364772932e-02
5.959798994974873949e+02 1.824857000246199901e+00 1.076874691902016470e-02
6.010050251256282081e+02 1.824905805386940694e+00 1.084833438692180997e-02
6.060301507537687939e+02 1.824955048858784679e+00 1.092574307245060619e-02
6.110552763819096072e+02 1.825004653372269026e+00 1.100102114907501594e-02
6.160804020100503067e+02 1.825054547267890737e+00 1.107421702274694227e-02
6.211055276381910062e+02 1.825104664110053010e+00 1.114537918962764211e-02
6.261306532663317057e+02 1.825154942319757501e+00 1.121455610651743602e-02
6.311557788944724052e+02 1.825205324840502685e+00 1.128179607349196270e-02
6.361809045226131047e+02 1.825255758832876829e+00 1.134714712781587954e-02
6.412060301507538043e+02 1.825306195394143183e+00 1.141065694879914681e-02
6.462311557788945038e+02 1.825356589299771848e+00 1.147237277263595152e-02
6.512562814070352033e+02 1.825406898764383001e+00 1.153234131671390314e-02
6.562814070351759028e+02 1.825457085219993170e+00 1.159060871276276598e-02
6.613065326633166023e+02 1.825507113109781088e+00 1.164722044810194077e-02
6.663316582914573019e+02 1.825556949695871234e+00 1.170222131456076856e-02
6.713567839195980014e+02 1.825606564879844962e+00 1.175565536442142733e-02
6.763819095477387009e+02 1.825655931034876778e+00 1.180756587272065866e-02
6.814070351758794004e+02 1.825705022848533865e+00 1.185799530567727481e-02
6.864321608040200999e+02 1.825753817175404192e+00 1.190698529441480517e-02
6.914572864321607994e+02 1.825802292898815571e+00 1.195457661383226254e-02
6.964824120603016127e+02 1.825850430800989743e+00 1.200080916590020273e-02
7.015075376884421985e+02 1.825898213441051521e+00 1.204572196720629824e-02
7.065326633165830117e+02 1.825945625040364728e+00 1.208935314023652959e-02
7.115577889447235975e+02 1.825992651374722442e+00 1.213173990802431795e-02
7.165829145728644107e+02 1.826039279672953208e+00 1.217291859191137367e-02
7.216080402010049966e+02 1.826085498521557327e+00 1.221292461206080655e-02
7.266331658291458098e+02 1.826131297774996609e+00 1.225179249041506192e-02
7.316582914572863956e+02 1.826176668471306774e+00 1.228955585584892360e-02
7.366834170854272088e+02 1.826221602752722051e+00 1.232624745131339489e-02
7.417085427135677946e+02 1.826266093791014455e+00 1.236189914266562495e-02
7.467336683417086078e+02 1.826310135717279737e+00 1.239654192904067476e-02
7.517587939698491937e+02 1.826353723555914410e+00 1.243020595449055750e-02
7.567839195979900069e+02 1.826396853162546075e+00 1.246292052081765349e-02
7.618090452261307064e+02 1.826439521165690305e+00 1.249471410140584431e-02
7.668341708542714059e+02 1.826481724911922511e+00 1.252561435575792054e-02
7.718592964824121054e+02 1.826523462414371135e+00 1.255564814494695459e-02
7.768844221105528050e+02 1.826564732304335470e+00 1.258484154739803254e-02
7.819095477386935045e+02 1.826605533785856439e+00 1.261321987535843174e-02
7.869346733668342040e+02 1.826645866593073375e+00 1.264080769157951978e-02
7.919597989949749035e+02 1.826685730950204256e+00 1.266762882635298279e-02
7.969849246231156030e+02 1.826725127534001070e+00 1.269370639466256383e-02
8.020100502512563025e+02 1.826764057438541977e+00 1.271906281359764732e-02
8.070351758793970021e+02 1.826802522142222163e+00 1.274371981967319621e-02
8.120603015075377016e+02 1.826840523476816802e+00 1.276769848622501084e-02
8.170854271356784011e+02 1.826878063598500468e+00 1.279101924072248951e-02
8.221105527638192143e+02 1.826915144960706172e+00 1.281370188201397774e-02
8.271356783919598001e+02 1.826951770288715471e+00 1.283576559741287683e-02
8.321608040201006133e+02 1.826987942555884370e+00 1.285722897956584343e-02
8.371859296482411992e+02 1.827023664961403115e+00 1.287811004318037411e-02
8.422110552763820124e+02 1.827058940909501938e+00 1.289842624151333293e-02
8.472361809045225982e+02 1.827093773990019931e+00 1.291819448254659559e-02
8.522613065326634114e+02 1.827128167960248462e+00 1.293743114492026947e-02
8.572864321608039972e+02 1.827162126727985836e+00 1.295615209360511180e-02
8.623115577889448105e+02 1.827195654335715291e+00 1.297437269519966657e-02
8.673366834170853963e+02 1.827228754945852796e+00 1.299210783298460070e-02
8.723618090452262095e+02 1.827261432826992493e+00 1.300937192157305099e-02
8.773869346733667953e+02 1.827293692341090292e+00 1.302617892131097480e-02
8.824120603015076085e+02 1.827325537931532073e+00 1.304254235227155639e-02
8.874371859296483080e+02 1.827356974112026800e+00 1.305847530790863950e-02
8.924623115577890076e+02 1.827388005456281661e+00 1.307399046847426693e-02
8.974874371859297071e+02 1.827418636588403311e+00 1.308910011391265990e-02
9.025125628140704066e+02 1.827448872173986771e+00 1.310381613655422356e-02
9.075376884422111061e+02 1.827478716911846046e+00 1.311815005342091556e-02
9.125628140703518056e+02 1.827508175526346257e+00 1.313211301818298024e-02
9.175879396984925052e+02 1.827537252760302433e+00 1.314571583278854698e-02
9.226130653266332047e+02 1.827565953368408991e+00 1.315896895876931053e-02
9.276381909547739042e+02 1.827594282111160151e+00 1.317188252815694634e-02
9.326633165829146037e+02 1.827622243749244202e+00 1.318446635423063673e-02
9.376884422110553032e+02 1.827649843038364752e+00 1.319672994173297018e-02
9.427135678391960028e+02 1.827677084724474543e+00 1.320868249696645347e-02
9.477386934673367023e+02 1.827703973539390736e+00 1.322033293746520920e-02
9.527638190954774018e+02 1.827730514196765688e+00 1.323168990139084525e-02
9.577889447236181013e+02 1.827756711388393240e+00 1.324276175672421327e-02
9.628140703517588008e+02 1.827782569780826760e+00 1.325355660998009909e-02
9.678391959798995003e+02 1.827808094012290052e+00 1.326408231488445701e-02
9.728643216080401999e+02 1.827833288689860280e+00 1.327434648056378085e-02
9.778894472361808994e+02 1.827858158386907128e+00 1.328435647960068272e-02
9.829145728643217126e+02 1.827882707640769766e+00 1.329411945578930568e-02
9.879396984924624121e+02 1.827906940950654091e+00 1.330364233162486219e-02
9.929648241206031116e+02 1.827930862775741572e+00 1.331293181555256479e-02
9.979899497487438111e+02 1.827954477533486832e+00 1.332199440904231584e-02
1.003015075376884511e+03 1.827977789598100200e+00 1.333083641333807079e-02
1.008040201005025210e+03 1.828000803299193455e+00 1.333946393601429491e-02
1.013065326633165910e+03 1.828023522920587007e+00 1.334788289737089476e-02
1.018090452261306609e+03 1.828045952699258070e+00 1.335609903653134714e-02
1.023115577889447309e+03 1.828068096824427835e+00 1.336411791739143366e-02
1.028140703517588008e+03 1.828089959436773881e+00 1.337194493435746312e-02
1.033165829145728821e+03 1.828111544627757157e+00 1.337958531789577334e-02
1.038190954773869407e+03 1.828132856439060872e+00 1.338704413986517398e-02
1.043216080402009993e+03 1.828153898862129090e+00 1.339432631871163328e-02
1.048241206030150806e+03 1.828174675837798135e+00 1.340143662447957663e-02
1.053266331658291620e+03 1.828195191256014596e+00 1.340837968363563226e-02
1.058291457286432205e+03 1.828215448955635258e+00 1.341515998374171251e-02
1.063316582914572791e+03 1.828235452724297438e+00 1.342178187793964007e-02
1.068341708542713604e+03 1.828255206298363023e+00 1.342824958936645122e-02
1.073366834170854418e+03 1.828274713362920467e+00 1.343456721532973117e-02
1.078391959798995003e+03 1.828293977551847638e+00 1.344073873136184850e-02
1.083417085427135589e+03 1.828313002447928826e+00 1.344676799522186335e-02
1.088442211055276402e+03 1.828331791583018173e+00 1.345265875059982984e-02
1.093467336683417216e+03 1.828350348438251949e+00 1.345841463084818633e-02
1.098492462311557802e+03 1.828368676444297680e+00 1.346403916251942556e-02
1.103517587939698387e+03 1.828386778981646810e+00 1.346953576877835124e-02
1.108542713567839201e+03 1.828404659380935771e+00 1.347490777272391041e-02
1.113567839195980014e+03 1.828422320923302591e+00 1.348015840053187406e-02
1.118592964824120827e+03 1.828439766840771030e+00 1.348529078466731250e-02
1.123618090452261413e+03 1.828457000316660697e+00 1.349030796671544553e-02
1.128643216080401999e+03 1.828474024486018701e+00 1.349521290038439673e-02
1.133668341708542812e+03 1.828490842436074848e+00 1.350000845424475376e-02
1.138693467336683625e+03 1.828507457206713926e+00 1.350469741438043922e-02
1.143718592964824211e+03 1.828523871790966204e+00 1.350928248709187471e-02
1.148743718592964797e+03 1.828540089135511026e+00 1.351376630129911757e-02
1.153768844221105610e+03 1.828556112141194623e+00 1.351815141104903764e-02
1.158793969849246423e+03 1.828571943663559463e+00 1.352244029781523096e-02
1.163819095477387009e+03 1.828587586513382712e+00 1.352663537280541541e-02
1.168844221105527595e+03 1.828603043457224464e+00 1.353073897910473875e-02
1.173869346733668408e+03 1.828618317217981515e+00 1.353475339383663871e-02
1.178894472361809221e+03 1.828633410475449361e+00 1.353868083020246665e-02
1.183919597989949807e+03 1.828648325866885971e+00 1.354252343945002574e-02
1.188944723618090393e+03 1.828663065987583103e+00 1.354628331277998865e-02
1.193969849246231206e+03 1.828677633391436519e+00 1.354996248321548372e-02
1.198994974874372019e+03 1.828692030591521078e+00 1.355356292738634470e-02
1.204020100502512605e+03 1.828706260060666500e+00 1.355708656726147855e-02
1.209045226130653191e+03 1.828720324232030903e+00 1.356053527178081169e-02
1.214070351758794004e+03 1.828734225499679011e+00 1.356391085854300252e-02
1.219095477386934817e+03 1.828747966219152365e+00 1.356721509529555496e-02
1.224120603015075403e+03 1.828761548708044637e+00 1.357044970151448718e-02
1.229145728643215989e+03 1.828774975246571399e+00 1.357361634980383015e-02
1.234170854271356802e+03 1.828788248078137224e+00 1.357671666733645602e-02
1.239195979899497615e+03 1.828801369409900124e+00 1.357975223726291814e-02
1.244221105527638429e+03 1.828814341413332878e+00 1.358272459995791930e-02
1.249246231155779014e+03 1.828827166224779921e+00 1.358563525434195417e-02
1.254271356783919600e+03 1.828839845946008902e+00 1.358848565912306253e-02
1.259296482412060413e+03 1.828852382644761354e+00 1.359127723399996927e-02
1.264321608040201227e+03 1.828864778355292930e+00 1.359401136076154697e-02
1.269346733668341813e+03 1.828877035078913638e+00 1.359668938451982605e-02
1.274371859296482398e+03 1.828889154784518967e+00 1.359931261467657235e-02
1.279396984924623212e+03 1.828901139409118137e+00 1.360188232606476984e-02
1.284422110552764025e+03 1.828912990858355014e+00 1.360439975991406883e-02
1.289447236180904611e+03 1.828924711007022363e+00 1.360686612483647841e-02
1.294472361809045196e+03 1.828936301699573441e+00 1.360928259781610423e-02
1.299497487437186010e+03 1.828947764750623151e+00 1.361165032510527374e-02
1.304522613065326823e+03 1.828959101945444976e+00 1.361397042310884264e-02
1.309547738693467409e+03 1.828970315040463701e+00 1.361624397926504589e-02
1.314572864321607994e+03 1.828981405763735912e+00 1.361847205288223978e-02
1.319597989949748808e+03 1.828992375815430060e+00 1.362065567594807416e-02
1.324623115577889621e+03 1.829003226868296306e+00 1.362279585390309411e-02
1.329648241206030207e+03 1.829013960568131036e+00 1.362489356641965500e-02
1.334673366834170793e+03 1.829024578534234058e+00 1.362694976812928518e-02
1.339698492462311606e+03 1.829035082359860676e+00 1.362896538933119385e-02
1.344723618090452419e+03 1.829045473612664230e+00 1.363094133668210119e-02
1.349748743718593005e+03 1.829055753835135967e+00 1.363287849390818797e-02
1.354773869346733591e+03 1.829065924545033583e+00 1.363477772237641807e-02
1.359798994974874404e+03 1.829075987235808221e+00 1.363663986179411078e-02
1.364824120603015217e+03 1.829085943377020129e+00 1.363846573077625440e-02
1.369849246231156030e+03 1.829095794414751008e+00 1.364025612747608862e-02
1.374874371859296616e+03 1.829105541772008792e+00 1.364201183009181029e-02
1.379899497487437202e+03 1.829115186849124441e+00 1.364373359749370199e-02
1.384924623115578015e+03 1.829124731024145634e+00 1.364542216971128055e-02
1.389949748743718828e+03 1.829134175653220895e+00 1.364707826849218854e-02
1.394974874371859414e+03 1.829143522070979300e+00 1.364870259778637983e-02
1.400000000000000000e+03 1.829152771590901283e+00 1.365029584422895736e-02
