4.000000000000000000e+02 1.816344272125400838e+00 1.090533667426436294e-02
4.050251256281406995e+02 1.818617596313636620e+00 1.048723852828956603e-02
4.100502512562813990e+02 1.820004259047849349e+00 9.936824963162308941e-03
4.150753768844220986e+02 1.821055913233466939e+00 9.154679249622404980e-03
4.201005025125627981e+02 1.821554900864487125e+00 7.749377743907524992e-03
4.251256281407034976e+02 1.821129775313651278e+00 6.414416608359849517e-03
4.301507537688441971e+02 1.820460748292547670e+00 6.569263699649728443e-03
4.351758793969848966e+02 1.820138343852662377e+00 6.721040957602595484e-03
4.402010050251256530e+02 1.819943004391375352e+00 6.870372482056763021e-03
4.452261306532663525e+02 1.819813468120329292e+00 7.017356673968745163e-03
4.502512562814070520e+02 1.819723938928999862e+00 7.161983265350209057e-03
4.552763819095477515e+02 1.819661232419295782e+00 7.304210149025829220e-03
4.603015075376884511e+02 1.819617764368221646e+00 7.443986619383948303e-03
4.653266331658291506e+02 1.819588798659857121e+00 7.581262250703679241e-03
4.703517587939698501e+02 1.819571189322492399e+00 7.715990735682791424e-03
4.753768844221105496e+02 1.819562741641119974e+00 7.848131627170858160e-03
4.804020100502512491e+02 1.819561861374427547e+00 7.977651095390440872e-03
4.854271356783919487e+02 1.819567350161102937e+00 8.104522180094058878e-03
4.904522613065327050e+02 1.819578280270724324e+00 8.228724765477176198e-03
4.954773869346734045e+02 1.819593914813611546e+00 8.350245394901470095e-03
5.005025125628141041e+02 1.819613655182395817e+00 8.469076991222573500e-03
5.055276381909548036e+02 1.819637005428063059e+00 8.585218520194132924e-03
5.105527638190955031e+02 1.819663547507880841e+00 8.698674621153392600e-03
5.155778894472362026e+02 1.819692923707482812e+00 8.809455220196034039e-03
5.206030150753769021e+02 1.819724823911783140e+00 8.917575136523438889e-03
5.256281407035176017e+02 1.819758976222818792e+00 9.023053689035359648e-03
5.306532663316583012e+02 1.819795139931366768e+00 9.125914308584989754e-03
5.356783919597990007e+02 1.819833100171713847e+00 9.226184159857200515e-03
5.407035175879397002e+02 1.819872663798244972e+00 9.323893775326358435e-03
5.457286432160803997e+02 1.819913656161129323e+00 9.419076703736189299e-03
5.507537688442210992e+02 1.819955918551935836e+00 9.511769174145721928e-03
5.557788944723617988e+02 1.819999306154209906e+00 9.602009776969613539e-03
5.608040201005024983e+02 1.820043686378791881e+00 9.689839162207591547e-03
5.658291457286431978e+02 1.820088937495279335e+00 9.775299755506786786e-03
5.708542713567838973e+02 1.820134947493664113e+00 9.858435491960273328e-03
5.758793969849245968e+02 1.820181613126566234e+00 9.939291567624929102e-03
5.809045226130654100e+02 1.820228839094477635e+00 1.001791420837099510e-02
5.859296482412059959e+02 1.820276537345291823e+00 1.009435045582288831e-02
5.909547738693468091e+02 1.820324626466001572e+00 1.016864796967075282e-02
5.959798994974873949e+02 1.820373031149411513e+00 1.024085484604396294e-02
6.010050251256282081e+02 1.820421681722475649e+00 1.031101945102387042e-02
6.060301507537687939e+02 1.820470513725735984e+00 1.037919026874012558e-02
6.110552763819096072e+02 1.820519467535537395e+00 1.044541576340428379e-02
6.160804020100503067e+02 1.820568488022393572e+00 1.050974425435999109e-02
6.211055276381910062e+02 1.820617524240194518e+00 1.057222380358983915e-02
6.261306532663317057e+02 1.820666529141978129e+00 1.063290211475052816e-02
6.311557788944724052e+02 1.820715459318786644e+00 1.069182644326968287e-02
6.361809045226131047e+02 1.820764274758769563e+00 1.074904351642373170e-02
6.412060301507538043e+02 1.820812938624190691e+00 1.080459946300783847e-02
6.462311557788945038e+02 1.820861417044399522e+00 1.085853975182672800e-02
6.512562814070352033e+02 1.820909678923136932e+00 1.091090913819920197e-02
6.562814070351759028e+02 1.820957695758810724e+00 1.096175161811313581e-02
6.613065326633166023e+02 1.821005441476568842e+00 1.101111038917901991e-02
6.663316582914573019e+02 1.821052892271169288e+00 1.105902781804942933e-02
6.713567839195980014e+02 1.821100026459782084e+00 1.110554541353513634e-02
6.763819095477387009e+02 1.821146824343963688e+00 1.115070380509005504e-02
6.814070351758794004e+02 1.821193268080132821e+00 1.119454272608318493e-02
6.864321608040200999e+02 1.821239341557958857e+00 1.123710100154076859e-02
6.914572864321607994e+02 1.821285030286126760e+00 1.127841653968379015e-02
6.964824120603016127e+02 1.821330321284999831e+00 1.131852632721745168e-02
7.015075376884421985e+02 1.821375202985744624e+00 1.135746642766658626e-02
7.065326633165830117e+02 1.821419665135516563e+00 1.139527198272212091e-02
7.115577889447235975e+02 1.821463698708341017e+00 1.143197721604664006e-02
7.165829145728644107e+02 1.821507295821352068e+00 1.146761543941287979e-02
7.216080402010049966e+02 1.821550449656069715e+00 1.150221906081420713e-02
7.266331658291458098e+02 1.821593154384425262e+00 1.153581959433172023e-02
7.316582914572863956e+02 1.821635405099262250e+00 1.156844767160627140e-02
7.366834170854272088e+02 1.821677197749051569e+00 1.160013305457594478e-02
7.417085427135677946e+02 1.821718529076582938e+00 1.163090464939454949e-02
7.467336683417086078e+02 1.821759396561405842e+00 1.166079052129489514e-02
7.517587939698491937e+02 1.821799798365802747e+00 1.168981791033463571e-02
7.567839195979900069e+02 1.821839733284097873e+00 1.171801324778157412e-02
7.618090452261307064e+02 1.821879200695106116e+00 1.174540217303930018e-02
7.668341708542714059e+02 1.821918200517546049e+00 1.177200955106024773e-02
7.718592964824121054e+02 1.821956733168244025e+00 1.179785949004066685e-02
7.768844221105528050e+02 1.821994799522971054e+00 1.182297535939916440e-02
7.819095477386935045e+02 1.822032400879757708e+00 1.184737980789661582e-02
7.869346733668342040e+02 1.822069538924547150e+00 1.187109478182921812e-02
7.919597989949749035e+02 1.822106215699044851e+00 1.189414154325226652e-02
7.969849246231156030e+02 1.822142433570641096e+00 1.191654068816167325e-02
8.020100502512563025e+02 1.822178195204283035e+00 1.193831216457675107e-02
8.070351758793970021e+02 1.822213503536178836e+00 1.195947529047471959e-02
8.120603015075377016e+02 1.822248361749231771e+00 1.198004877157130173e-02
8.170854271356784011e+02 1.822282773250091470e+00 1.200005071881862263e-02
8.221105527638192143e+02 1.822316741647736604e+00 1.201949866578591597e-02
8.271356783919598001e+02 1.822350270733487543e+00 1.203840958560405995e-02
8.321608040201006133e+02 1.822383364462369482e+00 1.205679990776400284e-02
8.371859296482411992e+02 1.822416026935740341e+00 1.207468553451964376e-02
8.422110552763820124e+02 1.822448262385107709e+00 1.209208185694919495e-02
8.472361809045225982e+02 1.822480075157062673e+00 1.210900377076271420e-02
8.522613065326634114e+02 1.822511469699260145e+00 1.212546569169294618e-02
8.572864321608039972e+02 1.822542450547384174e+00 1.214148157052574901e-02
8.623115577889448105e+02 1.822573022313034308e+00 1.215706490778711152e-02
8.673366834170853963e+02 1.822603189672476587e+00 1.217222876809250301e-02
8.723618090452262095e+02 1.822632957356206340e+00 1.218698579406218147e-02
8.773869346733667953e+02 1.822662330139270148e+00 1.220134821992364428e-02
8.824120603015076085e+02 1.822691312832301236e+00 1.221532788470139699e-02
8.874371859296483080e+02 1.822719910273219668e+00 1.222893624508425772e-02
8.924623115577890076e+02 1.822748127319560041e+00 1.224218438791296881e-02
8.974874371859297071e+02 1.822775968841381156e+00 1.225508304226624427e-02
9.025125628140704066e+02 1.822803439714724361e+00 1.226764259127606504e-02
9.075376884422111061e+02 1.822830544815585041e+00 1.227987308348424747e-02
9.125628140703518056e+02 1.822857289014360616e+00 1.229178424395915500e-02
9.175879396984925052e+02 1.822883677170748618e+00 1.230338548500950653e-02
9.226130653266332047e+02 1.822909714129061998e+00 1.231468591660299546e-02
9.276381909547739042e+02 1.822935404713935226e+00 1.232569435636139861e-02
9.326633165829146037e+02 1.822960753726396987e+00 1.233641933944484501e-02
9.376884422110553032e+02 1.822985765940282832e+00 1.234686912786154937e-02
9.427135678391960028e+02 1.823010446098968007e+00 1.235705171969407427e-02
9.477386934673367023e+02 1.823034798912394283e+00 1.236697485792108767e-02
9.527638190954774018e+02 1.823058829054376329e+00 1.237664603892772892e-02
9.577889447236181013e+02 1.823082541160166992e+00 1.238607252083214622e-02
9.628140703517588008e+02 1.823105939824258837e+00 1.239526133144096959e-02
9.678391959798995003e+02 1.823129029598416606e+00 1.240421927604077809e-02
9.728643216080401999e+02 1.823151814989911967e+00 1.241295294478367804e-02
9.778894472361808994e+02 1.823174300459956543e+00 1.242146871997117791e-02
9.829145728643217126e+02 1.823196490422314575e+00 1.242977278302922692e-02
9.879396984924624121e+02 1.823218389242082349e+00 1.243787112120007567e-02
9.929648241206031116e+02 1.823240001234624152e+00 1.244576953415442271e-02
9.979899497487438111e+02 1.823261330664655677e+00 1.245347364012859559e-02
1.003015075376884511e+03 1.823282381745457092e+00 1.246098888219096014e-02
1.008040201005025210e+03 1.823303158638213572e+00 1.246832053392956871e-02
1.013065326633165910e+03 1.823323665451471287e+00 1.247547370523541949e-02
1.018090452261306609e+03 1.823343906240699752e+00 1.248245334774050926e-02
1.023115577889447309e+03 1.823363885007951213e+00 1.248926426006720034e-02
1.028140703517588008e+03 1.823383605701615506e+00 1.249591109298217768e-02
1.033165829145728821e+03 1.823403072216254639e+00 1.250239835428130705e-02
1.038190954773869407e+03 1.823422288392517965e+00 1.250873041357829750e-02
1.043216080402009993e+03 1.823441258017128197e+00 1.251491150684093043e-02
1.048241206030150806e+03 1.823459984822932478e+00 1.252094574088255530e-02
1.053266331658291620e+03 1.823478472489015179e+00 1.252683709757243871e-02
1.058291457286432205e+03 1.823496724640866429e+00 1.253258943805192829e-02
1.063316582914572791e+03 1.823514744850599278e+00 1.253820650663115509e-02
1.068341708542713604e+03 1.823532536637215706e+00 1.254369193467047561e-02
1.073366834170854418e+03 1.823550103466914152e+00 1.254904924430724072e-02
1.078391959798995003e+03 1.823567448753435238e+00 1.255428185202147988e-02
1.083417085427135589e+03 1.823584575858443912e+00 1.255939307211354113e-02
1.088442211055276402e+03 1.823601488091941114e+00 1.256438612001616398e-02
1.093467336683417216e+03 1.823618188712707644e+00 1.256926411554021815e-02
1.098492462311557802e+03 1.823634680928769125e+00 1.257403008598520847e-02
1.103517587939698387e+03 1.823650967897890274e+00 1.257868696914278030e-02
1.108542713567839201e+03 1.823667052728082716e+00 1.258323761619490819e-02
1.113567839195980014e+03 1.823682938478138338e+00 1.258768479450825435e-02
1.118592964824120827e+03 1.823698628158173962e+00 1.259203119035261394e-02
1.123618090452261413e+03 1.823714124730191566e+00 1.259627941150950198e-02
1.128643216080401999e+03 1.823729431108652710e+00 1.260043198978098335e-02
1.133668341708542812e+03 1.823744550161062072e+00 1.260449138343521479e-02
1.138693467336683625e+03 1.823759484708558531e+00 1.260845997955452498e-02
1.143718592964824211e+03 1.823774237526518238e+00 1.261234009628716020e-02
1.148743718592964797e+03 1.823788811345160799e+00 1.261613398509166609e-02
1.153768844221105610e+03 1.823803208850160340e+00 1.261984383279879905e-02
1.158793969849246423e+03 1.823817432683261908e+00 1.262347176366792473e-02
1.163819095477387009e+03 1.823831485442901190e+00 1.262701984140345880e-02
1.168844221105527595e+03 1.823845369684822249e+00 1.263049007100019473e-02
1.173869346733668408e+03 1.823859087922701461e+00 1.263388440062936276e-02
1.178894472361809221e+03 1.823872642628768137e+00 1.263720472340779458e-02
1.183919597989949807e+03 1.823886036234424024e+00 1.264045287912116643e-02
1.188944723618090393e+03 1.823899271130863697e+00 1.264363065588439139e-02
1.193969849246231206e+03 1.823912349669691402e+00 1.264673979174849375e-02
1.198994974874372019e+03 1.823925274163534782e+00 1.264978197623696163e-02
1.204020100502512605e+03 1.823938046886656617e+00 1.265275885188230261e-02
1.209045226130653191e+03 1.823950670075561886e+00 1.265567201564040886e-02
1.214070351758794004e+03 1.823963145929601293e+00 1.265852302031482760e-02
1.219095477386934817e+03 1.823975476611568558e+00 1.266131337587729500e-02
1.224120603015075403e+03 1.823987664248296392e+00 1.266404455085160669e-02
1.229145728643215989e+03 1.823999710931241358e+00 1.266671797347177462e-02
1.234170854271356802e+03 1.824011618717069627e+00 1.266933503299192375e-02
1.239195979899497615e+03 1.824023389628232072e+00 1.267189708085887309e-02
1.244221105527638429e+03 1.824035025653535147e+00 1.267440543180039202e-02
1.249246231155779014e+03 1.824046528748705320e+00 1.267686136499591651e-02
1.254271356783919600e+03 1.824057900836945745e+00 1.267926612511968004e-02
1.259296482412060413e+03 1.824069143809488924e+00 1.268162092337048012e-02
1.264321608040201227e+03 1.824080259526139614e+00 1.268392693847953182e-02
1.269346733668341813e+03 1.824091249815812610e+00 1.268618531767037524e-02
1.274371859296482398e+03 1.824102116477062330e+00 1.268839717763236251e-02
1.279396984924623212e+03 1.824112861278606168e+00 1.269056360536786714e-02
1.284422110552764025e+03 1.824123485959839419e+00 1.269268565911473544e-02
1.289447236180904611e+03 1.824133992231345314e+00 1.269476436918663860e-02
1.294472361809045196e+03 1.824144381775394175e+00 1.269680073877524004e-02
1.299497487437186010e+03 1.824154656246438799e+00 1.269879574476688415e-02
1.304522613065326823e+03 1.824164817271599182e+00 1.270075033850393345e-02
1.309547738693467409e+03 1.824174866451143684e+00 1.270266544653466355e-02
1.314572864321607994e+03 1.824184805358957551e+00 1.270454197129941044e-02
1.319597989949748808e+03 1.824194635543010756e+00 1.270638079190168981e-02
1.324623115577889621e+03 1.824204358525811864e+00 1.270818276471967836e-02
1.329648241206030207e+03 1.824213975804859000e+00 1.270994872406796226e-02
1.334673366834170793e+03 1.824223488853081943e+00 1.271167948285720564e-02
1.339698492462311606e+03 1.824232899119277551e+00 1.271337583320814209e-02
1.344723618090452419e+03 1.824242208028536094e+00 1.271503854701131787e-02
1.349748743718593005e+03 1.824251416982664908e+00 1.271666837654616966e-02
1.354773869346733591e+03 1.824260527360598072e+00 1.271826605499365263e-02
1.359798994974874404e+03 1.824269540518806965e+00 1.271983229702582444e-02
1.364824120603015217e+03 1.824278457791697283e+00 1.272136779927169822e-02
1.369849246231156030e+03 1.824287280492002949e+00 1.272287324088640370e-02
1.374874371859296616e+03 1.824296009911172023e+00 1.272434928401421431e-02
1.379899497487437202e+03 1.824304647319745509e+00 1.272579657423284806e-02
1.384924623115578015e+03 1.824313193967730173e+00 1.272721574107505034e-02
1.389949748743718828e+03 1.824321651084964913e+00 1.272860739843555827e-02
1.394974874371859414e+03 1.824330019881480691e+00 1.272997214501186969e-02
1.400000000000000000e+03 1.824338301547851815e+00 1.273131056474391745e-02
