4.000000000000000000e+02 1.815821049801927600e+00 1.666548435316470012e-02
4.050251256281406995e+02 1.820212119774939463e+00 1.609866371453125625e-02
4.100502512562813990e+02 1.822836058217432331e+00 1.542816837524793941e-02
4.150753768844220986e+02 1.824894935914139316e+00 1.460514863966588285e-02
4.201005025125627981e+02 1.826672825825300661e+00 1.356109873157714842e-02
4.251256281407034976e+02 1.828229942092438387e+00 1.215447702898348435e-02
4.301507537688441971e+02 1.829218575950124270e+00 9.913170511072199112e-03
4.351758793969848966e+02 1.828401332512219701e+00 6.651985264862720314e-03
4.402010050251256530e+02 1.826816048716140006e+00 6.822899615195563219e-03
4.452261306532663525e+02 1.826020884250774134e+00 6.989581076565627021e-03
4.502512562814070520e+02 1.825514896969041567e+00 7.153632634459004477e-03
4.552763819095477515e+02 1.825159435987913970e+00 7.315401528116200099e-03
4.603015075376884511e+02 1.824895764469584236e+00 7.474968107418903003e-03
4.653266331658291506e+02 1.824693564192826578e+00 7.632324694070127119e-03
4.703517587939698501e+02 1.824535226327261839e+00 7.787429703692179406e-03
4.753768844221105496e+02 1.824409672084802647e+00 7.940228717441216374e-03
4.804020100502512491e+02 1.824309509816135266e+00 8.090664015802643064e-03
4.854271356783919487e+02 1.824229578423658404e+00 8.238679318322039355e-03
4.904522613065327050e+02 1.824166139604478376e+00 8.384222271027027412e-03
4.954773869346734045e+02 1.824116401762042372e+00 8.527245773800583642e-03
5.005025125628141041e+02 1.824078225446802648e+00 8.667708664779940828e-03
5.055276381909548036e+02 1.824049933732935225e+00 8.805576027545433671e-03
5.105527638190955031e+02 1.824030186036557533e+00 8.940819266380899133e-03
5.155778894472362026e+02 1.824017891754686094e+00 9.073416033737083386e-03
5.206030150753769021e+02 1.824012149708256869e+00 9.203350061253357320e-03
5.256281407035176017e+02 1.824012204771627621e+00 9.330610927160962187e-03
5.306532663316583012e+02 1.824017416225751864e+00 9.455193781601060540e-03
5.356783919597990007e+02 1.824027234278292608e+00 9.577099044907637013e-03
5.407035175879397002e+02 1.824041182379803949e+00 9.696332089399614662e-03
5.457286432160803997e+02 1.824058843722230927e+00 9.812902912693519802e-03
5.507537688442210992e+02 1.824079850800588209e+00 9.926825807974064622e-03
5.557788944723617988e+02 1.824103877248587136e+00 1.003811903586607386e-02
5.608040201005024983e+02 1.824130631383120038e+00 1.014680450125766444e-02
5.658291457286431978e+02 1.824159851047405301e+00 1.025290743763576998e-02
5.708542713567838973e+02 1.824191299451273895e+00 1.035645610080048601e-02
5.758793969849245968e+02 1.824224761784438265e+00 1.045748147370290267e-02
5.809045226130654100e+02 1.824260042434311613e+00 1.055601698338203519e-02
5.859296482412059959e+02 1.824296962680619139e+00 1.065209823078209356e-02
5.909547738693468091e+02 1.824335358769017867e+00 1.074576273405584287e-02
5.959798994974873949e+02 1.824375080288271000e+00 1.083704968567469548e-02
6.010050251256282081e+02 1.824415988792300602e+00 1.092599972350070600e-02
6.060301507537687939e+02 1.824457956621172272e+00 1.101265471573472515e-02
6.110552763819096072e+02 1.824500865884789214e+00 1.109705755967175210e-02
6.160804020100503067e+02 1.824544607580553146e+00 1.117925199406963853e-02
6.211055276381910062e+02 1.824589080822059284e+00 1.125928242468005915e-02
6.261306532663317057e+02 1.824634192160418555e+00 1.133719376268626546e-02
6.311557788944724052e+02 1.824679854983344729e+00 1.141303127554229094e-02
6.361809045226131047e+02 1.824725988979964741e+00 1.148684044973850328e-02
6.412060301507538043e+02 1.824772519661513659e+00 1.155866686496361158e-02
6.462311557788945038e+02 1.824819377929869590e+00 1.162855607919901710e-02
6.512562814070352033e+02 1.824866499687285648e+00 1.169655352412810913e-02
6.562814070351759028e+02 1.824913825481831786e+00 1.176270441030851689e-02
6.613065326633166023e+02 1.824961300183975288e+00 1.182705364162919652e-02
6.663316582914573019e+02 1.825008872690480954e+00 1.188964573845146915e-02
6.713567839195980014e+02 1.825056495652414679e+00 1.195052476886818149e-02
6.763819095477387009e+02 1.825104125224542351e+00 1.200973428763484410e-02
6.814070351758794004e+02 1.825151720833817492e+00 1.206731728215021740e-02
6.864321608040200999e+02 1.825199244964987866e+00 1.212331612519361272e-02
6.914572864321607994e+02 1.825246662961633071e+00 1.217777253361671842e-02
6.964824120603016127e+02 1.825293942841174077e+00 1.223072753291082684e-02
7.015075376884421985e+02 1.825341055122587042e+00 1.228222142694078943e-02
7.065326633165830117e+02 1.825387972665714509e+00 1.233229377249148682e-02
7.115577889447235975e+02 1.825434670521206337e+00 1.238098335836767400e-02
7.165829145728644107e+02 1.825481125790227921e+00 1.242832818843918330e-02
7.216080402010049966e+02 1.825527317493181645e+00 1.247436546855604060e-02
7.266331658291458098e+02 1.825573226446755015e+00 1.251913159677660488e-02
7.316582914572863956e+02 1.825618835148693941e+00 1.256266215668832426e-02
7.366834170854272088e+02 1.825664127669747394e+00 1.260499191353647332e-02
7.417085427135677946e+02 1.825709089552291609e+00 1.264615481295285754e-02
7.467336683417086078e+02 1.825753707715176422e+00 1.268618398186030505e-02
7.517587939698491937e+02 1.825797970364389178e+00 1.272511173148451261e-02
7.567839195979900069e+02 1.825841866909151845e+00 1.276296956218367362e-02
7.618090452261307064e+02 1.825885387883109168e+00 1.279978816993724254e-02
7.668341708542714059e+02 1.825928524870283898e+00 1.283559745418484666e-02
7.718592964824121054e+02 1.825971270435507776e+00 1.287042652707643016e-02
7.768844221105528050e+02 1.826013618059047605e+00 1.290430372372049217e-02
7.819095477386935045e+02 1.826055562075176386e+00 1.293725661343768547e-02
7.869346733668342040e+02 1.826097097614450382e+00 1.296931201186349823e-02
7.919597989949749035e+02 1.826138220549466951e+00 1.300049599377986302e-02
7.969849246231156030e+02 1.826178927443902200e+00 1.303083390651397014e-02
8.020100502512563025e+02 1.826219215504629512e+00 1.306035038383737690e-02
8.070351758793970021e+02 1.826259082536736411e+00 1.308906936030629700e-02
8.120603015075377016e+02 1.826298526901275920e+00 1.311701408592379388e-02
8.170854271356784011e+02 1.826337547475583856e+00 1.314420714103827804e-02
8.221105527638192143e+02 1.826376143616017078e+00 1.317067045138349199e-02
8.271356783919598001e+02 1.826414315122969700e+00 1.319642530335789384e-02
8.321608040201006133e+02 1.826452062208035354e+00 1.322149235921765524e-02
8.371859296482411992e+02 1.826489385463184290e+00 1.324589167240499202e-02
8.422110552763820124e+02 1.826526285831849394e+00 1.326964270280954483e-02
8.472361809045225982e+02 1.826562764581796117e+00 1.329276433188650991e-02
8.522613065326634114e+02 1.826598823279681483e+00 1.331527487779577724e-02
8.572864321608039972e+02 1.826634463767200067e+00 1.333719211032233058e-02
8.623115577889448105e+02 1.826669688138722991e+00 1.335853326565502458e-02
8.673366834170853963e+02 1.826704498720343794e+00 1.337931506096499620e-02
8.723618090452262095e+02 1.826738898050249249e+00 1.339955370884792114e-02
8.773869346733667953e+02 1.826772888860335176e+00 1.341926493139375919e-02
8.824120603015076085e+02 1.826806474058993102e+00 1.343846397416905737e-02
8.874371859296483080e+02 1.826839656715005145e+00 1.345716561989664800e-02
8.924623115577890076e+02 1.826872440042472290e+00 1.347538420179966029e-02
8.974874371859297071e+02 1.826904827386719221e+00 1.349313361679750634e-02
9.025125628140704066e+02 1.826936822211122191e+00 1.351042733831882107e-02
9.075376884422111061e+02 1.826968428084795981e+00 1.352727842889124392e-02
9.125628140703518056e+02 1.826999648671095544e+00 1.354369955240248766e-02
9.175879396984925052e+02 1.827030487716879703e+00 1.355970298611513733e-02
9.226130653266332047e+02 1.827060949042495830e+00 1.357530063234376611e-02
9.276381909547739042e+02 1.827091036532436430e+00 1.359050402988228219e-02
9.326633165829146037e+02 1.827120754126630775e+00 1.360532436510420752e-02
9.376884422110553032e+02 1.827150105812332948e+00 1.361977248278044630e-02
9.427135678391960028e+02 1.827179095616569215e+00 1.363385889663320735e-02
9.477386934673367023e+02 1.827207727599112763e+00 1.364759379956221805e-02
9.527638190954774018e+02 1.827236005845949585e+00 1.366098707362524423e-02
9.577889447236181013e+02 1.827263934463209782e+00 1.367404829972344166e-02
9.628140703517588008e+02 1.827291517571534518e+00 1.368678676701461094e-02
9.678391959798995003e+02 1.827318759300851303e+00 1.369921148202784059e-02
9.728643216080401999e+02 1.827345663785531649e+00 1.371133117755767364e-02
9.778894472361808994e+02 1.827372235159910430e+00 1.372315432129334045e-02
9.829145728643217126e+02 1.827398477554140310e+00 1.373468912412207157e-02
9.879396984924624121e+02 1.827424395090366138e+00 1.374594354831177798e-02
9.929648241206031116e+02 1.827449991879191549e+00 1.375692531529225035e-02
9.979899497487438111e+02 1.827475272016428454e+00 1.376764191331972774e-02
1.003015075376884511e+03 1.827500239580102992e+00 1.377810060485613365e-02
1.008040201005025210e+03 1.827524898627709504e+00 1.378830843372828852e-02
1.013065326633165910e+03 1.827549253193689882e+00 1.379827223203504948e-02
1.018090452261306609e+03 1.827573307287129856e+00 1.380799862693886729e-02
1.023115577889447309e+03 1.827597064889653122e+00 1.381749404706728197e-02
1.028140703517588008e+03 1.827620529953506656e+00 1.382676472890946237e-02
1.033165829145728821e+03 1.827643706399817436e+00 1.383581672285218167e-02
1.038190954773869407e+03 1.827666598117016372e+00 1.384465589913464779e-02
1.043216080402009993e+03 1.827689208959414557e+00 1.385328795351904556e-02
1.048241206030150806e+03 1.827711542745922291e+00 1.386171841287477113e-02
1.053266331658291620e+03 1.827733603258903994e+00 1.386995264049689647e-02
1.058291457286432205e+03 1.827755394243155251e+00 1.387799584130797702e-02
1.063316582914572791e+03 1.827776919404999312e+00 1.388585306685150879e-02
1.068341708542713604e+03 1.827798182411490391e+00 1.389352922017728087e-02
1.073366834170854418e+03 1.827819186889720227e+00 1.390102906051856983e-02
1.078391959798995003e+03 1.827839936426217227e+00 1.390835720784489721e-02
1.083417085427135589e+03 1.827860434566435099e+00 1.391551814722198632e-02
1.088442211055276402e+03 1.827880684814323198e+00 1.392251623311790455e-02
1.093467336683417216e+03 1.827900690631972358e+00 1.392935569346694276e-02
1.098492462311557802e+03 1.827920455439332237e+00 1.393604063366973844e-02
1.103517587939698387e+03 1.827939982613994374e+00 1.394257504045257404e-02
1.108542713567839201e+03 1.827959275491036095e+00 1.394896278555662200e-02
1.113567839195980014e+03 1.827978337362919925e+00 1.395520762934724518e-02
1.118592964824120827e+03 1.827997171479448291e+00 1.396131322431371467e-02
1.123618090452261413e+03 1.828015781047763522e+00 1.396728311843763171e-02
1.128643216080401999e+03 1.828034169232394701e+00 1.397312075839244987e-02
1.133668341708542812e+03 1.828052339155344264e+00 1.397882949277472024e-02
1.138693467336683625e+03 1.828070293896215226e+00 1.398441257509855720e-02
1.143718592964824211e+03 1.828088036492370394e+00 1.398987316674587741e-02
1.148743718592964797e+03 1.828105569939126429e+00 1.399521433983421173e-02
1.153768844221105610e+03 1.828122897189976337e+00 1.400043907995595326e-02
1.158793969849246423e+03 1.828140021156839268e+00 1.400555028887781432e-02
1.163819095477387009e+03 1.828156944710334963e+00 1.401055078704318939e-02
1.168844221105527595e+03 1.828173670680082186e+00 1.401544331617207012e-02
1.173869346733668408e+03 1.828190201855014685e+00 1.402023054157917545e-02
1.178894472361809221e+03 1.828206540983719819e+00 1.402491505456812323e-02
1.183919597989949807e+03 1.828222690774790493e+00 1.402949937465703713e-02
1.188944723618090393e+03 1.828238653897195531e+00 1.403398595178708894e-02
1.193969849246231206e+03 1.828254432980660704e+00 1.403837716841992676e-02
1.198994974874372019e+03 1.828270030616064190e+00 1.404267534156448949e-02
1.204020100502512605e+03 1.828285449355842474e+00 1.404688272482097766e-02
1.209045226130653191e+03 1.828300691714404458e+00 1.405100151018979192e-02
1.214070351758794004e+03 1.828315760168556903e+00 1.405503383004936060e-02
1.219095477386934817e+03 1.828330657157933636e+00 1.405898175882142574e-02
1.224120603015075403e+03 1.828345385085433650e+00 1.406284731480649842e-02
1.229145728643215989e+03 1.828359946317664297e+00 1.406663246181874723e-02
1.234170854271356802e+03 1.828374343185387829e+00 1.407033911079477034e-02
1.239195979899497615e+03 1.828388577983971919e+00 1.407396912138466662e-02
1.244221105527638429e+03 1.828402652973843967e+00 1.407752430348640713e-02
1.249246231155779014e+03 1.828416570380947181e+00 1.408100641870041470e-02
1.254271356783919600e+03 1.828430332397196212e+00 1.408441718176002208e-02
1.259296482412060413e+03 1.828443941180937893e+00 1.408775826190671564e-02
1.264321608040201227e+03 1.828457398857407989e+00 1.409103128422635291e-02
1.269346733668341813e+03 1.828470707519190386e+00 1.409423783096250271e-02
1.274371859296482398e+03 1.828483869226674052e+00 1.409737944272850332e-02
1.279396984924623212e+03 1.828496886008510680e+00 1.410045761978404033e-02
1.284422110552764025e+03 1.828509759862068318e+00 1.410347382313239042e-02
1.289447236180904611e+03 1.828522492753885675e+00 1.410642947570644318e-02
1.294472361809045196e+03 1.828535086620123096e+00 1.410932596347839844e-02
1.299497487437186010e+03 1.828547543367008643e+00 1.411216463648560029e-02
1.304522613065326823e+03 1.828559864871286633e+00 1.411494680989082602e-02
1.309547738693467409e+03 1.828572052980657503e+00 1.411767376499857736e-02
1.314572864321607994e+03 1.828584109514217237e+00 1.412034675018042883e-02
1.319597989949748808e+03 1.828596036262892799e+00 1.412296698184340761e-02
1.324623115577889621e+03 1.828607834989874004e+00 1.412553564535504354e-02
1.329648241206030207e+03 1.828619507431039626e+00 1.412805389587818219e-02
1.334673366834170793e+03 1.828631055295381724e+00 1.413052285928869008e-02
1.339698492462311606e+03 1.828642480265424863e+00 1.413294363293254689e-02
1.344723618090452419e+03 1.828653783997638893e+00 1.413531728648190385e-02
1.349748743718593005e+03 1.828664968122851286e+00 1.413764486272515476e-02
1.354773869346733591e+03 1.828676034246650595e+00 1.413992737822061287e-02
1.359798994974874404e+03 1.828686983949788347e+00 1.414216582418300304e-02
1.364824120603015217e+03 1.828697818788573626e+00 1.414436116702965859e-02
1.369849246231156030e+03 1.828708540295265861e+00 1.414651434922256645e-02
1.374874371859296616e+03 1.828719149978458081e+00 1.414862628980971537e-02
1.379899497487437202e+03 1.828729649323461270e+00 1.415069788511335268e-02
1.384924623115578015e+03 1.828740039792676741e+00 1.415273000940034040e-02
1.389949748743718828e+03 1.828750322825970720e+00 1.415472351542494331e-02
1.394974874371859414e+03 1.828760499841037612e+00 1.415667923505596615e-02
1.400000000000000000e+03 1.828770572233761493e+00 1.415859797983144187e-02
