4.000000000000000000e+02 1.822754046490692614e+00 2.255348699405488114e-02
4.050251256281406995e+02 1.828959351937284650e+00 2.193913933119260445e-02
4.100502512562813990e+02 1.832592149287797678e+00 2.124727290661525270e-02
4.150753768844220986e+02 1.835415588255434827e+00 2.043223074844582182e-02
4.201005025125627981e+02 1.837864094906657586e+00 1.945447827311536093e-02
4.251256281407034976e+02 1.840100612472440389e+00 1.825785220280317159e-02
4.301507537688441971e+02 1.842180951491765528e+00 1.674424150508734346e-02
4.351758793969848966e+02 1.844047824362183619e+00 1.469644360339554881e-02
4.402010050251256530e+02 1.844888201233614522e+00 1.128238761990853732e-02
4.452261306532663525e+02 1.843391701030502539e+00 7.564570906947379672e-03
4.502512562814070520e+02 1.841201244220046718e+00 7.755646715052891618e-03
4.552763819095477515e+02 1.840042854994342392e+00 7.941032109766297392e-03
4.603015075376884511e+02 1.839279984223413100e+00 8.123071505782042054e-03
4.653266331658291506e+02 1.838729396266819416e+00 8.302337141280403954e-03
4.703517587939698501e+02 1.838311146264292706e+00 8.479009579809314301e-03
4.753768844221105496e+02 1.837982971917594188e+00 8.653134121895505668e-03
4.804020100502512491e+02 1.837719832471392811e+00 8.824700066519045039e-03
4.854271356783919487e+02 1.837505705606792272e+00 8.993672168053896618e-03
4.904522613065327050e+02 1.837329748662325235e+00 9.160005149502641747e-03
4.954773869346734045e+02 1.837184300992748209e+00 9.323651085259144003e-03
5.005025125628141041e+02 1.837063760165718707e+00 9.484563399466506423e-03
5.055276381909548036e+02 1.836963910714180193e+00 9.642699106645792259e-03
5.105527638190955031e+02 1.836881503635458435e+00 9.798020073218872972e-03
5.155778894472362026e+02 1.836813982522837563e+00 9.950493701925102602e-03
5.206030150753769021e+02 1.836759299320372740e+00 1.010009326061117423e-02
5.256281407035176017e+02 1.836715786917146875e+00 1.024679798395365313e-02
5.306532663316583012e+02 1.836682068937566914e+00 1.039059302609141207e-02
5.356783919597990007e+02 1.836656994538634180e+00 1.053146931403149515e-02
5.407035175879397002e+02 1.836639590418821077e+00 1.066942333412485532e-02
5.457286432160803997e+02 1.836629024920093833e+00 1.080445687398753733e-02
5.507537688442210992e+02 1.836624580783465355e+00 1.093657673527246438e-02
5.557788944723617988e+02 1.836625634198590262e+00 1.106579442848150581e-02
5.608040201005024983e+02 1.836631638498841479e+00 1.119212585806588292e-02
5.658291457286431978e+02 1.836642111330812899e+00 1.131559100383471017e-02
5.708542713567838973e+02 1.836656624453893993e+00 1.143621360327117843e-02
5.758793969849245968e+02 1.836674795552799777e+00 1.155402083837486597e-02
5.809045226130654100e+02 1.836696281606414738e+00 1.166904302967525925e-02
5.859296482412059959e+02 1.836720773471209434e+00 1.178131333934597479e-02
5.909547738693468091e+02 1.836747991420813131e+00 1.189086748514473629e-02
5.959798994974873949e+02 1.836777681444442534e+00 1.199774346609180573e-02
6.010050251256282081e+02 1.836809612152225046e+00 1.210198130084943167e-02
6.060301507537687939e+02 1.836843572169397643e+00 1.220362277924917117e-02
6.110552763819096072e+02 1.836879367927026108e+00 1.230271122730650091e-02
6.160804020100503067e+02 1.836916821776455100e+00 1.239929128576094074e-02
6.211055276381910062e+02 1.836955770369735674e+00 1.249340870231057006e-02
6.261306532663317057e+02 1.836996063259911605e+00 1.258511013716985885e-02
6.311557788944724052e+02 1.837037561684126796e+00 1.267444298188830955e-02
6.361809045226131047e+02 1.837080137499632837e+00 1.276145519097386487e-02
6.412060301507538043e+02 1.837123672248390793e+00 1.284619512606231459e-02
6.462311557788945038e+02 1.837168056330441779e+00 1.292871141205594564e-02
6.512562814070352033e+02 1.837213188269754882e+00 1.300905280490434121e-02
6.562814070351759028e+02 1.837258974059148064e+00 1.308726807038677192e-02
6.613065326633166023e+02 1.837305326573159814e+00 1.316340587344232670e-02
6.663316582914573019e+02 1.837352165039625174e+00 1.323751467754611007e-02
6.713567839195980014e+02 1.837399414562222555e+00 1.330964265357019970e-02
6.763819095477387009e+02 1.837447005687503188e+00 1.337983759749693594e-02
6.814070351758794004e+02 1.837494874010923596e+00 1.344814685669094845e-02
6.864321608040200999e+02 1.837542959817241028e+00 1.351461726389967428e-02
6.914572864321607994e+02 1.837591207751327005e+00 1.357929507879505719e-02
6.964824120603016127e+02 1.837639566516023226e+00 1.364222593625813787e-02
7.015075376884421985e+02 1.837687988594141286e+00 1.370345480123370298e-02
7.065326633165830117e+02 1.837736429992108400e+00 1.376302592939156362e-02
7.115577889447235975e+02 1.837784850003095771e+00 1.382098283340060622e-02
7.165829145728644107e+02 1.837833210987747323e+00 1.387736825430125470e-02
7.216080402010049966e+02 1.837881478170861227e+00 1.393222413752489425e-02
7.266331658291458098e+02 1.837929619452584262e+00 1.398559161325323673e-02
7.316582914572863956e+02 1.837977605232841594e+00 1.403751098077303180e-02
7.366834170854272088e+02 1.838025408247882853e+00 1.408802169642712869e-02
7.417085427135677946e+02 1.838073003417936002e+00 1.413716236488043142e-02
7.467336683417086078e+02 1.838120367705080804e+00 1.418497073338227492e-02
7.517587939698491937e+02 1.838167479980543195e+00 1.423148368880162128e-02
7.567839195979900069e+02 1.838214320900684484e+00 1.427673725707621043e-02
7.618090452261307064e+02 1.838260872791045664e+00 1.432076660491743425e-02
7.668341708542714059e+02 1.838307119537851086e+00 1.436360604353556503e-02
7.718592964824121054e+02 1.838353046486443487e+00 1.440528903410489940e-02
7.768844221105528050e+02 1.838398640346160517e+00 1.444584819488144156e-02
7.819095477386935045e+02 1.838443889101210482e+00 1.448531530965921355e-02
7.869346733668342040e+02 1.838488781927138271e+00 1.452372133755696834e-02
7.919597989949749035e+02 1.838533309112509784e+00 1.456109642385287721e-02
7.969849246231156030e+02 1.838577461985468675e+00 1.459746991177282224e-02
8.020100502512563025e+02 1.838621232844846354e+00 1.463287035510863442e-02
8.070351758793970021e+02 1.838664614895534788e+00 1.466732553152873611e-02
8.120603015075377016e+02 1.838707602187849455e+00 1.470086245652034614e-02
8.170854271356784011e+02 1.838750189560623527e+00 1.473350739778131989e-02
8.221105527638192143e+02 1.838792372587810808e+00 1.476528589005404388e-02
8.271356783919598001e+02 1.838834147528364715e+00 1.479622275020429575e-02
8.321608040201006133e+02 1.838875511279204567e+00 1.482634209271617258e-02
8.371859296482411992e+02 1.838916461331064012e+00 1.485566734513392786e-02
8.422110552763820124e+02 1.838956995727060839e+00 1.488422126384465576e-02
8.472361809045225982e+02 1.838997113023805641e+00 1.491202594977574999e-02
8.522613065326634114e+02 1.839036812254910780e+00 1.493910286416503912e-02
8.572864321608039972e+02 1.839076092896739789e+00 1.496547284429711883e-02
8.623115577889448105e+02 1.839114954836274629e+00 1.499115611916544341e-02
8.673366834170853963e+02 1.839153398340962919e+00 1.501617232504017657e-02
8.723618090452262095e+02 1.839191424030431898e+00 1.504054052087573645e-02
8.773869346733667953e+02 1.839229032849956313e+00 1.506427920359374936e-02
8.824120603015076085e+02 1.839266226045571662e+00 1.508740632311287959e-02
8.874371859296483080e+02 1.839303005140739300e+00 1.510993929727565827e-02
8.924623115577890076e+02 1.839339371914467502e+00 1.513189502644464793e-02
8.974874371859297071e+02 1.839375328380801644e+00 1.515328990791464138e-02
9.025125628140704066e+02 1.839410876769601133e+00 1.517413985006469367e-02
9.075376884422111061e+02 1.839446019508530261e+00 1.519446028626055857e-02
9.125628140703518056e+02 1.839480759206183702e+00 1.521426618839960554e-02
9.175879396984925052e+02 1.839515098636284929e+00 1.523357208031049514e-02
9.226130653266332047e+02 1.839549040722892492e+00 1.525239205075762904e-02
9.276381909547739042e+02 1.839582588526547324e+00 1.527073976617227512e-02
9.326633165829146037e+02 1.839615745231317767e+00 1.528862848316427624e-02
9.376884422110553032e+02 1.839648514132672830e+00 1.530607106061987466e-02
9.427135678391960028e+02 1.839680898626150363e+00 1.532307997161919295e-02
9.477386934673367023e+02 1.839712902196756872e+00 1.533966731495490718e-02
9.527638190954774018e+02 1.839744528409069435e+00 1.535584482646097648e-02
9.577889447236181013e+02 1.839775780897984658e+00 1.537162388993138819e-02
9.628140703517588008e+02 1.839806663360088468e+00 1.538701554785694772e-02
9.678391959798995003e+02 1.839837179545596113e+00 1.540203051182339848e-02
9.728643216080401999e+02 1.839867333250839954e+00 1.541667917256565358e-02
9.778894472361808994e+02 1.839897128311265950e+00 1.543097160990237679e-02
9.829145728643217126e+02 1.839926568594907108e+00 1.544491760221193902e-02
9.879396984924624121e+02 1.839955657996307448e+00 1.545852663575172752e-02
9.929648241206031116e+02 1.839984400430871414e+00 1.547180791368932273e-02
9.979899497487438111e+02 1.840012799829606749e+00 1.548477036482186729e-02
1.003015075376884511e+03 1.840040860134241507e+00 1.549742265212421775e-02
1.008040201005025210e+03 1.840068585292693015e+00 1.550977318097146972e-02
1.013065326633165910e+03 1.840095979254862124e+00 1.552183010713933595e-02
1.018090452261306609e+03 1.840123045968738991e+00 1.553360134455605661e-02
1.023115577889447309e+03 1.840149789376797296e+00 1.554509457288624948e-02
1.028140703517588008e+03 1.840176213412660466e+00 1.555631724474787481e-02
1.033165829145728821e+03 1.840202321998021251e+00 1.556727659284911497e-02
1.038190954773869407e+03 1.840228119039804877e+00 1.557797963683816601e-02
1.043216080402009993e+03 1.840253608427551368e+00 1.558843318989473412e-02
1.048241206030150806e+03 1.840278794031013021e+00 1.559864386524806475e-02
1.053266331658291620e+03 1.840303679697943284e+00 1.560861808235687251e-02
1.058291457286432205e+03 1.840328269252078375e+00 1.561836207297101313e-02
1.063316582914572791e+03 1.840352566491284536e+00 1.562788188697352559e-02
1.068341708542713604e+03 1.840376575185871610e+00 1.563718339807948152e-02
1.073366834170854418e+03 1.840400299077058044e+00 1.564627230926158089e-02
1.078391959798995003e+03 1.840423741875578223e+00 1.565515415813448913e-02
1.083417085427135589e+03 1.840446907260420595e+00 1.566383432206790161e-02
1.088442211055276402e+03 1.840469798877694796e+00 1.567231802313203554e-02
1.093467336683417216e+03 1.840492420339610469e+00 1.568061033299987528e-02
1.098492462311557802e+03 1.840514775223568877e+00 1.568871617754753756e-02
1.103517587939698387e+03 1.840536867071353555e+00 1.569664034139729714e-02
1.108542713567839201e+03 1.840558699388417319e+00 1.570438747227894533e-02
1.113567839195980014e+03 1.840580275643258323e+00 1.571196208528332500e-02
1.118592964824120827e+03 1.840601599266878052e+00 1.571936856695439061e-02
1.123618090452261413e+03 1.840622673652316355e+00 1.572661117922258267e-02
1.128643216080401999e+03 1.840643502154259536e+00 1.573369406330213383e-02
1.133668341708542812e+03 1.840664088088715289e+00 1.574062124333583043e-02
1.138693467336683625e+03 1.840684434732748676e+00 1.574739663004371543e-02
1.143718592964824211e+03 1.840704545324278074e+00 1.575402402417314454e-02
1.148743718592964797e+03 1.840724423061924631e+00 1.576050711987224059e-02
1.153768844221105610e+03 1.840744071104910562e+00 1.576684950796043358e-02
1.158793969849246423e+03 1.840763492573005866e+00 1.577305467904149480e-02
1.163819095477387009e+03 1.840782690546516998e+00 1.577912602660173219e-02
1.168844221105527595e+03 1.840801668066315733e+00 1.578506684993994172e-02
1.173869346733668408e+03 1.840820428133905784e+00 1.579088035702222448e-02
1.178894472361809221e+03 1.840838973711522053e+00 1.579656966727010364e-02
1.183919597989949807e+03 1.840857307722264080e+00 1.580213781418485924e-02
1.188944723618090393e+03 1.840875433050255028e+00 1.580758774800617925e-02
1.193969849246231206e+03 1.840893352540830419e+00 1.581292233817441911e-02
1.198994974874372019e+03 1.840911069000751077e+00 1.581814437577324164e-02
1.204020100502512605e+03 1.840928585198436496e+00 1.582325657587647580e-02
1.209045226130653191e+03 1.840945903864221522e+00 1.582826157981426229e-02
1.214070351758794004e+03 1.840963027690630582e+00 1.583316195738745588e-02
1.219095477386934817e+03 1.840979959332669891e+00 1.583796020899616921e-02
1.224120603015075403e+03 1.840996701408132985e+00 1.584265876769028539e-02
1.229145728643215989e+03 1.841013256497924910e+00 1.584726000119185754e-02
1.234170854271356802e+03 1.841029627146393732e+00 1.585176621378501377e-02
1.239195979899497615e+03 1.841045815861679147e+00 1.585617964824924397e-02
1.244221105527638429e+03 1.841061825116065753e+00 1.586050248760557599e-02
1.249246231155779014e+03 1.841077657346350760e+00 1.586473685692147209e-02
1.254271356783919600e+03 1.841093314954216131e+00 1.586888482499988068e-02
1.259296482412060413e+03 1.841108800306609172e+00 1.587294840600214987e-02
1.264321608040201227e+03 1.841124115736129774e+00 1.587692956106126485e-02
1.269346733668341813e+03 1.841139263541422322e+00 1.588083019982993935e-02
1.274371859296482398e+03 1.841154245987572491e+00 1.588465218195711168e-02
1.279396984924623212e+03 1.841169065306507813e+00 1.588839731856313275e-02
1.284422110552764025e+03 1.841183723697402241e+00 1.589206737361632815e-02
1.289447236180904611e+03 1.841198223327080274e+00 1.589566406530211126e-02
1.294472361809045196e+03 1.841212566330426181e+00 1.589918906733617590e-02
1.299497487437186010e+03 1.841226754810795008e+00 1.590264401025702837e-02
1.304522613065326823e+03 1.841240790840420249e+00 1.590603048262140967e-02
1.309547738693467409e+03 1.841254676460825301e+00 1.590935003226352437e-02
1.314572864321607994e+03 1.841268413683234906e+00 1.591260416739497321e-02
1.319597989949748808e+03 1.841282004488983715e+00 1.591579435776211901e-02
1.324623115577889621e+03 1.841295450829926628e+00 1.591892203572849857e-02
1.329648241206030207e+03 1.841308754628844691e+00 1.592198859731748864e-02
1.334673366834170793e+03 1.841321917779853656e+00 1.592499540327123320e-02
1.339698492462311606e+03 1.841334942148806109e+00 1.592794378000058492e-02
1.344723618090452419e+03 1.841347829573694916e+00 1.593083502057965339e-02
1.349748743718593005e+03 1.841360581865053136e+00 1.593367038565270816e-02
1.354773869346733591e+03 1.841373200806350141e+00 1.593645110436521864e-02
1.359798994974874404e+03 1.841385688154385969e+00 1.593917837520763062e-02
1.364824120603015217e+03 1.841398045639683012e+00 1.594185336689757718e-02
1.369849246231156030e+03 1.841410274966874594e+00 1.594447721918216404e-02
1.374874371859296616e+03 1.841422377815087552e+00 1.594705104365810172e-02
1.379899497487437202e+03 1.841434355838325931e+00 1.594957592451228326e-02
1.384924623115578015e+03 1.841446210665845351e+00 1.595205291930830091e-02
1.389949748743718828e+03 1.841457943902529149e+00 1.595448305970766784e-02
1.394974874371859414e+03 1.841469557129257417e+00 1.595686735213977178e-02
1.400000000000000000e+03 1.841481051903272270e+00 1.595920677857381662e-02
