4.000000000000000000e+02 1.852823828933954919e+00 1.907955710191171217e-02
4.050251256281406995e+02 1.858119993268223524e+00 1.896505307035489460e-02
4.100502512562813990e+02 1.860987095920036749e+00 1.884666027327619106e-02
4.150753768844220986e+02 1.863093306049277809e+00 1.870450788544949020e-02
4.201005025125627981e+02 1.864851529759143256e+00 1.853132837384705023e-02
4.251256281407034976e+02 1.866425655482604640e+00 1.832192067813018244e-02
4.301507537688441971e+02 1.867897149833643189e+00 1.807128781765247535e-02
4.351758793969848966e+02 1.869312339840399462e+00 1.777395200830364855e-02
4.402010050251256530e+02 1.870699990813450286e+00 1.742348909164135456e-02
4.452261306532663525e+02 1.872078995855876116e+00 1.701202462656931091e-02
4.502512562814070520e+02 1.873462068283843873e+00 1.652953506284416535e-02
4.552763819095477515e+02 1.874857507351989305e+00 1.596274793972959558e-02
4.603015075376884511e+02 1.876269747468739313e+00 1.529324828235561692e-02
4.653266331658291506e+02 1.877698617187836705e+00 1.449390065855883820e-02
4.703517587939698501e+02 1.879135987620886183e+00 1.352123321789091420e-02
4.753768844221105496e+02 1.880553790088870025e+00 1.229615043134581372e-02
4.804020100502512491e+02 1.881846360702949861e+00 1.063836837107963798e-02
4.854271356783919487e+02 1.882079878913242688e+00 7.804513421631654839e-03
4.904522613065327050e+02 1.880201951826125484e+00 5.156890436584606920e-03
4.954773869346734045e+02 1.877871580636600646e+00 5.311791997445863486e-03
5.005025125628141041e+02 1.876516148935178263e+00 5.465012116268656156e-03
5.055276381909548036e+02 1.875554073339821493e+00 5.617939979309393740e-03
5.105527638190955031e+02 1.874812184504525359e+00 5.770902296230472073e-03
5.155778894472362026e+02 1.874212644207599476e+00 5.923982190814782757e-03
5.206030150753769021e+02 1.873713153146090438e+00 6.077173892834713230e-03
5.256281407035176017e+02 1.873287997280185024e+00 6.230431405271136779e-03
5.306532663316583012e+02 1.872920329045943078e+00 6.383688269068671199e-03
5.356783919597990007e+02 1.872598498051935012e+00 6.536866994420078084e-03
5.407035175879397002e+02 1.872314110954464095e+00 6.689884107535054754e-03
5.457286432160803997e+02 1.872060922213501843e+00 6.842653099266379595e-03
5.507537688442210992e+02 1.871834160630144517e+00 6.995086274109921579e-03
5.557788944723617988e+02 1.871630100486999071e+00 7.147095978553412790e-03
5.608040201005024983e+02 1.871445777636327135e+00 7.298595457657580839e-03
5.658291457286431978e+02 1.871278795384483828e+00 7.449499475927516198e-03
5.708542713567838973e+02 1.871127188108810735e+00 7.599724781642456899e-03
5.758793969849245968e+02 1.870989323179172770e+00 7.749190462124104159e-03
5.809045226130654100e+02 1.870863828990944722e+00 7.897818219841654455e-03
5.859296482412059959e+02 1.870749541220934953e+00 8.045532588790918135e-03
5.909547738693468091e+02 1.870645462065821274e+00 8.192261104035912858e-03
5.959798994974873949e+02 1.870550728899803339e+00 8.337934433305025511e-03
6.010050251256282081e+02 1.870464589877981032e+00 8.482486477299209723e-03
6.060301507537687939e+02 1.870386384736473673e+00 8.625854443307521408e-03
6.110552763819096072e+02 1.870315529531900944e+00 8.767978895576280726e-03
6.160804020100503067e+02 1.870251504402604903e+00 8.908803785704140499e-03
6.211055276381910062e+02 1.870193843672752765e+00 9.048276464983840556e-03
6.261306532663317057e+02 1.870142127790816344e+00 9.186347680921243958e-03
6.311557788944724052e+02 1.870095976717169650e+00 9.322971559359629137e-03
6.361809045226131047e+02 1.870055044465846139e+00 9.458105574057462661e-03
6.412060301507538043e+02 1.870019014572450899e+00 9.591710504675885970e-03
6.462311557788945038e+02 1.869987596310395128e+00 9.723750384691590837e-03
6.512562814070352033e+02 1.869960521515613205e+00 9.854192440187236821e-03
6.562814070351759028e+02 1.869937541908950118e+00 9.983007020792642253e-03
6.613065326633166023e+02 1.869918426827781976e+00 1.011016752334056509e-02
6.663316582914573019e+02 1.869902961295834665e+00 1.023565030976101783e-02
6.713567839195980014e+02 1.869890944373780561e+00 1.035943461949886436e-02
6.763819095477387009e+02 1.869882187743943769e+00 1.048150247764236161e-02
6.814070351758794004e+02 1.869876514490976138e+00 1.060183859941388716e-02
6.864321608040200999e+02 1.869873758047187140e+00 1.072043029162468748e-02
6.914572864321607994e+02 1.869873761276695801e+00 1.083726735202608128e-02
6.964824120603016127e+02 1.869876375677003599e+00 1.095234196683179777e-02
7.015075376884421985e+02 1.869881460680190788e+00 1.106564860730110782e-02
7.065326633165830117e+02 1.869888883038883343e+00 1.117718392571384958e-02
7.115577889447235975e+02 1.869898516284549173e+00 1.128694665123535813e-02
7.165829145728644107e+02 1.869910240247673050e+00 1.139493748625816823e-02
7.216080402010049966e+02 1.869923940631009751e+00 1.150115900342093059e-02
7.266331658291458098e+02 1.869939508628475355e+00 1.160561554382513738e-02
7.316582914572863956e+02 1.869956840583382851e+00 1.170831311665186843e-02
7.366834170854272088e+02 1.869975837680680320e+00 1.180925930064637662e-02
7.417085427135677946e+02 1.869996405668644446e+00 1.190846314740373439e-02
7.467336683417086078e+02 1.870018454606163338e+00 1.200593508710867847e-02
7.517587939698491937e+02 1.870041898632300859e+00 1.210168683646541815e-02
7.567839195979900069e+02 1.870066655755322493e+00 1.219573130938813969e-02
7.618090452261307064e+02 1.870092647658763152e+00 1.228808253026531828e-02
7.668341708542714059e+02 1.870119799522462323e+00 1.237875555008184116e-02
7.718592964824121054e+02 1.870148039856792677e+00 1.246776636549133850e-02
7.768844221105528050e+02 1.870177300348543348e+00 1.255513184075337900e-02
7.819095477386935045e+02 1.870207515717152713e+00 1.264086963277620893e-02
7.869346733668342040e+02 1.870238623580144921e+00 1.272499811914913799e-02
7.919597989949749035e+02 1.870270564326796281e+00 1.280753632919969486e-02
7.969849246231156030e+02 1.870303280999187967e+00 1.288850387816660274e-02
8.020100502512563025e+02 1.870336719179906737e+00 1.296792090431603262e-02
8.070351758793970021e+02 1.870370826885762616e+00 1.304580800909009575e-02
8.120603015075377016e+02 1.870405554466975095e+00 1.312218620025986174e-02
8.170854271356784011e+02 1.870440854511343565e+00 1.319707683785214039e-02
8.221105527638192143e+02 1.870476681752993198e+00 1.327050158307022457e-02
8.271356783919598001e+02 1.870512992985321699e+00 1.334248234991658282e-02
8.321608040201006133e+02 1.870549746977840044e+00 1.341304125954922120e-02
8.371859296482411992e+02 1.870586904396619454e+00 1.348220059728267618e-02
8.422110552763820124e+02 1.870624427728103223e+00 1.354998277216847187e-02
8.472361809045225982e+02 1.870662281206063149e+00 1.361641027896522138e-02
8.522613065326634114e+02 1.870700430741513376e+00 1.368150566268378464e-02
8.572864321608039972e+02 1.870738843855406675e+00 1.374529148526602851e-02
8.623115577889448105e+02 1.870777489613961730e+00 1.380779029455279916e-02
8.673366834170853963e+02 1.870816338566486214e+00 1.386902459543571005e-02
8.723618090452262095e+02 1.870855362685570622e+00 1.392901682295625936e-02
8.773869346733667953e+02 1.870894535309542750e+00 1.398778931747315588e-02
8.824120603015076085e+02 1.870933831087080890e+00 1.404536430161883349e-02
8.874371859296483080e+02 1.870973225923891592e+00 1.410176385909721677e-02
8.924623115577890076e+02 1.871012696931370289e+00 1.415700991512840873e-02
8.974874371859297071e+02 1.871052222377159291e+00 1.421112421857673863e-02
9.025125628140704066e+02 1.871091781637539642e+00 1.426412832559272037e-02
9.075376884422111061e+02 1.871131355151576026e+00 1.431604358467936620e-02
9.125628140703518056e+02 1.871170924376963196e+00 1.436689112320856630e-02
9.175879396984925052e+02 1.871210471747502213e+00 1.441669183518570242e-02
9.226130653266332047e+02 1.871249980632157195e+00 1.446546637028495869e-02
9.276381909547739042e+02 1.871289435295632630e+00 1.451323512402758094e-02
9.326633165829146037e+02 1.871328820860423070e+00 1.456001822911917078e-02
9.376884422110553032e+02 1.871368123270282569e+00 1.460583554766039377e-02
9.427135678391960028e+02 1.871407329255068142e+00 1.465070666456904161e-02
9.477386934673367023e+02 1.871446426296909271e+00 1.469465088170667302e-02
9.527638190954774018e+02 1.871485402597661718e+00 1.473768721292549252e-02
9.577889447236181013e+02 1.871524247047599676e+00 1.477983437996228250e-02
9.628140703517588008e+02 1.871562949195308967e+00 1.482111080901963272e-02
9.678391959798995003e+02 1.871601499218735309e+00 1.486153462805156825e-02
9.728643216080401999e+02 1.871639887897355692e+00 1.490112366469693861e-02
9.778894472361808994e+02 1.871678106585429990e+00 1.493989544483593709e-02
9.829145728643217126e+02 1.871716147186297752e+00 1.497786719168726736e-02
9.879396984924624121e+02 1.871754002127685057e+00 1.501505582542509223e-02
9.929648241206031116e+02 1.871791664337985939e+00 1.505147796327381722e-02
9.979899497487438111e+02 1.871829127223487488e+00 1.508714992003278021e-02
1.003015075376884511e+03 1.871866384646498682e+00 1.512208770904297818e-02
1.008040201005025210e+03 1.871903430904363175e+00 1.515630704349089919e-02
1.013065326633165910e+03 1.871940260709311854e+00 1.518982333807099468e-02
1.018090452261306609e+03 1.871976869169134972e+00 1.522265171095512140e-02
1.023115577889447309e+03 1.872013251768641640e+00 1.525480698606205589e-02
1.028140703517588008e+03 1.872049404351874946e+00 1.528630369558400814e-02
1.033165829145728821e+03 1.872085323105061150e+00 1.531715608270607480e-02
1.038190954773869407e+03 1.872121004540262312e+00 1.534737810461473187e-02
1.043216080402009993e+03 1.872156445479707498e+00 1.537698343564433690e-02
1.048241206030150806e+03 1.872191643040776565e+00 1.540598547057871366e-02
1.053266331658291620e+03 1.872226594621615225e+00 1.543439732816751474e-02
1.058291457286432205e+03 1.872261297887353404e+00 1.546223185472944336e-02
1.063316582914572791e+03 1.872295750756906241e+00 1.548950162787370542e-02
1.068341708542713604e+03 1.872329951390338643e+00 1.551621896034897224e-02
1.073366834170854418e+03 1.872363898176763630e+00 1.554239590395736260e-02
1.078391959798995003e+03 1.872397589722764044e+00 1.556804425356424736e-02
1.083417085427135589e+03 1.872431024841308744e+00 1.559317555113436636e-02
1.088442211055276402e+03 1.872464202541149980e+00 1.561780108987470550e-02
1.093467336683417216e+03 1.872497122016678839e+00 1.564193191835739141e-02
1.098492462311557802e+03 1.872529782638224116e+00 1.566557884472405057e-02
1.103517587939698387e+03 1.872562183942774405e+00 1.568875244086630552e-02
1.108542713567839201e+03 1.872594325625109191e+00 1.571146304666174928e-02
1.113567839195980014e+03 1.872626207529318965e+00 1.573372077418845258e-02
1.118592964824120827e+03 1.872657829640702376e+00 1.575553551191898050e-02
1.123618090452261413e+03 1.872689192078022646e+00 1.577691692897218584e-02
1.128643216080401999e+03 1.872720295086111708e+00 1.579787447929607500e-02
1.133668341708542812e+03 1.872751139028803191e+00 1.581841740581046984e-02
1.138693467336683625e+03 1.872781724382184043e+00 1.583855474459388082e-02
1.143718592964824211e+03 1.872812051728153238e+00 1.585829532900863773e-02
1.148743718592964797e+03 1.872842121748268696e+00 1.587764779374326723e-02
1.153768844221105610e+03 1.872871935217880202e+00 1.589662057891855565e-02
1.158793969849246423e+03 1.872901493000523443e+00 1.591522193404630928e-02
1.163819095477387009e+03 1.872930796042579171e+00 1.593345992203587524e-02
1.168844221105527595e+03 1.872959845368172171e+00 1.595134242309321354e-02
1.173869346733668408e+03 1.872988642074310706e+00 1.596887713858122226e-02
1.178894472361809221e+03 1.873017187326250443e+00 1.598607159485345569e-02
1.183919597989949807e+03 1.873045482353075109e+00 1.600293314703846170e-02
1.188944723618090393e+03 1.873073528443484514e+00 1.601946898269650948e-02
1.193969849246231206e+03 1.873101326941781331e+00 1.603568612553398637e-02
1.198994974874372019e+03 1.873128879244048139e+00 1.605159143897868720e-02
1.204020100502512605e+03 1.873156186794505462e+00 1.606719162971772044e-02
1.209045226130653191e+03 1.873183251082044087e+00 1.608249325118826095e-02
1.214070351758794004e+03 1.873210073636925044e+00 1.609750270699765104e-02
1.219095477386934817e+03 1.873236656027638114e+00 1.611222625429051258e-02
1.224120603015075403e+03 1.873262999857911559e+00 1.612667000705287484e-02
1.229145728643215989e+03 1.873289106763869727e+00 1.614083993935003930e-02
1.234170854271356802e+03 1.873314978411328768e+00 1.615474188852916021e-02
1.239195979899497615e+03 1.873340616493225363e+00 1.616838155830041882e-02
1.244221105527638429e+03 1.873366022727175118e+00 1.618176452187188030e-02
1.249246231155779014e+03 1.873391198853148865e+00 1.619489622487305450e-02
1.254271356783919600e+03 1.873416146631268653e+00 1.620778198834490688e-02
1.259296482412060413e+03 1.873440867839714530e+00 1.622042701162046408e-02
1.264321608040201227e+03 1.873465364272736355e+00 1.623283637514004105e-02
1.269346733668341813e+03 1.873489637738768421e+00 1.624501504321728892e-02
1.274371859296482398e+03 1.873513690058639769e+00 1.625696786675851976e-02
1.279396984924623212e+03 1.873537523063879551e+00 1.626869958591029008e-02
1.284422110552764025e+03 1.873561138595108755e+00 1.628021483263075025e-02
1.289447236180904611e+03 1.873584538500516761e+00 1.629151813327557943e-02
1.294472361809045196e+03 1.873607724634420713e+00 1.630261391103682983e-02
1.299497487437186010e+03 1.873630698855899501e+00 1.631350648841398132e-02
1.304522613065326823e+03 1.873653463027502353e+00 1.632420008954189872e-02
1.309547738693467409e+03 1.873676019014027139e+00 1.633469884256140078e-02
1.314572864321607994e+03 1.873698368681368187e+00 1.634500678184355391e-02
1.319597989949748808e+03 1.873720513895424045e+00 1.635512785025981450e-02
1.324623115577889621e+03 1.873742456521069855e+00 1.636506590130247518e-02
1.329648241206030207e+03 1.873764198421185911e+00 1.637482470122680195e-02
1.334673366834170793e+03 1.873785741455741949e+00 1.638440793112795613e-02
1.339698492462311606e+03 1.873807087480936939e+00 1.639381918896089599e-02
1.344723618090452419e+03 1.873828238348384856e+00 1.640306199149787689e-02
1.349748743718593005e+03 1.873849195904351950e+00 1.641213977627896392e-02
1.354773869346733591e+03 1.873869961989040656e+00 1.642105590348899927e-02
1.359798994974874404e+03 1.873890538435913689e+00 1.642981365779610028e-02
1.364824120603015217e+03 1.873910927071062993e+00 1.643841625015950159e-02
1.369849246231156030e+03 1.873931129712616883e+00 1.644686681956048641e-02
1.374874371859296616e+03 1.873951148170186487e+00 1.645516843474529450e-02
1.379899497487437202e+03 1.873970984244345717e+00 1.646332409586607690e-02
1.384924623115578015e+03 1.873990639726149432e+00 1.647133673615586505e-02
1.389949748743718828e+03 1.874010116396679804e+00 1.647920922344957642e-02
1.394974874371859414e+03 1.874029416026627759e+00 1.648694436182830680e-02
1.400000000000000000e+03 1.874048540375900851e+00 1.649454489305741262e-02
