4.000000000000000000e+02 1.865759248846241336e+00 1.813596657866670472e-02
4.050251256281406995e+02 1.870859358315366539e+00 1.804090349179151426e-02
4.100502512562813990e+02 1.873600418502850085e+00 1.794337356816038884e-02
4.150753768844220986e+02 1.875601841032999539e+00 1.782542307368579354e-02
4.201005025125627981e+02 1.877264304358004399e+00 1.768069833108106351e-02
4.251256281407034976e+02 1.878746811177741449e+00 1.750481766927000291e-02
4.301507537688441971e+02 1.880128419746723845e+00 1.729369753666140305e-02
4.351758793969848966e+02 1.881454145211808981e+00 1.704297285182367408e-02
4.402010050251256530e+02 1.882752037847331028e+00 1.674764472560967554e-02
4.452261306532663525e+02 1.884040682638170594e+00 1.640173915909796248e-02
4.502512562814070520e+02 1.885332855588350176e+00 1.599787138084583088e-02
4.552763819095477515e+02 1.886637386194614630e+00 1.552660648604014051e-02
4.603015075376884511e+02 1.887960017839320770e+00 1.497543680961723259e-02
4.653266331658291506e+02 1.889303491734009022e+00 1.432701654476708185e-02
4.703517587939698501e+02 1.890666594867488559e+00 1.355583437615910658e-02
4.753768844221105496e+02 1.892040841661685180e+00 1.262117035647663393e-02
4.804020100502512491e+02 1.893399122274203261e+00 1.144942667314394376e-02
4.854271356783919487e+02 1.894642217428611941e+00 9.875126308981262147e-03
4.904522613065327050e+02 1.894952947482694938e+00 7.250324920211489305e-03
4.954773869346734045e+02 1.893145840143372061e+00 4.503799810916299558e-03
5.005025125628141041e+02 1.890774255066160592e+00 4.645938723283657423e-03
5.055276381909548036e+02 1.889396183985398769e+00 4.787105589198262928e-03
5.105527638190955031e+02 1.888414969085702833e+00 4.928542627223746198e-03
5.155778894472362026e+02 1.887654882018511060e+00 5.070542338183067418e-03
5.206030150753769021e+02 1.887037394864375495e+00 5.213180880963932430e-03
5.256281407035176017e+02 1.886519982322886868e+00 5.356455157360674388e-03
5.306532663316583012e+02 1.886076851254328668e+00 5.500325635488021933e-03
5.356783919597990007e+02 1.885691128929987803e+00 5.644733658081391332e-03
5.407035175879397002e+02 1.885351161748115567e+00 5.789609679446243440e-03
5.457286432160803997e+02 1.885048562883799628e+00 5.934877672413269890e-03
5.507537688442210992e+02 1.884777098004822848e+00 6.080457711815574415e-03
5.557788944723617988e+02 1.884532009600413671e+00 6.226267607422216431e-03
5.608040201005024983e+02 1.884309587092321658e+00 6.372224003999863058e-03
5.658291457286431978e+02 1.884106882403580707e+00 6.518243164447008915e-03
5.708542713567838973e+02 1.883921515549272563e+00 6.664241554187065597e-03
5.758793969849245968e+02 1.883751538061134490e+00 6.810136294523446918e-03
5.809045226130654100e+02 1.883595334763101370e+00 6.955845526095907720e-03
5.859296482412059959e+02 1.883451551680301650e+00 7.101288707275887034e-03
5.909547738693468091e+02 1.883319042182649783e+00 7.246386864078752620e-03
5.959798994974873949e+02 1.883196826118574529e+00 7.391062802154896652e-03
6.010050251256282081e+02 1.883084058374310921e+00 7.535241287934815561e-03
6.060301507537687939e+02 1.882980004385157446e+00 7.678849204096477310e-03
6.110552763819096072e+02 1.882884020849998619e+00 7.821815682900305072e-03
6.160804020100503067e+02 1.882795540392064648e+00 7.964072220022348422e-03
6.211055276381910062e+02 1.882714059248592031e+00 8.105552770788415975e-03
6.261306532663317057e+02 1.882639127310691496e+00 8.246193830597225299e-03
6.311557788944724052e+02 1.882570340004971809e+00 8.385934500498784180e-03
6.361809045226131047e+02 1.882507331631593006e+00 8.524716539292737094e-03
6.412060301507538043e+02 1.882449769863644873e+00 8.662484402934784306e-03
6.462311557788945038e+02 1.882397351179620371e+00 8.799185272157016707e-03
6.512562814070352033e+02 1.882349797050866025e+00 8.934769069006150144e-03
6.562814070351759028e+02 1.882306850743848958e+00 9.069188463168072201e-03
6.613065326633166023e+02 1.882268274626068827e+00 9.202398868616779720e-03
6.663316582914573019e+02 1.882233847886804590e+00 9.334358431466731332e-03
6.713567839195980014e+02 1.882203364601263695e+00 9.465028009430630218e-03
6.763819095477387009e+02 1.882176632080321488e+00 9.594371143792291418e-03
6.814070351758794004e+02 1.882153469458779149e+00 9.722354024303507883e-03
6.864321608040200999e+02 1.882133706483606117e+00 9.848945447796755848e-03
6.914572864321607994e+02 1.882117182470463668e+00 9.974116770822523750e-03
6.964824120603016127e+02 1.882103745402293526e+00 1.009784185733719579e-02
7.015075376884421985e+02 1.882093251148207136e+00 1.022009702149023584e-02
7.065326633165830117e+02 1.882085562784523436e+00 1.034086096644056853e-02
7.115577889447235975e+02 1.882080550002762420e+00 1.046011471949076163e-02
7.165829145728644107e+02 1.882078088591838672e+00 1.057784156422198613e-02
7.216080402010049966e+02 1.882078059983695928e+00 1.069402696985086859e-02
7.266331658291458098e+02 1.882080350853297279e+00 1.080865851854100231e-02
7.316582914572863956e+02 1.882084852765273597e+00 1.092172583087209180e-02
7.366834170854272088e+02 1.882091461860679438e+00 1.103322049002862862e-02
7.417085427135677946e+02 1.882100078578293312e+00 1.114313596495200738e-02
7.467336683417086078e+02 1.882110607405704128e+00 1.125146753290735824e-02
7.517587939698491937e+02 1.882122956656127055e+00 1.135821220180591347e-02
7.567839195979900069e+02 1.882137038267468032e+00 1.146336863242944371e-02
7.618090452261307064e+02 1.882152767620659972e+00 1.156693706105559223e-02
7.668341708542714059e+02 1.882170063374712932e+00 1.166891922260571840e-02
7.718592964824121054e+02 1.882188847316280889e+00 1.176931827454509409e-02
7.768844221105528050e+02 1.882209044221859084e+00 1.186813872180175755e-02
7.819095477386935045e+02 1.882230581730985453e+00 1.196538634290441293e-02
7.869346733668342040e+02 1.882253390229050360e+00 1.206106811743467774e-02
7.919597989949749035e+02 1.882277402738511629e+00 1.215519215497600121e-02
7.969849246231156030e+02 1.882302554817475881e+00 1.224776762573314554e-02
8.020100502512563025e+02 1.882328784464758487e+00 1.233880469290001003e-02
8.070351758793970021e+02 1.882356032030649606e+00 1.242831444684549744e-02
8.120603015075377016e+02 1.882384240132729092e+00 1.251630884121598779e-02
8.170854271356784011e+02 1.882413353576157133e+00 1.260280063108084811e-02
8.221105527638192143e+02 1.882443319277953497e+00 1.268780331303826815e-02
8.271356783919598001e+02 1.882474086194842799e+00 1.277133106750683034e-02
8.321608040201006133e+02 1.882505605254305658e+00 1.285339870300183408e-02
8.371859296482411992e+02 1.882537829288519537e+00 1.293402160262652548e-02
8.422110552763820124e+02 1.882570712970926596e+00 1.301321567262192155e-02
8.472361809045225982e+02 1.882604212755198514e+00 1.309099729315804650e-02
8.522613065326634114e+02 1.882638286816395334e+00 1.316738327107764943e-02
8.572864321608039972e+02 1.882672894994156909e+00 1.324239079484585552e-02
8.623115577889448105e+02 1.882707998737774613e+00 1.331603739155628151e-02
8.673366834170853963e+02 1.882743561053022763e+00 1.338834088597592835e-02
8.723618090452262095e+02 1.882779546450637831e+00 1.345931936153800350e-02
8.773869346733667953e+02 1.882815920896356632e+00 1.352899112340095675e-02
8.824120603015076085e+02 1.882852651762433105e+00 1.359737466335238579e-02
8.874371859296483080e+02 1.882889707780557753e+00 1.366448862659699372e-02
8.924623115577890076e+02 1.882927058996133107e+00 1.373035178040904643e-02
8.974874371859297071e+02 1.882964676723837050e+00 1.379498298451706413e-02
9.025125628140704066e+02 1.883002533504436915e+00 1.385840116318846557e-02
9.075376884422111061e+02 1.883040603062817508e+00 1.392062527906134765e-02
9.125628140703518056e+02 1.883078860267173082e+00 1.398167430848138749e-02
9.175879396984925052e+02 1.883117281089346395e+00 1.404156721844034700e-02
9.226130653266332047e+02 1.883155842566274440e+00 1.410032294501805360e-02
9.276381909547739042e+02 1.883194522762519751e+00 1.415796037323041427e-02
9.326633165829146037e+02 1.883233300733857307e+00 1.421449831824098640e-02
9.376884422110553032e+02 1.883272156491903937e+00 1.426995550791507542e-02
9.427135678391960028e+02 1.883311070969752699e+00 1.432435056666152284e-02
9.477386934673367023e+02 1.883350025988608012e+00 1.437770200043583801e-02
9.527638190954774018e+02 1.883389004225389129e+00 1.443002818290118131e-02
9.577889447236181013e+02 1.883427989181288842e+00 1.448134734273190914e-02
9.628140703517588008e+02 1.883466965151266326e+00 1.453167755190280797e-02
9.678391959798995003e+02 1.883505917194456147e+00 1.458103671503532817e-02
9.728643216080401999e+02 1.883544831105474548e+00 1.462944255961478625e-02
9.778894472361808994e+02 1.883583693386605029e+00 1.467691262721011400e-02
9.829145728643217126e+02 1.883622491220846795e+00 1.472346426541935004e-02
9.879396984924624121e+02 1.883661212445802313e+00 1.476911462073180088e-02
9.929648241206031116e+02 1.883699845528397310e+00 1.481388063206762369e-02
9.979899497487438111e+02 1.883738379540397689e+00 1.485777902509204454e-02
1.003015075376884511e+03 1.883776804134729144e+00 1.490082630718443830e-02
1.008040201005025210e+03 1.883815109522554154e+00 1.494303876302853495e-02
1.013065326633165910e+03 1.883853286451115050e+00 1.498443245083640185e-02
1.018090452261306609e+03 1.883891326182304260e+00 1.502502319910889103e-02
1.023115577889447309e+03 1.883929220471957100e+00 1.506482660394889081e-02
1.028140703517588008e+03 1.883966961549843333e+00 1.510385802684872589e-02
1.033165829145728821e+03 1.884004542100341073e+00 1.514213259294876039e-02
1.038190954773869407e+03 1.884041955243777489e+00 1.517966518975771839e-02
1.043216080402009993e+03 1.884079194518414324e+00 1.521647046619464989e-02
1.048241206030150806e+03 1.884116253863066914e+00 1.525256283213607608e-02
1.053266331658291620e+03 1.884153127600333599e+00 1.528795645817660614e-02
1.058291457286432205e+03 1.884189810420422662e+00 1.532266527583901750e-02
1.063316582914572791e+03 1.884226297365558578e+00 1.535670297797399331e-02
1.068341708542713604e+03 1.884262583814951153e+00 1.539008301955643518e-02
1.073366834170854418e+03 1.884298665470309997e+00 1.542281861859227943e-02
1.078391959798995003e+03 1.884334538341889687e+00 1.545492275744388654e-02
1.083417085427135589e+03 1.884370198735050295e+00 1.548640818420311295e-02
1.088442211055276402e+03 1.884405643237314854e+00 1.551728741437700954e-02
1.093467336683417216e+03 1.884440868705910432e+00 1.554757273270408052e-02
1.098492462311557802e+03 1.884475872255779061e+00 1.557727619517853580e-02
1.103517587939698387e+03 1.884510651248039403e+00 1.560640963116670041e-02
1.108542713567839201e+03 1.884545203278888303e+00 1.563498464572152941e-02
1.113567839195980014e+03 1.884579526168929542e+00 1.566301262197989166e-02
1.118592964824120827e+03 1.884613617952907383e+00 1.569050472369859853e-02
1.123618090452261413e+03 1.884647476869843574e+00 1.571747189787137469e-02
1.128643216080401999e+03 1.884681101353554489e+00 1.574392487746828148e-02
1.133668341708542812e+03 1.884714490023540634e+00 1.576987418419061038e-02
1.138693467336683625e+03 1.884747641676232321e+00 1.579533013131836916e-02
1.143718592964824211e+03 1.884780555276585501e+00 1.582030282671216884e-02
1.148743718592964797e+03 1.884813229950006663e+00 1.584480217566615681e-02
1.153768844221105610e+03 1.884845664974604817e+00 1.586883788403286102e-02
1.158793969849246423e+03 1.884877859773749442e+00 1.589241946116919796e-02
1.163819095477387009e+03 1.884909813908932641e+00 1.591555622308832990e-02
1.168844221105527595e+03 1.884941527072919287e+00 1.593825729550770592e-02
1.173869346733668408e+03 1.884972999083173395e+00 1.596053161698790870e-02
1.178894472361809221e+03 1.885004229875558268e+00 1.598238794205581945e-02
1.183919597989949807e+03 1.885035219498289116e+00 1.600383484428988604e-02
1.188944723618090393e+03 1.885065968106141687e+00 1.602488071949781726e-02
1.193969849246231206e+03 1.885096475954896489e+00 1.604553378881786938e-02
1.198994974874372019e+03 1.885126743396015270e+00 1.606580210183225152e-02
1.204020100502512605e+03 1.885156770871541987e+00 1.608569353966964391e-02
1.209045226130653191e+03 1.885186558909214938e+00 1.610521581809457037e-02
1.214070351758794004e+03 1.885216108117787615e+00 1.612437649057438249e-02
1.219095477386934817e+03 1.885245419182547399e+00 1.614318295133511730e-02
1.224120603015075403e+03 1.885274492861023221e+00 1.616164243834861125e-02
1.229145728643215989e+03 1.885303329978879727e+00 1.617976203638571767e-02
1.234170854271356802e+03 1.885331931425984209e+00 1.619754867994696590e-02
1.239195979899497615e+03 1.885360298152647829e+00 1.621500915618484528e-02
1.244221105527638429e+03 1.885388431166024059e+00 1.623215010785543713e-02
1.249246231155779014e+03 1.885416331526668987e+00 1.624897803614542072e-02
1.254271356783919600e+03 1.885444000345249282e+00 1.626549930353566112e-02
1.259296482412060413e+03 1.885471438779394271e+00 1.628172013660183007e-02
1.264321608040201227e+03 1.885498648030690116e+00 1.629764662872840858e-02
1.269346733668341813e+03 1.885525629341803011e+00 1.631328474290275402e-02
1.274371859296482398e+03 1.885552383993734704e+00 1.632864031436036950e-02
1.279396984924623212e+03 1.885578913303197712e+00 1.634371905322086135e-02
1.284422110552764025e+03 1.885605218620109103e+00 1.635852654711039689e-02
1.289447236180904611e+03 1.885631301325200848e+00 1.637306826371899213e-02
1.294472361809045196e+03 1.885657162827732991e+00 1.638734955332243198e-02
1.299497487437186010e+03 1.885682804563316939e+00 1.640137565125784902e-02
1.304522613065326823e+03 1.885708227991835573e+00 1.641515168035531658e-02
1.309547738693467409e+03 1.885733434595459723e+00 1.642868265336839412e-02
1.314572864321607994e+03 1.885758425876757904e+00 1.644197347527733694e-02
1.319597989949748808e+03 1.885783203356892423e+00 1.645502894564299795e-02
1.324623115577889621e+03 1.885807768573902976e+00 1.646785376085118865e-02
1.329648241206030207e+03 1.885832123081068623e+00 1.648045251634417188e-02
1.334673366834170793e+03 1.885856268445349038e+00 1.649282970883430427e-02
1.339698492462311606e+03 1.885880206245900137e+00 1.650498973840063693e-02
1.344723618090452419e+03 1.885903938072662323e+00 1.651693691065884290e-02
1.349748743718593005e+03 1.885927465525014002e+00 1.652867543875034470e-02
1.354773869346733591e+03 1.885950790210494388e+00 1.654020944542814245e-02
1.359798994974874404e+03 1.885973913743588026e+00 1.655154296500550154e-02
1.364824120603015217e+03 1.885996837744568166e+00 1.656267994531690144e-02
1.369849246231156030e+03 1.886019563838399860e+00 1.657362424960536623e-02
1.374874371859296616e+03 1.886042093653695906e+00 1.658437965839796788e-02
1.379899497487437202e+03 1.886064428821730754e+00 1.659494987135732083e-02
1.384924623115578015e+03 1.886086570975497256e+00 1.660533850901667330e-02
1.389949748743718828e+03 1.886108521748819156e+00 1.661554911458055714e-02
1.394974874371859414e+03 1.886130282775506206e+00 1.662558515563146433e-02
1.400000000000000000e+03 1.886151855688554813e+00 1.663545002579063306e-02
