4.000000000000000000e+02 1.866584524343063656e+00 2.422049818109484401e-02
4.050251256281406995e+02 1.873602600978821364e+00 2.390367005246013185e-02
4.100502512562813990e+02 1.877489616782171522e+00 2.357550413407236145e-02
4.150753768844220986e+02 1.880396695096461013e+00 2.320202622398839787e-02
4.201005025125627981e+02 1.882856787832735801e+00 2.276941186514270035e-02
4.251256281407034976e+02 1.885081376639200723e+00 2.226650509687617963e-02
4.301507537688441971e+02 1.887175215162130382e+00 2.168140596523136440e-02
4.351758793969848966e+02 1.889197173769862070e+00 2.099974825450355229e-02
4.402010050251256530e+02 1.891182598049862440e+00 2.020288611906752296e-02
4.452261306532663525e+02 1.893152524050983665e+00 1.926510210376159576e-02
4.502512562814070520e+02 1.895116767657125667e+00 1.814844819848124291e-02
4.552763819095477515e+02 1.897071656862496569e+00 1.679171512849386705e-02
4.603015075376884511e+02 1.898985396872898468e+00 1.508199837712807627e-02
4.653266331658291506e+02 1.900720722924944539e+00 1.275439167827495737e-02
4.703517587939698501e+02 1.900803225306383570e+00 8.573071967098548629e-03
4.753768844221105496e+02 1.898348666149581199e+00 5.605103554022205885e-03
4.804020100502512491e+02 1.895668331640427473e+00 5.777159259357934028e-03
4.854271356783919487e+02 1.894102602869538909e+00 5.946938860659898088e-03
4.904522613065327050e+02 1.892995906481068635e+00 6.116123258306313190e-03
4.954773869346734045e+02 1.892147756840764972e+00 6.285123872594613852e-03
5.005025125628141041e+02 1.891466893868115839e+00 6.454053376545713407e-03
5.055276381909548036e+02 1.890903417620639626e+00 6.622913965331643851e-03
5.105527638190955031e+02 1.890426910750264700e+00 6.791657573830742027e-03
5.155778894472362026e+02 1.890017429814022432e+00 6.960210598636657267e-03
5.206030150753769021e+02 1.889661190611010788e+00 7.128485775928014925e-03
5.256281407035176017e+02 1.889348275216007567e+00 7.296388561367497631e-03
5.306532663316583012e+02 1.889071316575646531e+00 7.463820860465837821e-03
5.356783919597990007e+02 1.888824698186264417e+00 7.630683361918497859e-03
5.407035175879397002e+02 1.888604043853492787e+00 7.796877079727670447e-03
5.457286432160803997e+02 1.888405879755641337e+00 7.962304418405641640e-03
5.507537688442210992e+02 1.888227403419485251e+00 8.126869935602146211e-03
5.557788944723617988e+02 1.888066321498474309e+00 8.290480902733415175e-03
5.608040201005024983e+02 1.887920733220533220e+00 8.453047725049539496e-03
5.658291457286431978e+02 1.887789044968490426e+00 8.614484259251311768e-03
5.708542713567838973e+02 1.887669906580539347e+00 8.774708054321891590e-03
5.758793969849245968e+02 1.887562163115027225e+00 8.933640531834817142e-03
5.809045226130654100e+02 1.887464817825349250e+00 9.091207118127726805e-03
5.859296482412059959e+02 1.887377003392267216e+00 9.247337336379987671e-03
5.909547738693468091e+02 1.887297959326606156e+00 9.401964865333260410e-03
5.959798994974873949e+02 1.887227014042779816e+00 9.555027569131520349e-03
6.010050251256282081e+02 1.887163570509602817e+00 9.706467502369871270e-03
6.060301507537687939e+02 1.887107094670124718e+00 9.856230893641248353e-03
6.110552763819096072e+02 1.887057106025676445e+00 1.000426810990935438e-02
6.160804020100503067e+02 1.887013169926445411e+00 1.015053360440200739e-02
6.211055276381910062e+02 1.886974891218617500e+00 1.029498584978417661e-02
6.261306532663317057e+02 1.886941908977941562e+00 1.043758725857286442e-02
6.311557788944724052e+02 1.886913892119334468e+00 1.057830409244983269e-02
6.361809045226131047e+02 1.886890535717345552e+00 1.071710636191080396e-02
6.412060301507538043e+02 1.886871557906814711e+00 1.085396771770259089e-02
6.462311557788945038e+02 1.886856697259623905e+00 1.098886533534989413e-02
6.512562814070352033e+02 1.886845710554081235e+00 1.112177979394188276e-02
6.562814070351759028e+02 1.886838370869608150e+00 1.125269495020249019e-02
6.613065326633166023e+02 1.886834465952107687e+00 1.138159780898236571e-02
6.663316582914573019e+02 1.886833796805485353e+00 1.150847839113386048e-02
6.713567839195980014e+02 1.886836176472830306e+00 1.163332959940082019e-02
6.763819095477387009e+02 1.886841428977217516e+00 1.175614708341238789e-02
6.814070351758794004e+02 1.886849388397320082e+00 1.187692910431199962e-02
6.864321608040200999e+02 1.886859898057228868e+00 1.199567639970296543e-02
6.914572864321607994e+02 1.886872809813338714e+00 1.211239204959855577e-02
6.964824120603016127e+02 1.886887983423975346e+00 1.222708134376042019e-02
7.015075376884421985e+02 1.886905285989759928e+00 1.233975165100521625e-02
7.065326633165830117e+02 1.886924591454626210e+00 1.245041229086156671e-02
7.115577889447235975e+02 1.886945780158989283e+00 1.255907440795112420e-02
7.165829145728644107e+02 1.886968738437889481e+00 1.266575084937684482e-02
7.216080402010049966e+02 1.886993358258035824e+00 1.277045604541744706e-02
7.266331658291458098e+02 1.887019536888587368e+00 1.287320589377631899e-02
7.316582914572863956e+02 1.887047176601296172e+00 1.297401764749504631e-02
7.366834170854272088e+02 1.887076184396272893e+00 1.307290980672806344e-02
7.417085427135677946e+02 1.887106471750195302e+00 1.316990201458993238e-02
7.467336683417086078e+02 1.887137954384228378e+00 1.326501495687574216e-02
7.517587939698491937e+02 1.887170552049333150e+00 1.335827026607748491e-02
7.567839195979900069e+02 1.887204188326957244e+00 1.344969042943182022e-02
7.618090452261307064e+02 1.887238790443391823e+00 1.353929870116483448e-02
7.668341708542714059e+02 1.887274289096317004e+00 1.362711901878656089e-02
7.718592964824121054e+02 1.887310618292257658e+00 1.371317592363342948e-02
7.768844221105528050e+02 1.887347715193849584e+00 1.379749448526508201e-02
7.819095477386935045e+02 1.887385519975965043e+00 1.388010023000257193e-02
7.869346733668342040e+02 1.887423975689866529e+00 1.396101907327370641e-02
7.919597989949749035e+02 1.887463028134675369e+00 1.404027725581508471e-02
7.969849246231156030e+02 1.887502625735524298e+00 1.411790128356943050e-02
8.020100502512563025e+02 1.887542719427851567e+00 1.419391787121306037e-02
8.070351758793970021e+02 1.887583262547355423e+00 1.426835388915218689e-02
8.120603015075377016e+02 1.887624210725187712e+00 1.434123631394340105e-02
8.170854271356784011e+02 1.887665521788017609e+00 1.441259218196516874e-02
8.221105527638192143e+02 1.887707155662636804e+00 1.448244854621225965e-02
8.271356783919598001e+02 1.887749074284812201e+00 1.455083243613475123e-02
8.321608040201006133e+02 1.887791241512131402e+00 1.461777082036077625e-02
8.371859296482411992e+02 1.887833623040602982e+00 1.468329057219847772e-02
8.422110552763820124e+02 1.887876186324808803e+00 1.474741843776017011e-02
8.472361809045225982e+02 1.887918900501409647e+00 1.481018100662051702e-02
8.522613065326634114e+02 1.887961736315845629e+00 1.487160468490360092e-02
8.572864321608039972e+02 1.888004666052062186e+00 1.493171567060983321e-02
8.623115577889448105e+02 1.888047663465127757e+00 1.499053993109718090e-02
8.673366834170853963e+02 1.888090703716605256e+00 1.504810318268579201e-02
8.723618090452262095e+02 1.888133763312558333e+00 1.510443087212070407e-02
8.773869346733667953e+02 1.888176820044078941e+00 1.515954815989074660e-02
8.824120603015076085e+02 1.888219852930226317e+00 1.521347990529089630e-02
8.874371859296483080e+02 1.888262842163283217e+00 1.526625065310934296e-02
8.924623115577890076e+02 1.888305769056233263e+00 1.531788462179246163e-02
8.974874371859297071e+02 1.888348615992371249e+00 1.536840569312974622e-02
9.025125628140704066e+02 1.888391366376962255e+00 1.541783740317230478e-02
9.075376884422111061e+02 1.888434004590873405e+00 1.546620293452571904e-02
9.125628140703518056e+02 1.888476515946096113e+00 1.551352510972104498e-02
9.175879396984925052e+02 1.888518886643095751e+00 1.555982638573452995e-02
9.226130653266332047e+02 1.888561103729907931e+00 1.560512884952093386e-02
9.276381909547739042e+02 1.888603155062927863e+00 1.564945421448743490e-02
9.326633165829146037e+02 1.888645029269316655e+00 1.569282381783144997e-02
9.376884422110553032e+02 1.888686715710974351e+00 1.573525861873956849e-02
9.427135678391960028e+02 1.888728204450011994e+00 1.577677919729132336e-02
9.477386934673367023e+02 1.888769486215672089e+00 1.581740575410555891e-02
9.527638190954774018e+02 1.888810552372636176e+00 1.585715811059226418e-02
9.577889447236181013e+02 1.888851394890676216e+00 1.589605570982286983e-02
9.628140703517588008e+02 1.888892006315588290e+00 1.593411761792800502e-02
9.678391959798995003e+02 1.888932379741365297e+00 1.597136252596859096e-02
9.728643216080401999e+02 1.888972508783560711e+00 1.600780875228995440e-02
9.778894472361808994e+02 1.889012387553796524e+00 1.604347424532723623e-02
9.829145728643217126e+02 1.889052010635369649e+00 1.607837658665845978e-02
9.879396984924624121e+02 1.889091373059915258e+00 1.611253299451864338e-02
9.929648241206031116e+02 1.889130470285087071e+00 1.614596032755154578e-02
9.979899497487438111e+02 1.889169298173211775e+00 1.617867508887426906e-02
1.003015075376884511e+03 1.889207852970879120e+00 1.621069343032324056e-02
1.008040201005025210e+03 1.889246131289432640e+00 1.624203115699113589e-02
1.013065326633165910e+03 1.889284130086324121e+00 1.627270373188275179e-02
1.018090452261306609e+03 1.889321846647294745e+00 1.630272628079925193e-02
1.023115577889447309e+03 1.889359278569351375e+00 1.633211359729336634e-02
1.028140703517588008e+03 1.889396423744507114e+00 1.636088014783167524e-02
1.033165829145728821e+03 1.889433280344251731e+00 1.638904007699317628e-02
1.038190954773869407e+03 1.889469846804722630e+00 1.641660721277862778e-02
1.043216080402009993e+03 1.889506121812549955e+00 1.644359507198242185e-02
1.048241206030150806e+03 1.889542104291344060e+00 1.647001686565299772e-02
1.053266331658291620e+03 1.889577793388801830e+00 1.649588550451235036e-02
1.058291457286432205e+03 1.889613188464403626e+00 1.652121360451553472e-02
1.063316582914572791e+03 1.889648289077677568e+00 1.654601349230572227e-02
1.068341708542713604e+03 1.889683094977004707e+00 1.657029721078518911e-02
1.073366834170854418e+03 1.889717606088946678e+00 1.659407652458473950e-02
1.078391959798995003e+03 1.889751822508066947e+00 1.661736292559707479e-02
1.083417085427135589e+03 1.889785744487232133e+00 1.664016763843032334e-02
1.088442211055276402e+03 1.889819372428364952e+00 1.666250162586580680e-02
1.093467336683417216e+03 1.889852706873636601e+00 1.668437559426969724e-02
1.098492462311557802e+03 1.889885748497073026e+00 1.670579999892164019e-02
1.103517587939698387e+03 1.889918498096562871e+00 1.672678504940936298e-02
1.108542713567839201e+03 1.889950956586243347e+00 1.674734071480542610e-02
1.113567839195980014e+03 1.889983124989255137e+00 1.676747672894074448e-02
1.118592964824120827e+03 1.890015004430841472e+00 1.678720259549747879e-02
1.123618090452261413e+03 1.890046596131783829e+00 1.680652759310856739e-02
1.128643216080401999e+03 1.890077901402154481e+00 1.682546078037865447e-02
1.133668341708542812e+03 1.890108921635373251e+00 1.684401100080093819e-02
1.138693467336683625e+03 1.890139658302556258e+00 1.686218688761017409e-02
1.143718592964824211e+03 1.890170112947140657e+00 1.687999686861148610e-02
1.148743718592964797e+03 1.890200287179776506e+00 1.689744917084006273e-02
1.153768844221105610e+03 1.890230182673471093e+00 1.691455182522930492e-02
1.158793969849246423e+03 1.890259801158974406e+00 1.693131267114207292e-02
1.163819095477387009e+03 1.890289144420397305e+00 1.694773936083668678e-02
1.168844221105527595e+03 1.890318214291049292e+00 1.696383936387967778e-02
1.173869346733668408e+03 1.890347012649486791e+00 1.697961997143197094e-02
1.178894472361809221e+03 1.890375541415762140e+00 1.699508830046611574e-02
1.183919597989949807e+03 1.890403802547863998e+00 1.701025129792591711e-02
1.188944723618090393e+03 1.890431798038342937e+00 1.702511574477425307e-02
1.193969849246231206e+03 1.890459529911107328e+00 1.703968825997934089e-02
1.198994974874372019e+03 1.890487000218391112e+00 1.705397530439156997e-02
1.204020100502512605e+03 1.890514211037873649e+00 1.706798318457361865e-02
1.209045226130653191e+03 1.890541164469958568e+00 1.708171805653561914e-02
1.214070351758794004e+03 1.890567862635189167e+00 1.709518592937916623e-02
1.219095477386934817e+03 1.890594307671808583e+00 1.710839266886032828e-02
1.224120603015075403e+03 1.890620501733446757e+00 1.712134400090742359e-02
1.229145728643215989e+03 1.890646446986932405e+00 1.713404551502546724e-02
1.234170854271356802e+03 1.890672145610228005e+00 1.714650266765526537e-02
1.239195979899497615e+03 1.890697599790472916e+00 1.715872078538649079e-02
1.244221105527638429e+03 1.890722811722140184e+00 1.717070506820895029e-02
1.249246231155779014e+03 1.890747783605292387e+00 1.718246059261684458e-02
1.254271356783919600e+03 1.890772517643936945e+00 1.719399231460120789e-02
1.259296482412060413e+03 1.890797016044476919e+00 1.720530507269458706e-02
1.264321608040201227e+03 1.890821281014247068e+00 1.721640359083750904e-02
1.269346733668341813e+03 1.890845314760138063e+00 1.722729248121774789e-02
1.274371859296482398e+03 1.890869119487300409e+00 1.723797624701354017e-02
1.279396984924623212e+03 1.890892697397924094e+00 1.724845928514582780e-02
1.284422110552764025e+03 1.890916050690093275e+00 1.725874588887401501e-02
1.289447236180904611e+03 1.890939181556708482e+00 1.726884025037883630e-02
1.294472361809045196e+03 1.890962092184477417e+00 1.727874646326971186e-02
1.299497487437186010e+03 1.890984784752967052e+00 1.728846852503117260e-02
1.304522613065326823e+03 1.891007261433716558e+00 1.729801033941639338e-02
1.309547738693467409e+03 1.891029524389404859e+00 1.730737571875725495e-02
1.314572864321607994e+03 1.891051575773077698e+00 1.731656838627591496e-02
1.319597989949748808e+03 1.891073417727419992e+00 1.732559197823239916e-02
1.324623115577889621e+03 1.891095052384081265e+00 1.733445004615337751e-02
1.329648241206030207e+03 1.891116481863046150e+00 1.734314605889963196e-02
1.334673366834170793e+03 1.891137708272049522e+00 1.735168340472738324e-02
1.339698492462311606e+03 1.891158733706032491e+00 1.736006539327416762e-02
1.344723618090452419e+03 1.891179560246639912e+00 1.736829525753432260e-02
1.349748743718593005e+03 1.891200189961755873e+00 1.737637615574198074e-02
1.354773869346733591e+03 1.891220624905072034e+00 1.738431117325215519e-02
1.359798994974874404e+03 1.891240867115693947e+00 1.739210332429300468e-02
1.364824120603015217e+03 1.891260918617778009e+00 1.739975555378194677e-02
1.369849246231156030e+03 1.891280781420198176e+00 1.740727073900201136e-02
1.374874371859296616e+03 1.891300457516244204e+00 1.741465169130534257e-02
1.379899497487437202e+03 1.891319948883344537e+00 1.742190115772973905e-02
1.384924623115578015e+03 1.891339257482818503e+00 1.742902182256730881e-02
1.389949748743718828e+03 1.891358385259650055e+00 1.743601630893696838e-02
1.394974874371859414e+03 1.891377334142287925e+00 1.744288718028495083e-02
1.400000000000000000e+03 1.891396106042465330e+00 1.744963694185224304e-02
