4.000000000000000000e+02 1.865018994328569768e+00 2.356158789306644213e-02
4.050251256281406995e+02 1.871804696248753785e+00 2.326507757228929787e-02
4.100502512562813990e+02 1.875561098207088051e+00 2.295689476894119743e-02
4.150753768844220986e+02 1.878369440676309399e+00 2.260496375291293561e-02
4.201005025125627981e+02 1.880745374034533901e+00 2.219616681665973618e-02
4.251256281407034976e+02 1.882893515925929018e+00 2.171988714318554697e-02
4.301507537688441971e+02 1.884915222178992655e+00 2.116479607048313977e-02
4.351758793969848966e+02 1.886867458094003913e+00 2.051723411159417018e-02
4.402010050251256530e+02 1.888784434756277220e+00 1.975951301941926766e-02
4.452261306532663525e+02 1.890686534163724453e+00 1.886731531399819459e-02
4.502512562814070520e+02 1.892583324388682486e+00 1.780492118805345955e-02
4.552763819095477515e+02 1.894471456116130215e+00 1.651509651875600337e-02
4.603015075376884511e+02 1.896320923923899171e+00 1.489339796089397296e-02
4.653266331658291506e+02 1.898003619024029920e+00 1.269996194889697928e-02
4.703517587939698501e+02 1.898309491818033212e+00 8.913894973171365005e-03
4.753768844221105496e+02 1.896071570480485580e+00 5.611906464263993408e-03
4.804020100502512491e+02 1.893362700869036352e+00 5.783051304314564857e-03
4.854271356783919487e+02 1.891804570185516621e+00 5.951728482806444009e-03
4.904522613065327050e+02 1.890710596609695981e+00 6.119714524155639955e-03
4.954773869346734045e+02 1.889875464722940324e+00 6.287437428340664908e-03
5.005025125628141041e+02 1.889206842746866455e+00 6.455014685961226427e-03
5.055276381909548036e+02 1.888654624370243562e+00 6.622450527977168273e-03
5.105527638190955031e+02 1.888188422234459152e+00 6.789698188724222275e-03
5.155778894472362026e+02 1.887788385455994478e+00 6.956685230094598535e-03
5.206030150753769021e+02 1.887440831239846517e+00 7.123325622509511616e-03
5.256281407035176017e+02 1.887135935200483505e+00 7.289526195877177490e-03
5.306532663316583012e+02 1.886866411666455967e+00 7.455190391891654972e-03
5.356783919597990007e+02 1.886626713325571192e+00 7.620220599527923432e-03
5.407035175879397002e+02 1.886412522306952111e+00 7.784519690433519545e-03
5.457286432160803997e+02 1.886220413860111966e+00 7.947992073758906179e-03
5.507537688442210992e+02 1.886047626862113802e+00 8.110544446371253241e-03
5.557788944723617988e+02 1.885891902927247177e+00 8.272086340489984840e-03
5.608040201005024983e+02 1.885751370970480734e+00 8.432530530295679477e-03
5.658291457286431978e+02 1.885624462707181648e+00 8.591793336243953166e-03
5.708542713567838973e+02 1.885509849705734986e+00 8.749794852404707557e-03
5.758793969849245968e+02 1.885406395766505261e+00 8.906459113906901523e-03
5.809045226130654100e+02 1.885313120398594222e+00 9.061714216207982300e-03
5.859296482412059959e+02 1.885229170463156079e+00 9.215492394976066218e-03
5.909547738693468091e+02 1.885153797913683649e+00 9.367730072656581600e-03
5.959798994974873949e+02 1.885086342147748617e+00 9.518367877000661129e-03
6.010050251256282081e+02 1.885026215887882772e+00 9.667350635218745561e-03
6.060301507537687939e+02 1.884972893792296933e+00 9.814627346991287513e-03
6.110552763819096072e+02 1.884925903197804509e+00 9.960151139225711242e-03
6.160804020100503067e+02 1.884884816543009878e+00 1.010387920463341402e-02
6.211055276381910062e+02 1.884849245126430928e+00 1.024577272639862376e-02
6.261306532663317057e+02 1.884818833933153970e+00 1.038579679066753414e-02
6.311557788944724052e+02 1.884793257322667337e+00 1.052392028856308226e-02
6.361809045226131047e+02 1.884772215415177588e+00 1.066011580920271130e-02
6.412060301507538043e+02 1.884755431047765217e+00 1.079435952510910887e-02
6.462311557788945038e+02 1.884742647197954923e+00 1.092663107137843009e-02
6.512562814070352033e+02 1.884733624792616746e+00 1.105691341963846094e-02
6.562814070351759028e+02 1.884728140836017918e+00 1.118519274802990890e-02
6.613065326633166023e+02 1.884725986803361897e+00 1.131145830807569856e-02
6.663316582914573019e+02 1.884726967256080465e+00 1.143570228947782264e-02
6.713567839195980014e+02 1.884730898643068420e+00 1.155791968356876913e-02
6.763819095477387009e+02 1.884737608258383101e+00 1.167810814627086823e-02
6.814070351758794004e+02 1.884746933331076235e+00 1.179626786119223648e-02
6.864321608040200999e+02 1.884758720226966666e+00 1.191240140356245730e-02
6.914572864321607994e+02 1.884772823745556991e+00 1.202651360545447037e-02
6.964824120603016127e+02 1.884789106498059752e+00 1.213861142289559235e-02
7.015075376884421985e+02 1.884807438354784148e+00 1.224870380530306349e-02
7.065326633165830117e+02 1.884827695952012938e+00 1.235680156753155533e-02
7.115577889447235975e+02 1.884849762250048855e+00 1.246291726499150487e-02
7.165829145728644107e+02 1.884873526135414146e+00 1.256706507207102849e-02
7.216080402010049966e+02 1.884898882061256220e+00 1.266926066408187446e-02
7.266331658291458098e+02 1.884925729720921650e+00 1.276952110293275676e-02
7.316582914572863956e+02 1.884953973750410183e+00 1.286786472678061108e-02
7.366834170854272088e+02 1.884983523456061683e+00 1.296431104359697072e-02
7.417085427135677946e+02 1.885014292564360483e+00 1.305888062901017568e-02
7.467336683417086078e+02 1.885046198991193966e+00 1.315159502817671647e-02
7.517587939698491937e+02 1.885079164628287618e+00 1.324247666193221519e-02
7.567839195979900069e+02 1.885113115144856355e+00 1.333154873720625994e-02
7.618090452261307064e+02 1.885147979802795470e+00 1.341883516157664664e-02
7.668341708542714059e+02 1.885183691283958130e+00 1.350436046207332923e-02
7.718592964824121054e+02 1.885220185528273085e+00 1.358814970804862222e-02
7.768844221105528050e+02 1.885257401581623249e+00 1.367022843814826201e-02
7.819095477386935045e+02 1.885295281452546767e+00 1.375062259129230385e-02
7.869346733668342040e+02 1.885333769976949903e+00 1.382935844150383342e-02
7.919597989949749035e+02 1.885372814690126519e+00 1.390646253657865615e-02
7.969849246231156030e+02 1.885412365705463555e+00 1.398196164041820566e-02
8.020100502512563025e+02 1.885452375599296682e+00 1.405588267899258656e-02
8.070351758793970021e+02 1.885492799301440980e+00 1.412825268971534994e-02
8.120603015075377016e+02 1.885533593990979195e+00 1.419909877415451160e-02
8.170854271356784011e+02 1.885574718996939847e+00 1.426844805402301651e-02
8.221105527638192143e+02 1.885616135703542140e+00 1.433632763019980320e-02
8.271356783919598001e+02 1.885657807459708346e+00 1.440276454472554264e-02
8.321608040201006133e+02 1.885699699492596526e+00 1.446778574562467001e-02
8.371859296482411992e+02 1.885741778824908232e+00 1.453141805447620387e-02
8.422110552763820124e+02 1.885784014195770464e+00 1.459368813648719357e-02
8.472361809045225982e+02 1.885826375984996472e+00 1.465462247309146440e-02
8.522613065326634114e+02 1.885868836140553118e+00 1.471424733684092469e-02
8.572864321608039972e+02 1.885911368109078667e+00 1.477258876851597798e-02
8.623115577889448105e+02 1.885953946769304501e+00 1.482967255633198429e-02
8.673366834170853963e+02 1.885996548368245040e+00 1.488552421712989460e-02
8.723618090452262095e+02 1.886039150460034231e+00 1.494016897941955954e-02
8.773869346733667953e+02 1.886081731847291554e+00 1.499363176820599219e-02
8.824120603015076085e+02 1.886124272524910772e+00 1.504593719146992553e-02
8.874371859296483080e+02 1.886166753626167036e+00 1.509710952817531170e-02
8.924623115577890076e+02 1.886209157371051770e+00 1.514717271777956016e-02
8.974874371859297071e+02 1.886251467016740513e+00 1.519615035109544814e-02
9.025125628140704066e+02 1.886293666810110903e+00 1.524406566244132684e-02
9.075376884422111061e+02 1.886335741942228417e+00 1.529094152297010012e-02
9.125628140703518056e+02 1.886377678504724376e+00 1.533680043511646829e-02
9.175879396984925052e+02 1.886419463447988276e+00 1.538166452812021225e-02
9.226130653266332047e+02 1.886461084541111166e+00 1.542555555447133568e-02
9.276381909547739042e+02 1.886502530333502792e+00 1.546849488725030378e-02
9.326633165829146037e+02 1.886543790118126118e+00 1.551050351835309496e-02
9.376884422110553032e+02 1.886584853896281944e+00 1.555160205739250859e-02
9.427135678391960028e+02 1.886625712343885430e+00 1.559181073140035456e-02
9.477386934673367023e+02 1.886666356779177489e+00 1.563114938511249788e-02
9.527638190954774018e+02 1.886706779131811285e+00 1.566963748190039821e-02
9.577889447236181013e+02 1.886746971913268345e+00 1.570729410522118605e-02
9.628140703517588008e+02 1.886786928188541212e+00 1.574413796054601258e-02
9.678391959798995003e+02 1.886826641549046668e+00 1.578018737783296044e-02
9.728643216080401999e+02 1.886866106086707795e+00 1.581546031432205096e-02
9.778894472361808994e+02 1.886905316369168029e+00 1.584997435774935376e-02
9.829145728643217126e+02 1.886944267416088339e+00 1.588374672989358027e-02
9.879396984924624121e+02 1.886982954676484470e+00 1.591679429044702901e-02
9.929648241206031116e+02 1.887021374007065821e+00 1.594913354112597118e-02
9.979899497487438111e+02 1.887059521651529792e+00 1.598078063005510877e-02
1.003015075376884511e+03 1.887097394220779600e+00 1.601175135632812788e-02
1.008040201005025210e+03 1.887134988674022074e+00 1.604206117482762095e-02
1.013065326633165910e+03 1.887172302300715643e+00 1.607172520113744896e-02
1.018090452261306609e+03 1.887209332703327025e+00 1.610075821663101495e-02
1.023115577889447309e+03 1.887246077780869058e+00 1.612917467367278729e-02
1.028140703517588008e+03 1.887282535713182607e+00 1.615698870095342438e-02
1.033165829145728821e+03 1.887318704945937675e+00 1.618421410887531733e-02
1.038190954773869407e+03 1.887354584176315742e+00 1.621086439498141060e-02
1.043216080402009993e+03 1.887390172339350247e+00 1.623695274950192127e-02
1.048241206030150806e+03 1.887425468594897904e+00 1.626249206093515962e-02
1.053266331658291620e+03 1.887460472315209525e+00 1.628749492155890169e-02
1.058291457286432205e+03 1.887495183073079286e+00 1.631197363306229747e-02
1.063316582914572791e+03 1.887529600630545756e+00 1.633594021215927644e-02
1.068341708542713604e+03 1.887563724928120301e+00 1.635940639613402137e-02
1.073366834170854418e+03 1.887597556074522620e+00 1.638238364844531517e-02
1.078391959798995003e+03 1.887631094336899240e+00 1.640488316425085802e-02
1.083417085427135589e+03 1.887664340131503860e+00 1.642691587595708491e-02
1.088442211055276402e+03 1.887697294014821336e+00 1.644849245863524295e-02
1.093467336683417216e+03 1.887729956675115783e+00 1.646962333550981358e-02
1.098492462311557802e+03 1.887762328924380117e+00 1.649031868331887404e-02
1.103517587939698387e+03 1.887794411690675744e+00 1.651058843760994099e-02
1.108542713567839201e+03 1.887826206010839503e+00 1.653044229804058463e-02
1.113567839195980014e+03 1.887857713023545880e+00 1.654988973355746296e-02
1.118592964824120827e+03 1.887888933962704519e+00 1.656893998752267949e-02
1.123618090452261413e+03 1.887919870151182788e+00 1.658760208280187290e-02
1.128643216080401999e+03 1.887950522994832792e+00 1.660588482668080498e-02
1.133668341708542812e+03 1.887980893976817676e+00 1.662379681587895092e-02
1.138693467336683625e+03 1.888010984652213953e+00 1.664134644129205975e-02
1.143718592964824211e+03 1.888040796642884267e+00 1.665854189277831895e-02
1.148743718592964797e+03 1.888070331632606624e+00 1.667539116383387476e-02
1.153768844221105610e+03 1.888099591362446983e+00 1.669190205618394096e-02
1.158793969849246423e+03 1.888128577626366766e+00 1.670808218427544123e-02
1.163819095477387009e+03 1.888157292267049314e+00 1.672393897971677715e-02
1.168844221105527595e+03 1.888185737171945044e+00 1.673947969559027443e-02
1.173869346733668408e+03 1.888213914269511795e+00 1.675471141074878073e-02
1.178894472361809221e+03 1.888241825525654782e+00 1.676964103396849995e-02
1.183919597989949807e+03 1.888269472940347526e+00 1.678427530800283285e-02
1.188944723618090393e+03 1.888296858544430190e+00 1.679862081366744614e-02
1.193969849246231206e+03 1.888323984396574007e+00 1.681268397366296116e-02
1.198994974874372019e+03 1.888350852580407135e+00 1.682647105649023173e-02
1.204020100502512605e+03 1.888377465201792837e+00 1.683998818018416985e-02
1.209045226130653191e+03 1.888403824386251539e+00 1.685324131595616545e-02
1.214070351758794004e+03 1.888429932276523227e+00 1.686623629184083248e-02
1.219095477386934817e+03 1.888455791030260400e+00 1.687897879617255431e-02
1.224120603015075403e+03 1.888481402817847155e+00 1.689147438104011620e-02
1.229145728643215989e+03 1.888506769820338826e+00 1.690372846563695935e-02
1.234170854271356802e+03 1.888531894227514440e+00 1.691574633952981979e-02
1.239195979899497615e+03 1.888556778236039069e+00 1.692753316589458434e-02
1.244221105527638429e+03 1.888581424047728996e+00 1.693909398461700133e-02
1.249246231155779014e+03 1.888605833867915473e+00 1.695043371537905200e-02
1.254271356783919600e+03 1.888630009903902396e+00 1.696155716060883736e-02
1.259296482412060413e+03 1.888653954363514353e+00 1.697246900842745362e-02
1.264321608040201227e+03 1.888677669453726837e+00 1.698317383547061701e-02
1.269346733668341813e+03 1.888701157379382156e+00 1.699367610968547174e-02
1.274371859296482398e+03 1.888724420341976185e+00 1.700398019301953279e-02
1.279396984924623212e+03 1.888747460538524825e+00 1.701409034407570797e-02
1.284422110552764025e+03 1.888770280160495085e+00 1.702401072069600896e-02
1.289447236180904611e+03 1.888792881392804768e+00 1.703374538245622238e-02
1.294472361809045196e+03 1.888815266412885885e+00 1.704329829315150840e-02
1.299497487437186010e+03 1.888837437389805363e+00 1.705267332315715811e-02
1.304522613065326823e+03 1.888859396483445696e+00 1.706187425178346331e-02
1.309547738693467409e+03 1.888881145843738008e+00 1.707090476952187463e-02
1.314572864321607994e+03 1.888902687609945952e+00 1.707976848030759442e-02
1.319597989949748808e+03 1.888924023910001360e+00 1.708846890365673873e-02
1.324623115577889621e+03 1.888945156859883179e+00 1.709700947677049096e-02
1.329648241206030207e+03 1.888966088563041712e+00 1.710539355659446495e-02
1.334673366834170793e+03 1.888986821109866154e+00 1.711362442181490334e-02
1.339698492462311606e+03 1.889007356577189212e+00 1.712170527483828503e-02
1.344723618090452419e+03 1.889027697027831687e+00 1.712963924366454546e-02
1.349748743718593005e+03 1.889047844510181262e+00 1.713742938374580860e-02
1.354773869346733591e+03 1.889067801057807250e+00 1.714507867981853242e-02
1.359798994974874404e+03 1.889087568689104879e+00 1.715259004761929273e-02
1.364824120603015217e+03 1.889107149406972219e+00 1.715996633564060431e-02
1.369849246231156030e+03 1.889126545198516638e+00 1.716721032679156128e-02
1.374874371859296616e+03 1.889145758034784350e+00 1.717432474000296638e-02
1.379899497487437202e+03 1.889164789870523053e+00 1.718131223186829606e-02
1.384924623115578015e+03 1.889183642643961658e+00 1.718817539812072734e-02
1.389949748743718828e+03 1.889202318276618442e+00 1.719491677518615938e-02
1.394974874371859414e+03 1.889220818673130520e+00 1.720153884166415389e-02
1.400000000000000000e+03 1.889239145721101298e+00 1.720804401969876218e-02
