4.000000000000000000e+02 1.863226743819944131e+00 2.390457062123108739e-02
4.050251256281406995e+02 1.870110362183118768e+00 2.355372460691768782e-02
4.100502512562813990e+02 1.873957479396238579e+00 2.318446332055394687e-02
4.150753768844220986e+02 1.876854621130174428e+00 2.276280548276959220e-02
4.201005025125627981e+02 1.879318977745519037e+00 2.227370452144053145e-02
4.251256281407034976e+02 1.881555656781816799e+00 2.170405866516421020e-02
4.301507537688441971e+02 1.883665913805764536e+00 2.103908958973059809e-02
4.351758793969848966e+02 1.885706016123350537e+00 2.026007823665907162e-02
4.402010050251256530e+02 1.887708536047969066e+00 1.934145543577049653e-02
4.452261306532663525e+02 1.889690278186821892e+00 1.824565685526383096e-02
4.502512562814070520e+02 1.891652325693566228e+00 1.691223485545802901e-02
4.552763819095477515e+02 1.893567010893749236e+00 1.522988023341839345e-02
4.603015075376884511e+02 1.895303845141402599e+00 1.293795919710915773e-02
4.653266331658291506e+02 1.895454374461600588e+00 8.829246465987511394e-03
4.703517587939698501e+02 1.893141763741254424e+00 5.866446735571394580e-03
4.753768844221105496e+02 1.890588454193873114e+00 6.035969678760418067e-03
4.804020100502512491e+02 1.889114135415089768e+00 6.202492122610140345e-03
4.854271356783919487e+02 1.888082121228006338e+00 6.367732769765094628e-03
4.904522613065327050e+02 1.887298319008101855e+00 6.532112488667166268e-03
4.954773869346734045e+02 1.886674601403100171e+00 6.695748755890983984e-03
5.005025125628141041e+02 1.886162887816904998e+00 6.858648247432985734e-03
5.055276381909548036e+02 1.885733927691279233e+00 7.020768343344380852e-03
5.105527638190955031e+02 1.885368576005472141e+00 7.182042314262879201e-03
5.155778894472362026e+02 1.885053620276543329e+00 7.342391367352141089e-03
5.206030150753769021e+02 1.884779565830113635e+00 7.501731065438829900e-03
5.256281407035176017e+02 1.884539367001847543e+00 7.659975031786430549e-03
5.306532663316583012e+02 1.884327656242266169e+00 7.817037222581962180e-03
5.356783919597990007e+02 1.884140253333847825e+00 7.972833386021551880e-03
5.407035175879397002e+02 1.883973840809483269e+00 8.127282030948895786e-03
5.457286432160803997e+02 1.883825742380940804e+00 8.280305083812547137e-03
5.507537688442210992e+02 1.883693767581306799e+00 8.431828337602085763e-03
5.557788944723617988e+02 1.883576100306034951e+00 8.581781756848465975e-03
5.608040201005024983e+02 1.883471217242201012e+00 8.730099678206740613e-03
5.658291457286431978e+02 1.883377827122911130e+00 8.876720933786412179e-03
5.708542713567838973e+02 1.883294824789318866e+00 9.021588914849297536e-03
5.758793969849245968e+02 1.883221255972125530e+00 9.164651589085425626e-03
5.809045226130654100e+02 1.883156289958079155e+00 9.305861480461861610e-03
5.859296482412059959e+02 1.883099198140143926e+00 9.445175619023376060e-03
5.909547738693468091e+02 1.883049337014951918e+00 9.582555465862827027e-03
5.959798994974873949e+02 1.883006134581285185e+00 9.717966817944812333e-03
6.010050251256282081e+02 1.882969079367198706e+00 9.851379696081784612e-03
6.060301507537687939e+02 1.882937711508556156e+00 9.982768219418880137e-03
6.110552763819096072e+02 1.882911615442738773e+00 1.011211046874952064e-02
6.160804020100503067e+02 1.882890413884436898e+00 1.023938834097056633e-02
6.211055276381910062e+02 1.882873762826775987e+00 1.036458739669466819e-02
6.261306532663317057e+02 1.882861347368136151e+00 1.048769670266097055e-02
6.311557788944724052e+02 1.882852878208175929e+00 1.060870867041394626e-02
6.361809045226131047e+02 1.882848088689476729e+00 1.072761889281103297e-02
6.412060301507538043e+02 1.882846732286531433e+00 1.084442597921950191e-02
6.462311557788945038e+02 1.882848580463418964e+00 1.095913139073972226e-02
6.512562814070352033e+02 1.882853420836841707e+00 1.107173927628384361e-02
6.562814070351759028e+02 1.882861055593246347e+00 1.118225631030771855e-02
6.613065326633166023e+02 1.882871300118305946e+00 1.129069153285777900e-02
6.663316582914573019e+02 1.882883981804637896e+00 1.139705619281107356e-02
6.713567839195980014e+02 1.882898939009724382e+00 1.150136359441907008e-02
6.763819095477387009e+02 1.882916020140912527e+00 1.160362894808965838e-02
6.814070351758794004e+02 1.882935082848337771e+00 1.170386922531329796e-02
6.864321608040200999e+02 1.882955993309849418e+00 1.180210301845544679e-02
6.914572864321607994e+02 1.882978625594656341e+00 1.189835040538445542e-02
6.964824120603016127e+02 1.883002861094568603e+00 1.199263281924744379e-02
7.015075376884421985e+02 1.883028588013500926e+00 1.208497292352262061e-02
7.065326633165830117e+02 1.883055700907376062e+00 1.217539449242626727e-02
7.115577889447235975e+02 1.883084100267781169e+00 1.226392229677063066e-02
7.165829145728644107e+02 1.883113692143751239e+00 1.235058199519815589e-02
7.216080402010049966e+02 1.883144387796903407e+00 1.243540003087938856e-02
7.266331658291458098e+02 1.883176103385846067e+00 1.251840353357694217e-02
7.316582914572863956e+02 1.883208759676393340e+00 1.259962022705954365e-02
7.366834170854272088e+02 1.883242281774602400e+00 1.267907834163754799e-02
7.417085427135677946e+02 1.883276598880084807e+00 1.275680653188603422e-02
7.467336683417086078e+02 1.883311644057388934e+00 1.283283379932789042e-02
7.517587939698491937e+02 1.883347354023557463e+00 1.290718941994914437e-02
7.567839195979900069e+02 1.883383668950219025e+00 1.297990287641780094e-02
7.618090452261307064e+02 1.883420532278785586e+00 1.305100379482410956e-02
7.668341708542714059e+02 1.883457890547519220e+00 1.312052188580129300e-02
7.718592964824121054e+02 1.883495693229379153e+00 1.318848688984750397e-02
7.768844221105528050e+02 1.883533892579709823e+00 1.325492852668230109e-02
7.819095477386935045e+02 1.883572443492925963e+00 1.331987644842290257e-02
7.869346733668342040e+02 1.883611303367468182e+00 1.338336019646743473e-02
7.919597989949749035e+02 1.883650431978377782e+00 1.344540916188693806e-02
7.969849246231156030e+02 1.883689791356909948e+00 1.350605254913497810e-02
8.020100502512563025e+02 1.883729345676678157e+00 1.356531934289745625e-02
8.070351758793970021e+02 1.883769061145863732e+00 1.362323827799023258e-02
8.120603015075377016e+02 1.883808905905085096e+00 1.367983781202506549e-02
8.170854271356784011e+02 1.883848849930547686e+00 1.373514610077099414e-02
8.221105527638192143e+02 1.883888864942147023e+00 1.378919097605442283e-02
8.271356783919598001e+02 1.883928924316213838e+00 1.384199992599934557e-02
8.321608040201006133e+02 1.883969003002625930e+00 1.389360007743183426e-02
8.371859296482411992e+02 1.884009077446031188e+00 1.394401818049264760e-02
8.422110552763820124e+02 1.884049125510954603e+00 1.399328059508694357e-02
8.472361809045225982e+02 1.884089126410564807e+00 1.404141327918047646e-02
8.522613065326634114e+02 1.884129060638911612e+00 1.408844177879906533e-02
8.572864321608039972e+02 1.884168909906443590e+00 1.413439121963605376e-02
8.623115577889448105e+02 1.884208657078641602e+00 1.417928630002265530e-02
8.673366834170853963e+02 1.884248286117600202e+00 1.422315128536152072e-02
8.723618090452262095e+02 1.884287782026419444e+00 1.426601000379773727e-02
8.773869346733667953e+02 1.884327130796256133e+00 1.430788584299507761e-02
8.824120603015076085e+02 1.884366319355914365e+00 1.434880174802226349e-02
8.874371859296483080e+02 1.884405335523841929e+00 1.438878022025553982e-02
8.924623115577890076e+02 1.884444167962424199e+00 1.442784331709992020e-02
8.974874371859297071e+02 1.884482806134463395e+00 1.446601265265179057e-02
9.025125628140704066e+02 1.884521240261738395e+00 1.450330939900297371e-02
9.075376884422111061e+02 1.884559461285546966e+00 1.453975428829056352e-02
9.125628140703518056e+02 1.884597460829138482e+00 1.457536761542768851e-02
9.175879396984925052e+02 1.884635231161949420e+00 1.461016924127743304e-02
9.226130653266332047e+02 1.884672765165553043e+00 1.464417859644634272e-02
9.276381909547739042e+02 1.884710056301249992e+00 1.467741468544720394e-02
9.326633165829146037e+02 1.884747098579216740e+00 1.470989609140043071e-02
9.376884422110553032e+02 1.884783886529147745e+00 1.474164098094333381e-02
9.427135678391960028e+02 1.884820415172310248e+00 1.477266710959321099e-02
9.477386934673367023e+02 1.884856679994960649e+00 1.480299182735573052e-02
9.527638190954774018e+02 1.884892676923044963e+00 1.483263208450801007e-02
9.577889447236181013e+02 1.884928402298137184e+00 1.486160443776284382e-02
9.628140703517588008e+02 1.884963852854545818e+00 1.488992505642783466e-02
9.678391959798995003e+02 1.884999025697543074e+00 1.491760972890057539e-02
9.728643216080401999e+02 1.885033918282660981e+00 1.494467386912213397e-02
9.778894472361808994e+02 1.885068528396004695e+00 1.497113252330581692e-02
9.829145728643217126e+02 1.885102854135535244e+00 1.499700037657195929e-02
9.879396984924624121e+02 1.885136893893279098e+00 1.502229175984096977e-02
9.929648241206031116e+02 1.885170646338416356e+00 1.504702065657147723e-02
9.979899497487438111e+02 1.885204110401212274e+00 1.507120070969409677e-02
1.003015075376884511e+03 1.885237285257746365e+00 1.509484522843889710e-02
1.008040201005025210e+03 1.885270170315406002e+00 1.511796719522060656e-02
1.013065326633165910e+03 1.885302765199107666e+00 1.514057927250089808e-02
1.018090452261306609e+03 1.885335069738208524e+00 1.516269380956952566e-02
1.023115577889447309e+03 1.885367083954078815e+00 1.518432284938356185e-02
1.028140703517588008e+03 1.885398808048305064e+00 1.520547813525864426e-02
1.033165829145728821e+03 1.885430242391486155e+00 1.522617111754332939e-02
1.038190954773869407e+03 1.885461387512604725e+00 1.524641296027456905e-02
1.043216080402009993e+03 1.885492244088939895e+00 1.526621454767365486e-02
1.048241206030150806e+03 1.885522812936494041e+00 1.528558649061893641e-02
1.053266331658291620e+03 1.885553095000915391e+00 1.530453913301931847e-02
1.058291457286432205e+03 1.885583091348886242e+00 1.532308255809255657e-02
1.063316582914572791e+03 1.885612803159958384e+00 1.534122659459523537e-02
1.068341708542713604e+03 1.885642231718811512e+00 1.535898082289142118e-02
1.073366834170854418e+03 1.885671378407916876e+00 1.537635458092810256e-02
1.078391959798995003e+03 1.885700244700583506e+00 1.539335697019164964e-02
1.083417085427135589e+03 1.885728832154371037e+00 1.540999686145192935e-02
1.088442211055276402e+03 1.885757142404849152e+00 1.542628290045466345e-02
1.093467336683417216e+03 1.885785177159689407e+00 1.544222351353389047e-02
1.098492462311557802e+03 1.885812938193070165e+00 1.545782691303731853e-02
1.103517587939698387e+03 1.885840427340380820e+00 1.547310110273049030e-02
1.108542713567839201e+03 1.885867646493211369e+00 1.548805388301431434e-02
1.113567839195980014e+03 1.885894597594612199e+00 1.550269285609225632e-02
1.118592964824120827e+03 1.885921282634610563e+00 1.551702543101465305e-02
1.123618090452261413e+03 1.885947703645971085e+00 1.553105882857073843e-02
1.128643216080401999e+03 1.885973862700191184e+00 1.554480008612748980e-02
1.133668341708542812e+03 1.885999761903714766e+00 1.555825606236352528e-02
1.138693467336683625e+03 1.886025403394355981e+00 1.557143344181792684e-02
1.143718592964824211e+03 1.886050789337924360e+00 1.558433873944483315e-02
1.148743718592964797e+03 1.886075921925038923e+00 1.559697830497165649e-02
1.153768844221105610e+03 1.886100803368120138e+00 1.560935832720128195e-02
1.158793969849246423e+03 1.886125435898555081e+00 1.562148483820557932e-02
1.163819095477387009e+03 1.886149821764025791e+00 1.563336371740035868e-02
1.168844221105527595e+03 1.886173963225989070e+00 1.564500069554134939e-02
1.173869346733668408e+03 1.886197862557306593e+00 1.565640135863082330e-02
1.178894472361809221e+03 1.886221522040009591e+00 1.566757115166758987e-02
1.183919597989949807e+03 1.886244943963199860e+00 1.567851538239999759e-02
1.188944723618090393e+03 1.886268130621074457e+00 1.568923922490075840e-02
1.193969849246231206e+03 1.886291084311067401e+00 1.569974772310155434e-02
1.198994974874372019e+03 1.886313807332109294e+00 1.571004579419836913e-02
1.204020100502512605e+03 1.886336301982988628e+00 1.572013823200819546e-02
1.209045226130653191e+03 1.886358570560818348e+00 1.573002971022328597e-02
1.214070351758794004e+03 1.886380615359597668e+00 1.573972478557970206e-02
1.219095477386934817e+03 1.886402438668865145e+00 1.574922790092850647e-02
1.224120603015075403e+03 1.886424042772439691e+00 1.575854338827546719e-02
1.229145728643215989e+03 1.886445429947242847e+00 1.576767547167154740e-02
1.234170854271356802e+03 1.886466602462197883e+00 1.577662827010445357e-02
1.239195979899497615e+03 1.886487562577206623e+00 1.578540580023107473e-02
1.244221105527638429e+03 1.886508312542191756e+00 1.579401197912188443e-02
1.249246231155779014e+03 1.886528854596209337e+00 1.580245062687117216e-02
1.254271356783919600e+03 1.886549190966620770e+00 1.581072546913131135e-02
1.259296482412060413e+03 1.886569323868328985e+00 1.581884013967096644e-02
1.264321608040201227e+03 1.886589255503064999e+00 1.582679818275505718e-02
1.269346733668341813e+03 1.886608988058732894e+00 1.583460305548859900e-02
1.274371859296482398e+03 1.886628523708804073e+00 1.584225813016777729e-02
1.279396984924623212e+03 1.886647864611756598e+00 1.584976669646425557e-02
1.284422110552764025e+03 1.886667012910564933e+00 1.585713196364038971e-02
1.289447236180904611e+03 1.886685970732227435e+00 1.586435706263533349e-02
1.294472361809045196e+03 1.886704740187337359e+00 1.587144504812832216e-02
1.299497487437186010e+03 1.886723323369691396e+00 1.587839890057313186e-02
1.304522613065326823e+03 1.886741722355933737e+00 1.588522152809990207e-02
1.309547738693467409e+03 1.886759939205235659e+00 1.589191576843219239e-02
1.314572864321607994e+03 1.886777975959005760e+00 1.589848439073629494e-02
1.319597989949748808e+03 1.886795834640632608e+00 1.590493009741068484e-02
1.324623115577889621e+03 1.886813517255253814e+00 1.591125552583045472e-02
1.329648241206030207e+03 1.886831025789553751e+00 1.591746325004760043e-02
1.334673366834170793e+03 1.886848362211587693e+00 1.592355578242691042e-02
1.339698492462311606e+03 1.886865528470627273e+00 1.592953557526018138e-02
1.344723618090452419e+03 1.886882526497032364e+00 1.593540502235232803e-02
1.349748743718593005e+03 1.886899358202139831e+00 1.594116646049652253e-02
1.354773869346733591e+03 1.886916025478177605e+00 1.594682217099232038e-02
1.359798994974874404e+03 1.886932530198193625e+00 1.595237438105400959e-02
1.364824120603015217e+03 1.886948874216004324e+00 1.595782526522830300e-02
1.369849246231156030e+03 1.886965059366159325e+00 1.596317694675213755e-02
1.374874371859296616e+03 1.886981087463923235e+00 1.596843149885128488e-02
1.379899497487437202e+03 1.886996960305269644e+00 1.597359094605665941e-02
1.384924623115578015e+03 1.887012679666892678e+00 1.597865726545537324e-02
1.389949748743718828e+03 1.887028247306226314e+00 1.598363238789093574e-02
1.394974874371859414e+03 1.887043664961482348e+00 1.598851819915469985e-02
1.400000000000000000e+03 1.887058934351693029e+00 1.599331654114116708e-02
