4.000000000000000000e+02 1.855341146904978089e+00 2.451753083199364330e-02
4.050251256281406995e+02 1.862398956505503467e+00 2.410112559658240949e-02
4.100502512562813990e+02 1.866377700788195204e+00 2.365879197546840937e-02
4.150753768844220986e+02 1.869393183613683895e+00 2.315342700567038503e-02
4.201005025125627981e+02 1.871969989752647168e+00 2.256717491289801647e-02
4.251256281407034976e+02 1.874315868427444132e+00 2.188331506733237272e-02
4.301507537688441971e+02 1.876532728228472058e+00 2.108187999864217024e-02
4.351758793969848966e+02 1.878675942491971895e+00 2.013614519803522129e-02
4.402010050251256530e+02 1.880774926789420043e+00 1.900715891827847726e-02
4.452261306532663525e+02 1.882838196578272116e+00 1.763246848142425299e-02
4.502512562814070520e+02 1.884842466208471734e+00 1.589733482027090583e-02
4.552763819095477515e+02 1.886659015601391376e+00 1.353378113866804053e-02
4.603015075376884511e+02 1.886885547915396089e+00 9.311955941121271424e-03
4.653266331658291506e+02 1.884606406240463494e+00 6.204362333050416831e-03
4.703517587939698501e+02 1.882054320224561872e+00 6.378262373999813752e-03
4.753768844221105496e+02 1.880596324342544978e+00 6.548531461125871658e-03
4.804020100502512491e+02 1.879584240725189037e+00 6.717039268226184488e-03
4.854271356783919487e+02 1.878821266911769650e+00 6.884248088800482522e-03
4.904522613065327050e+02 1.878218332631983234e+00 7.050292862130955705e-03
4.954773869346734045e+02 1.877726981818157670e+00 7.215189859498658334e-03
5.005025125628141041e+02 1.877317812580471923e+00 7.378903181973172666e-03
5.055276381909548036e+02 1.876971626979841767e+00 7.541371912488726778e-03
5.105527638190955031e+02 1.876675204917370721e+00 7.702523044765780674e-03
5.155778894472362026e+02 1.876419064901630129e+00 7.862278325785865621e-03
5.206030150753769021e+02 1.876196183329133849e+00 8.020558164716884778e-03
5.256281407035176017e+02 1.876001217640412833e+00 8.177283994284224866e-03
5.306532663316583012e+02 1.875830012577162975e+00 8.332379754862109453e-03
5.356783919597990007e+02 1.875679274189796075e+00 8.485772850395676553e-03
5.407035175879397002e+02 1.875546347673402003e+00 8.637394769625694399e-03
5.457286432160803997e+02 1.875429061851101364e+00 8.787181485461550978e-03
5.507537688442210992e+02 1.875325617781036236e+00 8.935073701439462043e-03
5.557788944723617988e+02 1.875234507361842384e+00 9.081016989148755006e-03
5.608040201005024983e+02 1.875154452809922434e+00 9.224961845533331123e-03
5.658291457286431978e+02 1.875084360955900920e+00 9.366863690079918134e-03
5.708542713567838973e+02 1.875023288253248044e+00 9.506682815738631831e-03
5.758793969849245968e+02 1.874970413654973633e+00 9.644384304129590205e-03
5.809045226130654100e+02 1.874925017352768508e+00 9.779937912605642797e-03
5.859296482412059959e+02 1.874886463940939718e+00 9.913317939334668691e-03
5.909547738693468091e+02 1.874854188959309775e+00 1.004450307116996899e-02
5.959798994974873949e+02 1.874827688044003793e+00 1.017347621815245171e-02
6.010050251256282081e+02 1.874806508110645309e+00 1.030022433790110659e-02
6.060301507537687939e+02 1.874790240135631780e+00 1.042473825276602449e-02
6.110552763819096072e+02 1.874778513204305108e+00 1.054701246168672849e-02
6.160804020100503067e+02 1.874770989571108437e+00 1.066704494908770652e-02
6.211055276381910062e+02 1.874767360533776683e+00 1.078483699227070214e-02
6.261306532663317057e+02 1.874767342966644490e+00 1.090039296881391458e-02
6.311557788944724052e+02 1.874770676390881130e+00 1.101372016530038564e-02
6.361809045226131047e+02 1.874777120484641513e+00 1.112482858833510092e-02
6.412060301507538043e+02 1.874786452955594429e+00 1.123373077883108549e-02
6.462311557788945038e+02 1.874798467713489902e+00 1.134044163028265391e-02
6.512562814070352033e+02 1.874812973292365292e+00 1.144497821186455516e-02
6.562814070351759028e+02 1.874829791481429586e+00 1.154735959653726586e-02
6.613065326633166023e+02 1.874848756131168415e+00 1.164760669499898850e-02
6.663316582914573019e+02 1.874869712107222641e+00 1.174574209549368933e-02
6.713567839195980014e+02 1.874892514369420393e+00 1.184178991009098188e-02
6.763819095477387009e+02 1.874917027157244620e+00 1.193577562715889342e-02
6.814070351758794004e+02 1.874943123266189726e+00 1.202772597068584200e-02
6.864321608040200999e+02 1.874970683402046978e+00 1.211766876612971333e-02
6.914572864321607994e+02 1.874999595602269364e+00 1.220563281302605545e-02
6.964824120603016127e+02 1.875029754715314523e+00 1.229164776421097852e-02
7.015075376884421985e+02 1.875061061930291428e+00 1.237574401168263158e-02
7.065326633165830117e+02 1.875093424350432469e+00 1.245795257899733055e-02
7.115577889447235975e+02 1.875126754604897306e+00 1.253830502000221822e-02
7.165829145728644107e+02 1.875160970494232471e+00 1.261683332384510095e-02
7.216080402010049966e+02 1.875195994665506571e+00 1.269356982606917664e-02
7.266331658291458098e+02 1.875231754313708921e+00 1.276854712554284163e-02
7.316582914572863956e+02 1.875268180906484838e+00 1.284179800714310531e-02
7.366834170854272088e+02 1.875305209929695405e+00 1.291335536989055878e-02
7.417085427135677946e+02 1.875342780651617858e+00 1.298325216037317376e-02
7.467336683417086078e+02 1.875380835903908361e+00 1.305152131117971737e-02
7.517587939698491937e+02 1.875419321877690448e+00 1.311819568421309333e-02
7.567839195979900069e+02 1.875458187933336962e+00 1.318330801854072226e-02
7.618090452261307064e+02 1.875497386422703583e+00 1.324689088268607255e-02
7.668341708542714059e+02 1.875536872522708620e+00 1.330897663104086033e-02
7.718592964824121054e+02 1.875576604079302490e+00 1.336959736418443824e-02
7.768844221105528050e+02 1.875616541460968012e+00 1.342878489296445328e-02
7.819095477386935045e+02 1.875656647420995249e+00 1.348657070607487546e-02
7.869346733668342040e+02 1.875696886967856969e+00 1.354298594090021061e-02
7.919597989949749035e+02 1.875737227243081673e+00 1.359806135752239173e-02
7.969849246231156030e+02 1.875777637406085940e+00 1.365182731556684181e-02
8.020100502512563025e+02 1.875818088525475602e+00 1.370431375380448506e-02
8.070351758793970021e+02 1.875858553476381418e+00 1.375555017235017240e-02
8.120603015075377016e+02 1.875899006843425809e+00 1.380556561710276353e-02
8.170854271356784011e+02 1.875939424828964475e+00 1.385438866653904318e-02
8.221105527638192143e+02 1.875979785166265179e+00 1.390204742047432274e-02
8.271356783919598001e+02 1.876020067037326822e+00 1.394856949071399295e-02
8.321608040201006133e+02 1.876060250995057910e+00 1.399398199355135139e-02
8.371859296482411992e+02 1.876100318889558638e+00 1.403831154379610660e-02
8.422110552763820124e+02 1.876140253798269431e+00 1.408158425038477136e-02
8.472361809045225982e+02 1.876180039959769230e+00 1.412382571329611966e-02
8.522613065326634114e+02 1.876219662711014369e+00 1.416506102180224019e-02
8.572864321608039972e+02 1.876259108427835942e+00 1.420531475383732603e-02
8.623115577889448105e+02 1.876298364468510727e+00 1.424461097643694996e-02
8.673366834170853963e+02 1.876337419120248207e+00 1.428297324713322797e-02
8.723618090452262095e+02 1.876376261548431401e+00 1.432042461627251219e-02
8.773869346733667953e+02 1.876414881748471375e+00 1.435698763004607942e-02
8.824120603015076085e+02 1.876453270500137771e+00 1.439268433429918836e-02
8.874371859296483080e+02 1.876491419324234133e+00 1.442753627900598967e-02
8.924623115577890076e+02 1.876529320441501669e+00 1.446156452321583838e-02
8.974874371859297071e+02 1.876566966733632214e+00 1.449478964064017557e-02
9.025125628140704066e+02 1.876604351706286034e+00 1.452723172561033900e-02
9.075376884422111061e+02 1.876641469454011446e+00 1.455891039946920207e-02
9.125628140703518056e+02 1.876678314626969435e+00 1.458984481732101927e-02
9.175879396984925052e+02 1.876714882399371787e+00 1.462005367505721590e-02
9.226130653266332047e+02 1.876751168439548811e+00 1.464955521668264565e-02
9.276381909547739042e+02 1.876787168881558276e+00 1.467836724183737077e-02
9.326633165829146037e+02 1.876822880298268270e+00 1.470650711352317064e-02
9.376884422110553032e+02 1.876858299675828068e+00 1.473399176596029876e-02
9.427135678391960028e+02 1.876893424389466380e+00 1.476083771259059825e-02
9.477386934673367023e+02 1.876928252180547041e+00 1.478706105416702048e-02
9.527638190954774018e+02 1.876962781134817515e+00 1.481267748689964192e-02
9.577889447236181013e+02 1.876997009661794280e+00 1.483770231065781667e-02
9.628140703517588008e+02 1.877030936475223122e+00 1.486215043721980655e-02
9.678391959798995003e+02 1.877064560574564833e+00 1.488603639844872026e-02
9.728643216080401999e+02 1.877097881227453469e+00 1.490937435456472088e-02
9.778894472361808994e+02 1.877130897953074307e+00 1.493217810227904195e-02
9.829145728643217126e+02 1.877163610506423108e+00 1.495446108296578404e-02
9.879396984924624121e+02 1.877196018863395821e+00 1.497623639073319968e-02
9.929648241206031116e+02 1.877228123206667654e+00 1.499751678044212652e-02
9.979899497487438111e+02 1.877259923912325101e+00 1.501831467562186190e-02
1.003015075376884511e+03 1.877291421537209626e+00 1.503864217635902598e-02
1.008040201005025210e+03 1.877322616806939237e+00 1.505851106697550859e-02
1.013065326633165910e+03 1.877353510604570008e+00 1.507793282373983204e-02
1.018090452261306609e+03 1.877384103959871764e+00 1.509691862238246932e-02
1.023115577889447309e+03 1.877414398039177534e+00 1.511547934550317059e-02
1.028140703517588008e+03 1.877444394135787675e+00 1.513362558987616825e-02
1.033165829145728821e+03 1.877474093660892462e+00 1.515136767362914791e-02
1.038190954773869407e+03 1.877503498134989401e+00 1.516871564330082162e-02
1.043216080402009993e+03 1.877532609179772827e+00 1.518567928074480468e-02
1.048241206030150806e+03 1.877561428510467589e+00 1.520226810992758408e-02
1.053266331658291620e+03 1.877589957928584408e+00 1.521849140355798109e-02
1.058291457286432205e+03 1.877618199315080005e+00 1.523435818964594644e-02
1.063316582914572791e+03 1.877646154623893615e+00 1.524987725787606274e-02
1.068341708542713604e+03 1.877673825875848745e+00 1.526505716580532461e-02
1.073366834170854418e+03 1.877701215152894010e+00 1.527990624505403024e-02
1.078391959798995003e+03 1.877728324592670583e+00 1.529443260720692727e-02
1.083417085427135589e+03 1.877755156383387414e+00 1.530864414970911636e-02
1.088442211055276402e+03 1.877781712758987975e+00 1.532254856154610483e-02
1.093467336683417216e+03 1.877807995994595469e+00 1.533615332882426290e-02
1.098492462311557802e+03 1.877834008402217814e+00 1.534946574020772635e-02
1.103517587939698387e+03 1.877859752326704657e+00 1.536249289221107428e-02
1.108542713567839201e+03 1.877885230141938644e+00 1.537524169443348770e-02
1.113567839195980014e+03 1.877910444247250732e+00 1.538771887455227076e-02
1.118592964824120827e+03 1.877935397064046441e+00 1.539993098328385629e-02
1.123618090452261413e+03 1.877960091032635503e+00 1.541188439916578098e-02
1.128643216080401999e+03 1.877984528609248693e+00 1.542358533326578830e-02
1.133668341708542812e+03 1.878008712263237845e+00 1.543503983372188255e-02
1.138693467336683625e+03 1.878032644474444179e+00 1.544625379019723063e-02
1.143718592964824211e+03 1.878056327730729835e+00 1.545723293818942155e-02
1.148743718592964797e+03 1.878079764525663053e+00 1.546798286327013584e-02
1.153768844221105610e+03 1.878102957356345692e+00 1.547850900515848095e-02
1.158793969849246423e+03 1.878125908721383075e+00 1.548881666176102345e-02
1.163819095477387009e+03 1.878148621118978623e+00 1.549891099300256328e-02
1.168844221105527595e+03 1.878171097045154836e+00 1.550879702466626854e-02
1.173869346733668408e+03 1.878193338992089512e+00 1.551847965200971527e-02
1.178894472361809221e+03 1.878215349446563431e+00 1.552796364342494233e-02
1.183919597989949807e+03 1.878237130888510187e+00 1.553725364385178699e-02
1.188944723618090393e+03 1.878258685789667259e+00 1.554635417819780555e-02
1.193969849246231206e+03 1.878280016612318803e+00 1.555526965463845807e-02
1.198994974874372019e+03 1.878301125808126582e+00 1.556400436781436858e-02
1.204020100502512605e+03 1.878322015817046386e+00 1.557256250192806148e-02
1.209045226130653191e+03 1.878342689066320181e+00 1.558094813382076768e-02
1.214070351758794004e+03 1.878363147969545510e+00 1.558916523586736588e-02
1.219095477386934817e+03 1.878383394925814187e+00 1.559721767888398898e-02
1.224120603015075403e+03 1.878403432318917599e+00 1.560510923485774679e-02
1.229145728643215989e+03 1.878423262516615733e+00 1.561284357972112478e-02
1.234170854271356802e+03 1.878442887869963718e+00 1.562042429591648657e-02
1.239195979899497615e+03 1.878462310712696315e+00 1.562785487500137002e-02
1.244221105527638429e+03 1.878481533360664590e+00 1.563513872009691594e-02
1.249246231155779014e+03 1.878500558111322993e+00 1.564227914832310232e-02
1.254271356783919600e+03 1.878519387243261285e+00 1.564927939313683417e-02
1.259296482412060413e+03 1.878538023015784431e+00 1.565614260660978460e-02
1.264321608040201227e+03 1.878556467668531349e+00 1.566287186165425671e-02
1.269346733668341813e+03 1.878574723421135406e+00 1.566947015417696418e-02
1.274371859296482398e+03 1.878592792472919326e+00 1.567594040512646988e-02
1.279396984924623212e+03 1.878610677002627849e+00 1.568228546260541298e-02
1.284422110552764025e+03 1.878628379168191920e+00 1.568850810375795740e-02
1.289447236180904611e+03 1.878645901106523741e+00 1.569461103677351893e-02
1.294472361809045196e+03 1.878663244933341581e+00 1.570059690267482100e-02
1.299497487437186010e+03 1.878680412743021000e+00 1.570646827718138322e-02
1.304522613065326823e+03 1.878697406608473841e+00 1.571222767245110050e-02
1.309547738693467409e+03 1.878714228581048085e+00 1.571787753877148391e-02
1.314572864321607994e+03 1.878730880690454352e+00 1.572342026626487657e-02
1.319597989949748808e+03 1.878747364944709952e+00 1.572885818646699296e-02
1.324623115577889621e+03 1.878763683330104906e+00 1.573419357389963663e-02
1.329648241206030207e+03 1.878779837811187070e+00 1.573942864761693552e-02
1.334673366834170793e+03 1.878795830330763250e+00 1.574456557265515796e-02
1.339698492462311606e+03 1.878811662809916960e+00 1.574960646149960522e-02
1.344723618090452419e+03 1.878827337148042842e+00 1.575455337546325871e-02
1.349748743718593005e+03 1.878842855222893071e+00 1.575940832605532416e-02
1.354773869346733591e+03 1.878858218890639753e+00 1.576417327630484644e-02
1.359798994974874404e+03 1.878873429985946197e+00 1.576885014201883511e-02
1.364824120603015217e+03 1.878888490322054627e+00 1.577344079307383545e-02
1.369849246231156030e+03 1.878903401690878772e+00 1.577794705457244082e-02
1.374874371859296616e+03 1.878918165863111556e+00 1.578237070807633757e-02
1.379899497487437202e+03 1.878932784588339011e+00 1.578671349270506508e-02
1.384924623115578015e+03 1.878947259595163510e+00 1.579097710629091475e-02
1.389949748743718828e+03 1.878961592591335439e+00 1.579516320640033875e-02
1.394974874371859414e+03 1.878975785263891529e+00 1.579927341143318870e-02
1.400000000000000000e+03 1.878989839279299190e+00 1.580330930165239900e-02
