4.000000000000000000e+02 1.848208910388742243e+00 2.395907137176772617e-02
4.050251256281406995e+02 1.854888738694898453e+00 2.352764594516517163e-02
4.100502512562813990e+02 1.858692444407189059e+00 2.306093909754244539e-02
4.150753768844220986e+02 1.861596419264458957e+00 2.252250646128098333e-02
4.201005025125627981e+02 1.864090735547993205e+00 2.189260929264245578e-02
4.251256281407034976e+02 1.866368908346218269e+00 2.115102135856655047e-02
4.301507537688441971e+02 1.868524656289508590e+00 2.027188525281429718e-02
4.351758793969848966e+02 1.870606385412493466e+00 1.921813648091880503e-02
4.402010050251256530e+02 1.872633666079499326e+00 1.793085584036628946e-02
4.452261306532663525e+02 1.874591876094391596e+00 1.630260566122786192e-02
4.502512562814070520e+02 1.876366902970096007e+00 1.408538185795186679e-02
4.552763819095477515e+02 1.876752981186871283e+00 1.019336218739399363e-02
4.603015075376884511e+02 1.874747124001824972e+00 7.014226857226727244e-03
4.653266331658291506e+02 1.872361100329036576e+00 7.191689046218230873e-03
4.703517587939698501e+02 1.871027718596543377e+00 7.364195587997090717e-03
4.753768844221105496e+02 1.870117042449376044e+00 7.533850857482734045e-03
4.804020100502512491e+02 1.869440364661814957e+00 7.701189738386592099e-03
4.854271356783919487e+02 1.868912995705758640e+00 7.866387790672571545e-03
4.904522613065327050e+02 1.868489143904744854e+00 8.029492588756235658e-03
4.954773869346734045e+02 1.868141156404181880e+00 8.190496793110383159e-03
5.005025125628141041e+02 1.867851046568067552e+00 8.349367697274732644e-03
5.055276381909548036e+02 1.867606467056757369e+00 8.506061113497455015e-03
5.105527638190955031e+02 1.867398584686965402e+00 8.660528582403282521e-03
5.155778894472362026e+02 1.867220869309311748e+00 8.812721378184520948e-03
5.206030150753769021e+02 1.867068361574546476e+00 8.962592831277187838e-03
5.256281407035176017e+02 1.866937208947442084e+00 9.110099704322551645e-03
5.306532663316583012e+02 1.866824360221804646e+00 9.255203003650194771e-03
5.356783919597990007e+02 1.866727357877746574e+00 9.397868438845460165e-03
5.407035175879397002e+02 1.866644193083974113e+00 9.538066653911729878e-03
5.457286432160803997e+02 1.866573202072306481e+00 9.675773305852959638e-03
5.507537688442210992e+02 1.866512990573388597e+00 9.810969038728157079e-03
5.557788944723617988e+02 1.866462377731410882e+00 9.943639385097796310e-03
5.608040201005024983e+02 1.866420353818264433e+00 1.007377461631843267e-02
5.658291457286431978e+02 1.866386047901169798e+00 1.020136955725660030e-02
5.708542713567838973e+02 1.866358702805878345e+00 1.032642337597304040e-02
5.758793969849245968e+02 1.866337655504892279e+00 1.044893935709942032e-02
5.809045226130654100e+02 1.866322321592557287e+00 1.056892466447111045e-02
5.859296482412059959e+02 1.866312182875519809e+00 1.068639009812539717e-02
5.909547738693468091e+02 1.866306777363704983e+00 1.080134984925015459e-02
5.959798994974873949e+02 1.866305691129353850e+00 1.091382125583683325e-02
6.010050251256282081e+02 1.866308551633059754e+00 1.102382456142686137e-02
6.060301507537687939e+02 1.866315022211586072e+00 1.113138267869954144e-02
6.110552763819096072e+02 1.866324797492993959e+00 1.123652095936584702e-02
6.160804020100503067e+02 1.866337599557357008e+00 1.133926697127889995e-02
6.211055276381910062e+02 1.866353174701096407e+00 1.143965028388698076e-02
6.261306532663317057e+02 1.866371290693167762e+00 1.153770226236408743e-02
6.311557788944724052e+02 1.866391734434504013e+00 1.163345587105335359e-02
6.361809045226131047e+02 1.866414309950016115e+00 1.172694548647005598e-02
6.412060301507538043e+02 1.866438836656382882e+00 1.181820671997136155e-02
6.462311557788945038e+02 1.866465147859793561e+00 1.190727625023079231e-02
6.512562814070352033e+02 1.866493089446412901e+00 1.199419166547215261e-02
6.562814070351759028e+02 1.866522518735195924e+00 1.207899131531085975e-02
6.613065326633166023e+02 1.866553303468120983e+00 1.216171417212269339e-02
6.663316582914573019e+02 1.866585320917308666e+00 1.224239970165355747e-02
6.713567839195980014e+02 1.866618457092019234e+00 1.232108774262156460e-02
6.763819095477387009e+02 1.866652606031394157e+00 1.239781839508607986e-02
6.814070351758794004e+02 1.866687669171132491e+00 1.247263191719013252e-02
6.864321608040200999e+02 1.866723554774205152e+00 1.254556862995007648e-02
6.914572864321607994e+02 1.866760177417277289e+00 1.261666882978220924e-02
6.964824120603016127e+02 1.866797457525793513e+00 1.268597270843235987e-02
7.015075376884421985e+02 1.866835320951757415e+00 1.275352027983504485e-02
7.065326633165830117e+02 1.866873698589110786e+00 1.281935131363853148e-02
7.115577889447235975e+02 1.866912526022374008e+00 1.288350527500944746e-02
7.165829145728644107e+02 1.866951743204807057e+00 1.294602127035577969e-02
7.216080402010049966e+02 1.866991294162883896e+00 1.300693799858509275e-02
7.266331658291458098e+02 1.867031126724302048e+00 1.306629370760073634e-02
7.316582914572863956e+02 1.867071192267115043e+00 1.312412615570815975e-02
7.366834170854272088e+02 1.867111445487892984e+00 1.318047257756280524e-02
7.417085427135677946e+02 1.867151844187074472e+00 1.323536965438341061e-02
7.467336683417086078e+02 1.867192349069904722e+00 1.328885348811545755e-02
7.517587939698491937e+02 1.867232923561540359e+00 1.334095957927283575e-02
7.567839195979900069e+02 1.867273533635072758e+00 1.339172280819214862e-02
7.618090452261307064e+02 1.867314147651361500e+00 1.344117741940531463e-02
7.668341708542714059e+02 1.867354736209686727e+00 1.348935700890513054e-02
7.718592964824121054e+02 1.867395272008346430e+00 1.353629451415178792e-02
7.768844221105528050e+02 1.867435729714405301e+00 1.358202220637827647e-02
7.819095477386935045e+02 1.867476085841887512e+00 1.362657168526842759e-02
7.869346733668342040e+02 1.867516318637773898e+00 1.366997387559777156e-02
7.919597989949749035e+02 1.867556407975229815e+00 1.371225902577470276e-02
7.969849246231156030e+02 1.867596335253533635e+00 1.375345670801491997e-02
8.020100502512563025e+02 1.867636083304233585e+00 1.379359582012510549e-02
8.070351758793970021e+02 1.867675636303100406e+00 1.383270458859379298e-02
8.120603015075377016e+02 1.867714979687471466e+00 1.387081057291228957e-02
8.170854271356784011e+02 1.867754100078632407e+00 1.390794067109920457e-02
8.221105527638192143e+02 1.867792985208893253e+00 1.394412112610902803e-02
8.271356783919598001e+02 1.867831623853057899e+00 1.397937753315378964e-02
8.321608040201006133e+02 1.867870005763998087e+00 1.401373484782356821e-02
8.371859296482411992e+02 1.867908121612074313e+00 1.404721739483838841e-02
8.422110552763820124e+02 1.867945962928157844e+00 1.407984887744017678e-02
8.472361809045225982e+02 1.867983522050031153e+00 1.411165238725164105e-02
8.522613065326634114e+02 1.868020792071953151e+00 1.414265041461172136e-02
8.572864321608039972e+02 1.868057766797202257e+00 1.417286485920803141e-02
8.623115577889448105e+02 1.868094440693409686e+00 1.420231704110225777e-02
8.673366834170853963e+02 1.868130808850517299e+00 1.423102771193728716e-02
8.723618090452262095e+02 1.868166866941201487e+00 1.425901706635842973e-02
8.773869346733667953e+02 1.868202611183617856e+00 1.428630475360913483e-02
8.824120603015076085e+02 1.868238038306325288e+00 1.431290988915229212e-02
8.874371859296483080e+02 1.868273145515263911e+00 1.433885106646314717e-02
8.924623115577890076e+02 1.868307930462665523e+00 1.436414636877302552e-02
8.974874371859297071e+02 1.868342391217783227e+00 1.438881338082253700e-02
9.025125628140704066e+02 1.868376526239331703e+00 1.441286920063442577e-02
9.075376884422111061e+02 1.868410334349542845e+00 1.443633045114546022e-02
9.125628140703518056e+02 1.868443814709741524e+00 1.445921329183694377e-02
9.175879396984925052e+02 1.868476966797350203e+00 1.448153343022423427e-02
9.226130653266332047e+02 1.868509790384245806e+00 1.450330613324977980e-02
9.276381909547739042e+02 1.868542285516386681e+00 1.452454623850005233e-02
9.326633165829146037e+02 1.868574452494637272e+00 1.454526816533427934e-02
9.376884422110553032e+02 1.868606291856724111e+00 1.456548592581251300e-02
9.427135678391960028e+02 1.868637804360256061e+00 1.458521313544760938e-02
9.477386934673367023e+02 1.868668990966746879e+00 1.460446302384233071e-02
9.527638190954774018e+02 1.868699852826587016e+00 1.462324844504318128e-02
9.577889447236181013e+02 1.868730391264906698e+00 1.464158188778458096e-02
9.628140703517588008e+02 1.868760607768278570e+00 1.465947548546847612e-02
9.678391959798995003e+02 1.868790503972218353e+00 1.467694102601248447e-02
9.728643216080401999e+02 1.868820081649428921e+00 1.469398996141038638e-02
9.778894472361808994e+02 1.868849342698752913e+00 1.471063341717382053e-02
9.829145728643217126e+02 1.868878289134789483e+00 1.472688220148994469e-02
9.879396984924624121e+02 1.868906923078140325e+00 1.474274681420916118e-02
9.929648241206031116e+02 1.868935246746243894e+00 1.475823745559459027e-02
9.979899497487438111e+02 1.868963262444770956e+00 1.477336403491523627e-02
1.003015075376884511e+03 1.868990972559544606e+00 1.478813617875306824e-02
1.008040201005025210e+03 1.869018379548957443e+00 1.480256323917225614e-02
1.013065326633165910e+03 1.869045485936854822e+00 1.481665430164961009e-02
1.018090452261306609e+03 1.869072294305860860e+00 1.483041819277032027e-02
1.023115577889447309e+03 1.869098807291119435e+00 1.484386348781212804e-02
1.028140703517588008e+03 1.869125027574428888e+00 1.485699851804818047e-02
1.033165829145728821e+03 1.869150957878743746e+00 1.486983137785340310e-02
1.038190954773869407e+03 1.869176600963027068e+00 1.488236993168315543e-02
1.043216080402009993e+03 1.869201959617431186e+00 1.489462182082809498e-02
1.048241206030150806e+03 1.869227036658787089e+00 1.490659446993125060e-02
1.053266331658291620e+03 1.869251834926386913e+00 1.491829509342416753e-02
1.058291457286432205e+03 1.869276357278040424e+00 1.492973070169553024e-02
1.063316582914572791e+03 1.869300606586391966e+00 1.494090810711854421e-02
1.068341708542713604e+03 1.869324585735481437e+00 1.495183392992114474e-02
1.073366834170854418e+03 1.869348297617534627e+00 1.496251460387547361e-02
1.078391959798995003e+03 1.869371745129971174e+00 1.497295638178286308e-02
1.083417085427135589e+03 1.869394931172617236e+00 1.498316534088600833e-02
1.088442211055276402e+03 1.869417858645109787e+00 1.499314738802804206e-02
1.093467336683417216e+03 1.869440530444482995e+00 1.500290826474884147e-02
1.098492462311557802e+03 1.869462949462924239e+00 1.501245355214540084e-02
1.103517587939698387e+03 1.869485118585692218e+00 1.502178867567100125e-02
1.108542713567839201e+03 1.869507040689186050e+00 1.503091890972928571e-02
1.113567839195980014e+03 1.869528718639154263e+00 1.503984938211911510e-02
1.118592964824120827e+03 1.869550155289043003e+00 1.504858507847413145e-02
1.123618090452261413e+03 1.869571353478465037e+00 1.505713084637562947e-02
1.128643216080401999e+03 1.869592316031790880e+00 1.506549139949652991e-02
1.133668341708542812e+03 1.869613045756850278e+00 1.507367132156541174e-02
1.138693467336683625e+03 1.869633545443738054e+00 1.508167507017587304e-02
1.143718592964824211e+03 1.869653817863720535e+00 1.508950698056185993e-02
1.148743718592964797e+03 1.869673865768232135e+00 1.509717126916484096e-02
1.153768844221105610e+03 1.869693691887961196e+00 1.510467203717942401e-02
1.158793969849246423e+03 1.869713298932017542e+00 1.511201327392517994e-02
1.163819095477387009e+03 1.869732689587174868e+00 1.511919886014997418e-02
1.168844221105527595e+03 1.869751866517187722e+00 1.512623257122275126e-02
1.173869346733668408e+03 1.869770832362175561e+00 1.513311808022512958e-02
1.178894472361809221e+03 1.869789589738070301e+00 1.513985896098773987e-02
1.183919597989949807e+03 1.869808141236122045e+00 1.514645869091902144e-02
1.188944723618090393e+03 1.869826489422462767e+00 1.515292065392891997e-02
1.193969849246231206e+03 1.869844636837723062e+00 1.515924814307503116e-02
1.198994974874372019e+03 1.869862585996693305e+00 1.516544436326270652e-02
1.204020100502512605e+03 1.869880339388037438e+00 1.517151243380254234e-02
1.209045226130653191e+03 1.869897899474044944e+00 1.517745539090727472e-02
1.214070351758794004e+03 1.869915268690423238e+00 1.518327619006348307e-02
1.219095477386934817e+03 1.869932449446131351e+00 1.518897770844025198e-02
1.224120603015075403e+03 1.869949444123244486e+00 1.519456274710913844e-02
1.229145728643215989e+03 1.869966255076853434e+00 1.520003403325942935e-02
1.234170854271356802e+03 1.869982884634995290e+00 1.520539422232192531e-02
1.239195979899497615e+03 1.869999335098610826e+00 1.521064590004609675e-02
1.244221105527638429e+03 1.870015608741529833e+00 1.521579158448767115e-02
1.249246231155779014e+03 1.870031707810481114e+00 1.522083372797325418e-02
1.254271356783919600e+03 1.870047634525123792e+00 1.522577471894791604e-02
1.259296482412060413e+03 1.870063391078102821e+00 1.523061688385244500e-02
1.264321608040201227e+03 1.870078979635123373e+00 1.523536248883405018e-02
1.269346733668341813e+03 1.870094402335040984e+00 1.524001374150271530e-02
1.274371859296482398e+03 1.870109661289972358e+00 1.524457279257344748e-02
1.279396984924623212e+03 1.870124758585421043e+00 1.524904173749707867e-02
1.284422110552764025e+03 1.870139696280415098e+00 1.525342261800008252e-02
1.289447236180904611e+03 1.870154476407662747e+00 1.525771742363592719e-02
1.294472361809045196e+03 1.870169100973715581e+00 1.526192809321014546e-02
1.299497487437186010e+03 1.870183571959145752e+00 1.526605651623980618e-02
1.304522613065326823e+03 1.870197891318734040e+00 1.527010453433134268e-02
1.309547738693467409e+03 1.870212060981665259e+00 1.527407394250638109e-02
1.314572864321607994e+03 1.870226082851734750e+00 1.527796649052685744e-02
1.319597989949748808e+03 1.870239958807560221e+00 1.528178388411804110e-02
1.324623115577889621e+03 1.870253690702802452e+00 1.528552778624252435e-02
1.329648241206030207e+03 1.870267280366392448e+00 1.528919981824380936e-02
1.334673366834170793e+03 1.870280729602762593e+00 1.529280156101247949e-02
1.339698492462311606e+03 1.870294040192086227e+00 1.529633455611711067e-02
1.344723618090452419e+03 1.870307213890518350e+00 1.529980030687121996e-02
1.349748743718593005e+03 1.870320252430441865e+00 1.530320027938011571e-02
1.354773869346733591e+03 1.870333157520718936e+00 1.530653590357515699e-02
1.359798994974874404e+03 1.870345930846941451e+00 1.530980857420667120e-02
1.364824120603015217e+03 1.870358574071689040e+00 1.531301965177403121e-02
1.369849246231156030e+03 1.870371088834785755e+00 1.531617046349467888e-02
1.374874371859296616e+03 1.870383476753558538e+00 1.531926230418899186e-02
1.379899497487437202e+03 1.870395739423101444e+00 1.532229643715379321e-02
1.384924623115578015e+03 1.870407878416534109e+00 1.532527409502464077e-02
1.389949748743718828e+03 1.870419895285267975e+00 1.532819648061261621e-02
1.394974874371859414e+03 1.870431791559267864e+00 1.533106476767232863e-02
1.400000000000000000e+03 1.870443568747316654e+00 1.533388010170999571e-02
