4.000000000000000000e+02 1.844560670291577331e+00 2.318395968643258837e-02
4.050251256281406995e+02 1.851040995064644257e+00 2.270092186132428511e-02
4.100502512562813990e+02 1.854763739376151799e+00 2.217128604669709943e-02
4.150753768844220986e+02 1.857623039717411384e+00 2.155773940166370167e-02
4.201005025125627981e+02 1.860088385683933199e+00 2.083702154350029409e-02
4.251256281407034976e+02 1.862344081130625995e+00 1.998281460860754088e-02
4.301507537688441971e+02 1.864476978637298110e+00 1.895866800451627074e-02
4.351758793969848966e+02 1.866526140508584453e+00 1.770739429614221275e-02
4.402010050251256530e+02 1.868489200716736187e+00 1.612563679449483325e-02
4.452261306532663525e+02 1.870266120802298593e+00 1.397774801617695725e-02
4.502512562814070520e+02 1.870798438348270309e+00 1.027818287286840285e-02
4.552763819095477515e+02 1.868979045710845277e+00 6.935826018857399120e-03
4.603015075376884511e+02 1.866671154187880433e+00 7.111391152615238916e-03
4.653266331658291506e+02 1.865403041803403994e+00 7.281993600423161336e-03
4.703517587939698501e+02 1.864546172919187894e+00 7.449717832203018968e-03
4.753768844221105496e+02 1.863914757230910491e+00 7.615085216118386811e-03
4.804020100502512491e+02 1.863426158520193221e+00 7.778263648501694723e-03
4.854271356783919487e+02 1.863036004553847880e+00 7.939296429277056810e-03
4.904522613065327050e+02 1.862717653892581815e+00 8.098174029068008067e-03
4.954773869346734045e+02 1.862453863687441258e+00 8.254862935002228383e-03
5.005025125628141041e+02 1.862232848605808844e+00 8.409319130378286461e-03
5.055276381909548036e+02 1.862046209835143351e+00 8.561495050949103139e-03
5.105527638190955031e+02 1.861887759371387396e+00 8.711343420708252822e-03
5.155778894472362026e+02 1.861752811733609736e+00 8.858819454567538540e-03
5.206030150753769021e+02 1.861637736655492814e+00 9.003882144421186326e-03
5.256281407035176017e+02 1.861539665511580122e+00 9.146495000572180470e-03
5.306532663316583012e+02 1.861456292368962595e+00 9.286626454433715566e-03
5.356783919597990007e+02 1.861385735456881019e+00 9.424250042225629578e-03
5.407035175879397002e+02 1.861326438431868846e+00 9.559344443330026336e-03
5.457286432160803997e+02 1.861277098565712329e+00 9.691893419303782703e-03
5.507537688442210992e+02 1.861236613576122911e+00 9.821885684736063674e-03
5.557788944723617988e+02 1.861204041632920303e+00 9.949314730686779212e-03
5.608040201005024983e+02 1.861178570845730462e+00 1.007417861545743462e-02
5.658291457286431978e+02 1.861159495685815068e+00 1.019647973332398969e-02
5.708542713567838973e+02 1.861146198552988684e+00 1.031622456917261239e-02
5.758793969849245968e+02 1.861138135210408606e+00 1.043342344477462581e-02
5.809045226130654100e+02 1.861134823161807894e+00 1.054809026146640537e-02
5.859296482412059959e+02 1.861135832291554992e+00 1.066024224254767498e-02
5.909547738693468091e+02 1.861140777262292989e+00 1.076989967818631905e-02
5.959798994974873949e+02 1.861149311290290598e+00 1.087708567504437965e-02
6.010050251256282081e+02 1.861161121009964337e+00 1.098182591218568871e-02
6.060301507537687939e+02 1.861175922206290467e+00 1.108414840456174201e-02
6.110552763819096072e+02 1.861193456243926736e+00 1.118408327520796844e-02
6.160804020100503067e+02 1.861213487059528715e+00 1.128166253662438862e-02
6.211055276381910062e+02 1.861235798612338233e+00 1.137691988217492262e-02
6.261306532663317057e+02 1.861260192710005423e+00 1.146989048749884332e-02
6.311557788944724052e+02 1.861286487143487767e+00 1.156061082250858969e-02
6.361809045226131047e+02 1.861314514077993865e+00 1.164911847373658986e-02
6.412060301507538043e+02 1.861344118657216384e+00 1.173545197727000194e-02
6.462311557788945038e+02 1.861375157786174572e+00 1.181965066188521950e-02
6.512562814070352033e+02 1.861407499064420046e+00 1.190175450253510778e-02
6.562814070351759028e+02 1.861441019846449718e+00 1.198180398366078571e-02
6.613065326633166023e+02 1.861475606410282202e+00 1.205983997223454042e-02
6.663316582914573019e+02 1.861511153218438741e+00 1.213590360013205166e-02
6.713567839195980014e+02 1.861547562258251132e+00 1.221003615552890276e-02
6.763819095477387009e+02 1.861584742450581365e+00 1.228227898290452230e-02
6.814070351758794004e+02 1.861622609117811411e+00 1.235267339132443444e-02
6.864321608040200999e+02 1.861661083503417080e+00 1.242126057062528134e-02
6.914572864321607994e+02 1.861700092336629364e+00 1.248808151498996544e-02
6.964824120603016127e+02 1.861739567436683007e+00 1.255317695368101533e-02
7.015075376884421985e+02 1.861779445351960272e+00 1.261658728838281097e-02
7.065326633165830117e+02 1.861819667030031100e+00 1.267835253691825675e-02
7.115577889447235975e+02 1.861860177515149539e+00 1.273851228280106600e-02
7.165829145728644107e+02 1.861900925670247231e+00 1.279710563031051344e-02
7.216080402010049966e+02 1.861941863920870244e+00 1.285417116487578074e-02
7.266331658291458098e+02 1.861982948018833461e+00 1.290974691810850214e-02
7.316582914572863956e+02 1.862024136823660081e+00 1.296387033748433275e-02
7.366834170854272088e+02 1.862065392100114014e+00 1.301657826007146523e-02
7.417085427135677946e+02 1.862106678330341714e+00 1.306790689020874419e-02
7.467336683417086078e+02 1.862147962539309587e+00 1.311789178072426260e-02
7.517587939698491937e+02 1.862189214132383475e+00 1.316656781739578355e-02
7.567839195979900069e+02 1.862230404744022128e+00 1.321396920655954627e-02
7.618090452261307064e+02 1.862271508096664974e+00 1.326012946536808332e-02
7.668341708542714059e+02 1.862312499869001714e+00 1.330508141462910347e-02
7.718592964824121054e+02 1.862353357572883450e+00 1.334885717405817455e-02
7.768844221105528050e+02 1.862394060438219201e+00 1.339148815950658850e-02
7.819095477386935045e+02 1.862434589305256072e+00 1.343300508218823151e-02
7.869346733668342040e+02 1.862474926523708385e+00 1.347343794962759314e-02
7.919597989949749035e+02 1.862515055858238844e+00 1.351281606820885217e-02
7.969849246231156030e+02 1.862554962399849412e+00 1.355116804704731628e-02
8.020100502512563025e+02 1.862594632482769130e+00 1.358852180323113536e-02
8.070351758793970021e+02 1.862634053606469386e+00 1.362490456812278684e-02
8.120603015075377016e+02 1.862673214362457808e+00 1.366034289465286461e-02
8.170854271356784011e+02 1.862712104365541244e+00 1.369486266554844831e-02
8.221105527638192143e+02 1.862750714189260526e+00 1.372848910232611803e-02
8.271356783919598001e+02 1.862789035305232321e+00 1.376124677486654027e-02
8.321608040201006133e+02 1.862827060026148729e+00 1.379315961175247608e-02
8.371859296482411992e+02 1.862864781452201690e+00 1.382425091092139013e-02
8.422110552763820124e+02 1.862902193420720831e+00 1.385454335085600612e-02
8.472361809045225982e+02 1.862939290458823782e+00 1.388405900208311040e-02
8.522613065326634114e+02 1.862976067738896013e+00 1.391281933897696964e-02
8.572864321608039972e+02 1.863012521036724101e+00 1.394084525175881030e-02
8.623115577889448105e+02 1.863048646692125887e+00 1.396815705875091573e-02
8.673366834170853963e+02 1.863084441571922101e+00 1.399477451860829495e-02
8.723618090452262095e+02 1.863119903035112435e+00 1.402071684280771849e-02
8.773869346733667953e+02 1.863155028900124188e+00 1.404600270804377479e-02
8.824120603015076085e+02 1.863189817414008020e+00 1.407065026872947322e-02
8.874371859296483080e+02 1.863224267223467123e+00 1.409467716935344263e-02
8.924623115577890076e+02 1.863258377347612571e+00 1.411810055691149410e-02
8.974874371859297071e+02 1.863292147152340261e+00 1.414093709320192460e-02
9.025125628140704066e+02 1.863325576326236632e+00 1.416320296696326267e-02
9.075376884422111061e+02 1.863358664857922564e+00 1.418491390598847560e-02
9.125628140703518056e+02 1.863391413014752418e+00 1.420608518902603812e-02
9.175879396984925052e+02 1.863423821322788276e+00 1.422673165757576408e-02
9.226130653266332047e+02 1.863455890547973226e+00 1.424686772744304837e-02
9.276381909547739042e+02 1.863487621678440842e+00 1.426650740020328316e-02
9.326633165829146037e+02 1.863519015907882492e+00 1.428566427438335111e-02
9.376884422110553032e+02 1.863550074619926944e+00 1.430435155652495273e-02
9.427135678391960028e+02 1.863580799373457220e+00 1.432258207198151140e-02
9.477386934673367023e+02 1.863611191888824736e+00 1.434036827553313194e-02
9.527638190954774018e+02 1.863641254034897887e+00 1.435772226176284215e-02
9.577889447236181013e+02 1.863670987816902658e+00 1.437465577522191972e-02
9.628140703517588008e+02 1.863700395365007534e+00 1.439118022040306206e-02
9.678391959798995003e+02 1.863729478923611182e+00 1.440730667143121091e-02
9.728643216080401999e+02 1.863758240841288716e+00 1.442304588156643856e-02
9.778894472361808994e+02 1.863786683561360569e+00 1.443840829246553770e-02
9.829145728643217126e+02 1.863814809613051571e+00 1.445340404324078377e-02
9.879396984924624121e+02 1.863842621603197580e+00 1.446804297923040723e-02
9.929648241206031116e+02 1.863870122208475255e+00 1.448233466067898323e-02
9.979899497487438111e+02 1.863897314168122321e+00 1.449628837101814109e-02
1.003015075376884511e+03 1.863924200277117693e+00 1.450991312508247318e-02
1.008040201005025210e+03 1.863950783379797915e+00 1.452321767698845460e-02
1.013065326633165910e+03 1.863977066363884827e+00 1.453621052794019063e-02
1.018090452261306609e+03 1.864003052154894702e+00 1.454889993367395641e-02
1.023115577889447309e+03 1.864028743710915093e+00 1.456129391178867701e-02
1.028140703517588008e+03 1.864054144017721182e+00 1.457340024883399879e-02
1.033165829145728821e+03 1.864079256084215652e+00 1.458522650725631135e-02
1.038190954773869407e+03 1.864104082938171203e+00 1.459678003206625607e-02
1.043216080402009993e+03 1.864128627622258394e+00 1.460806795736524846e-02
1.048241206030150806e+03 1.864152893190343274e+00 1.461909721267739756e-02
1.053266331658291620e+03 1.864176882704036364e+00 1.462987452908635216e-02
1.058291457286432205e+03 1.864200599229482558e+00 1.464040644522923533e-02
1.063316582914572791e+03 1.864224045834371735e+00 1.465069931304009698e-02
1.068341708542713604e+03 1.864247225585161871e+00 1.466075930340066634e-02
1.073366834170854418e+03 1.864270141544501991e+00 1.467059241160519577e-02
1.078391959798995003e+03 1.864292796768837857e+00 1.468020446259943670e-02
1.083417085427135589e+03 1.864315194306197077e+00 1.468960111615772585e-02
1.088442211055276402e+03 1.864337337194136524e+00 1.469878787184383633e-02
1.093467336683417216e+03 1.864359228457846740e+00 1.470777007383583350e-02
1.098492462311557802e+03 1.864380871108400672e+00 1.471655291558131642e-02
1.103517587939698387e+03 1.864402268141140073e+00 1.472514144440023078e-02
1.108542713567839201e+03 1.864423422534191133e+00 1.473354056579749376e-02
1.113567839195980014e+03 1.864444337247100236e+00 1.474175504779835430e-02
1.118592964824120827e+03 1.864465015219584521e+00 1.474978952504576134e-02
1.123618090452261413e+03 1.864485459370386788e+00 1.475764850279872968e-02
1.128643216080401999e+03 1.864505672596233898e+00 1.476533636084960584e-02
1.133668341708542812e+03 1.864525657770887079e+00 1.477285735725015862e-02
1.138693467336683625e+03 1.864545417744279510e+00 1.478021563198463582e-02
1.143718592964824211e+03 1.864564955341739383e+00 1.478741521047191414e-02
1.148743718592964797e+03 1.864584273363288247e+00 1.479446000704192146e-02
1.153768844221105610e+03 1.864603374583012618e+00 1.480135382819324809e-02
1.158793969849246423e+03 1.864622261748505094e+00 1.480810037583686622e-02
1.163819095477387009e+03 1.864640937580366531e+00 1.481470325043024103e-02
1.168844221105527595e+03 1.864659404771769946e+00 1.482116595395132144e-02
1.173869346733668408e+03 1.864677665988080379e+00 1.482749189284914525e-02
1.178894472361809221e+03 1.864695723866525379e+00 1.483368438088274004e-02
1.183919597989949807e+03 1.864713581015916111e+00 1.483974664185742226e-02
1.188944723618090393e+03 1.864731240016413327e+00 1.484568181225258757e-02
1.193969849246231206e+03 1.864748703419335296e+00 1.485149294386954241e-02
1.198994974874372019e+03 1.864765973747007255e+00 1.485718300625384590e-02
1.204020100502512605e+03 1.864783053492645948e+00 1.486275488917019119e-02
1.209045226130653191e+03 1.864799945120279689e+00 1.486821140489922970e-02
1.214070351758794004e+03 1.864816651064701958e+00 1.487355529054431094e-02
1.219095477386934817e+03 1.864833173731451188e+00 1.487878921022217811e-02
1.224120603015075403e+03 1.864849515496822985e+00 1.488391575717602257e-02
1.229145728643215989e+03 1.864865678707904983e+00 1.488893745586408746e-02
1.234170854271356802e+03 1.864881665682636136e+00 1.489385676394261275e-02
1.239195979899497615e+03 1.864897478709890422e+00 1.489867607421861001e-02
1.244221105527638429e+03 1.864913120049577655e+00 1.490339771653594568e-02
1.249246231155779014e+03 1.864928591932766055e+00 1.490802395956573184e-02
1.254271356783919600e+03 1.864943896561821468e+00 1.491255701259116585e-02
1.259296482412060413e+03 1.864959036110563462e+00 1.491699902724273781e-02
1.264321608040201227e+03 1.864974012724433639e+00 1.492135209908772644e-02
1.269346733668341813e+03 1.864988828520681707e+00 1.492561826930536607e-02
1.274371859296482398e+03 1.865003485588560661e+00 1.492979952622491835e-02
1.279396984924623212e+03 1.865017985989535054e+00 1.493389780679425446e-02
1.284422110552764025e+03 1.865032331757500383e+00 1.493791499809846678e-02
1.289447236180904611e+03 1.865046524899010016e+00 1.494185293875044049e-02
1.294472361809045196e+03 1.865060567393511226e+00 1.494571342025805168e-02
1.299497487437186010e+03 1.865074461193591659e+00 1.494949818838323119e-02
1.304522613065326823e+03 1.865088208225228250e+00 1.495320894441156886e-02
1.309547738693467409e+03 1.865101810388047010e+00 1.495684734639977573e-02
1.314572864321607994e+03 1.865115269555584598e+00 1.496041501040874626e-02
1.319597989949748808e+03 1.865128587575558106e+00 1.496391351169286572e-02
1.324623115577889621e+03 1.865141766270135948e+00 1.496734438579399619e-02
1.329648241206030207e+03 1.865154807436215867e+00 1.497070912968145873e-02
1.334673366834170793e+03 1.865167712845703596e+00 1.497400920284178844e-02
1.339698492462311606e+03 1.865180484245795300e+00 1.497724602828153298e-02
1.344723618090452419e+03 1.865193123359262239e+00 1.498042099356200821e-02
1.349748743718593005e+03 1.865205631884737647e+00 1.498353545176245825e-02
1.354773869346733591e+03 1.865218011497005390e+00 1.498659072246080748e-02
1.359798994974874404e+03 1.865230263847286851e+00 1.498958809262848288e-02
1.364824120603015217e+03 1.865242390563533803e+00 1.499252881750627250e-02
1.369849246231156030e+03 1.865254393250716847e+00 1.499541412152060466e-02
1.374874371859296616e+03 1.865266273491115845e+00 1.499824519911455677e-02
1.379899497487437202e+03 1.865278032844611689e+00 1.500102321552345547e-02
1.384924623115578015e+03 1.865289672848974067e+00 1.500374930759885983e-02
1.389949748743718828e+03 1.865301195020152791e+00 1.500642458459225219e-02
1.394974874371859414e+03 1.865312600852564895e+00 1.500905012887641596e-02
1.400000000000000000e+03 1.865323891819381741e+00 1.501162699666386095e-02
