4.000000000000000000e+02 1.838762014375000531e+00 2.290326822474648971e-02
4.050251256281406995e+02 1.845274622902407513e+00 2.233110600402217830e-02
4.100502512562813990e+02 1.849049163325034772e+00 2.169762726029799554e-02
4.150753768844220986e+02 1.851964729364176998e+00 2.096139775641444811e-02
4.201005025125627981e+02 1.854486341166915464e+00 2.009236249754850837e-02
4.251256281407034976e+02 1.856794209698629405e+00 1.905276430894712464e-02
4.301507537688441971e+02 1.858967572128571444e+00 1.778496792589339889e-02
4.351758793969848966e+02 1.861024975054065500e+00 1.618618080794838668e-02
4.402010050251256530e+02 1.862882323133680851e+00 1.402557773219972881e-02
4.452261306532663525e+02 1.863596378760779881e+00 1.038539150106309802e-02
4.502512562814070520e+02 1.861901201524116312e+00 6.716867650705698155e-03
4.552763819095477515e+02 1.859578817677344675e+00 6.891381749143331813e-03
4.603015075376884511e+02 1.858324891654141053e+00 7.061049104546429471e-03
4.653266331658291506e+02 1.857486428405556778e+00 7.227971538839893413e-03
4.703517587939698501e+02 1.856873201055123435e+00 7.392662570011187054e-03
4.753768844221105496e+02 1.856401456902557978e+00 7.555280834459537215e-03
4.804020100502512491e+02 1.856026586259260203e+00 7.715860981134416499e-03
4.854271356783919487e+02 1.855721987565223330e+00 7.874385531346540790e-03
4.904522613065327050e+02 1.855470546175288282e+00 8.030813602103017979e-03
4.954773869346734045e+02 1.855260626083386155e+00 8.185094271987221337e-03
5.005025125628141041e+02 1.855083973964991140e+00 8.337173457425088932e-03
5.055276381909548036e+02 1.854934534647613598e+00 8.486997695764221875e-03
5.105527638190955031e+02 1.854807740497497637e+00 8.634516314024868675e-03
5.155778894472362026e+02 1.854700064402905912e+00 8.779682693681789551e-03
5.206030150753769021e+02 1.854608727480369978e+00 8.922454998443138732e-03
5.256281407035176017e+02 1.854531501691504936e+00 9.062796568385780849e-03
5.306532663316583012e+02 1.854466572863679774e+00 9.200676097833860451e-03
5.356783919597990007e+02 1.854412443373729902e+00 9.336067669359819285e-03
5.407035175879397002e+02 1.854367861585118238e+00 9.468950689344599048e-03
5.457286432160803997e+02 1.854331769757589621e+00 9.599309755285029278e-03
5.507537688442210992e+02 1.854303264976102872e+00 9.727134475530712157e-03
5.557788944723617988e+02 1.854281569423938514e+00 9.852419255971871584e-03
5.608040201005024983e+02 1.854266007471923938e+00 9.975163064016407191e-03
5.658291457286431978e+02 1.854255987812563067e+00 1.009536917800832323e-02
5.708542713567838973e+02 1.854250989377522973e+00 1.021304492766752885e-02
5.758793969849245968e+02 1.854250550126462782e+00 1.032820143036432964e-02
5.809045226130654100e+02 1.854254258038907865e+00 1.044085332666710997e-02
5.859296482412059959e+02 1.854261743813388374e+00 1.055101851804142454e-02
5.909547738693468091e+02 1.854272674901887852e+00 1.065871790873496559e-02
5.959798994974873949e+02 1.854286750597617051e+00 1.076397515386934983e-02
6.010050251256282081e+02 1.854303697960320463e+00 1.086681641490457560e-02
6.060301507537687939e+02 1.854323268412493286e+00 1.096727012355892990e-02
6.110552763819096072e+02 1.854345234876801918e+00 1.106536675496529350e-02
6.160804020100503067e+02 1.854369389352983788e+00 1.116113861081796318e-02
6.211055276381910062e+02 1.854395540853862823e+00 1.125461961261747107e-02
6.261306532663317057e+02 1.854423513636584309e+00 1.134584510555640760e-02
6.311557788944724052e+02 1.854453145677943615e+00 1.143485167297729477e-02
6.361809045226131047e+02 1.854484287352668348e+00 1.152167696147081248e-02
6.412060301507538043e+02 1.854516800281352573e+00 1.160635951662893767e-02
6.462311557788945038e+02 1.854550556320965882e+00 1.168893862906543804e-02
6.512562814070352033e+02 1.854585436675788346e+00 1.176945419090010513e-02
6.562814070351759028e+02 1.854621331110585691e+00 1.184794656186459114e-02
6.613065326633166023e+02 1.854658137251012251e+00 1.192445644537791678e-02
6.663316582914573019e+02 1.854695759958798318e+00 1.199902477365056598e-02
6.713567839195980014e+02 1.854734110771365074e+00 1.207169260196508560e-02
6.763819095477387009e+02 1.854773107397204912e+00 1.214250101128451671e-02
6.814070351758794004e+02 1.854812673259759848e+00 1.221149101924736205e-02
6.864321608040200999e+02 1.854852737083665382e+00 1.227870349878166373e-02
6.914572864321607994e+02 1.854893232518177504e+00 1.234417910418508443e-02
6.964824120603016127e+02 1.854934097793372372e+00 1.240795820409554794e-02
7.015075376884421985e+02 1.854975275405361224e+00 1.247008082105603537e-02
7.065326633165830117e+02 1.855016711827295550e+00 1.253058657732923457e-02
7.115577889447235975e+02 1.855058357243397626e+00 1.258951464640075193e-02
7.165829145728644107e+02 1.855100165303619431e+00 1.264690370996001366e-02
7.216080402010049966e+02 1.855142092896860051e+00 1.270279192000818569e-02
7.266331658291458098e+02 1.855184099940935027e+00 1.275721686553599882e-02
7.316582914572863956e+02 1.855226149187721107e+00 1.281021554374050381e-02
7.366834170854272088e+02 1.855268206042092416e+00 1.286182433521756117e-02
7.417085427135677946e+02 1.855310238393427680e+00 1.291207898298909335e-02
7.467336683417086078e+02 1.855352216458613368e+00 1.296101457490053677e-02
7.517587939698491937e+02 1.855394112635583515e+00 1.300866552934357850e-02
7.567839195979900069e+02 1.855435901366545348e+00 1.305506558380378247e-02
7.618090452261307064e+02 1.855477559010124455e+00 1.310024778621425405e-02
7.668341708542714059e+02 1.855519063721750017e+00 1.314424448864043478e-02
7.718592964824121054e+02 1.855560395341659730e+00 1.318708734335419068e-02
7.768844221105528050e+02 1.855601535289966408e+00 1.322880730082224079e-02
7.819095477386935045e+02 1.855642466468285789e+00 1.326943460968619225e-02
7.869346733668342040e+02 1.855683173167457456e+00 1.330899881821238050e-02
7.919597989949749035e+02 1.855723640980948330e+00 1.334752877751198795e-02
7.969849246231156030e+02 1.855763856723549710e+00 1.338505264588133251e-02
8.020100502512563025e+02 1.855803808355014350e+00 1.342159789447231952e-02
8.070351758793970021e+02 1.855843484908316521e+00 1.345719131402890387e-02
8.120603015075377016e+02 1.855882876422229488e+00 1.349185902255513846e-02
8.170854271356784011e+02 1.855921973877951325e+00 1.352562647384063753e-02
8.221105527638192143e+02 1.855960769139516353e+00 1.355851846667226190e-02
8.271356783919598001e+02 1.855999254897766182e+00 1.359055915479234246e-02
8.321608040201006133e+02 1.856037424617650533e+00 1.362177205726245420e-02
8.371859296482411992e+02 1.856075272488659333e+00 1.365218006943381274e-02
8.422110552763820124e+02 1.856112793378196457e+00 1.368180547420117833e-02
8.472361809045225982e+02 1.856149982787714592e+00 1.371066995363453590e-02
8.522613065326634114e+02 1.856186836811445140e+00 1.373879460090196396e-02
8.572864321608039972e+02 1.856223352097575052e+00 1.376619993230033048e-02
8.623115577889448105e+02 1.856259525811715827e+00 1.379290589953376112e-02
8.673366834170853963e+02 1.856295355602536556e+00 1.381893190205470655e-02
8.723618090452262095e+02 1.856330839569432012e+00 1.384429679949213642e-02
8.773869346733667953e+02 1.856365976232101866e+00 1.386901892407733754e-02
8.824120603015076085e+02 1.856400764501938472e+00 1.389311609306535279e-02
8.874371859296483080e+02 1.856435203655108390e+00 1.391660562115645296e-02
8.924623115577890076e+02 1.856469293307234425e+00 1.393950433279301897e-02
8.974874371859297071e+02 1.856503033389585333e+00 1.396182857445372669e-02
9.025125628140704066e+02 1.856536424126681739e+00 1.398359422666691637e-02
9.075376884422111061e+02 1.856569466015241421e+00 1.400481671614874427e-02
9.125628140703518056e+02 1.856602159804384256e+00 1.402551102751537458e-02
9.175879396984925052e+02 1.856634506477020885e+00 1.404569171502760561e-02
9.226130653266332047e+02 1.856666507232365371e+00 1.406537291409325381e-02
9.276381909547739042e+02 1.856698163469494789e+00 1.408456835257777991e-02
9.326633165829146037e+02 1.856729476771908915e+00 1.410329136190872565e-02
9.376884422110553032e+02 1.856760448893019388e+00 1.412155488801355822e-02
9.427135678391960028e+02 1.856791081742526162e+00 1.413937150204247657e-02
9.477386934673367023e+02 1.856821377373621518e+00 1.415675341080371505e-02
9.527638190954774018e+02 1.856851337970978344e+00 1.417371246708904430e-02
9.577889447236181013e+02 1.856880965839476927e+00 1.419026017972804289e-02
9.628140703517588008e+02 1.856910263393626526e+00 1.420640772335100485e-02
9.678391959798995003e+02 1.856939233147641533e+00 1.422216594805803327e-02
9.728643216080401999e+02 1.856967877706137804e+00 1.423754538876042738e-02
9.778894472361808994e+02 1.856996199755406529e+00 1.425255627433555036e-02
9.829145728643217126e+02 1.857024202055239881e+00 1.426720853653200803e-02
9.879396984924624121e+02 1.857051887431271364e+00 1.428151181870169172e-02
9.929648241206031116e+02 1.857079258767802221e+00 1.429547548423970062e-02
9.979899497487438111e+02 1.857106319001088135e+00 1.430910862485395597e-02
1.003015075376884511e+03 1.857133071113054479e+00 1.432242006860643714e-02
1.008040201005025210e+03 1.857159518125420350e+00 1.433541838772975190e-02
1.013065326633165910e+03 1.857185663094204742e+00 1.434811190622208368e-02
1.018090452261306609e+03 1.857211509104594427e+00 1.436050870728494341e-02
1.023115577889447309e+03 1.857237059266147128e+00 1.437261664046618655e-02
1.028140703517588008e+03 1.857262316708320649e+00 1.438444332868780290e-02
1.033165829145728821e+03 1.857287284576298214e+00 1.439599617505083612e-02
1.038190954773869407e+03 1.857311966027097583e+00 1.440728236938720701e-02
1.043216080402009993e+03 1.857336364225948611e+00 1.441830889472042916e-02
1.048241206030150806e+03 1.857360482342921282e+00 1.442908253348805687e-02
1.053266331658291620e+03 1.857384323549787108e+00 1.443960987352530326e-02
1.058291457286432205e+03 1.857407891017107016e+00 1.444989731401636300e-02
1.063316582914572791e+03 1.857431187911523729e+00 1.445995107113471831e-02
1.068341708542713604e+03 1.857454217393254225e+00 1.446977718356304114e-02
1.073366834170854418e+03 1.857476982613764704e+00 1.447938151786723818e-02
1.078391959798995003e+03 1.857499486713620751e+00 1.448876977371434463e-02
1.083417085427135589e+03 1.857521732820499372e+00 1.449794748886254828e-02
1.088442211055276402e+03 1.857543724047355571e+00 1.450692004409660958e-02
1.093467336683417216e+03 1.857565463490733926e+00 1.451569266794431289e-02
1.098492462311557802e+03 1.857586954229212717e+00 1.452427044127771114e-02
1.103517587939698387e+03 1.857608199321979070e+00 1.453265830176470388e-02
1.108542713567839201e+03 1.857629201807520891e+00 1.454086104818990040e-02
1.113567839195980014e+03 1.857649964702432488e+00 1.454888334464817835e-02
1.118592964824120827e+03 1.857670491000323665e+00 1.455672972458367000e-02
1.123618090452261413e+03 1.857690783670831181e+00 1.456440459473068265e-02
1.128643216080401999e+03 1.857710845658718579e+00 1.457191223894413294e-02
1.133668341708542812e+03 1.857730679883065950e+00 1.457925682186123756e-02
1.138693467336683625e+03 1.857750289236539398e+00 1.458644239248097288e-02
1.143718592964824211e+03 1.857769676584738905e+00 1.459347288764839719e-02
1.148743718592964797e+03 1.857788844765614567e+00 1.460035213540806023e-02
1.153768844221105610e+03 1.857807796588952787e+00 1.460708385825156518e-02
1.158793969849246423e+03 1.857826534835923749e+00 1.461367167628411894e-02
1.163819095477387009e+03 1.857845062258687063e+00 1.462011911025119619e-02
1.168844221105527595e+03 1.857863381580052931e+00 1.462642958453354118e-02
1.173869346733668408e+03 1.857881495493194368e+00 1.463260642999066399e-02
1.178894472361809221e+03 1.857899406661406960e+00 1.463865288672286727e-02
1.183919597989949807e+03 1.857917117717914124e+00 1.464457210683673370e-02
1.188944723618090393e+03 1.857934631265711678e+00 1.465036715693490005e-02
1.193969849246231206e+03 1.857951949877454600e+00 1.465604102075620044e-02
1.198994974874372019e+03 1.857969076095377314e+00 1.466159660155040220e-02
1.204020100502512605e+03 1.857986012431248168e+00 1.466703672445419590e-02
1.209045226130653191e+03 1.858002761366356115e+00 1.467236413884667225e-02
1.214070351758794004e+03 1.858019325351525142e+00 1.467758152048861085e-02
1.219095477386934817e+03 1.858035706807157128e+00 1.468269147373429950e-02
1.224120603015075403e+03 1.858051908123297791e+00 1.468769653361244078e-02
1.229145728643215989e+03 1.858067931659728833e+00 1.469259916784521405e-02
1.234170854271356802e+03 1.858083779746076747e+00 1.469740177879128723e-02
1.239195979899497615e+03 1.858099454681947371e+00 1.470210670537401738e-02
1.244221105527638429e+03 1.858114958737073552e+00 1.470671622489741481e-02
1.249246231155779014e+03 1.858130294151482342e+00 1.471123255485634780e-02
1.254271356783919600e+03 1.858145463135676856e+00 1.471565785463600437e-02
1.259296482412060413e+03 1.858160467870833443e+00 1.471999422720693743e-02
1.264321608040201227e+03 1.858175310509008860e+00 1.472424372074839297e-02
1.269346733668341813e+03 1.858189993173363641e+00 1.472840833019301195e-02
1.274371859296482398e+03 1.858204517958391699e+00 1.473248999880654581e-02
1.279396984924623212e+03 1.858218886930164349e+00 1.473649061959204053e-02
1.284422110552764025e+03 1.858233102126578551e+00 1.474041203679035336e-02
1.289447236180904611e+03 1.858247165557618041e+00 1.474425604722875288e-02
1.294472361809045196e+03 1.858261079205616007e+00 1.474802440169138695e-02
1.299497487437186010e+03 1.858274845025530642e+00 1.475171880619150638e-02
1.304522613065326823e+03 1.858288464945220930e+00 1.475534092325883444e-02
1.309547738693467409e+03 1.858301940865729973e+00 1.475889237317464658e-02
1.314572864321607994e+03 1.858315274661573202e+00 1.476237473513240459e-02
1.319597989949748808e+03 1.858328468181029036e+00 1.476578954839953030e-02
1.324623115577889621e+03 1.858341523246433535e+00 1.476913831347306631e-02
1.329648241206030207e+03 1.858354441654478384e+00 1.477242249307919066e-02
1.334673366834170793e+03 1.858367225176508875e+00 1.477564351332512869e-02
1.339698492462311606e+03 1.858379875558827443e+00 1.477880276464286179e-02
1.344723618090452419e+03 1.858392394522994984e+00 1.478190160280307489e-02
1.349748743718593005e+03 1.858404783766135493e+00 1.478494134987928983e-02
1.354773869346733591e+03 1.858417044961240716e+00 1.478792329516994894e-02
1.359798994974874404e+03 1.858429179757474570e+00 1.479084869610873196e-02
1.364824120603015217e+03 1.858441189780478453e+00 1.479371877912577168e-02
1.369849246231156030e+03 1.858453076632676337e+00 1.479653474049750887e-02
1.374874371859296616e+03 1.858464841893578301e+00 1.479929774720036353e-02
1.379899497487437202e+03 1.858476487120083398e+00 1.480200893765588194e-02
1.384924623115578015e+03 1.858488013846783860e+00 1.480466942256257468e-02
1.389949748743718828e+03 1.858499423586264410e+00 1.480728028561207991e-02
1.394974874371859414e+03 1.858510717829402470e+00 1.480984258421731876e-02
1.400000000000000000e+03 1.858521898045666143e+00 1.481235735026028427e-02
