4.000000000000000000e+02 1.835508215454194403e+00 2.121741945729498785e-02
4.050251256281406995e+02 1.841458907009410728e+00 2.065040587101460781e-02
4.100502512562813990e+02 1.844934250545906540e+00 2.001297896737450066e-02
4.150753768844220986e+02 1.847632582050016570e+00 1.926489745416786262e-02
4.201005025125627981e+02 1.849973784957799294e+00 1.837232810914121717e-02
4.251256281407034976e+02 1.852118626863339390e+00 1.728868219934345113e-02
4.301507537688441971e+02 1.854131625286627338e+00 1.593603383791864295e-02
4.351758793969848966e+02 1.855999954311748912e+00 1.415485589780468047e-02
4.402010050251256530e+02 1.857396904885906253e+00 1.146129229437802509e-02
4.452261306532663525e+02 1.856265422884766370e+00 6.645343026917973663e-03
4.502512562814070520e+02 1.853857905805764483e+00 6.818673998965855271e-03
4.552763819095477515e+02 1.852626141775804758e+00 6.986720029968512997e-03
4.603015075376884511e+02 1.851825813553688471e+00 7.151888352108471195e-03
4.653266331658291506e+02 1.851251704937429077e+00 7.314743000302536061e-03
4.703517587939698501e+02 1.850816551059931703e+00 7.475455355398005070e-03
4.753768844221105496e+02 1.850475000317363783e+00 7.634063996577389148e-03
4.804020100502512491e+02 1.850200508210382955e+00 7.790553065169188163e-03
4.854271356783919487e+02 1.849976247457355338e+00 7.944882839200822014e-03
4.904522613065327050e+02 1.849790914784926077e+00 8.097003682913678918e-03
4.954773869346734045e+02 1.849636573117392935e+00 8.246863100385167303e-03
5.005025125628141041e+02 1.849507448465643300e+00 8.394409553089092133e-03
5.055276381909548036e+02 1.849399216521038003e+00 8.539594611284225673e-03
5.105527638190955031e+02 1.849308558431538962e+00 8.682374182547546171e-03
5.155778894472362026e+02 1.849232872946209971e+00 8.822709198454134830e-03
5.206030150753769021e+02 1.849170083595611969e+00 8.960565967556835196e-03
5.256281407035176017e+02 1.849118505853868166e+00 9.095916314268780167e-03
5.306532663316583012e+02 1.849076753389737648e+00 9.228737576776927312e-03
5.356783919597990007e+02 1.849043670502204861e+00 9.359012509524726117e-03
5.407035175879397002e+02 1.849018282521069922e+00 9.486729120444039459e-03
5.457286432160803997e+02 1.848999758794817483e+00 9.611880463512327208e-03
5.507537688442210992e+02 1.848987384663336897e+00 9.734464400931059150e-03
5.557788944723617988e+02 1.848980539951252000e+00 9.854483345114975479e-03
5.608040201005024983e+02 1.848978682264420526e+00 9.971943988558593097e-03
5.658291457286431978e+02 1.848981333872335320e+00 1.008685702697892546e-02
5.708542713567838973e+02 1.848988071300516234e+00 1.019923688028764007e-02
5.758793969849245968e+02 1.848998516993848096e+00 1.030910141495279021e-02
5.809045226130654100e+02 1.849012332578763296e+00 1.041647167024920863e-02
5.859296482412059959e+02 1.849029213371464753e+00 1.052137159047968583e-02
5.909547738693468091e+02 1.849048883865752835e+00 1.062382776496232153e-02
5.959798994974873949e+02 1.849071093997279869e+00 1.072386917681472651e-02
6.010050251256282081e+02 1.849095616027901956e+00 1.082152696169513643e-02
6.060301507537687939e+02 1.849122241928845556e+00 1.091683417688848329e-02
6.110552763819096072e+02 1.849150781167859581e+00 1.100982558156469136e-02
6.160804020100503067e+02 1.849181058825688062e+00 1.110053742820914929e-02
6.211055276381910062e+02 1.849212913982657192e+00 1.118900726553638536e-02
6.261306532663317057e+02 1.849246198328155621e+00 1.127527375288787242e-02
6.311557788944724052e+02 1.849280774955097462e+00 1.135937648598400740e-02
6.361809045226131047e+02 1.849316517308784880e+00 1.144135583392281649e-02
6.412060301507538043e+02 1.849353308265341056e+00 1.152125278720191048e-02
6.462311557788945038e+02 1.849391039319476349e+00 1.159910881636190723e-02
6.512562814070352033e+02 1.849429609864993163e+00 1.167496574114406868e-02
6.562814070351759028e+02 1.849468926554369785e+00 1.174886560948694425e-02
6.613065326633166023e+02 1.849508902726121118e+00 1.182085058622696361e-02
6.663316582914573019e+02 1.849549457890544701e+00 1.189096285100450616e-02
6.713567839195980014e+02 1.849590517266016310e+00 1.195924450477014490e-02
6.763819095477387009e+02 1.849632011359265027e+00 1.202573748483433749e-02
6.814070351758794004e+02 1.849673875584095573e+00 1.209048348757939088e-02
6.864321608040200999e+02 1.849716049913884941e+00 1.215352389877148373e-02
6.914572864321607994e+02 1.849758478563880759e+00 1.221489973074026299e-02
6.964824120603016127e+02 1.849801109699920953e+00 1.227465156624400928e-02
7.015075376884421985e+02 1.849843895170674157e+00 1.233281950844137762e-02
7.065326633165830117e+02 1.849886790260906855e+00 1.238944313660759848e-02
7.115577889447235975e+02 1.849929753463632087e+00 1.244456146727600590e-02
7.165829145728644107e+02 1.849972746269264778e+00 1.249821292030174787e-02
7.216080402010049966e+02 1.850015732970165860e+00 1.255043528956225132e-02
7.266331658291458098e+02 1.850058680479148121e+00 1.260126571802160783e-02
7.316582914572863956e+02 1.850101558160697213e+00 1.265074067663220572e-02
7.366834170854272088e+02 1.850144337673806261e+00 1.269889594697275019e-02
7.417085427135677946e+02 1.850186992825445298e+00 1.274576660715505405e-02
7.467336683417086078e+02 1.850229499433804881e+00 1.279138702093955172e-02
7.517587939698491937e+02 1.850271835200528514e+00 1.283579082944018637e-02
7.567839195979900069e+02 1.850313979591247771e+00 1.287901094559225010e-02
7.618090452261307064e+02 1.850355913723794377e+00 1.292107955087998597e-02
7.668341708542714059e+02 1.850397620263520393e+00 1.296202809407125643e-02
7.718592964824121054e+02 1.850439083325218448e+00 1.300188729205036670e-02
7.768844221105528050e+02 1.850480288381179728e+00 1.304068713222858097e-02
7.819095477386935045e+02 1.850521222174960734e+00 1.307845687652809535e-02
7.869346733668342040e+02 1.850561872640475114e+00 1.311522506680169557e-02
7.919597989949749035e+02 1.850602228826056184e+00 1.315101953137765532e-02
7.969849246231156030e+02 1.850642280823158181e+00 1.318586739281423642e-02
8.020100502512563025e+02 1.850682019699402714e+00 1.321979507652678264e-02
8.070351758793970021e+02 1.850721437435686623e+00 1.325282832027561281e-02
8.120603015075377016e+02 1.850760526867095246e+00 1.328499218440231354e-02
8.170854271356784011e+02 1.850799281627386161e+00 1.331631106269517105e-02
8.221105527638192143e+02 1.850837696096815588e+00 1.334680869374904079e-02
8.271356783919598001e+02 1.850875765353108937e+00 1.337650817282735882e-02
8.321608040201006133e+02 1.850913485125375679e+00 1.340543196407498194e-02
8.371859296482411992e+02 1.850950851750795989e+00 1.343360191306402010e-02
8.422110552763820124e+02 1.850987862133908646e+00 1.346103925950497063e-02
8.472361809045225982e+02 1.851024513708344088e+00 1.348776465024460400e-02
8.522613065326634114e+02 1.851060804400858073e+00 1.351379815229043942e-02
8.572864321608039972e+02 1.851096732597526273e+00 1.353915926601393857e-02
8.623115577889448105e+02 1.851132297111975467e+00 1.356386693828751967e-02
8.673366834170853963e+02 1.851167497155525643e+00 1.358793957572081851e-02
8.723618090452262095e+02 1.851202332309134890e+00 1.361139505780673692e-02
8.773869346733667953e+02 1.851236802497038925e+00 1.363425074999225980e-02
8.824120603015076085e+02 1.851270907961984680e+00 1.365652351669515915e-02
8.874371859296483080e+02 1.851304649241967137e+00 1.367822973418833347e-02
8.924623115577890076e+02 1.851338027148377030e+00 1.369938530331340186e-02
8.974874371859297071e+02 1.851371042745483253e+00 1.372000566211345127e-02
9.025125628140704066e+02 1.851403697331162501e+00 1.374010579817322962e-02
9.075376884422111061e+02 1.851435992418814180e+00 1.375970026089983096e-02
9.125628140703518056e+02 1.851467929720382655e+00 1.377880317351345453e-02
9.175879396984925052e+02 1.851499511130424880e+00 1.379742824487306847e-02
9.226130653266332047e+02 1.851530738711165025e+00 1.381558878105819746e-02
9.276381909547739042e+02 1.851561614678472578e+00 1.383329769671579230e-02
9.326633165829146037e+02 1.851592141388716417e+00 1.385056752624402171e-02
9.376884422110553032e+02 1.851622321326438447e+00 1.386741043461860168e-02
9.427135678391960028e+02 1.851652157092801954e+00 1.388383822810795344e-02
9.477386934673367023e+02 1.851681651394767369e+00 1.389986236466467760e-02
9.527638190954774018e+02 1.851710807034953721e+00 1.391549396407702234e-02
9.577889447236181013e+02 1.851739626902146441e+00 1.393074381792238844e-02
9.628140703517588008e+02 1.851768113962410922e+00 1.394562239924422922e-02
9.678391959798995003e+02 1.851796271250779169e+00 1.396013987200067988e-02
9.728643216080401999e+02 1.851824101863473571e+00 1.397430610022877204e-02
9.778894472361808994e+02 1.851851608950636940e+00 1.398813065702644680e-02
9.829145728643217126e+02 1.851878795709542169e+00 1.400162283328646243e-02
9.879396984924624121e+02 1.851905665378243970e+00 1.401479164614784223e-02
9.929648241206031116e+02 1.851932221229658504e+00 1.402764584731205910e-02
9.979899497487438111e+02 1.851958466566036243e+00 1.404019393096615081e-02
1.003015075376884511e+03 1.851984404713809429e+00 1.405244414168827644e-02
1.008040201005025210e+03 1.852010039018790799e+00 1.406440448198960531e-02
1.013065326633165910e+03 1.852035372841701388e+00 1.407608271966890451e-02
1.018090452261306609e+03 1.852060409554008968e+00 1.408748639495739814e-02
1.023115577889447309e+03 1.852085152534059809e+00 1.409862282751777121e-02
1.028140703517588008e+03 1.852109605163483108e+00 1.410949912311642955e-02
1.033165829145728821e+03 1.852133770823853665e+00 1.412012218022905968e-02
1.038190954773869407e+03 1.852157652893596573e+00 1.413049869631908574e-02
1.043216080402009993e+03 1.852181254745121075e+00 1.414063517407139654e-02
1.048241206030150806e+03 1.852204579742167567e+00 1.415053792732045776e-02
1.053266331658291620e+03 1.852227631237353789e+00 1.416021308682856306e-02
1.058291457286432205e+03 1.852250412569911964e+00 1.416966660594338838e-02
1.063316582914572791e+03 1.852272927063602692e+00 1.417890426603051618e-02
1.068341708542713604e+03 1.852295178024794486e+00 1.418793168172548073e-02
1.073366834170854418e+03 1.852317168740698516e+00 1.419675430606503509e-02
1.078391959798995003e+03 1.852338902477752125e+00 1.420537743545521002e-02
1.083417085427135589e+03 1.852360382480138234e+00 1.421380621446488406e-02
1.088442211055276402e+03 1.852381611968432873e+00 1.422204564048034151e-02
1.093467336683417216e+03 1.852402594138374381e+00 1.423010056819342013e-02
1.098492462311557802e+03 1.852423332159746749e+00 1.423797571401276031e-02
1.103517587939698387e+03 1.852443829175366208e+00 1.424567566026109337e-02
1.108542713567839201e+03 1.852464088300169287e+00 1.425320485927116833e-02
1.113567839195980014e+03 1.852484112620394807e+00 1.426056763739104623e-02
1.118592964824120827e+03 1.852503905192848244e+00 1.426776819878479430e-02
1.123618090452261413e+03 1.852523469044253357e+00 1.427481062917940018e-02
1.128643216080401999e+03 1.852542807170675765e+00 1.428169889946691654e-02
1.133668341708542812e+03 1.852561922537019790e+00 1.428843686919548973e-02
1.138693467336683625e+03 1.852580818076589919e+00 1.429502828995928530e-02
1.143718592964824211e+03 1.852599496690716885e+00 1.430147680863513154e-02
1.148743718592964797e+03 1.852617961248438139e+00 1.430778597059220031e-02
1.153768844221105610e+03 1.852636214586236729e+00 1.431395922276785561e-02
1.158793969849246423e+03 1.852654259507826806e+00 1.431999991661155394e-02
1.163819095477387009e+03 1.852672098783987087e+00 1.432591131095290772e-02
1.168844221105527595e+03 1.852689735152439177e+00 1.433169657483417472e-02
1.173869346733668408e+03 1.852707171317765411e+00 1.433735879018466740e-02
1.178894472361809221e+03 1.852724409951364226e+00 1.434290095440064750e-02
1.183919597989949807e+03 1.852741453691441276e+00 1.434832598295587500e-02
1.188944723618090393e+03 1.852758305143031858e+00 1.435363671176537702e-02
1.193969849246231206e+03 1.852774966878055984e+00 1.435883589960561084e-02
1.198994974874372019e+03 1.852791441435398090e+00 1.436392623040631637e-02
1.204020100502512605e+03 1.852807731321014506e+00 1.436891031546940270e-02
1.209045226130653191e+03 1.852823839008064910e+00 1.437379069561585225e-02
1.214070351758794004e+03 1.852839766937063981e+00 1.437856984329251298e-02
1.219095477386934817e+03 1.852855517516054595e+00 1.438325016457017540e-02
1.224120603015075403e+03 1.852871093120801005e+00 1.438783400111103353e-02
1.229145728643215989e+03 1.852886496094994451e+00 1.439232363207542872e-02
1.234170854271356802e+03 1.852901728750479426e+00 1.439672127592239032e-02
1.239195979899497615e+03 1.852916793367491044e+00 1.440102909223583277e-02
1.244221105527638429e+03 1.852931692194906610e+00 1.440524918337656585e-02
1.249246231155779014e+03 1.852946427450508304e+00 1.440938359625376988e-02
1.254271356783919600e+03 1.852961001321257406e+00 1.441343432381570963e-02
1.259296482412060413e+03 1.852975415963576733e+00 1.441740330672269289e-02
1.264321608040201227e+03 1.852989673503643964e+00 1.442129243481751234e-02
1.269346733668341813e+03 1.853003776037689176e+00 1.442510354856345496e-02
1.274371859296482398e+03 1.853017725632303048e+00 1.442883844053502278e-02
1.279396984924623212e+03 1.853031524324749268e+00 1.443249885674623666e-02
1.284422110552764025e+03 1.853045174123280958e+00 1.443608649799407381e-02
1.289447236180904611e+03 1.853058677007464849e+00 1.443960302118658424e-02
1.294472361809045196e+03 1.853072034928507028e+00 1.444305004054076760e-02
1.299497487437186010e+03 1.853085249809581558e+00 1.444642912885819690e-02
1.304522613065326823e+03 1.853098323546165771e+00 1.444974181864806112e-02
1.309547738693467409e+03 1.853111258006371331e+00 1.445298960332094471e-02
1.314572864321607994e+03 1.853124055031284412e+00 1.445617393826145389e-02
1.319597989949748808e+03 1.853136716435301201e+00 1.445929624188763835e-02
1.324623115577889621e+03 1.853149244006467411e+00 1.446235789675888797e-02
1.329648241206030207e+03 1.853161639506816671e+00 1.446536025048682748e-02
1.334673366834170793e+03 1.853173904672711148e+00 1.446830461681037489e-02
1.339698492462311606e+03 1.853186041215179269e+00 1.447119227647435113e-02
1.344723618090452419e+03 1.853198050820255238e+00 1.447402447818055618e-02
1.349748743718593005e+03 1.853209935149314758e+00 1.447680243946568475e-02
1.354773869346733591e+03 1.853221695839414096e+00 1.447952734756770277e-02
1.359798994974874404e+03 1.853233334503622931e+00 1.448220036028083531e-02
1.364824120603015217e+03 1.853244852731358971e+00 1.448482260673804659e-02
1.369849246231156030e+03 1.853256252088718803e+00 1.448739518822849716e-02
1.374874371859296616e+03 1.853267534118808513e+00 1.448991917892752251e-02
1.379899497487437202e+03 1.853278700342070096e+00 1.449239562669254848e-02
1.384924623115578015e+03 1.853289752256606748e+00 1.449482555374117382e-02
1.389949748743718828e+03 1.853300691338505946e+00 1.449720995732656052e-02
1.394974874371859414e+03 1.853311519042158517e+00 1.449954981047913392e-02
1.400000000000000000e+03 1.853322236800575507e+00 1.450184606263856500e-02
