4.000000000000000000e+02 1.815953083249279398e+00 1.129517835428380836e-02
4.050251256281406995e+02 1.818578169194595695e+00 1.079034558887707190e-02
4.100502512562813990e+02 1.820175293805055272e+00 1.013802670773985073e-02
4.150753768844220986e+02 1.821387944939256487e+00 9.229867421222715668e-03
4.201005025125627981e+02 1.822027123339731158e+00 7.669295064214606307e-03
4.251256281407034976e+02 1.821567372808369223e+00 5.933533268105969233e-03
4.301507537688441971e+02 1.820748450101812299e+00 6.086677356025541052e-03
4.351758793969848966e+02 1.820351810621589683e+00 6.237097080334722855e-03
4.402010050251256530e+02 1.820107689708545973e+00 6.385501582251004379e-03
4.452261306532663525e+02 1.819941842894238437e+00 6.531997696466846325e-03
4.502512562814070520e+02 1.819823262114169005e+00 6.676567480817032461e-03
4.552763819095477515e+02 1.819736193832213189e+00 6.819155264855105217e-03
4.603015075376884511e+02 1.819671622576981340e+00 6.959693918257114746e-03
4.653266331658291506e+02 1.819623946409373305e+00 7.098114958616416267e-03
4.703517587939698501e+02 1.819589463262315965e+00 7.234353018495088931e-03
4.753768844221105496e+02 1.819565604458816210e+00 7.368347970692913119e-03
4.804020100502512491e+02 1.819550514837505517e+00 7.500045952928862010e-03
4.854271356783919487e+02 1.819542808313622695e+00 7.629399824128978852e-03
4.904522613065327050e+02 1.819541418469692307e+00 7.756369303792503243e-03
4.954773869346734045e+02 1.819545503505669348e+00 7.880920924232193842e-03
5.005025125628141041e+02 1.819554383711382561e+00 8.003027866879260446e-03
5.055276381909548036e+02 1.819567499143014411e+00 8.122669724663187860e-03
5.105527638190955031e+02 1.819584380260018452e+00 8.239832216613934140e-03
5.155778894472362026e+02 1.819604627108844852e+00 8.354506871735790582e-03
5.206030150753769021e+02 1.819627894280144709e+00 8.466690694023398453e-03
5.256281407035176017e+02 1.819653879849318256e+00 8.576385816962555503e-03
5.306532663316583012e+02 1.819682317117152559e+00 8.683599153816570770e-03
5.356783919597990007e+02 1.819712968351815841e+00 8.788342048349830418e-03
5.407035175879397002e+02 1.819745619982798379e+00 8.890629929861696909e-03
5.457286432160803997e+02 1.819780078862482497e+00 8.990481975055192657e-03
5.507537688442210992e+02 1.819816169322385324e+00 9.087920779179177108e-03
5.557788944723617988e+02 1.819853730827564187e+00 9.182972038229614969e-03
5.608040201005024983e+02 1.819892616085921455e+00 9.275664243211042756e-03
5.658291457286431978e+02 1.819932689506806867e+00 9.366028387861729046e-03
5.708542713567838973e+02 1.819973825930266687e+00 9.454097690141516699e-03
5.758793969849245968e+02 1.820015909567816337e+00 9.539907328216990293e-03
5.809045226130654100e+02 1.820058833109912122e+00 9.623494191060937702e-03
5.859296482412059959e+02 1.820102496965878336e+00 9.704896643781855264e-03
5.909547738693468091e+02 1.820146808609925060e+00 9.784154307630335903e-03
5.959798994974873949e+02 1.820191682012846313e+00 9.861307854428314271e-03
6.010050251256282081e+02 1.820237037143471515e+00 9.936398815324976735e-03
6.060301507537687939e+02 1.820282799527390916e+00 1.000946940318367395e-02
6.110552763819096072e+02 1.820328899853111082e+00 1.008056234859518521e-02
6.160804020100503067e+02 1.820375273617832246e+00 1.014972074854526667e-02
6.211055276381910062e+02 1.820421860806626713e+00 1.021698792770902101e-02
6.261306532663317057e+02 1.820468605600030321e+00 1.028240731136779301e-02
6.311557788944724052e+02 1.820515456106028607e+00 1.034602230970219604e-02
6.361809045226131047e+02 1.820562364113179843e+00 1.040787621271658907e-02
6.412060301507538043e+02 1.820609284862221511e+00 1.046801209520869733e-02
6.462311557788945038e+02 1.820656176833978845e+00 1.052647273130866493e-02
6.512562814070352033e+02 1.820703001551780220e+00 1.058330051784277075e-02
6.562814070351759028e+02 1.820749723396880571e+00 1.063853740609877439e-02
6.613065326633166023e+02 1.820796309435641858e+00 1.069222484132970399e-02
6.663316582914573019e+02 1.820842729257407422e+00 1.074440370956286639e-02
6.713567839195980014e+02 1.820888954822172501e+00 1.079511429111419327e-02
6.763819095477387009e+02 1.820934960317271312e+00 1.084439622026868791e-02
6.814070351758794004e+02 1.820980722022411014e+00 1.089228845083411307e-02
6.864321608040200999e+02 1.821026218182460354e+00 1.093882922689846764e-02
6.914572864321607994e+02 1.821071428887476751e+00 1.098405605846315344e-02
6.964824120603016127e+02 1.821116335959505061e+00 1.102800570164613921e-02
7.015075376884421985e+02 1.821160922845733054e+00 1.107071414282707368e-02
7.065326633165830117e+02 1.821205174517626091e+00 1.111221658657129789e-02
7.115577889447235975e+02 1.821249077375693970e+00 1.115254744690898255e-02
7.165829145728644107e+02 1.821292619159578186e+00 1.119174034174777108e-02
7.216080402010049966e+02 1.821335788863161165e+00 1.122982808995559578e-02
7.266331658291458098e+02 1.821378576654427262e+00 1.126684271095614205e-02
7.316582914572863956e+02 1.821420973799824816e+00 1.130281542660087346e-02
7.366834170854272088e+02 1.821462972592883922e+00 1.133777666503332955e-02
7.417085427135677946e+02 1.821504566286869853e+00 1.137175606620350818e-02
7.467336683417086078e+02 1.821545749031261430e+00 1.140478248919692301e-02
7.517587939698491937e+02 1.821586515811848939e+00 1.143688402064746423e-02
7.567839195979900069e+02 1.821626862394269297e+00 1.146808798468207553e-02
7.618090452261307064e+02 1.821666785270790845e+00 1.149842095366702260e-02
7.668341708542714059e+02 1.821706281610181888e+00 1.152790875994595503e-02
7.718592964824121054e+02 1.821745349210500020e+00 1.155657650844736130e-02
7.768844221105528050e+02 1.821783986454644566e+00 1.158444858981984467e-02
7.819095477386935045e+02 1.821822192268529594e+00 1.161154869418885675e-02
7.869346733668342040e+02 1.821859966081733395e+00 1.163789982533852164e-02
7.919597989949749035e+02 1.821897307790496523e+00 1.166352431523803510e-02
7.969849246231156030e+02 1.821934217722934513e+00 1.168844383893562558e-02
8.020100502512563025e+02 1.821970696606353135e+00 1.171267942946132429e-02
8.070351758793970021e+02 1.822006745536543848e+00 1.173625149312110608e-02
8.120603015075377016e+02 1.822042365948956633e+00 1.175917982461217350e-02
8.170854271356784011e+02 1.822077559591643636e+00 1.178148362239459825e-02
8.221105527638192143e+02 1.822112328499873923e+00 1.180318150383295392e-02
8.271356783919598001e+02 1.822146674972330516e+00 1.182429152044322911e-02
8.321608040201006133e+02 1.822180601548796908e+00 1.184483117290759807e-02
8.371859296482411992e+02 1.822214110989248015e+00 1.186481742602720803e-02
8.422110552763820124e+02 1.822247206254271834e+00 1.188426672349834554e-02
8.472361809045225982e+02 1.822279890486738552e+00 1.190319500248046385e-02
8.522613065326634114e+02 1.822312166994649818e+00 1.192161770795080802e-02
8.572864321608039972e+02 1.822344039235100022e+00 1.193954980684757555e-02
8.623115577889448105e+02 1.822375510799282505e+00 1.195700580197364346e-02
8.673366834170853963e+02 1.822406585398482104e+00 1.197399974562206836e-02
8.723618090452262095e+02 1.822437266850996052e+00 1.199054525291085374e-02
8.773869346733667953e+02 1.822467559069927967e+00 1.200665551490536290e-02
8.824120603015076085e+02 1.822497466051801185e+00 1.202234331137325661e-02
8.874371859296483080e+02 1.822526991865949242e+00 1.203762102333974168e-02
8.924623115577890076e+02 1.822556140644630007e+00 1.205250064523911806e-02
8.974874371859297071e+02 1.822584916573822600e+00 1.206699379687322694e-02
9.025125628140704066e+02 1.822613323884668235e+00 1.208111173499799851e-02
9.075376884422111061e+02 1.822641366845513922e+00 1.209486536466254820e-02
9.125628140703518056e+02 1.822669049754520598e+00 1.210826525021202124e-02
9.175879396984925052e+02 1.822696376932806173e+00 1.212132162599319912e-02
9.226130653266332047e+02 1.822723352718084611e+00 1.213404440679125874e-02
9.276381909547739042e+02 1.822749981458778201e+00 1.214644319798821766e-02
9.326633165829146037e+02 1.822776267508564141e+00 1.215852730535052321e-02
9.376884422110553032e+02 1.822802215221336564e+00 1.217030574467225547e-02
9.427135678391960028e+02 1.822827828946556039e+00 1.218178725097835563e-02
9.477386934673367023e+02 1.822853113024956562e+00 1.219298028755813265e-02
9.527638190954774018e+02 1.822878071784598930e+00 1.220389305475089343e-02
9.577889447236181013e+02 1.822902709537236543e+00 1.221453349833258838e-02
9.628140703517588008e+02 1.822927030574980733e+00 1.222490931778868507e-02
9.678391959798995003e+02 1.822951039167245879e+00 1.223502797429302721e-02
9.728643216080401999e+02 1.822974739557953638e+00 1.224489669832189674e-02
9.778894472361808994e+02 1.822998135962982991e+00 1.225452249725809441e-02
9.829145728643217126e+02 1.823021232567846539e+00 1.226391216252237237e-02
9.879396984924624121e+02 1.823044033525581531e+00 1.227307227661313636e-02
9.929648241206031116e+02 1.823066542954839164e+00 1.228200921992634101e-02
9.979899497487438111e+02 1.823088764938159967e+00 1.229072917724590222e-02
1.003015075376884511e+03 1.823110703520423925e+00 1.229923814416520288e-02
1.008040201005025210e+03 1.823132362707461374e+00 1.230754193316621441e-02
1.013065326633165910e+03 1.823153746464815539e+00 1.231564617963375359e-02
1.018090452261306609e+03 1.823174858716646307e+00 1.232355634756706307e-02
1.023115577889447309e+03 1.823195703344764995e+00 1.233127773512096223e-02
1.028140703517588008e+03 1.823216284187790803e+00 1.233881548005377055e-02
1.033165829145728821e+03 1.823236605040421843e+00 1.234617456487086505e-02
1.038190954773869407e+03 1.823256669652811857e+00 1.235335982188481493e-02
1.043216080402009993e+03 1.823276481730044196e+00 1.236037593801650632e-02
1.048241206030150806e+03 1.823296044931698168e+00 1.236722745962909147e-02
1.053266331658291620e+03 1.823315362871500644e+00 1.237391879691340270e-02
1.058291457286432205e+03 1.823334439117053396e+00 1.238045422840358158e-02
1.063316582914572791e+03 1.823353277189637023e+00 1.238683790515924220e-02
1.068341708542713604e+03 1.823371880564079728e+00 1.239307385489583392e-02
1.073366834170854418e+03 1.823390252668688261e+00 1.239916598592267528e-02
1.078391959798995003e+03 1.823408396885238369e+00 1.240511809104388914e-02
1.083417085427135589e+03 1.823426316549015658e+00 1.241093385116518420e-02
1.088442211055276402e+03 1.823444014948908176e+00 1.241661683894936495e-02
1.093467336683417216e+03 1.823461495327541648e+00 1.242217052228110699e-02
1.098492462311557802e+03 1.823478760881456440e+00 1.242759826754344550e-02
1.103517587939698387e+03 1.823495814761324718e+00 1.243290334293159147e-02
1.108542713567839201e+03 1.823512660072198921e+00 1.243808892151104448e-02
1.113567839195980014e+03 1.823529299873794196e+00 1.244315808428107101e-02
1.118592964824120827e+03 1.823545737180799264e+00 1.244811382307551770e-02
1.123618090452261413e+03 1.823561974963213483e+00 1.245295904337415799e-02
1.128643216080401999e+03 1.823578016146707448e+00 1.245769656704387787e-02
1.133668341708542812e+03 1.823593863613006238e+00 1.246232913497553711e-02
1.138693467336683625e+03 1.823609520200291323e+00 1.246685940960896334e-02
1.143718592964824211e+03 1.823624988703618888e+00 1.247128997740980239e-02
1.148743718592964797e+03 1.823640271875357932e+00 1.247562335125482896e-02
1.153768844221105610e+03 1.823655372425635690e+00 1.247986197270024161e-02
1.158793969849246423e+03 1.823670293022802591e+00 1.248400821424081215e-02
1.163819095477387009e+03 1.823685036293901440e+00 1.248806438142742274e-02
1.168844221105527595e+03 1.823699604825152365e+00 1.249203271499517258e-02
1.173869346733668408e+03 1.823714001162439313e+00 1.249591539278070880e-02
1.178894472361809221e+03 1.823728227811809433e+00 1.249971453175852988e-02
1.183919597989949807e+03 1.823742287239974447e+00 1.250343218985041152e-02
1.188944723618090393e+03 1.823756181874818028e+00 1.250707036779311401e-02
1.193969849246231206e+03 1.823769914105907164e+00 1.251063101084296664e-02
1.198994974874372019e+03 1.823783486285006417e+00 1.251411601049567078e-02
1.204020100502512605e+03 1.823796900726594616e+00 1.251752720613310242e-02
1.209045226130653191e+03 1.823810159708379786e+00 1.252086638660663415e-02
1.214070351758794004e+03 1.823823265471821164e+00 1.252413529177529017e-02
1.219095477386934817e+03 1.823836220222644577e+00 1.252733561396378488e-02
1.224120603015075403e+03 1.823849026131360462e+00 1.253046899943850191e-02
1.229145728643215989e+03 1.823861685333781013e+00 1.253353704974230140e-02
1.234170854271356802e+03 1.823874199931533768e+00 1.253654132311018098e-02
1.239195979899497615e+03 1.823886571992574313e+00 1.253948333571807544e-02
1.244221105527638429e+03 1.823898803551696535e+00 1.254236456294247938e-02
1.249246231155779014e+03 1.823910896611039556e+00 1.254518644058687238e-02
1.254271356783919600e+03 1.823922853140590439e+00 1.254795036607535275e-02
1.259296482412060413e+03 1.823934675078685341e+00 1.255065769955185720e-02
1.264321608040201227e+03 1.823946364332504233e+00 1.255330976502686338e-02
1.269346733668341813e+03 1.823957922778563612e+00 1.255590785143031671e-02
1.274371859296482398e+03 1.823969352263202559e+00 1.255845321359762810e-02
1.279396984924623212e+03 1.823980654603066576e+00 1.256094707335702818e-02
1.284422110552764025e+03 1.823991831585585199e+00 1.256339062042669506e-02
1.289447236180904611e+03 1.824002884969442961e+00 1.256578501336953237e-02
1.294472361809045196e+03 1.824013816485049233e+00 1.256813138053500777e-02
1.299497487437186010e+03 1.824024627834997858e+00 1.257043082087344783e-02
1.304522613065326823e+03 1.824035320694526119e+00 1.257268440483504460e-02
1.309547738693467409e+03 1.824045896711964154e+00 1.257489317519469921e-02
1.314572864321607994e+03 1.824056357509180604e+00 1.257705814781177704e-02
1.319597989949748808e+03 1.824066704682022699e+00 1.257918031243973091e-02
1.324623115577889621e+03 1.824076939800750141e+00 1.258126063346211299e-02
1.329648241206030207e+03 1.824087064410462311e+00 1.258330005059050613e-02
1.334673366834170793e+03 1.824097080031521934e+00 1.258529947963034877e-02
1.339698492462311606e+03 1.824106988159969411e+00 1.258725981308542706e-02
1.344723618090452419e+03 1.824116790267934718e+00 1.258918192088346114e-02
1.349748743718593005e+03 1.824126487804040408e+00 1.259106665097591005e-02
1.354773869346733591e+03 1.824136082193801300e+00 1.259291482995325735e-02
1.359798994974874404e+03 1.824145574840016160e+00 1.259472726367586934e-02
1.364824120603015217e+03 1.824154967123154059e+00 1.259650473781471006e-02
1.369849246231156030e+03 1.824164260401735405e+00 1.259824801846074101e-02
1.374874371859296616e+03 1.824173456012706751e+00 1.259995785264437541e-02
1.379899497487437202e+03 1.824182555271808948e+00 1.260163496886209170e-02
1.384924623115578015e+03 1.824191559473940627e+00 1.260328007758381059e-02
1.389949748743718828e+03 1.824200469893515697e+00 1.260489387178519161e-02
1.394974874371859414e+03 1.824209287784813949e+00 1.260647702739036910e-02
1.400000000000000000e+03 1.824218014382328112e+00 1.260803020376618025e-02
