250	0.01
252	0.01
254	0.01
256	0.01
258	0.01
260	0.01
262	0.01
264	0
266	0
268	0
270	0.01
272	0.01
274	0.01
276	0.01
278	0.01
280	0.01
282	0.01
284	0.02
286	0.03
288	0.05
290	0.07
292	0.1
294	0.14
296	0.19
298	0.24
300	0.32
302	0.39
304	0.49
306	0.58
308	0.69
310	0.81
312	0.94
314	1.1
316	1.28
318	1.49
320	1.73
322	1.97
324	2.31
326	2.67
328	3.19
330	3.77
332	4.55
334	5.47
336	6.59
338	8.03
340	9.7
342	11.82
344	14.32
346	17.4
348	20.79
350	24.63
352	28.58
354	32.66
356	36.64
358	40.55
360	44.59
362	48.23
364	51.65
366	54.41
368	56.49
370	58.27
372	59.81
374	61.14
376	62.04
378	62.88
380	64.06
382	65.35
384	66.32
386	66.99
388	67.55
390	68.19
392	69.15
394	70.1
396	71.1
398	72.05
400	72.89
402	73.94
404	74.66
406	75.56
408	76.29
410	77.31
412	78.38
414	79.18
416	79.95
418	80.55
420	81.32
422	82.08
424	82.94
426	83.81
428	84.64
430	85.37
432	85.8
434	86.31
436	86.62
438	87
440	87.05
442	87.13
444	87.53
446	88.17
448	88.94
450	89.49
452	89.88
454	89.64
456	89.58
458	89.38
460	89.6
462	89.52
464	89.5
466	89.48
468	89.5
470	89.42
472	89.33
474	89.1
476	88.7
478	88.33
480	87.96
482	87.78
484	87.6
486	87.39
488	87.11
490	86.95
492	86.81
494	86.53
496	86.24
498	86.02
500	85.67
502	85.25
504	84.71
506	84.57
508	84.36
510	84.4
512	84.32
514	83.85
516	83.15
518	82.7
520	82.68
522	82.6
524	82.45
526	82.18
528	82.14
530	81.79
532	81.56
534	81.32
536	81.24
538	81.07
540	80.82
542	80.52
544	80.23
546	80.06
548	80.08
550	80
552	79.97
554	79.85
556	79.72
558	79.59
560	79.53
562	79.39
564	79.21
566	78.99
568	79.01
570	79.04
572	79.04
574	79.01
576	78.96
578	78.89
580	78.9
582	78.82
584	78.97
586	78.89
588	78.89
590	78.71
592	78.72
594	78.69
596	78.75
598	78.84
600	79.02
602	79.19
604	79.32
606	79.37
608	79.24
610	79.43
612	79.62
614	79.61
616	79.55
618	79.54
620	79.76
622	79.69
624	79.7
626	79.68
628	79.84
630	80
632	80.34
634	80.59
636	80.66
638	80.71
640	80.81
642	80.83
644	80.9
646	81
648	81.22
650	81.34
652	81.64
654	81.69
656	81.47
658	80.92
660	81.18
662	81.76
664	82.34
666	82.41
668	82.39
670	82.57
672	82.53
674	82.92
676	83
678	83.59
680	83.59
682	83.87
684	83.81
686	83.89
688	83.91
690	83.83
692	83.96
694	84
696	84.09
698	84.24
700	84.95
702	85.11
704	85.47
706	85.43
708	85.81
710	85.94
712	85.93
714	85.75
716	85.88
718	86.36
720	86.74
722	86.73
724	87.21
726	87.07
728	87.09
730	86.96
732	87.1
734	87.03
736	86.84
738	86.62
740	86.61
742	86.6
744	86.74
746	86.93
748	87.4
750	87.51
752	87.77
754	87.82
756	87.96
758	88.12
760	88.1
762	88.07
764	88.04
766	87.91
768	87.93
770	87.96
772	87.86
774	87.87
776	87.82
778	87.92
780	88.03
782	88.02
784	87.99
786	88.01
788	88.06
790	88.17
792	88.27
794	88.29
796	88.23
798	88.33
800	88.47
802	88.52
804	88.55
806	88.52
808	88.47
810	88.43
812	88.35
814	88.34
816	88.31
818	88.3
820	88.29
822	88.23
824	88.23
826	88.28
828	88.22
830	88.25
832	88.22
834	88.12
836	88.04
838	88.06
840	88.08
842	88.05
844	87.95
846	87.95
848	87.96
850	88.03
852	87.96
854	87.99
856	87.92
858	87.91
860	87.83
862	87.94
864	87.86
866	87.84
868	87.75
870	87.8
872	87.74
874	87.75
876	87.67
878	87.72
880	87.57
882	87.58
884	87.54
886	87.48
888	87.42
890	87.37
892	87.31
894	87.28
896	87.2
898	87.24
900	87.15
902	87.11
904	87.09
906	87.07
908	87.05
910	87
912	86.95
914	86.91
916	86.85
918	86.84
920	86.79
922	86.75
924	86.72
926	86.67
928	86.66
930	86.62
932	86.6
934	86.57
936	86.55
938	86.5
940	86.47
942	86.41
944	86.4
946	86.33
948	86.3
950	86.25
952	86.21
954	86.15
956	86.13
958	86.1
960	86.07
962	86.01
964	85.99
966	85.94
968	85.92
970	85.86
972	85.83
974	85.76
976	85.73
978	85.69
980	85.67
982	85.6
984	85.57
986	85.5
988	85.49
990	85.45
992	85.42
994	85.37
996	85.33
998	85.3
1000	85.28
1002	85.23
1004	85.2
1006	85.15
1008	85.11
1010	85.07
1012	85.05
1014	85
1016	84.96
1018	84.92
1020	84.89
1022	84.86
1024	84.83
1026	84.79
1028	84.76
1030	84.72
1032	84.69
1034	84.65
1036	84.61
1038	84.58
1040	84.55
1042	84.52
1044	84.5
1046	84.46
1048	84.43
1050	84.38
1052	84.34
1054	84.32
1056	84.28
1058	84.25
1060	84.21
1062	84.18
1064	84.15
1066	84.12
1068	84.1
1070	84.08
1072	84.04
1074	84.01
1076	83.99
1078	83.95
1080	83.92
1082	83.89
1084	83.87
1086	83.83
1088	83.81
1090	83.77
1092	83.74
1094	83.71
1096	83.69
1098	83.67
1100	83.64
1102	83.61
1104	83.58
1106	83.56
1108	83.54
1110	83.52
1112	83.49
1114	83.47
1116	83.44
1118	83.41
1120	83.39
1122	83.36
1124	83.34
1126	83.33
1128	83.3
1130	83.28
1132	83.25
1134	83.24
1136	83.21
1138	83.18
1140	83.16
1142	83.12
1144	83.09
1146	83.08
1148	83.05
1150	83.04
1152	83.01
1154	83
1156	82.98
1158	82.97
1160	82.95
1162	82.93
1164	82.9
1166	82.9
1168	82.87
1170	82.86
1172	82.82
1174	82.81
1176	82.79
1178	82.77
1180	82.75
1182	82.74
1184	82.71
1186	82.68
1188	82.66
1190	82.66
1192	82.63
1194	82.61
1196	82.59
1198	82.57
1200	82.56
1202	82.56
1204	82.54
1206	82.52
1208	82.49
1210	82.5
1212	82.48
1214	82.47
1216	82.45
1218	82.43
1220	82.42
1222	82.4
1224	82.38
1226	82.38
1228	82.35
1230	82.32
1232	82.3
1234	82.28
1236	82.25
1238	82.22
1240	82.21
1242	82.2
1244	82.18
1246	82.16
1248	82.14
1250	82.12
1252	82.13
1254	82.13
1256	82.11
1258	82.09
1260	82.07
1262	82.04
1264	82.04
1266	82.02
1268	82.01
1270	81.99
1272	81.96
1274	81.95
1276	81.93
1278	81.91
1280	81.92
1282	81.9
1284	81.89
1286	81.87
1288	81.85
1290	81.84
1292	81.82
1294	81.81
1296	81.8
1298	81.76
1300	81.77
1302	81.75
1304	81.75
1306	81.74
1308	81.72
1310	81.72
1312	81.71
1314	81.7
1316	81.69
1318	81.67
1320	81.66
1322	81.64
1324	81.63
1326	81.61
1328	81.58
1330	81.56
1332	81.54
1334	81.51
1336	81.5
1338	81.47
1340	81.43
1342	81.41
1344	81.4
1346	81.39
1348	81.37
1350	81.34
1352	81.35
1354	81.3
1356	81.29
1358	81.27
1360	81.25
1362	81.22
1364	81.19
1366	81.16
1368	81.15
1370	81.1
1372	81.09
1374	81.05
1376	81.03
1378	80.99
1380	80.96
1382	80.93
1384	80.93
1386	80.88
1388	80.87
1390	80.81
1392	80.79
1394	80.75
1396	80.73
1398	80.66
1400	80.63
1402	80.57
1404	80.55
1406	80.51
1408	80.48
1410	80.45
1412	80.42
1414	80.37
1416	80.36
1418	80.33
1420	80.3
1422	80.26
1424	80.24
1426	80.2
1428	80.19
1430	80.17
1432	80.16
1434	80.14
1436	80.13
1438	80.1
1440	80.1
1442	80.06
1444	80.05
1446	80.02
1448	80.01
1450	79.98
1452	79.97
1454	79.94
1456	79.93
1458	79.88
1460	79.87
1462	79.83
1464	79.81
1466	79.78
1468	79.75
1470	79.71
1472	79.69
1474	79.65
1476	79.64
1478	79.6
1480	79.58
1482	79.54
1484	79.51
1486	79.47
1488	79.44
1490	79.39
1492	79.36
1494	79.32
1496	79.28
1498	79.24
1500	79.21
1502	79.15
1504	79.12
1506	79.06
1508	79.03
1510	78.99
1512	78.94
1514	78.9
1516	78.87
1518	78.81
1520	78.77
1522	78.72
1524	78.7
1526	78.64
1528	78.6
1530	78.56
1532	78.51
1534	78.46
1536	78.43
1538	78.37
1540	78.33
1542	78.27
1544	78.23
1546	78.17
1548	78.13
1550	78.06
1552	78.02
1554	77.96
1556	77.92
1558	77.85
1560	77.81
1562	77.75
1564	77.69
1566	77.62
1568	77.57
1570	77.5
1572	77.45
1574	77.39
1576	77.34
1578	77.27
1580	77.23
1582	77.17
1584	77.12
1586	77.06
1588	77.01
1590	76.94
1592	76.88
1594	76.8
1596	76.75
1598	76.68
1600	76.63
1602	76.55
1604	76.51
1606	76.44
1608	76.39
1610	76.32
1612	76.27
1614	76.2
1616	76.15
1618	76.08
1620	76.03
1622	75.95
1624	75.9
1626	75.83
1628	75.78
1630	75.72
1632	75.67
1634	75.59
1636	75.54
1638	75.47
1640	75.43
1642	75.36
1644	75.29
1646	75.22
1648	75.16
1650	75.08
1652	75.03
1654	74.96
1656	74.88
1658	74.79
1660	74.71
1662	74.63
1664	74.54
1666	74.47
1668	74.41
1670	74.34
1672	74.26
1674	74.17
1676	74.1
1678	74.04
1680	73.98
1682	73.93
1684	73.86
1686	73.78
1688	73.7
1690	73.63
1692	73.57
1694	73.49
1696	73.41
1698	73.33
1700	73.27
1702	73.18
1704	73.11
1706	73.02
1708	72.93
1710	72.86
1712	72.79
1714	72.7
1716	72.61
1718	72.47
1720	72.38
1722	72.31
1724	72.22
1726	72.15
1728	72.04
1730	71.95
1732	71.86
1734	71.75
1736	71.68
1738	71.62
1740	71.55
1742	71.48
1744	71.39
1746	71.34
1748	71.27
1750	71.18
1752	71.11
1754	71.03
1756	70.93
1758	70.82
1760	70.7
1762	70.63
1764	70.5
1766	70.43
1768	70.36
1770	70.31
1772	70.22
1774	70.1
1776	70.02
1778	69.95
1780	69.85
1782	69.78
1784	69.67
1786	69.56
1788	69.43
1790	69.37
1792	69.29
1794	69.22
1796	69.12
1798	69.01
1800	68.93
1802	68.82
1804	68.7
1806	68.61
1808	68.49
1810	68.39
1812	68.27
1814	68.19
1816	68.1
1818	67.98
1820	67.95
1822	67.89
1824	67.82
1826	67.74
1828	67.66
1830	67.57
1832	67.47
1834	67.38
1836	67.28
1838	67.18
1840	67.14
1842	67.07
1844	66.97
1846	66.87
1848	66.78
1850	66.7
1852	66.62
1854	66.55
1856	66.43
1858	66.3
1860	66.19
1862	66.12
1864	66.06
1866	65.97
1868	65.86
1870	65.76
1872	65.67
1874	65.56
1876	65.48
1878	65.41
1880	65.32
1882	65.18
1884	65.11
1886	65.04
1888	64.98
1890	64.91
1892	64.84
1894	64.75
1896	64.63
1898	64.53
1900	64.49
1902	64.37
1904	64.25
1906	64.1
1908	63.94
1910	63.83
1912	63.71
1914	63.64
1916	63.52
1918	63.38
1920	63.29
1922	63.17
1924	63.16
1926	63.12
1928	63.03
1930	63.01
1932	62.95
1934	62.84
1936	62.76
1938	62.65
1940	62.6
1942	62.48
1944	62.42
1946	62.36
1948	62.18
1950	62.03
1952	61.93
1954	61.86
1956	61.73
1958	61.63
1960	61.5
1962	61.41
1964	61.3
1966	61.2
1968	61.13
1970	61.07
1972	60.97
1974	60.93
1976	60.84
1978	60.82
1980	60.68
1982	60.56
1984	60.51
1986	60.39
1988	60.27
1990	60.17
1992	60.1
1994	59.97
1996	59.86
1998	59.82
2000	59.77
2002	59.67
2004	59.61
2006	59.53
2008	59.53
2010	59.47
2012	59.4
2014	59.29
2016	59.14
2018	59.07
2020	58.95
2022	58.85
2024	58.76
2026	58.61
2028	58.44
2030	58.29
2032	58.21
2034	58.16
2036	58
2038	57.93
2040	57.88
2042	57.81
2044	57.7
2046	57.65
2048	57.65
2050	57.55
2052	57.38
2054	57.31
2056	57.18
2058	57.07
2060	56.93
2062	56.89
2064	56.77
2066	56.62
2068	56.53
2070	56.52
2072	56.43
2074	56.32
2076	56.29
2078	56.29
2080	56.1
2082	56.01
2084	55.94
2086	55.82
2088	55.78
2090	55.74
2092	55.75
2094	55.58
2096	55.43
2098	55.37
2100	55.36
2102	55.19
2104	55.16
2106	54.96
2108	54.86
2110	54.79
2112	54.7
2114	54.55
2116	54.49
2118	54.36
2120	54.37
2122	54.29
2124	54.31
2126	54.2
2128	53.96
2130	53.93
2132	53.89
2134	53.81
2136	53.64
2138	53.64
2140	53.53
2142	53.32
2144	53.26
2146	53.25
2148	53.15
2150	53.06
2152	52.88
2154	52.89
2156	52.64
2158	52.53
2160	52.53
2162	52.39
2164	52.35
2166	52.23
2168	52.19
2170	52.21
2172	52.09
2174	52.13
2176	52.01
2178	51.83
2180	51.74
2182	51.55
2184	51.4
2186	51.39
2188	51.2
2190	51.02
2192	50.92
2194	50.83
2196	50.77
2198	50.65
2200	50.61
2202	50.62
2204	50.4
2206	50.38
2208	50.34
2210	50.18
2212	50.08
2214	49.82
2216	49.72
2218	49.5
2220	49.3
2222	49.13
2224	48.97
2226	48.83
2228	48.74
2230	48.69
2232	48.78
2234	48.72
2236	48.75
2238	48.72
2240	48.69
2242	48.71
2244	48.68
2246	48.59
2248	48.53
2250	48.45
2252	48.38
2254	48.27
2256	48.23
2258	48.28
2260	48.21
2262	48.12
2264	48.13
2266	47.97
2268	47.91
2270	47.93
2272	47.9
2274	47.8
2276	47.63
2278	47.56
2280	47.55
2282	47.46
2284	47.46
2286	47.4
2288	47.35
2290	47.27
2292	47.32
2294	47.35
2296	47.25
2298	47.25
2300	47.23
2302	47.26
2304	47.14
2306	47.03
2308	47.09
2310	46.95
2312	46.79
2314	46.72
2316	46.66
2318	46.59
2320	46.55
2322	46.63
2324	46.63
2326	46.45
2328	46.53
2330	46.46
2332	46.41
2334	46.36
2336	46.23
2338	46.27
2340	46.09
2342	45.98
2344	45.95
2346	45.82
2348	45.78
2350	45.82
2352	45.62
2354	45.63
2356	45.43
2358	45.39
2360	45.34
2362	45.4
2364	45.33
2366	45.31
2368	45.12
2370	45.27
2372	45.28
2374	45.11
2376	45.11
2378	45.08
2380	44.93
2382	44.84
2384	44.77
2386	44.7
2388	44.54
2390	44.39
2392	44.35
2394	44.28
2396	44.08
2398	43.94
2400	43.85
2402	43.83
2404	43.7
2406	43.63
2408	43.62
2410	43.58
2412	43.63
2414	43.58
2416	43.46
2418	43.33
2420	43.25
2422	43.46
2424	43.32
2426	43.33
2428	43.37
2430	43.11
2432	43.27
2434	43.37
2436	43.27
2438	43.08
2440	42.96
2442	42.95
2444	42.65
2446	42.4
2448	42.43
2450	42.12
2452	42.01
2454	41.88
2456	41.74
2458	41.5
2460	41.48
2462	41.41
2464	41.55
2466	41.57
2468	41.54
2470	41.73
2472	41.73
2474	41.88
2476	42.01
2478	41.86
2480	41.77
2482	41.47
2484	41.12
2486	41.21
2488	40.77
2490	40.64
2492	40.46
2494	40.27
2496	40
2498	39.98
2500	40.08
2502	40.05
2504	39.91
2506	40.15
2508	40.11
2510	40.14
2512	40.21
2514	40.4
2516	40.17
2518	40.21
2520	40.15
2522	40.21
2524	39.88
2526	39.67
2528	39.59
2530	39.38
2532	39.08
2534	39.36
2536	39.02
2538	38.75
2540	38.14
2542	38.43
2544	38.47
2546	38.16
2548	38.61
2550	39.03
2552	38.8
2554	38.69
2556	38.78
2558	38.72
2560	38.33
2562	38.75
2564	38.63
2566	38.61
2568	38.28
2570	39.23
2572	39.54
2574	39.65
2576	39.63
2578	38.87
2580	38.13
2582	38.27
2584	37.99
2586	37.78
2588	37.17
2590	36.14
2592	36.42
2594	37.08
2596	38.14
2598	38.84
2600	39.24

