1.151815541238082385e+00 5.080000000000000000e+02
1.195799501444593904e+00 5.120000000000000000e+02
1.209540240431075109e+00 5.020000000000000000e+02
1.200763474923626450e+00 5.040000000000000000e+02
1.087288855809952492e+00 3.320000000000000000e+02
1.145932222354713925e+00 3.980000000000000000e+02
1.008345034365024429e+00 5.180000000000000000e+02
1.070355354316544272e+00 5.130000000000000000e+02
1.110768274487627716e+00 5.020000000000000000e+02
1.055469717448464628e+00 5.080000000000000000e+02
1.202505137461427287e+00 4.680000000000000000e+02
1.188924991364998185e+00 4.830000000000000000e+02
1.168106733543261999e+00 4.970000000000000000e+02
1.176210907920429705e+00 4.980000000000000000e+02
1.184787792425013420e+00 4.600000000000000000e+02
1.166652405402791359e+00 4.420000000000000000e+02
1.172513997679307973e+00 3.820000000000000000e+02
1.197461657761933473e+00 4.050000000000000000e+02
8.957607170331456370e-01 5.760000000000000000e+02
9.292651529157328616e-01 5.510000000000000000e+02
9.752380898720168778e-01 5.310000000000000000e+02
8.931443938372550795e-01 5.530000000000000000e+02
9.443227948904944213e-01 5.440000000000000000e+02
5.895053374731311635e-01 6.340000000000000000e+02
6.464322730819956897e-01 6.110000000000000000e+02
5.767073872477188612e-01 6.280000000000000000e+02
8.533423835618746400e-01 5.630000000000000000e+02
8.411867140450384195e-01 5.810000000000000000e+02
7.124359007886397199e-01 5.870000000000000000e+02
7.906907481241827185e-01 5.550000000000000000e+02
1.183862603810637903e+00 4.980000000000000000e+02
1.128980009270119433e+00 5.000000000000000000e+02
1.097618872953161517e+00 5.030000000000000000e+02
1.029623693551770636e+00 5.080000000000000000e+02
