1.000000000000000000e+00 2.780000000000000000e+02
2.000000000000000000e+00 2.740000000000000000e+02
3.000000000000000000e+00 2.560000000000000000e+02
4.000000000000000000e+00 2.300000000000000000e+02
5.000000000000000000e+00 1.990000000000000000e+02
6.000000000000000000e+00 1.670000000000000000e+02
7.000000000000000000e+00 1.510000000000000000e+02
8.000000000000000000e+00 1.280000000000000000e+02
9.000000000000000000e+00 1.020000000000000000e+02
1.000000000000000000e+01 3.220000000000000000e+02
1.100000000000000000e+01 3.230000000000000000e+02
1.200000000000000000e+01 3.080000000000000000e+02
1.300000000000000000e+01 2.820000000000000000e+02
1.400000000000000000e+01 2.440000000000000000e+02
1.500000000000000000e+01 2.140000000000000000e+02
1.600000000000000000e+01 1.780000000000000000e+02
1.700000000000000000e+01 1.510000000000000000e+02
1.800000000000000000e+01 1.230000000000000000e+02
1.900000000000000000e+01 3.630000000000000000e+02
2.000000000000000000e+01 3.680000000000000000e+02
2.100000000000000000e+01 3.680000000000000000e+02
2.200000000000000000e+01 3.400000000000000000e+02
2.300000000000000000e+01 2.970000000000000000e+02
2.400000000000000000e+01 2.520000000000000000e+02
2.500000000000000000e+01 2.200000000000000000e+02
2.600000000000000000e+01 1.780000000000000000e+02
2.700000000000000000e+01 1.440000000000000000e+02
2.800000000000000000e+01 4.040000000000000000e+02
2.900000000000000000e+01 4.010000000000000000e+02
3.000000000000000000e+01 4.070000000000000000e+02
3.100000000000000000e+01 3.960000000000000000e+02
3.200000000000000000e+01 3.590000000000000000e+02
3.300000000000000000e+01 2.970000000000000000e+02
3.400000000000000000e+01 2.490000000000000000e+02
3.500000000000000000e+01 2.140000000000000000e+02
3.600000000000000000e+01 1.700000000000000000e+02
3.700000000000000000e+01 4.530000000000000000e+02
3.800000000000000000e+01 4.420000000000000000e+02
3.900000000000000000e+01 4.350000000000000000e+02
4.000000000000000000e+01 4.430000000000000000e+02
4.200000000000000000e+01 3.560000000000000000e+02
4.300000000000000000e+01 2.880000000000000000e+02
4.300000000000000000e+01 2.970000000000000000e+02
4.400000000000000000e+01 2.480000000000000000e+02
4.500000000000000000e+01 2.090000000000000000e+02
4.600000000000000000e+01 5.290000000000000000e+02
4.700000000000000000e+01 5.040000000000000000e+02
4.800000000000000000e+01 4.770000000000000000e+02
4.900000000000000000e+01 4.640000000000000000e+02
5.000000000000000000e+01 4.760000000000000000e+02
5.100000000000000000e+01 4.250000000000000000e+02
5.200000000000000000e+01 3.510000000000000000e+02
5.300000000000000000e+01 2.840000000000000000e+02
5.400000000000000000e+01 2.340000000000000000e+02
5.500000000000000000e+01 6.040000000000000000e+02
5.600000000000000000e+01 5.590000000000000000e+02
5.700000000000000000e+01 5.200000000000000000e+02
5.800000000000000000e+01 4.840000000000000000e+02
5.900000000000000000e+01 4.780000000000000000e+02
6.000000000000000000e+01 4.690000000000000000e+02
6.100000000000000000e+01 4.020000000000000000e+02
6.200000000000000000e+01 3.180000000000000000e+02
6.300000000000000000e+01 2.650000000000000000e+02
6.400000000000000000e+01 7.130000000000000000e+02
6.500000000000000000e+01 6.490000000000000000e+02
6.600000000000000000e+01 5.900000000000000000e+02
6.700000000000000000e+01 5.340000000000000000e+02
6.800000000000000000e+01 4.980000000000000000e+02
6.900000000000000000e+01 4.920000000000000000e+02
7.000000000000000000e+01 4.580000000000000000e+02
7.100000000000000000e+01 3.800000000000000000e+02
7.200000000000000000e+01 2.960000000000000000e+02
7.300000000000000000e+01 7.340000000000000000e+02
7.400000000000000000e+01 6.790000000000000000e+02
7.500000000000000000e+01 6.200000000000000000e+02
7.600000000000000000e+01 5.610000000000000000e+02
7.700000000000000000e+01 5.070000000000000000e+02
7.800000000000000000e+01 4.790000000000000000e+02
7.900000000000000000e+01 4.760000000000000000e+02
8.000000000000000000e+01 4.090000000000000000e+02
8.200000000000000000e+01 3.230000000000000000e+02
