250	0.01
252	0.01
254	0.03
256	0.05
258	0.06
260	0.05
262	0.04
264	0.04
266	0.03
268	0.02
270	0.02
272	0.01
274	0.02
276	0.03
278	0.01
280	0.01
282	0
284	0.01
286	0.02
288	0.03
290	0.03
292	0.02
294	0.02
296	0.02
298	0.02
300	0.05
302	0.05
304	0.06
306	0.03
308	0.03
310	0.02
312	0.04
314	0.08
316	0.11
318	0.11
320	0.1
322	0.12
324	0.17
326	0.26
328	0.34
330	0.46
332	0.63
334	0.9
336	1.21
338	1.67
340	2.33
342	3.27
344	4.55
346	6.34
348	8.45
350	11.09
352	14.14
354	17.57
356	21.44
358	25.44
360	29.99
362	34.35
364	38.69
366	42.45
368	45.56
370	47.95
372	49.69
374	50.98
376	51.91
378	52.44
380	53.27
382	54.35
384	55.6
386	56.94
388	58.07
390	59.59
392	61.26
394	63.33
396	65.19
398	66.97
400	68.62
402	70.42
404	72.15
406	73.52
408	74.58
410	75.59
412	76.43
414	77.1
416	77.12
418	77.05
420	76.91
422	76.92
424	76.92
426	76.59
428	76.03
430	75.2
432	74.49
434	73.77
436	73.06
438	72.54
440	71.95
442	71.38
444	70.8
446	70.35
448	70.09
450	69.99
452	69.81
454	69.82
456	69.76
458	69.93
460	70.1
462	70.25
464	70.52
466	70.72
468	71.01
470	71.08
472	71.23
474	71.55
476	72.2
478	72.93
480	73.49
482	73.88
484	74.5
486	75.23
488	76.07
490	76.82
492	77.48
494	78.21
496	78.76
498	79.26
500	79.8
502	80.28
504	80.69
506	81.07
508	81.49
510	82.06
512	82.56
514	83.11
516	83.49
518	83.95
520	84.25
522	84.32
524	83.89
526	83.53
528	83.49
530	83.56
532	83.5
534	83.24
536	83.03
538	82.66
540	82.38
542	82.33
544	82.06
546	81.95
548	81.28
550	80.98
552	80.54
554	80.33
556	79.93
558	79.57
560	79.22
562	79.04
564	78.77
566	78.53
568	78.16
570	77.85
572	77.45
574	76.98
576	76.48
578	76.49
580	76.77
582	76.86
584	76.64
586	76.43
588	76.19
590	75.88
592	75.57
594	75.67
596	75.73
598	75.6
600	75.47
602	75.45
604	75.69
606	75.69
608	75.64
610	75.54
612	75.42
614	75.42
616	75.45
618	75.47
620	75.46
622	75.44
624	75.69
626	75.94
628	76.13
630	76.24
632	76.36
634	76.46
636	76.41
638	76.67
640	77.07
642	77.33
644	77.52
646	77.45
648	77.77
650	77.98
652	78.1
654	78.29
656	78.54
658	79.3
660	79.49
662	79.4
664	79.19
666	79.36
668	79.59
670	79.81
672	80.1
674	80.45
676	80.93
678	81.12
680	81.29
682	81.49
684	82.05
686	82.68
688	82.91
690	82.98
692	82.84
694	83.02
696	83.37
698	83.88
700	84.14
702	84.11
704	84.19
706	84.45
708	84.56
710	84.7
712	84.81
714	85.01
716	85.12
718	85.1
720	85.08
722	85.04
724	85.09
726	85.54
728	85.88
730	85.68
732	85.22
734	85.05
736	85.24
738	85.65
740	85.69
742	85.94
744	86.09
746	86.15
748	86.29
750	85.64
752	85.64
754	85.38
756	85.45
758	85.31
760	85.39
762	85.54
764	85.71
766	85.44
768	85.42
770	85
772	85.45
774	85.71
776	86.02
778	85.09
780	84.7
782	84.43
784	84.54
786	84.06
788	83.93
790	83.85
792	83.78
794	83.71
796	83.48
798	83.74
800	83.54
802	83.74
804	83.66
806	83.32
808	83.17
810	82.79
812	83.03
814	82.78
816	82.88
818	82.55
820	82.28
822	82.05
824	81.66
826	81.56
828	81.47
830	81.53
832	81.1
834	80.66
836	80.13
838	80.7
840	80.73
842	80.77
844	80.82
846	80.84
848	80.92
850	80.66
852	80.64
854	80.42
856	80.36
858	80.25
860	80.23
862	80.11
864	79.96
866	79.88
868	79.83
870	79.65
872	79.53
874	79.39
876	79.31
878	79.2
880	79.14
882	79.05
884	78.95
886	78.88
888	78.86
890	78.76
892	78.64
894	78.55
896	78.44
898	78.37
900	78.32
902	78.29
904	78.21
906	78.14
908	78.14
910	78.12
912	78.06
914	78.05
916	77.96
918	77.89
920	77.8
922	77.77
924	77.7
926	77.63
928	77.56
930	77.51
932	77.45
934	77.42
936	77.36
938	77.31
940	77.26
942	77.21
944	77.18
946	77.15
948	77.1
950	77.05
952	77
954	76.93
956	76.91
958	76.9
960	76.86
962	76.86
964	76.86
966	76.85
968	76.85
970	76.82
972	76.86
974	76.84
976	76.82
978	76.8
980	76.76
982	76.71
984	76.72
986	76.69
988	76.7
990	76.68
992	76.71
994	76.7
996	76.71
998	76.75
1000	76.74
1002	76.72
1004	76.74
1006	76.73
1008	76.74
1010	76.71
1012	76.71
1014	76.7
1016	76.7
1018	76.69
1020	76.71
1022	76.7
1024	76.75
1026	76.75
1028	76.76
1030	76.78
1032	76.78
1034	76.79
1036	76.81
1038	76.81
1040	76.83
1042	76.81
1044	76.82
1046	76.83
1048	76.81
1050	76.82
1052	76.8
1054	76.82
1056	76.83
1058	76.82
1060	76.84
1062	76.81
1064	76.83
1066	76.83
1068	76.85
1070	76.86
1072	76.87
1074	76.86
1076	76.88
1078	76.87
1080	76.9
1082	76.91
1084	76.96
1086	76.97
1088	77
1090	76.98
1092	77.04
1094	77.05
1096	77.09
1098	77.09
1100	77.08
1102	77.07
1104	77.04
1106	77.02
1108	77.03
1110	77
1112	76.99
1114	76.98
1116	76.97
1118	76.96
1120	76.94
1122	76.93
1124	76.92
1126	76.91
1128	76.89
1130	76.86
1132	76.84
1134	76.83
1136	76.82
1138	76.83
1140	76.84
1142	76.84
1144	76.81
1146	76.8
1148	76.82
1150	76.78
1152	76.77
1154	76.75
1156	76.71
1158	76.69
1160	76.65
1162	76.65
1164	76.63
1166	76.58
1168	76.58
1170	76.54
1172	76.51
1174	76.51
1176	76.45
1178	76.42
1180	76.39
1182	76.36
1184	76.34
1186	76.32
1188	76.26
1190	76.23
1192	76.19
1194	76.19
1196	76.17
1198	76.14
1200	76.1
1202	76.08
1204	76.02
1206	76
1208	75.96
1210	75.91
1212	75.88
1214	75.84
1216	75.78
1218	75.75
1220	75.69
1222	75.68
1224	75.63
1226	75.6
1228	75.56
1230	75.52
1232	75.44
1234	75.42
1236	75.36
1238	75.31
1240	75.25
1242	75.2
1244	75.14
1246	75.09
1248	75.04
1250	75.01
1252	74.95
1254	74.91
1256	74.86
1258	74.82
1260	74.77
1262	74.73
1264	74.66
1266	74.6
1268	74.52
1270	74.47
1272	74.41
1274	74.37
1276	74.29
1278	74.26
1280	74.22
1282	74.18
1284	74.14
1286	74.11
1288	74.04
1290	73.97
1292	73.9
1294	73.84
1296	73.77
1298	73.67
1300	73.6
1302	73.54
1304	73.47
1306	73.42
1308	73.37
1310	73.34
1312	73.28
1314	73.23
1316	73.18
1318	73.12
1320	73.04
1322	72.97
1324	72.9
1326	72.8
1328	72.73
1330	72.65
1332	72.55
1334	72.47
1336	72.4
1338	72.34
1340	72.27
1342	72.22
1344	72.17
1346	72.11
1348	72.05
1350	72.02
1352	71.97
1354	71.92
1356	71.86
1358	71.82
1360	71.72
1362	71.65
1364	71.55
1366	71.48
1368	71.38
1370	71.29
1372	71.19
1374	71.1
1376	71.03
1378	70.97
1380	70.88
1382	70.79
1384	70.71
1386	70.64
1388	70.54
1390	70.43
1392	70.34
1394	70.23
1396	70.13
1398	70.04
1400	69.97
1402	69.87
1404	69.77
1406	69.68
1408	69.61
1410	69.52
1412	69.43
1414	69.35
1416	69.25
1418	69.17
1420	69.07
1422	69.02
1424	68.93
1426	68.84
1428	68.75
1430	68.65
1432	68.55
1434	68.48
1436	68.37
1438	68.29
1440	68.18
1442	68.09
1444	68.01
1446	67.92
1448	67.82
1450	67.76
1452	67.67
1454	67.6
1456	67.52
1458	67.42
1460	67.33
1462	67.24
1464	67.15
1466	67.08
1468	66.95
1470	66.85
1472	66.75
1474	66.65
1476	66.55
1478	66.45
1480	66.34
1482	66.24
1484	66.14
1486	66.05
1488	65.93
1490	65.82
1492	65.72
1494	65.62
1496	65.51
1498	65.4
1500	65.29
1502	65.18
1504	65.07
1506	64.97
1508	64.86
1510	64.77
1512	64.64
1514	64.55
1516	64.44
1518	64.33
1520	64.21
1522	64.09
1524	63.98
1526	63.89
1528	63.76
1530	63.65
1532	63.54
1534	63.43
1536	63.32
1538	63.21
1540	63.08
1542	62.95
1544	62.81
1546	62.68
1548	62.56
1550	62.44
1552	62.3
1554	62.18
1556	62.05
1558	61.93
1560	61.82
1562	61.69
1564	61.58
1566	61.45
1568	61.3
1570	61.2
1572	61.09
1574	60.97
1576	60.89
1578	60.77
1580	60.66
1582	60.54
1584	60.41
1586	60.31
1588	60.17
1590	60.02
1592	59.91
1594	59.74
1596	59.61
1598	59.46
1600	59.32
1602	59.2
1604	59.05
1606	58.93
1608	58.79
1610	58.63
1612	58.49
1614	58.34
1616	58.18
1618	58.03
1620	57.85
1622	57.7
1624	57.53
1626	57.37
1628	57.2
1630	57.04
1632	56.86
1634	56.7
1636	56.53
1638	56.36
1640	56.19
1642	56
1644	55.83
1646	55.64
1648	55.49
1650	55.33
1652	55.16
1654	55
1656	54.85
1658	54.7
1660	54.61
1662	54.46
1664	54.32
1666	54.2
1668	54.04
1670	53.89
1672	53.75
1674	53.59
1676	53.46
1678	53.28
1680	53.13
1682	52.98
1684	52.76
1686	52.57
1688	52.39
1690	52.25
1692	52.1
1694	51.93
1696	51.74
1698	51.57
1700	51.43
1702	51.3
1704	51.13
1706	51.01
1708	50.8
1710	50.62
1712	50.44
1714	50.3
1716	50.11
1718	49.97
1720	49.77
1722	49.64
1724	49.47
1726	49.34
1728	49.17
1730	48.96
1732	48.77
1734	48.65
1736	48.46
1738	48.32
1740	48.14
1742	47.98
1744	47.76
1746	47.62
1748	47.53
1750	47.39
1752	47.24
1754	47.12
1756	47.02
1758	46.83
1760	46.63
1762	46.52
1764	46.34
1766	46.1
1768	45.92
1770	45.76
1772	45.53
1774	45.31
1776	45.13
1778	45.02
1780	44.83
1782	44.67
1784	44.55
1786	44.37
1788	44.19
1790	44.05
1792	43.93
1794	43.81
1796	43.66
1798	43.57
1800	43.39
1802	43.33
1804	43.16
1806	43.02
1808	42.87
1810	42.71
1812	42.53
1814	42.38
1816	42.22
1818	42.05
1820	41.84
1822	41.74
1824	41.55
1826	41.38
1828	41.18
1830	41.03
1832	40.88
1834	40.69
1836	40.54
1838	40.33
1840	40.24
1842	40.08
1844	39.91
1846	39.7
1848	39.6
1850	39.44
1852	39.3
1854	39.26
1856	39.18
1858	38.94
1860	38.81
1862	38.65
1864	38.51
1866	38.28
1868	38.05
1870	37.89
1872	37.67
1874	37.54
1876	37.43
1878	37.32
1880	37.16
1882	37.16
1884	37.06
1886	36.94
1888	36.83
1890	36.68
1892	36.48
1894	36.34
1896	36.15
1898	36.09
1900	35.88
1902	35.86
1904	35.81
1906	35.64
1908	35.44
1910	35.33
1912	35.18
1914	35.12
1916	34.94
1918	34.77
1920	34.56
1922	34.39
1924	34.3
1926	34.3
1928	34.16
1930	34.08
1932	33.91
1934	33.76
1936	33.63
1938	33.53
1940	33.45
1942	33.43
1944	33.26
1946	33.22
1948	33.09
1950	33.05
1952	32.92
1954	32.81
1956	32.74
1958	32.48
1960	32.21
1962	32.15
1964	31.98
1966	31.95
1968	31.79
1970	31.78
1972	31.8
1974	31.6
1976	31.58
1978	31.51
1980	31.34
1982	30.98
1984	30.74
1986	30.62
1988	30.58
1990	30.36
1992	30.21
1994	30.15
1996	30.05
1998	30.05
2000	30.16
2002	30
2004	29.96
2006	29.86
2008	29.87
2010	29.8
2012	29.72
2014	29.64
2016	29.47
2018	29.38
2020	29.42
2022	29.19
2024	28.97
2026	28.92
2028	28.87
2030	28.68
2032	28.54
2034	28.41
2036	28.32
2038	28.17
2040	28.27
2042	28.23
2044	28.05
2046	28.11
2048	28.02
2050	27.87
2052	27.85
2054	27.79
2056	27.77
2058	27.59
2060	27.55
2062	27.48
2064	27.09
2066	27.07
2068	27.21
2070	27.16
2072	27.12
2074	26.99
2076	27.01
2078	27
2080	26.88
2082	27
2084	26.95
2086	26.74
2088	26.74
2090	26.56
2092	26.63
2094	26.38
2096	26.11
2098	26.03
2100	26.11
2102	26.05
2104	26.04
2106	25.82
2108	25.74
2110	25.52
2112	25.62
2114	25.49
2116	25.54
2118	25.19
2120	25.13
2122	24.97
2124	25
2126	25.06
2128	25.01
2130	24.71
2132	24.83
2134	24.59
2136	24.6
2138	24.46
2140	24.4
2142	24.19
2144	24.06
2146	24.09
2148	24.09
2150	23.99
2152	23.93
2154	23.96
2156	23.82
2158	23.63
2160	23.52
2162	23.41
2164	23.21
2166	23.31
2168	23.4
2170	23.4
2172	23.17
2174	23.02
2176	22.92
2178	22.97
2180	22.87
2182	22.75
2184	22.76
2186	22.5
2188	22.34
2190	22.25
2192	22.2
2194	22.3
2196	22.18
2198	22
2200	22.01
2202	21.56
2204	21.5
2206	21.48
2208	21.54
2210	21.4
2212	21.13
2214	20.93
2216	21.13
2218	21.2
2220	21.15
2222	20.83
2224	20.72
2226	20.38
2228	20.41
2230	20.49
2232	20.57
2234	20.45
2236	20.31
2238	20.17
2240	20.33
2242	20.35
2244	20.53
2246	20.46
2248	20.39
2250	20.35
2252	20.32
2254	20.25
2256	20.37
2258	20.48
2260	20.37
2262	20.23
2264	20.25
2266	20.23
2268	20.24
2270	20.1
2272	19.99
2274	19.93
2276	19.77
2278	19.56
2280	19.42
2282	19.43
2284	19.48
2286	19.37
2288	19.3
2290	19.35
2292	19.16
2294	18.95
2296	19.06
2298	19.1
2300	18.96
2302	18.92
2304	18.83
2306	18.64
2308	18.49
2310	18.58
2312	18.38
2314	18.5
2316	18.52
2318	18.48
2320	18.73
2322	18.77
2324	18.97
2326	18.9
2328	18.84
2330	19.15
2332	19.04
2334	19.08
2336	18.92
2338	18.45
2340	18.41
2342	18.15
2344	18.06
2346	17.92
2348	17.67
2350	17.59
2352	17.45
2354	17.76
2356	17.52
2358	17.13
2360	17.18
2362	17.25
2364	17.22
2366	17.04
2368	16.76
2370	16.4
2372	15.88
2374	16.22
2376	16.46
2378	16.3
2380	16.12
2382	15.96
2384	16.28
2386	16.58
2388	16.69
2390	17.02
2392	16.86
2394	16.65
2396	16.78
2398	17.1
2400	17.09
2402	16.9
2404	16.55
2406	16.84
2408	16.22
2410	15.63
2412	15.66
2414	15.67
2416	15.5
2418	15.72
2420	15.42
2422	15.27
2424	14.87
2426	15.72
2428	16.16
2430	16.64
2432	16.64
2434	16.62
2436	16.22
2438	16.61
2440	17
2442	17.2
2444	16.91
2446	16.61
2448	16.2
2450	15.86
2452	15.33
2454	15.17
2456	14.7
2458	13.95
2460	14.06
2462	14.07
2464	14.26
2466	14.06
2468	14.17
2470	14.35
2472	14.64
2474	14.94
2476	15.18
2478	15.1
2480	14.61
2482	14.26
2484	14.22
2486	13.82
2488	13.47
2490	13.29
2492	12.91
2494	12.8
2496	12.27
2498	12.19
2500	12.19

