3.000000000000000000e+02 4.000000000000000083e-02
3.105527638190955031e+02 8.552763819095503262e-02
3.211055276381909493e+02 2.321105527638189781e-01
3.316582914572864524e+02 1.003869346733671231e+00
3.422110552763818987e+02 5.111507537688432912e+00
3.527638190954774018e+02 2.020472361809047968e+01
3.633165829145728480e+02 4.294165829145725155e+01
3.738693467336683511e+02 6.145964824120604675e+01
3.844221105527637974e+02 7.648386934673364124e+01
3.949748743718593005e+02 8.451356783919598570e+01
4.055276381909548036e+02 8.401351758793968827e+01
4.160804020100502498e+02 8.042708542713567965e+01
4.266331658291457529e+02 7.893201005025125028e+01
4.371859296482411992e+02 7.945532663316582500e+01
4.477386934673367023e+02 8.191638190954773791e+01
4.582914572864322054e+02 8.590366834170856691e+01
4.688442211055276516e+02 8.930773869346734273e+01
4.793969849246230979e+02 9.126527638190954406e+01
4.899497487437186010e+02 9.256874371859295536e+01
5.005025125628141041e+02 9.237713567839195150e+01
5.110552763819095503e+02 9.058477386934673348e+01
5.216080402010049966e+02 8.849839195979899387e+01
5.321608040201004997e+02 8.642105527638190665e+01
5.427135678391960028e+02 8.457226130653265272e+01
5.532663316582915058e+02 8.321236180904521973e+01
5.638190954773870089e+02 8.284728643216080002e+01
5.743718592964823983e+02 8.235025125628141041e+01
5.849246231155779014e+02 8.253633165829145923e+01
5.954773869346734045e+02 8.347251256281407450e+01
6.060301507537687939e+02 8.467361809045225129e+01
6.165829145728644107e+02 8.572412060301508063e+01
6.271356783919598001e+02 8.701788944723617192e+01
6.376884422110553032e+02 8.865547738693467750e+01
6.482412060301508063e+02 8.956497487437187033e+01
6.587939698492461957e+02 9.123160804020101011e+01
6.693467336683418125e+02 9.080693467336682545e+01
6.798994974874372019e+02 9.177497487437186408e+01
6.904522613065327050e+02 9.202738693467335906e+01
7.010050251256282081e+02 9.190487437185929309e+01
7.115577889447235975e+02 9.178557788944723939e+01
7.221105527638191006e+02 9.107613065326633262e+01
7.326633165829146037e+02 9.049020100502512776e+01
7.432160804020101068e+02 8.959879396984923972e+01
7.537688442211056099e+02 8.875809045226129967e+01
7.643216080402009993e+02 8.784391959798995231e+01
7.748743718592965024e+02 8.759386934673366909e+01
7.854271356783920055e+02 8.608869346733668237e+01
7.959798994974873949e+02 8.517859296482411935e+01
8.065326633165830117e+02 8.477939698492461673e+01
8.170854271356784011e+02 8.383743718592964456e+01
8.276381909547739042e+02 8.295256281407034749e+01
8.381909547738694073e+02 8.279005025125628947e+01
8.487437185929649104e+02 8.329371859296482228e+01
8.592964824120602998e+02 8.315703517587940041e+01
8.698492462311558029e+02 8.299226130653265443e+01
8.804020100502513060e+02 8.274994974874371678e+01
8.909547738693468091e+02 8.265567839195979616e+01
9.015075376884423122e+02 8.265000000000000568e+01
9.120603015075377016e+02 8.256969849246230808e+01
9.226130653266332047e+02 8.253613065326632636e+01
9.331658291457287078e+02 8.247834170854271463e+01
9.437185929648242109e+02 8.240999999999999659e+01
9.542713567839196003e+02 8.238728643216080627e+01
9.648241206030151034e+02 8.239236180904522655e+01
9.753768844221106065e+02 8.253065326633166876e+01
9.859296482412061096e+02 8.261894472361809960e+01
9.964824120603016127e+02 8.271723618090452135e+01
1.007035175879397002e+03 8.278000000000000114e+01
1.017587939698492505e+03 8.284587939698492676e+01
1.028140703517588008e+03 8.293140703517588008e+01
1.038693467336683625e+03 8.303346733668341528e+01
1.049246231155778787e+03 8.307999999999999829e+01
1.059798994974874404e+03 8.310899497487437770e+01
1.070351758793970021e+03 8.309351758793970077e+01
1.080904522613065410e+03 8.316904522613064898e+01
1.091457286432160799e+03 8.327728643216080684e+01
1.102010050251256416e+03 8.331999999999999318e+01
1.112562814070351806e+03 8.325437185929648365e+01
1.123115577889447195e+03 8.315884422110552521e+01
1.133668341708542812e+03 8.303331658291456563e+01
1.144221105527638201e+03 8.291557788944723484e+01
1.154773869346733591e+03 8.278613065326634057e+01
1.165326633165829207e+03 8.267010050251255393e+01
1.175879396984924824e+03 8.249241206030150408e+01
1.186432160804020214e+03 8.228919597989948898e+01
1.196984924623115603e+03 8.207522613065326311e+01
1.207537688442211220e+03 8.187155778894471325e+01
1.218090452261306609e+03 8.163773869346734102e+01
1.228643216080401999e+03 8.138391959798995856e+01
1.239195979899497615e+03 8.111412060301508120e+01
1.249748743718593005e+03 8.082628140703516806e+01
1.260301507537688394e+03 8.055396984924622927e+01
1.270854271356784011e+03 8.026864321608040598e+01
1.281407035175879628e+03 7.997778894472359923e+01
1.291959798994974790e+03 7.971140703517588122e+01
1.302512562814070407e+03 7.941206030150753747e+01
1.313065326633166023e+03 7.902271356783919032e+01
1.323618090452261413e+03 7.863145728643216614e+01
1.334170854271356802e+03 7.827487437185929764e+01
1.344723618090452419e+03 7.800190954773869123e+01
1.355276381909547808e+03 7.767256281407034635e+01
1.365829145728643198e+03 7.730512562814070066e+01
1.376381909547738815e+03 7.693663316582915002e+01
1.386934673366834204e+03 7.649326633165829037e+01
1.397487437185929821e+03 7.604306532663315465e+01
1.408040201005025210e+03 7.558859296482411594e+01
1.418592964824120600e+03 7.517331658291458041e+01
1.429145728643216216e+03 7.478989949748743982e+01
1.439698492462311606e+03 7.441055276381909778e+01
1.450251256281407223e+03 7.401994974874371280e+01
1.460804020100502612e+03 7.360185929648240233e+01
1.471356783919598001e+03 7.320572864321609075e+01
1.481909547738693618e+03 7.277361809045224561e+01
1.492462311557789008e+03 7.232150753768844709e+01
1.503015075376884624e+03 7.185417085427134509e+01
1.513567839195980014e+03 7.133944723618088801e+01
1.524120603015075403e+03 7.083457286432161482e+01
1.534673366834171020e+03 7.031969849246230808e+01
1.545226130653266409e+03 6.978256281407034578e+01
1.555778894472361799e+03 6.924216080402010220e+01
1.566331658291457416e+03 6.868341708542713775e+01
1.576884422110552805e+03 6.812577889447236146e+01
1.587437185929648422e+03 6.753376884422110038e+01
1.597989949748743811e+03 6.691065326633165000e+01
1.608542713567839201e+03 6.627201005025125369e+01
1.619095477386934817e+03 6.554331658291457074e+01
1.629648241206030207e+03 6.471989949748743243e+01
1.640201005025125824e+03 6.372989949748741623e+01
1.650753768844221213e+03 6.290723618090451907e+01
1.661306532663316602e+03 6.227854271356783755e+01
1.671859296482412219e+03 6.156984924623114352e+01
1.682412060301507609e+03 6.080115577889446854e+01
1.692964824120603225e+03 6.006728643216079178e+01
1.703517587939698615e+03 5.931135678391959232e+01
1.714070351758794004e+03 5.853507537688442142e+01
1.724623115577889621e+03 5.773638190954772398e+01
1.735175879396985010e+03 5.694180904522612963e+01
1.745728643216080627e+03 5.613170854271354671e+01
1.756281407035176017e+03 5.534030150753768140e+01
1.766834170854271406e+03 5.455326633165828554e+01
1.777386934673367023e+03 5.376984924623113926e+01
1.787939698492462412e+03 5.304361809045225584e+01
1.798492462311557802e+03 5.229306532663316176e+01
1.809045226130653418e+03 5.171728643216079035e+01
1.819597989949748808e+03 5.101216080402009112e+01
1.830150753768844424e+03 5.001492462311556153e+01
1.840703517587939814e+03 4.907371859296481631e+01
1.851256281407035203e+03 4.825949748743718715e+01
1.861809045226130820e+03 4.747241206030150096e+01
1.872361809045226209e+03 4.671105527638190580e+01
1.882914572864321826e+03 4.602597989949747870e+01
1.893467336683417216e+03 4.530793969849244718e+01
1.904020100502512605e+03 4.446859296482411850e+01
1.914572864321608222e+03 4.375417085427134367e+01
1.925125628140703611e+03 4.300683417085426896e+01
1.935678391959799228e+03 4.249090452261305018e+01
1.946231155778894617e+03 4.182497487437185413e+01
1.956783919597990007e+03 4.115080402010050165e+01
1.967336683417085624e+03 4.061316582914571427e+01
1.977889447236181013e+03 3.989663316582913666e+01
1.988442211055276402e+03 3.945904522613065524e+01
1.998994974874372019e+03 3.886040201005023675e+01
2.009547738693467409e+03 3.819939698492461844e+01
2.020100502512563025e+03 3.760798994974874176e+01
2.030653266331658415e+03 3.705080402010050022e+01
2.041206030150753804e+03 3.650175879396984868e+01
2.051758793969849648e+03 3.592206030150751417e+01
2.062311557788944810e+03 3.549597989949748467e+01
2.072864321608040427e+03 3.498085427135676184e+01
2.083417085427136044e+03 3.419080402010047237e+01
2.093969849246231206e+03 3.392150753768844140e+01
2.104522613065326823e+03 3.362170854271356291e+01
2.115075376884422440e+03 3.306783919597986454e+01
2.125628140703517602e+03 3.255256281407035601e+01
2.136180904522613218e+03 3.206552763819094309e+01
2.146733668341708835e+03 3.150432160804019333e+01
2.157286432160803997e+03 3.104638190954774046e+01
2.167839195979899614e+03 3.036045226130652708e+01
2.178391959798995231e+03 2.984804020100502342e+01
2.188944723618090393e+03 2.940110552763819385e+01
2.199497487437186010e+03 2.884246231155779228e+01
2.210050251256281626e+03 2.832974874371858931e+01
2.220603015075376788e+03 2.777301507537688252e+01
2.231155778894472405e+03 2.755532663316582997e+01
2.241708542713568022e+03 2.728562814070351905e+01
2.252261306532663184e+03 2.692738693467336830e+01
2.262814070351759256e+03 2.676778894472361259e+01
2.273366834170854418e+03 2.653949748743718473e+01
2.283919597989949580e+03 2.609281407035176414e+01
2.294472361809045651e+03 2.567929648241203466e+01
2.305025125628140813e+03 2.530000000000000071e+01
2.315577889447236430e+03 2.496000000000000085e+01
2.326130653266332047e+03 2.436738693467335892e+01
2.336683417085427209e+03 2.445266331658291037e+01
2.347236180904522826e+03 2.419381909547738729e+01
2.357788944723618442e+03 2.323532663316578706e+01
2.368341708542713604e+03 2.306562814070352019e+01
2.378894472361809221e+03 2.349527638190953738e+01
2.389447236180904838e+03 2.331381909547738118e+01
2.400000000000000000e+03 2.228000000000000114e+01
