3.000000000000000000e+02 4.000000000000000083e-02
3.042084168336673429e+02 5.999999999999999778e-02
3.084168336673346857e+02 7.208416833667342927e-02
3.126252505010020286e+02 1.125050100200405828e-01
3.168336673346693146e+02 1.741683366733465799e-01
3.210420841683366575e+02 2.308416833667331358e-01
3.252505010020040004e+02 4.125250501002000192e-01
3.294589178356713433e+02 7.313026052104208974e-01
3.336673346693386861e+02 1.350120240480963574e+00
3.378757515030060290e+02 2.605891783567140241e+00
3.420841683366733719e+02 5.002384769539099274e+00
3.462925851703406579e+02 9.268156312625217552e+00
3.505010020040080008e+02 1.586689378757512081e+01
3.547094188376753436e+02 2.416525050100198868e+01
3.589178356713426865e+02 3.334020040080160641e+01
3.631262525050100294e+02 4.254386773547096112e+01
3.673346693386773723e+02 5.048240480961926835e+01
3.715430861723447151e+02 5.769609218436877995e+01
3.757515030060120580e+02 6.427098196392790896e+01
3.799599198396793440e+02 7.045268537074146309e+01
3.841683366733466869e+02 7.618695390781562082e+01
3.883767535070140298e+02 8.057328657314629083e+01
3.925851703406813726e+02 8.341210420841683515e+01
3.967935871743487155e+02 8.513871743486974708e+01
4.010020040080160015e+02 8.524953907815631737e+01
4.052104208416833444e+02 8.411661322645291250e+01
4.094188376753506873e+02 8.280306613226453294e+01
4.136272545090180301e+02 8.132350701402806692e+01
4.178356713426853730e+02 7.992683366733466244e+01
4.220440881763527159e+02 7.922603206412826182e+01
4.262525050100200588e+02 7.895484969939879250e+01
4.304609218436874016e+02 7.875539078156312200e+01
4.346693386773547445e+02 7.903705410821643795e+01
4.388777555110220874e+02 7.977677354709419433e+01
4.430861723446893734e+02 8.058981963927855929e+01
4.472945891783567163e+02 8.177426853707414978e+01
4.515030060120240591e+02 8.331611222444890075e+01
4.557114228456914020e+02 8.498178356713427206e+01
4.599198396793586880e+02 8.653873747494988322e+01
4.641282565130260309e+02 8.811975951903806958e+01
4.683366733466933738e+02 8.921891783567133416e+01
4.725450901803607167e+02 8.988539078156313167e+01
4.767535070140280595e+02 9.067446893787575846e+01
4.809619238476954024e+02 9.159276553106212759e+01
4.851703406813627453e+02 9.222607214428857958e+01
4.893787575150300881e+02 9.255446893787573970e+01
4.935871743486974310e+02 9.267651302605209196e+01
4.977955911823647739e+02 9.259635270541082264e+01
5.020040080160320599e+02 9.215919839679358461e+01
5.062124248496994028e+02 9.136388777555110607e+01
5.104208416833667457e+02 9.070214428857715916e+01
5.146292585170340317e+02 8.991044088176353455e+01
5.188376753507013746e+02 8.911058116232464954e+01
5.230460921843687174e+02 8.816893787575151009e+01
5.272545090180360603e+02 8.727282565130261105e+01
5.314629258517034032e+02 8.653861723446894416e+01
5.356713426853707460e+02 8.577244488977954973e+01
5.398797595190380889e+02 8.503164328657314286e+01
5.440881763527054318e+02 8.434633266533066376e+01
5.482965931863727747e+02 8.369737474949900502e+01
5.525050100200401175e+02 8.327707414829659172e+01
5.567134268537074604e+02 8.294935871743487610e+01
5.609218436873748033e+02 8.281999999999999318e+01
5.651302605210421461e+02 8.281609218436874187e+01
5.693386773547094890e+02 8.261322645290580624e+01
5.735470941883768319e+02 8.238905811623246223e+01
5.777555110220441748e+02 8.226388777555109755e+01
5.819639278557115176e+02 8.231783567134267798e+01
5.861723446893787468e+02 8.267551102204409119e+01
5.903807615230460897e+02 8.298903807615229766e+01
5.945891783567134325e+02 8.337480961923847644e+01
5.987975951903807754e+02 8.372785571142284766e+01
6.030060120240481183e+02 8.419605210420841956e+01
6.072144288577154612e+02 8.481573146292585363e+01
6.114228456913828040e+02 8.525805611222445179e+01
6.156312625250500332e+02 8.562681362725450640e+01
6.198396793587173761e+02 8.615595190380761892e+01
6.240480961923847190e+02 8.672456913827655001e+01
6.282565130260520618e+02 8.713334669338676974e+01
6.324649298597194047e+02 8.777531062124248251e+01
6.366733466933867476e+02 8.847783567134267457e+01
6.408817635270540904e+02 8.891376753507013575e+01
6.450901803607214333e+02 8.919446893787575448e+01
6.492985971943887762e+02 8.971829659318636629e+01
6.535070140280561191e+02 9.045386773547093640e+01
6.577154308617234619e+02 9.114158316633266566e+01
6.619238476953908048e+02 9.127152304609218447e+01
6.661322645290581477e+02 9.082669338677354176e+01
6.703406813627254905e+02 9.084555110220441065e+01
6.745490981963928334e+02 9.125040080160320599e+01
6.787575150300601763e+02 9.171787575150301564e+01
6.829659318637275192e+02 9.198482965931863475e+01
6.871743486973948620e+02 9.202953907815630430e+01
6.913827655310622049e+02 9.198086172344689260e+01
6.955911823647295478e+02 9.198022044088176585e+01
6.997995991983968906e+02 9.193701402805611167e+01
7.040080160320641198e+02 9.181000000000000227e+01
7.082164328657314627e+02 9.176999999999999602e+01
7.124248496993988056e+02 9.177513026052105261e+01
7.166332665330661484e+02 9.151983967935871078e+01
7.208416833667334913e+02 9.115529058116231909e+01
7.250501002004008342e+02 9.099949899799598541e+01
7.292585170340681771e+02 9.075965931863727576e+01
7.334669338677355199e+02 9.044198396793586880e+01
7.376753507014027491e+02 9.006921843687375429e+01
7.418837675350700920e+02 8.970278557114228590e+01
7.460921843687374349e+02 8.933617234468937340e+01
7.503006012024047777e+02 8.892196392785571391e+01
7.545090180360721206e+02 8.870673346693386918e+01
7.587174348697394635e+02 8.821412825651303535e+01
7.629258517034068063e+02 8.793519038076152583e+01
7.671342685370741492e+02 8.767492985971944108e+01
7.713426853707414921e+02 8.770957915831664309e+01
7.755511022044088350e+02 8.746529058116232136e+01
7.797595190380761778e+02 8.674771543086171732e+01
7.839679358717435207e+02 8.621529058116230715e+01
7.881763527054108636e+02 8.583472945891783468e+01
7.923847695390782064e+02 8.520152304609217708e+01
7.965931863727455493e+02 8.518593186372746118e+01
8.008016032064128922e+02 8.505392785571142156e+01
8.050100200400802350e+02 8.481020040080160527e+01
8.092184368737475779e+02 8.441458917835669240e+01
8.134268537074148071e+02 8.367865731462926249e+01
8.176352705410821500e+02 8.382094188376753152e+01
8.218436873747494928e+02 8.330641282565130723e+01
8.260521042084168357e+02 8.309531062124247569e+01
8.302605210420841786e+02 8.263042084168337453e+01
8.344689378757515215e+02 8.260096192384770575e+01
8.386773547094188643e+02 8.284112224448898587e+01
8.428857715430862072e+02 8.316771543086173324e+01
8.470941883767535501e+02 8.328094188376753948e+01
8.513026052104208929e+02 8.329999999999999716e+01
8.555110220440882358e+02 8.320466933867734838e+01
8.597194388777555787e+02 8.315280561122244762e+01
8.639278557114229216e+02 8.310036072144288255e+01
8.681362725450902644e+02 8.301795591182364831e+01
8.723446893787574936e+02 8.294138276553105982e+01
8.765531062124248365e+02 8.283893787575149759e+01
8.807615230460921794e+02 8.274096192384769211e+01
8.849699398797595222e+02 8.268515030060120807e+01
8.891783567134268651e+02 8.267000000000000171e+01
8.933867735470942080e+02 8.265386773547093924e+01
8.975951903807615508e+02 8.263404809619238733e+01
9.018036072144288937e+02 8.265000000000000568e+01
9.060120240480962366e+02 8.261987975951903707e+01
9.102204408817635795e+02 8.259669338677353778e+01
9.144288577154309223e+02 8.256214428857715859e+01
9.186372745490982652e+02 8.255362725450902417e+01
9.228456913827656081e+02 8.253845691382765892e+01
9.270541082164329509e+02 8.251472945891784150e+01
9.312625250501001801e+02 8.249737474949900218e+01
9.354709418837675230e+02 8.245529058116233045e+01
9.396793587174348659e+02 8.243320641282565475e+01
9.438877755511022087e+02 8.240999999999999659e+01
9.480961923847695516e+02 8.238048096192383696e+01
9.523046092184368945e+02 8.238152304609218390e+01
9.565130260521042374e+02 8.236743486973948336e+01
9.607214428857715802e+02 8.236360721442885335e+01
9.649298597194389231e+02 8.239394789579158385e+01
9.691382765531062660e+02 8.244138276553107403e+01
9.733466933867736088e+02 8.249693386773547843e+01
9.775551102204409517e+02 8.256332665330660348e+01
9.817635270541082946e+02 8.259763527054107612e+01
9.859719438877756374e+02 8.261957915831663968e+01
9.901803607214428666e+02 8.266090180360721718e+01
9.943887775551102095e+02 8.268583166332665257e+01
9.985971943887775524e+02 8.274298597194388094e+01
1.002805611222444895e+03 8.276999999999999602e+01
1.007014028056112238e+03 8.278000000000000114e+01
1.011222444889779581e+03 8.280611222444889563e+01
1.015430861723446924e+03 8.282715430861722439e+01
1.019639278557114267e+03 8.284999999999999432e+01
1.023847695390781610e+03 8.289695390781564299e+01
1.028056112224448952e+03 8.293056112224449805e+01
1.032264529058116295e+03 8.297132264529058432e+01
1.036472945891783638e+03 8.300709418837675457e+01
1.040681362725450981e+03 8.304340681362725718e+01
1.044889779559118324e+03 8.307444889779559105e+01
1.049098196392785667e+03 8.307999999999999829e+01
1.053306613226453010e+03 8.309693386773547275e+01
1.057515030060120353e+03 8.309515030060120466e+01
1.061723446893787695e+03 8.310999999999999943e+01
1.065931863727455038e+03 8.311965931863727519e+01
1.070140280561122381e+03 8.309140280561122438e+01
1.074348697394789724e+03 8.313348697394789610e+01
1.078557114228457067e+03 8.315278557114228875e+01
1.082765531062124410e+03 8.318765531062125262e+01
1.086973947895791753e+03 8.323947895791583562e+01
1.091182364729459096e+03 8.327591182364729150e+01
1.095390781563126438e+03 8.331390781563125358e+01
1.099599198396793781e+03 8.331999999999999318e+01
1.103807615230461124e+03 8.331999999999999318e+01
1.108016032064128240e+03 8.329983967935871192e+01
1.112224448897795583e+03 8.325775551102205441e+01
1.116432865731462925e+03 8.322567134268537359e+01
1.120641282565130268e+03 8.318358717434870186e+01
1.124849699398797611e+03 8.313300601202405460e+01
1.129058116232464954e+03 8.308941883767535330e+01
1.133266533066132297e+03 8.303733466933867646e+01
1.137474949899799640e+03 8.296787575150300142e+01
1.141683366733466983e+03 8.293158316633267191e+01
1.145891783567134325e+03 8.288216432865731065e+01
1.150100200400801668e+03 8.282899799599198332e+01
1.154308617234469011e+03 8.278845691382765892e+01
1.158517034068136354e+03 8.275482965931864499e+01
1.162725450901803697e+03 8.269637274549097583e+01
1.166933867735471040e+03 8.264599198396793156e+01
1.171142284569138155e+03 8.258286573146291687e+01
1.175350701402805498e+03 8.250298597194388606e+01
1.179559118236472841e+03 8.242661322645291477e+01
1.183767535070140184e+03 8.234464929859720428e+01
1.187975951903807527e+03 8.225060120240480899e+01
1.192184368737474870e+03 8.217631262525050317e+01
1.196392785571142213e+03 8.208410821643286681e+01
1.200601202404809555e+03 8.201098196392784700e+01
1.204809619238476898e+03 8.193380761523046374e+01
1.209018036072144241e+03 8.184472945891783979e+01
1.213226452905811584e+03 8.175547094188377173e+01
1.217434869739478927e+03 8.165412825651303308e+01
1.221643286573146270e+03 8.154891783567134667e+01
1.225851703406813613e+03 8.145222444889779467e+01
1.230060120240480956e+03 8.134849699398796474e+01
1.234268537074148298e+03 8.124462925851703687e+01
1.238476953907815641e+03 8.113569138276552906e+01
1.242685370741482984e+03 8.102601202404810010e+01
1.246893787575150327e+03 8.090318637274549474e+01
1.251102204408817670e+03 8.079244488977955996e+01
1.255310621242485013e+03 8.067723446893786843e+01
1.259519038076152356e+03 8.057202404809619622e+01
1.263727454909819699e+03 8.046817635270539881e+01
1.267935871743487041e+03 8.035160320641281828e+01
1.272144288577154384e+03 8.023639278557114096e+01
1.276352705410821727e+03 8.011941883767534023e+01
1.280561122244489070e+03 8.000316633266533017e+01
1.284769539078156413e+03 7.990460921843687458e+01
1.288977955911823756e+03 7.980555110220440440e+01
1.293186372745491099e+03 7.968627254509017632e+01
1.297394789579158441e+03 7.956815631262524846e+01
1.301603206412825784e+03 7.944190380761523329e+01
1.305811623246493127e+03 7.929659318637274623e+01
1.310020040080160470e+03 7.912929859719437786e+01
1.314228456913827813e+03 7.898200400801601972e+01
1.318436873747495156e+03 7.882252505010019661e+01
1.322645290581162499e+03 7.866064128256513754e+01
1.326853707414829614e+03 7.852438877755510305e+01
1.331062124248496957e+03 7.837282565130260537e+01
1.335270541082164300e+03 7.824188376753507157e+01
1.339478957915831643e+03 7.814042084168336544e+01
1.343687374749498986e+03 7.802781563126252706e+01
1.347895791583166329e+03 7.791312625250500901e+01
1.352104208416833671e+03 7.778687374749499384e+01
1.356312625250501014e+03 7.762905811623245711e+01
1.360521042084168357e+03 7.747436873747494701e+01
1.364729458917835700e+03 7.733811623246492672e+01
1.368937875751503043e+03 7.719186372745490132e+01
1.373146292585170386e+03 7.705561122244489525e+01
1.377354709418837729e+03 7.690258517034067154e+01
1.381563126252505072e+03 7.674747494989979657e+01
1.385771543086172414e+03 7.655028056112224988e+01
1.389979959919839757e+03 7.637070140280560793e+01
1.394188376753507100e+03 7.618246492985971940e+01
1.398396793587174443e+03 7.600214428857714211e+01
1.402605210420841786e+03 7.583579158316632629e+01
1.406813627254509129e+03 7.565525050100200133e+01
1.411022044088176472e+03 7.547911823647294227e+01
1.415230460921843815e+03 7.530462925851702494e+01
1.419438877755511157e+03 7.513525050100200531e+01
1.423647294589178500e+03 7.498234468937874908e+01
1.427855711422845843e+03 7.483577154308616741e+01
1.432064128256513186e+03 7.467775551102204190e+01
1.436272545090180529e+03 7.453046092184368376e+01
1.440480961923847644e+03 7.438076152304610389e+01
1.444689378757514987e+03 7.422587174348697658e+01
1.448897795591182330e+03 7.406857715430861333e+01
1.453106212424849673e+03 7.390575150300601592e+01
1.457314629258517016e+03 7.374398797595191013e+01
1.461523046092184359e+03 7.357669338677354176e+01
1.465731462925851702e+03 7.342939879759519783e+01
1.469939879759519044e+03 7.326240480961924106e+01
1.474148296593186387e+03 7.310332665330660973e+01
1.478356713426853730e+03 7.293216432865730781e+01
1.482565130260521073e+03 7.274456913827654603e+01
1.486773547094188416e+03 7.256905811623245484e+01
1.490981963927855759e+03 7.239090180360720694e+01
1.495190380761523102e+03 7.220643286573145758e+01
1.499398797595190445e+03 7.202006012024047266e+01
1.503607214428857787e+03 7.182160320641281714e+01
1.507815631262525130e+03 7.161921843687373723e+01
1.512024048096192473e+03 7.140891783567133189e+01
1.516232464929859816e+03 7.120837675350701090e+01
1.520440881763527159e+03 7.099236472945891308e+01
1.524649298597194502e+03 7.081078156312625538e+01
1.528857715430861845e+03 7.061711422845691288e+01
1.533066132264529188e+03 7.039669338677353494e+01
1.537274549098196530e+03 7.019627254509016723e+01
1.541482965931863873e+03 6.997843687374748356e+01
1.545691382765531216e+03 6.975697394789577288e+01
1.549899799599198559e+03 6.955501002004007205e+01
1.554108216432865902e+03 6.933404809619237597e+01
1.558316633266533017e+03 6.910258517034068859e+01
1.562525050100200360e+03 6.888112224448897791e+01
1.566733466933867703e+03 6.866332665330661200e+01
1.570941883767535046e+03 6.843819639278557077e+01
1.575150300601202389e+03 6.821673346693387430e+01
1.579358717434869732e+03 6.799527054108216362e+01
1.583567134268537075e+03 6.774597194388778121e+01
1.587775551102204417e+03 6.751346693386773268e+01
1.591983967935871760e+03 6.727088176352704352e+01
1.596192384769539103e+03 6.702749498997995659e+01
1.600400801603206446e+03 6.678595190380761437e+01
1.604609218436873789e+03 6.652344689378757892e+01
1.608817635270541132e+03 6.625276553106212418e+01
1.613026052104208475e+03 6.596817635270541302e+01
1.617234468937875818e+03 6.567741482965931255e+01
1.621442885771543160e+03 6.537899799599198047e+01
1.625651302605210503e+03 6.505615230460921339e+01
1.629859719438877846e+03 6.470192384769538307e+01
1.634068136272545189e+03 6.432352705410821159e+01
1.638276553106212532e+03 6.392234468937874681e+01
1.642484969939879875e+03 6.351120240480960888e+01
1.646693386773547218e+03 6.318146292585169732e+01
1.650901803607214561e+03 6.289687374749497906e+01
1.655110220440881903e+03 6.264338677354708551e+01
1.659318637274549246e+03 6.240406813627253513e+01
1.663527054108216589e+03 6.213837675350700351e+01
1.667735470941883932e+03 6.184851703406812362e+01
1.671943887775551275e+03 6.156392785571141246e+01
1.676152304609218618e+03 6.125857715430860395e+01
1.680360721442885733e+03 6.096114228456914219e+01
1.684569138276553076e+03 6.064731462925851702e+01
1.688777555110220419e+03 6.034945891783567617e+01
1.692985971943887762e+03 6.006591182364729775e+01
1.697194388777555105e+03 5.976042084168336999e+01
1.701402805611222448e+03 5.945777555110220192e+01
1.705611222444889790e+03 5.915915831663326685e+01
1.709819639278557133e+03 5.885172344689379287e+01
1.714028056112224476e+03 5.853803607214428695e+01
1.718236472945891819e+03 5.822226452905811556e+01
1.722444889779559162e+03 5.789663326653306541e+01
1.726653306613226505e+03 5.758446893787574794e+01
1.730861723446893848e+03 5.724537074148295801e+01
1.735070140280561191e+03 5.694973947895791611e+01
1.739278557114228533e+03 5.663771543086171789e+01
1.743486973947895876e+03 5.630847695390781382e+01
1.747695390781563219e+03 5.597436873747494701e+01
1.751903807615230562e+03 5.564817635270540563e+01
1.756112224448897905e+03 5.535214428857714353e+01
1.760320641282565248e+03 5.503274549098195934e+01
1.764529058116232591e+03 5.473032064128256025e+01
1.768737474949899934e+03 5.440100200400800645e+01
1.772945891783567276e+03 5.406851703406812959e+01
1.777154308617234619e+03 5.378496993987975117e+01
1.781362725450901962e+03 5.349823647294588369e+01
1.785571142284569305e+03 5.319002004008014239e+01
1.789779559118236648e+03 5.290653306613225482e+01
1.793987975951903991e+03 5.258084168336672093e+01
1.798196392785571106e+03 5.231527054108216390e+01
1.802404809619238449e+03 5.205571142284568964e+01
1.806613226452905792e+03 5.183547094188377002e+01
1.810821643286573135e+03 5.162713426853706977e+01
1.815030060120240478e+03 5.135789579158316798e+01
1.819238476953907821e+03 5.104092184368737151e+01
1.823446893787575164e+03 5.068531062124248621e+01
1.827655310621242506e+03 5.026274549098195621e+01
1.831863727454909849e+03 4.984362725450901621e+01
1.836072144288577192e+03 4.948314629258516817e+01
1.840280561122244535e+03 4.910755511022043862e+01
1.844488977955911878e+03 4.876332665330660632e+01
1.848697394789579221e+03 4.845118236472945483e+01
1.852905811623246564e+03 4.812300601202404238e+01
1.857114228456913906e+03 4.781529058116231568e+01
1.861322645290581249e+03 4.750402805611221879e+01
1.865531062124248592e+03 4.721517034068135388e+01
1.869739478957915935e+03 4.689953907815630885e+01
1.873947895791583278e+03 4.658416833667333634e+01
1.878156312625250621e+03 4.635983967935870709e+01
1.882364729458917964e+03 4.606446893787574481e+01
1.886573146292585307e+03 4.579274549098195735e+01
1.890781563126252649e+03 4.551310621242484444e+01
1.894989979959919992e+03 4.516100200400799736e+01
1.899198396793587335e+03 4.481210420841681952e+01
1.903406813627254678e+03 4.451152304609217225e+01
1.907615230460922021e+03 4.422501002004007375e+01
1.911823647294589364e+03 4.392146292585168510e+01
1.916032064128256479e+03 4.363791583166332799e+01
1.920240480961923822e+03 4.337196392785571675e+01
1.924448897795591165e+03 4.305082164328657512e+01
1.928657314629258508e+03 4.284398797595190445e+01
1.932865731462925851e+03 4.263969939879759607e+01
1.937074148296593194e+03 4.240555110220440582e+01
1.941282565130260537e+03 4.219587174348696834e+01
1.945490981963927879e+03 4.187817635270540961e+01
1.949699398797595222e+03 4.156555110220440241e+01
1.953907815631262565e+03 4.128507014028055977e+01
1.958116232464929908e+03 4.108244488977955911e+01
1.962324649298597251e+03 4.089701402805610542e+01
1.966533066132264594e+03 4.065334669338677287e+01
1.970741482965931937e+03 4.040180360721442554e+01
1.974949899799599280e+03 4.008875751503005347e+01
1.979158316633266622e+03 3.981470941883766557e+01
1.983366733466933965e+03 3.959583166332664916e+01
1.987575150300601308e+03 3.949424849699398976e+01
1.991783567134268651e+03 3.925190380761522846e+01
1.995991983967935994e+03 3.898052104208415614e+01
2.000200400801603337e+03 3.876897795591181506e+01
2.004408817635270680e+03 3.845160320641281970e+01
2.008617234468938022e+03 3.825987975951903053e+01
2.012825651302605365e+03 3.802935871743486729e+01
2.017034068136272708e+03 3.781931863727454868e+01
2.021242484969940051e+03 3.758515030060119955e+01
2.025450901803607394e+03 3.729921843687374405e+01
2.029659318637274737e+03 3.710533066132263968e+01
2.033867735470942080e+03 3.687661322645289630e+01
2.038076152304609195e+03 3.660771543086172386e+01
2.042284569138276538e+03 3.645008016032063836e+01
2.046492985971943881e+03 3.623028056112224249e+01
2.050701402805610996e+03 3.597492985971944535e+01
2.054909819639278794e+03 3.581270541082163561e+01
2.059118236472945682e+03 3.559967935871744515e+01
2.063326653306613480e+03 3.545030060120239312e+01
2.067535070140280368e+03 3.530162324649299421e+01
2.071743486973948166e+03 3.506539078156311007e+01
2.075951903807615054e+03 3.475336673346694738e+01
2.080160320641282851e+03 3.436358717434868026e+01
2.084368737474949739e+03 3.415553106212424694e+01
2.088577154308617537e+03 3.409711422845691686e+01
2.092785571142284425e+03 3.398072144288578045e+01
2.096993987975952223e+03 3.392987975951904644e+01
2.101202404809619111e+03 3.381190380761523784e+01
2.105410821643286909e+03 3.359062124248495707e+01
2.109619238476953797e+03 3.331903807615231017e+01
2.113827655310621594e+03 3.318034068136270776e+01
2.118036072144288482e+03 3.284927855711423206e+01
2.122244488977956280e+03 3.263410821643284265e+01
2.126452905811623168e+03 3.255094188376754261e+01
2.130661322645290966e+03 3.228008016032063665e+01
2.134869739478957854e+03 3.219302605210421575e+01
2.139078156312625651e+03 3.187148296593184682e+01
2.143286573146292540e+03 3.171420841683367087e+01
2.147494989979960337e+03 3.147767535070138933e+01
2.151703406813627225e+03 3.116927855711422879e+01
2.155911823647294568e+03 3.113220440881763551e+01
2.160120240480961911e+03 3.075977955911823614e+01
2.164328657314629254e+03 3.054685370741482942e+01
2.168537074148296597e+03 3.031509018036072334e+01
2.172745490981963940e+03 2.998899799599198346e+01
2.176953907815631283e+03 2.986046092184368916e+01
2.181162324649298625e+03 2.975282565130260437e+01
2.185370741482965968e+03 2.963573146292585037e+01
2.189579158316633311e+03 2.938841683366733193e+01
2.193787575150300654e+03 2.907805611222444497e+01
2.197995991983967997e+03 2.882028056112223879e+01
2.202204408817635340e+03 2.864466933867734966e+01
2.206412825651302683e+03 2.848348697394789397e+01
2.210621242484970026e+03 2.832689378757514831e+01
2.214829659318637368e+03 2.811022044088175775e+01
2.219038076152304711e+03 2.777961923847695402e+01
2.223246492985972054e+03 2.774260521042083738e+01
2.227454909819639397e+03 2.762272545090180387e+01
2.231663326653306740e+03 2.754010020040079709e+01
2.235871743486974083e+03 2.748743486973948080e+01
2.240080160320641426e+03 2.726120240480962309e+01
2.244288577154308769e+03 2.722979959919838677e+01
2.248496993987976111e+03 2.698012024048095725e+01
2.252705410821643454e+03 2.692294589178356645e+01
2.256913827655310797e+03 2.690939879759520181e+01
2.261122244488978140e+03 2.680194388777554693e+01
2.265330661322645483e+03 2.671008016032063637e+01
2.269539078156312826e+03 2.670382765531061509e+01
2.273747494989980169e+03 2.653378757515029918e+01
2.277955911823647511e+03 2.624176352705409698e+01
2.282164328657314400e+03 2.615424849699399701e+01
2.286372745490982197e+03 2.599136272545089099e+01
2.290581162324649085e+03 2.578837675350701986e+01
2.294789579158316883e+03 2.565867735470940403e+01
2.298997995991983771e+03 2.539507014028056631e+01
2.303206412825651569e+03 2.533174348697393796e+01
2.307414829659318457e+03 2.524340681362726002e+01
2.311623246492986254e+03 2.500014028056109794e+01
2.315831663326653143e+03 2.496000000000000085e+01
2.320040080160320940e+03 2.474619238476951111e+01
2.324248496993987828e+03 2.438751503006012200e+01
2.328456913827655626e+03 2.434599198396794506e+01
2.332665330661322514e+03 2.441661322645289900e+01
2.336873747494990312e+03 2.444505010020038682e+01
2.341082164328657200e+03 2.456917835671342587e+01
2.345290581162324997e+03 2.429222444889775190e+01
2.349498997995991886e+03 2.419000000000000128e+01
2.353707414829659228e+03 2.376486973947896431e+01
2.357915831663326571e+03 2.322010020040081102e+01
2.362124248496993914e+03 2.326993987975951583e+01
2.366332665330661257e+03 2.325675350701403588e+01
2.370541082164328600e+03 2.322246492985971500e+01
2.374749498997995943e+03 2.347374749498997915e+01
2.378957915831663286e+03 2.349210420841683700e+01
2.383166332665330629e+03 2.339250501002004157e+01
2.387374749498997971e+03 2.341877755511022485e+01
2.391583166332665314e+03 2.322084168336673216e+01
2.395791583166332657e+03 2.269376753507014044e+01
2.400000000000000000e+03 2.228000000000000114e+01
