3.000000000000000000e+02 1.647894739984197443e+00 -2.975431810528167964e-01
3.042084168336673429e+02 1.740734506183347907e+00 -2.781886836949959418e-01
3.084168336673346857e+02 1.790247871313271011e+00 -2.664347646259129232e-01
3.126252505010020286e+02 1.826524212583771289e+00 -2.564448142901061822e-01
3.168336673346693146e+02 1.856796062775644129e+00 -2.468636965259164429e-01
3.210420841683366575e+02 1.883883171872537288e+00 -2.371401578958634848e-01
3.252505010020040004e+02 1.909164890504514212e+00 -2.269660456740091869e-01
3.294589178356713433e+02 1.933411143012898625e+00 -2.161195890305635525e-01
3.336673346693386861e+02 1.957087234108348728e+00 -2.044021249950721264e-01
3.378757515030060290e+02 1.980484190870579475e+00 -1.916004403133295397e-01
3.420841683366733719e+02 2.003776772228958780e+00 -1.774509137880437015e-01
3.462925851703406579e+02 2.027040796835267056e+00 -1.615877754695756729e-01
3.505010020040080008e+02 2.050227189618764267e+00 -1.434444429613950245e-01
3.547094188376753436e+02 2.073029686618300893e+00 -1.220187436809714449e-01
3.589178356713426865e+02 2.094251879653304282e+00 -9.513312372433647968e-02
3.631262525050100294e+02 2.105375595455126980e+00 -5.528232796148017242e-02
3.673346693386773723e+02 2.081487833837387669e+00 -1.613561298077791409e-04
3.715430861723447151e+02 2.042954047187141686e+00 -1.722012641960812991e-04
3.757515030060120580e+02 2.021301543110021637e+00 -1.822125006983395972e-04
3.799599198396793440e+02 2.006186346601495973e+00 -1.921038537095565797e-04
3.841683366733466869e+02 1.994635051618725896e+00 -2.020833362683447493e-04
3.883767535070140298e+02 1.985338920292849085e+00 -2.122457893815666891e-04
3.925851703406813726e+02 1.977596666106778533e+00 -2.226452799894247051e-04
3.967935871743487155e+02 1.970986344373538701e+00 -2.333173932951439591e-04
4.010020040080160015e+02 1.965233756282150912e+00 -2.442880891368082890e-04
4.052104208416833444e+02 1.960150605852848393e+00 -2.555778373406633825e-04
4.094188376753506873e+02 1.955602092014241622e+00 -2.672037630063837520e-04
4.136272545090180301e+02 1.951488512372087536e+00 -2.791808609375576481e-04
4.178356713426853730e+02 1.947734159970189616e+00 -2.915227191007003778e-04
4.220440881763527159e+02 1.944280287655453909e+00 -3.042419804600518139e-04
4.262525050100200588e+02 1.941080469856779178e+00 -3.173506407685506214e-04
4.304609218436874016e+02 1.938097442654970415e+00 -3.308602552138112797e-04
4.346693386773547445e+02 1.935300890387832817e+00 -3.447820791426444440e-04
4.388777555110220874e+02 1.932665857972813095e+00 -3.591271729822325884e-04
4.430861723446893734e+02 1.930171588364890001e+00 -3.739064750288984538e-04
4.472945891783567163e+02 1.927800655827983212e+00 -3.891308580972066360e-04
4.515030060120240591e+02 1.925538309380713686e+00 -4.048111734167017181e-04
4.557114228456914020e+02 1.923371968354677275e+00 -4.209582826729809735e-04
4.599198396793586880e+02 1.921290829870920147e+00 -4.375830847098947669e-04
4.641282565130260309e+02 1.919285559886630743e+00 -4.546965356411944155e-04
4.683366733466933738e+02 1.917348047481802320e+00 -4.723096663112379763e-04
4.725450901803607167e+02 1.915471207583711699e+00 -4.904335955106966074e-04
4.767535070140280595e+02 1.913648821203054684e+00 -5.090795422333323000e-04
4.809619238476954024e+02 1.911875405015013962e+00 -5.282588343603985713e-04
4.851703406813627453e+02 1.910146104110614029e+00 -5.479829188111701860e-04
4.893787575150300881e+02 1.908456603200345603e+00 -5.682633662930589849e-04
4.935871743486974310e+02 1.906803052629733930e+00 -5.891118788709997578e-04
4.977955911823647739e+02 1.905182006372600156e+00 -6.105402956710961329e-04
5.020040080160320599e+02 1.903590369776753999e+00 -6.325605976463926630e-04
5.062124248496994028e+02 1.902025355301307785e+00 -6.551849116074731638e-04
5.104208416833667457e+02 1.900484444842102105e+00 -6.784255146641105612e-04
5.146292585170340317e+02 1.898965357518867858e+00 -7.022948388187148002e-04
5.188376753507013746e+02 1.897466022014344889e+00 -7.268054729104294221e-04
5.230460921843687174e+02 1.895984552726081906e+00 -7.519701673794857311e-04
5.272545090180360603e+02 1.894519229126768289e+00 -7.778018367912738077e-04
5.314629258517034032e+02 1.893068477836724828e+00 -8.043135629500654379e-04
5.356713426853707460e+02 1.891630856998649302e+00 -8.315185979347685958e-04
5.398797595190380889e+02 1.890205042614499176e+00 -8.594303670624354628e-04
5.440881763527054318e+02 1.888789816561003754e+00 -8.880624711567270324e-04
5.482965931863727747e+02 1.887384056046458758e+00 -9.174286897132701924e-04
5.525050100200401175e+02 1.885986724309287377e+00 -9.475429834660639055e-04
5.567134268537074604e+02 1.884596862389987804e+00 -9.784194969163248316e-04
5.609218436873748033e+02 1.883213581833839800e+00 -1.010072560704161800e-03
5.651302605210421461e+02 1.881836058203105511e+00 -1.042516694369937692e-03
5.693386773547094890e+02 1.880463525295300364e+00 -1.075766609298040325e-03
5.735470941883768319e+02 1.879095269979001115e+00 -1.109837210375310941e-03
5.777555110220441748e+02 1.877730627571201794e+00 -1.144743599126988838e-03
5.819639278557115176e+02 1.876368977690769047e+00 -1.180501076308217590e-03
5.861723446893787468e+02 1.875009740531484947e+00 -1.217125143843673409e-03
5.903807615230460897e+02 1.873652373505740432e+00 -1.254631508076320141e-03
5.945891783567134325e+02 1.872296368216377349e+00 -1.293036081451237260e-03
5.987975951903807754e+02 1.870941247719695166e+00 -1.332354986077785401e-03
6.030060120240481183e+02 1.869586564047337029e+00 -1.372604555442265891e-03
6.072144288577154612e+02 1.868231895958814892e+00 -1.413801337185902150e-03
6.114228456913828040e+02 1.866876846899919506e+00 -1.455962096092297412e-03
6.156312625250500332e+02 1.865521043145258906e+00 -1.499103816085523271e-03
6.198396793587173761e+02 1.864164132105767813e+00 -1.543243703257332925e-03
6.240480961923847190e+02 1.862805780784283938e+00 -1.588399188422404736e-03
6.282565130260520618e+02 1.861445674364246905e+00 -1.634587929445742438e-03
6.324649298597194047e+02 1.860083514918276171e+00 -1.681827814527163270e-03
6.366733466933867476e+02 1.858719020224879559e+00 -1.730136964220243320e-03
6.408817635270540904e+02 1.857351922682843881e+00 -1.779533734742756029e-03
6.450901803607214333e+02 1.855981968313996866e+00 -1.830036720221666323e-03
6.492985971943887762e+02 1.854608915846041706e+00 -1.881664755726494961e-03
6.535070140280561191e+02 1.853232535868039710e+00 -1.934436919972455952e-03
6.577154308617234619e+02 1.851852610051899717e+00 -1.988372538030786993e-03
6.619238476953908048e+02 1.850468930433917913e+00 -2.043491184422292686e-03
6.661322645290581477e+02 1.849081298751019675e+00 -2.099812685617992881e-03
6.703406813627254905e+02 1.847689525826897050e+00 -2.157357123074696206e-03
6.745490981963928334e+02 1.846293431003709573e+00 -2.216144836097641395e-03
6.787575150300601763e+02 1.844892841615444867e+00 -2.276196424839160241e-03
6.829659318637275192e+02 1.843487592499411631e+00 -2.337532753060222492e-03
6.871743486973948620e+02 1.842077525542679117e+00 -2.400174951280314214e-03
6.913827655310622049e+02 1.840662489260575407e+00 -2.464144419595886825e-03
6.955911823647295478e+02 1.839242338404627919e+00 -2.529462830729442384e-03
6.997995991983968906e+02 1.837816933597572477e+00 -2.596152133116805347e-03
7.040080160320641198e+02 1.836386140993274685e+00 -2.664234553957204026e-03
7.082164328657314627e+02 1.834949831959596489e+00 -2.733732602122605684e-03
7.124248496993988056e+02 1.833507882782427378e+00 -2.804669071554437808e-03
7.166332665330661484e+02 1.832060174389242180e+00 -2.877067044028353959e-03
7.208416833667334913e+02 1.830606592090706641e+00 -2.950949892602561329e-03
7.250501002004008342e+02 1.829147025338963672e+00 -3.026341284608345238e-03
7.292585170340681771e+02 1.827681367501364340e+00 -3.103265184830344622e-03
7.334669338677355199e+02 1.826209515648500759e+00 -3.181745858841943456e-03
7.376753507014027491e+02 1.824731370355498372e+00 -3.261807876122830782e-03
7.418837675350700920e+02 1.823246835515615061e+00 -3.343476113285241171e-03
7.460921843687374349e+02 1.821755818165263774e+00 -3.426775757445741071e-03
7.503006012024047777e+02 1.820258228319654670e+00 -3.511732309484145824e-03
7.545090180360721206e+02 1.818753978818311134e+00 -3.598371587285367854e-03
7.587174348697394635e+02 1.817242985179782222e+00 -3.686719729191431389e-03
7.629258517034068063e+02 1.815725165464912250e+00 -3.776803197228265855e-03
7.671342685370741492e+02 1.814200440148096449e+00 -3.868648780524595616e-03
7.713426853707414921e+02 1.812668731995981775e+00 -3.962283598757639427e-03
7.755511022044088350e+02 1.811129965953113263e+00 -4.057735105514271613e-03
7.797595190380761778e+02 1.809584069034080756e+00 -4.155031091715148499e-03
7.839679358717435207e+02 1.808030970221727429e+00 -4.254199689038003912e-03
7.881763527054108636e+02 1.806470600371041790e+00 -4.355269373438214534e-03
7.923847695390782064e+02 1.804902892118356306e+00 -4.458268968645318076e-03
7.965931863727455493e+02 1.803327779795531605e+00 -4.563227649557503700e-03
8.008016032064128922e+02 1.801745199348797177e+00 -4.670174945872734330e-03
8.050100200400802350e+02 1.800155088261970349e+00 -4.779140745535539851e-03
8.092184368737475779e+02 1.798557385483779969e+00 -4.890155298331297362e-03
8.134268537074148071e+02 1.796952031359043023e+00 -5.003249219522572407e-03
8.176352705410821500e+02 1.795338967563461674e+00 -5.118453493285560207e-03
8.218436873747494928e+02 1.793718137041825145e+00 -5.235799476339185292e-03
8.260521042084168357e+02 1.792089483949410367e+00 -5.355318901737146295e-03
8.302605210420841786e+02 1.790452953596400443e+00 -5.477043882226722248e-03
8.344689378757515215e+02 1.788808492395132843e+00 -5.601006914067402018e-03
8.386773547094188643e+02 1.787156047810027015e+00 -5.727240880690730174e-03
8.428857715430862072e+02 1.785495568310027092e+00 -5.855779056291106517e-03
8.470941883767535501e+02 1.783827003323422478e+00 -5.986655109551085666e-03
8.513026052104208929e+02 1.782150303194911745e+00 -6.119903107323362325e-03
8.555110220440882358e+02 1.780465419144780626e+00 -6.255557518420793404e-03
8.597194388777555787e+02 1.778772303230083507e+00 -6.393653217238746966e-03
8.639278557114229216e+02 1.777070908307712305e+00 -6.534225487573136655e-03
8.681362725450902644e+02 1.775361187999254131e+00 -6.677310026336417091e-03
8.723446893787574936e+02 1.773643096657539386e+00 -6.822942947376339946e-03
8.765531062124248365e+02 1.771916589334789682e+00 -6.971160785184318288e-03
8.807615230460921794e+02 1.770181621752282553e+00 -7.122000498796641869e-03
8.849699398797595222e+02 1.768438150271450349e+00 -7.275499475483660633e-03
8.891783567134268651e+02 1.766686131866343601e+00 -7.431695534663113577e-03
8.933867735470942080e+02 1.764925524097381571e+00 -7.590626931742759827e-03
8.975951903807615508e+02 1.763156285086328490e+00 -7.752332361914692459e-03
9.018036072144288937e+02 1.761378373492434868e+00 -7.916850964073048405e-03
9.060120240480962366e+02 1.759591748489679919e+00 -8.084222324681157243e-03
9.102204408817635795e+02 1.757796369745064258e+00 -8.254486481655021538e-03
9.144288577154309223e+02 1.755992197397900467e+00 -8.427683928304464597e-03
9.186372745490982652e+02 1.754179192040050683e+00 -8.603855617274240933e-03
9.228456913827656081e+02 1.752357314697068569e+00 -8.783042964421757318e-03
9.270541082164329509e+02 1.750526526810197936e+00 -8.965287852873775679e-03
9.312625250501001801e+02 1.748686790219191822e+00 -9.150632636942228684e-03
9.354709418837675230e+02 1.746838067145907836e+00 -9.339120146138675180e-03
9.396793587174348659e+02 1.744980320178652233e+00 -9.530793689196653817e-03
9.438877755511022087e+02 1.743113512257224773e+00 -9.725697058148579863e-03
9.480961923847695516e+02 1.741237606658647685e+00 -9.923874532293212175e-03
9.523046092184368945e+02 1.739352566983532800e+00 -1.012537088238498958e-02
9.565130260521042374e+02 1.737458357143073728e+00 -1.033023137464610455e-02
9.607214428857715802e+02 1.735554941346616475e+00 -1.053850177495687344e-02
9.649298597194389231e+02 1.733642284089804031e+00 -1.075022835297638826e-02
9.691382765531062660e+02 1.731720350143251874e+00 -1.096545788633539881e-02
9.733466933867736088e+02 1.729789104541742395e+00 -1.118423766484137258e-02
9.775551102204409517e+02 1.727848512573914030e+00 -1.140661549468158405e-02
9.817635270541082946e+02 1.725898539772418694e+00 -1.163263970273452699e-02
9.859719438877756374e+02 1.723939151904539502e+00 -1.186235914086586872e-02
9.901803607214428666e+02 1.721970314963237270e+00 -1.209582319019340824e-02
9.943887775551102095e+02 1.719991995158616005e+00 -1.233308176552234958e-02
9.985971943887775524e+02 1.718004158909791856e+00 -1.257418531972252611e-02
1.002805611222444895e+03 1.716006772837143757e+00 -1.281918484815412415e-02
1.007014028056112238e+03 1.713999803754935325e+00 -1.306813189317996768e-02
1.011222444889779581e+03 1.711983218664293149e+00 -1.332107854865288363e-02
1.015430861723446924e+03 1.709956984746529018e+00 -1.357807746449369093e-02
1.019639278557114267e+03 1.707921069356789001e+00 -1.383918185134407931e-02
1.023847695390781610e+03 1.705875440018025602e+00 -1.410444548516054039e-02
1.028056112224448952e+03 1.703820064415273006e+00 -1.437392271198077200e-02
1.032264529058116295e+03 1.701754910390222530e+00 -1.464766845269437935e-02
1.036472945891783638e+03 1.699679945936082293e+00 -1.492573820782784784e-02
1.040681362725450981e+03 1.697595139192714653e+00 -1.520818806245273838e-02
1.044889779559118324e+03 1.695500458442044334e+00 -1.549507469115044000e-02
1.049098196392785667e+03 1.693395872103722555e+00 -1.578645536298808535e-02
1.053306613226453010e+03 1.691281348731047185e+00 -1.608238794661658033e-02
1.057515030060120353e+03 1.689156857007126478e+00 -1.638293091540740654e-02
1.061723446893787695e+03 1.687022365741279062e+00 -1.668814335267417709e-02
1.065931863727455038e+03 1.684877843865670410e+00 -1.699808495700308800e-02
1.070140280561122381e+03 1.682723260432166912e+00 -1.731281604756939457e-02
1.074348697394789724e+03 1.680558584609417760e+00 -1.763239756962833513e-02
1.078557114228457067e+03 1.678383785680146900e+00 -1.795689110007404193e-02
1.082765531062124410e+03 1.676198833038655023e+00 -1.828635885306343495e-02
1.086973947895791753e+03 1.674003696188528290e+00 -1.862086368573001582e-02
1.091182364729459096e+03 1.671798344740546893e+00 -1.896046910401251798e-02
1.095390781563126438e+03 1.669582748410791240e+00 -1.930523926861161046e-02
1.099599198396793781e+03 1.667356877018941530e+00 -1.965523900097037105e-02
1.103807615230461124e+03 1.665120700486768968e+00 -2.001053378943042083e-02
1.108016032064128240e+03 1.662874188836813039e+00 -2.037118979550139181e-02
1.112224448897795583e+03 1.660617312191245754e+00 -2.073727386018178742e-02
1.116432865731462925e+03 1.658350040770917078e+00 -2.110885351046457720e-02
1.120641282565130268e+03 1.656072344894584436e+00 -2.148599696593862102e-02
1.124849699398797611e+03 1.653784194978316746e+00 -2.186877314551777252e-02
1.129058116232464954e+03 1.651485561535081859e+00 -2.225725167430768134e-02
1.133266533066132297e+03 1.649176415174506971e+00 -2.265150289059161132e-02
1.137474949899799640e+03 1.646856726602817123e+00 -2.305159785298365946e-02
1.141683366733466983e+03 1.644526466622949101e+00 -2.345760834769849978e-02
1.145891783567134325e+03 1.642185606134839437e+00 -2.386960689598368116e-02
1.150100200400801668e+03 1.639834116135888031e+00 -2.428766676170109745e-02
1.154308617234469011e+03 1.637471967721600530e+00 -2.471186195906554389e-02
1.158517034068136354e+03 1.635099132086400564e+00 -2.514226726054853353e-02
1.162725450901803697e+03 1.632715580524622734e+00 -2.557895820493837069e-02
1.166933867735471040e+03 1.630321284431685447e+00 -2.602201110556687930e-02
1.171142284569138155e+03 1.627916215305434955e+00 -2.647150305873383416e-02
1.175350701402805498e+03 1.625500344747679682e+00 -2.692751195228683392e-02
1.179559118236472841e+03 1.623073644465898413e+00 -2.739011647438547095e-02
1.183767535070140184e+03 1.620636086275137888e+00 -2.785939612247970848e-02
1.187975951903807527e+03 1.618187642100094914e+00 -2.833543121243477930e-02
1.192184368737474870e+03 1.615728283977388324e+00 -2.881830288790234937e-02
1.196392785571142213e+03 1.613257984058021677e+00 -2.930809312986196180e-02
1.200601202404809555e+03 1.610776714610041349e+00 -2.980488476637503312e-02
1.204809619238476898e+03 1.608284448021393587e+00 -3.030876148255159247e-02
1.209018036072144241e+03 1.605781156802981835e+00 -3.081980783072998595e-02
1.213226452905811584e+03 1.603266813591930573e+00 -3.133810924088731992e-02
1.217434869739478927e+03 1.600741391155058757e+00 -3.186375203125058758e-02
1.221643286573146270e+03 1.598204862392566206e+00 -3.239682341916770569e-02
1.225851703406813613e+03 1.595657200341939141e+00 -3.293741153217832895e-02
1.230060120240480956e+03 1.593098378182080221e+00 -3.348560541935421270e-02
1.234268537074148298e+03 1.590528369237665052e+00 -3.404149506285192306e-02
1.238476953907815641e+03 1.587947146983735180e+00 -3.460517138974272128e-02
1.242685370741482984e+03 1.585354685050528234e+00 -3.517672628406802449e-02
1.246893787575150327e+03 1.582750957228556743e+00 -3.575625259916129922e-02
1.251102204408817670e+03 1.580135937473938323e+00 -3.634384417023770603e-02
1.255310621242485013e+03 1.577509599913983651e+00 -3.693959582722993601e-02
1.259519038076152356e+03 1.574871918853050667e+00 -3.754360340790981881e-02
1.263727454909819699e+03 1.572222868778674787e+00 -3.815596377128191441e-02
1.267935871743487041e+03 1.569562424367975106e+00 -3.877677481122443481e-02
1.272144288577154384e+03 1.566890560494353712e+00 -3.940613547046964427e-02
1.276352705410821727e+03 1.564207252234490975e+00 -4.004414575481164001e-02
1.280561122244489070e+03 1.561512474875643708e+00 -4.069090674763223281e-02
1.284769539078156413e+03 1.558806203923263523e+00 -4.134652062473163914e-02
1.288977955911823756e+03 1.556088415108934253e+00 -4.201109066941833420e-02
1.293186372745491099e+03 1.553359084398647116e+00 -4.268472128795391951e-02
1.297394789579158441e+03 1.550618188001416264e+00 -4.336751802524047017e-02
1.301603206412825784e+03 1.547865702378254493e+00 -4.405958758088346361e-02
1.305811623246493127e+03 1.545101604251508443e+00 -4.476103782551182214e-02
1.310020040080160470e+03 1.542325870614574379e+00 -4.547197781744621164e-02
1.314228456913827813e+03 1.539538478742003225e+00 -4.619251781967543408e-02
1.318436873747495156e+03 1.536739406200005265e+00 -4.692276931716913430e-02
1.322645290581162499e+03 1.533928630857368303e+00 -4.766284503449542964e-02
1.326853707414829614e+03 1.531106130896805917e+00 -4.841285895379076470e-02
1.331062124248496957e+03 1.528271884826741367e+00 -4.917292633303975424e-02
1.335270541082164300e+03 1.525425871493553798e+00 -4.994316372472228788e-02
1.339478957915831643e+03 1.522568070094285186e+00 -5.072368899476160931e-02
1.343687374749498986e+03 1.519698460189840450e+00 -5.151462134184534025e-02
1.347895791583166329e+03 1.516817021718684044e+00 -5.231608131707560921e-02
1.352104208416833671e+03 1.513923735011053040e+00 -5.312819084395634106e-02
1.356312625250501014e+03 1.511018580803707323e+00 -5.395107323875650979e-02
1.360521042084168357e+03 1.508101540255227579e+00 -5.478485323119270528e-02
1.364729458917835700e+03 1.505172594961887489e+00 -5.562965698547930882e-02
1.368937875751503043e+03 1.502231726974109227e+00 -5.648561212173595220e-02
1.373146292585170386e+03 1.499278918813532036e+00 -5.735284773773173528e-02
1.377354709418837729e+03 1.496314153490703625e+00 -5.823149443100122252e-02
1.381563126252505072e+03 1.493337414523423945e+00 -5.912168432130870260e-02
1.385771543086172414e+03 1.490348685955759755e+00 -6.002355107347268764e-02
1.389979959919839757e+03 1.487347952377747751e+00 -6.093722992053904330e-02
1.394188376753507100e+03 1.484335198945817780e+00 -6.186285768731517726e-02
1.398396793587174443e+03 1.481310411403951699e+00 -6.280057281426318361e-02
1.402605210420841786e+03 1.478273576105609610e+00 -6.375051538174573984e-02
1.406813627254509129e+03 1.475224680036441915e+00 -6.471282713460976832e-02
1.411022044088176472e+03 1.472163710837818940e+00 -6.568765150714245271e-02
1.415230460921843815e+03 1.469090656831204544e+00 -6.667513364836420708e-02
1.419438877755511157e+03 1.466005507043397493e+00 -6.767542044766852727e-02
1.423647294589178500e+03 1.462908251232674095e+00 -6.868866056080311089e-02
1.427855711422845843e+03 1.459798879915860548e+00 -6.971500443618275367e-02
1.432064128256513186e+03 1.456677384396366071e+00 -7.075460434155683709e-02
1.436272545090180529e+03 1.453543756793206576e+00 -7.180761439097095578e-02
1.440480961923847644e+03 1.450397990071057519e+00 -7.287419057208185946e-02
1.444689378757514987e+03 1.447240078071359681e+00 -7.395449077376189950e-02
1.448897795591182330e+03 1.444070015544526298e+00 -7.504867481402936746e-02
1.453106212424849673e+03 1.440887798183275059e+00 -7.615690446826316184e-02
1.457314629258517016e+03 1.437693422657129849e+00 -7.727934349771517497e-02
1.461523046092184359e+03 1.434486886648131510e+00 -7.841615767829664130e-02
1.465731462925851702e+03 1.431268188887786064e+00 -7.956751482962722000e-02
1.469939879759519044e+03 1.428037329195309679e+00 -8.073358484435040616e-02
1.474148296593186387e+03 1.424794308517194352e+00 -8.191453971767588549e-02
1.478356713426853730e+03 1.421539128968148713e+00 -8.311055357714997038e-02
1.482565130260521073e+03 1.418271793873455033e+00 -8.432180271264501370e-02
1.486773547094188416e+03 1.414992307812788841e+00 -8.554846560652486220e-02
1.490981963927855759e+03 1.411700676665545773e+00 -8.679072296398661346e-02
1.495190380761523102e+03 1.408396907657729624e+00 -8.804875774355779006e-02
1.499398797595190445e+03 1.405081009410446891e+00 -8.932275518771708167e-02
1.503607214428857787e+03 1.401752991990059316e+00 -9.061290285361200958e-02
1.507815631262525130e+03 1.398412866960050627e+00 -9.191939064386533964e-02
1.512024048096192473e+03 1.395060647434658518e+00 -9.324241083741723057e-02
1.516232464929859816e+03 1.391696348134327632e+00 -9.458215812039268144e-02
1.520440881763527159e+03 1.388319985443040583e+00 -9.593882961694881473e-02
1.524649298597194502e+03 1.384931577467588770e+00 -9.731262492007260179e-02
1.528857715430861845e+03 1.381531144098834485e+00 -9.870374612228904887e-02
1.533066132264529188e+03 1.378118707075037364e+00 -1.001123978462382658e-01
1.537274549098196530e+03 1.374694290047295153e+00 -1.015387872750799503e-01
1.541482965931863873e+03 1.371257918647173835e+00 -1.029831241826774796e-01
1.545691382765531216e+03 1.367809620556583061e+00 -1.044456209635127586e-01
1.549899799599198559e+03 1.364349425579972186e+00 -1.059264926622754122e-01
1.554108216432865902e+03 1.360877365718907273e+00 -1.074259570030745292e-01
1.558316633266533017e+03 1.357393475249106141e+00 -1.089442344182085382e-01
1.562525050100200360e+03 1.353897790799992285e+00 -1.104815480764303748e-01
1.566733466933867703e+03 1.350390351436851155e+00 -1.120381239106386650e-01
1.570941883767535046e+03 1.346871198745649867e+00 -1.136141906449210370e-01
1.575150300601202389e+03 1.343340376920603374e+00 -1.152099798208772313e-01
1.579358717434869732e+03 1.339797932854557061e+00 -1.168257258231260032e-01
1.583567134268537075e+03 1.336243916232260798e+00 -1.184616659039303410e-01
1.587775551102204417e+03 1.332678379626616172e+00 -1.201180402068192932e-01
1.591983967935871760e+03 1.329101378597964622e+00 -1.217950917891375412e-01
1.596192384769539103e+03 1.325512971796506179e+00 -1.234930666433917412e-01
1.600400801603206446e+03 1.321913221067913646e+00 -1.252122137173031502e-01
1.604609218436873789e+03 1.318302191562227055e+00 -1.269527849324352531e-01
1.608817635270541132e+03 1.314679951846106087e+00 -1.287150352012805810e-01
1.613026052104208475e+03 1.311046574018515543e+00 -1.304992224426705094e-01
1.617234468937875818e+03 1.307402133829919766e+00 -1.323056075953694122e-01
1.621442885771543160e+03 1.303746710805064657e+00 -1.341344546297156826e-01
1.625651302605210503e+03 1.300080388369418749e+00 -1.359860305571388428e-01
1.629859719438877846e+03 1.296403253979350190e+00 -1.378606054374028611e-01
1.634068136272545189e+03 1.292715399256103126e+00 -1.397584523834004555e-01
1.638276553106212532e+03 1.289016920123656540e+00 -1.416798475633141985e-01
1.642484969939879875e+03 1.285307916950511942e+00 -1.436250701999577106e-01
1.646693386773547218e+03 1.281588494695494962e+00 -1.455944025670940500e-01
1.650901803607214561e+03 1.277858763057610370e+00 -1.475881299825237969e-01
1.655110220440881903e+03 1.274118836630020013e+00 -1.496065407977183459e-01
1.659318637274549246e+03 1.270368835058185208e+00 -1.516499263837683964e-01
1.663527054108216589e+03 1.266608883202224423e+00 -1.537185811134061109e-01
1.667735470941883932e+03 1.262839111303521555e+00 -1.558128023388410111e-01
1.671943887775551275e+03 1.259059655155614577e+00 -1.579328903651506799e-01
1.676152304609218618e+03 1.255270656279399377e+00 -1.600791484189400538e-01
1.680360721442885733e+03 1.251472262102647282e+00 -1.622518826119811741e-01
1.684569138276553076e+03 1.247664626143858424e+00 -1.644514018995326954e-01
1.688777555110220419e+03 1.243847908200439889e+00 -1.666780180330164896e-01
1.692985971943887762e+03 1.240022274541189740e+00 -1.689320455067237214e-01
1.697194388777555105e+03 1.236187898103067617e+00 -1.712138014982090561e-01
1.701402805611222448e+03 1.232344958692199954e+00 -1.735236058020138139e-01
1.705611222444889790e+03 1.228493643189069395e+00 -1.758617807563467583e-01
1.709819639278557133e+03 1.224634145757816484e+00 -1.782286511623407954e-01
1.714028056112224476e+03 1.220766668059553473e+00 -1.806245441954908992e-01
1.718236472945891819e+03 1.216891419469592339e+00 -1.830497893088526840e-01
1.722444889779559162e+03 1.213008617298443115e+00 -1.855047181275930046e-01
1.726653306613226505e+03 1.209118487016444865e+00 -1.879896643344394214e-01
1.730861723446893848e+03 1.205221262481835032e+00 -1.905049635455953183e-01
1.735070140280561191e+03 1.201317186172067508e+00 -1.930509531766462783e-01
1.739278557114228533e+03 1.197406509418143195e+00 -1.956279722979962776e-01
1.743486973947895876e+03 1.193489492641692129e+00 -1.982363614793447304e-01
1.747695390781563219e+03 1.189566405594519871e+00 -2.008764626227148575e-01
1.751903807615230562e+03 1.185637527600286401e+00 -2.035486187835325311e-01
1.756112224448897905e+03 1.181703147797965814e+00 -2.062531739792476948e-01
1.760320641282565248e+03 1.177763565386680256e+00 -2.089904729849861031e-01
1.764529058116232591e+03 1.173819089871474874e+00 -2.117608611157124898e-01
1.768737474949899934e+03 1.169870041309552855e+00 -2.145646839943858852e-01
1.772945891783567276e+03 1.165916750556444725e+00 -2.174022873055900251e-01
1.777154308617234619e+03 1.161959559511542839e+00 -2.202740165341165457e-01
1.781362725450901962e+03 1.157998821362385300e+00 -2.231802166879939264e-01
1.785571142284569305e+03 1.154034900827012544e+00 -2.261212320054533376e-01
1.789779559118236648e+03 1.150068174393681586e+00 -2.290974056453424779e-01
1.793987975951903991e+03 1.146099030557158116e+00 -2.321090793605012081e-01
1.798196392785571106e+03 1.142127870050755112e+00 -2.351565931536482579e-01
1.802404809619238449e+03 1.138155106073225120e+00 -2.382402849153318902e-01
1.806613226452905792e+03 1.134181164509562079e+00 -2.413604900435380451e-01
1.810821643286573135e+03 1.130206484144696599e+00 -2.445175410445753761e-01
1.815030060120240478e+03 1.126231516869009797e+00 -2.477117671148962585e-01
1.819238476953907821e+03 1.122256727874543669e+00 -2.509434937035517343e-01
1.823446893787575164e+03 1.118282595840697446e+00 -2.542130420550297032e-01
1.827655310621242506e+03 1.114309613108156016e+00 -2.575207287322818228e-01
1.831863727454909849e+03 1.110338285839734374e+00 -2.608668651197975641e-01
1.836072144288577192e+03 1.106369134166742318e+00 -2.642517569066661909e-01
1.840280561122244535e+03 1.102402692319440547e+00 -2.676757035496243886e-01
1.844488977955911878e+03 1.098439508740083781e+00 -2.711389977161852149e-01
1.848697394789579221e+03 1.094480146176993962e+00 -2.746419247080279513e-01
1.852905811623246564e+03 1.090525181758066786e+00 -2.781847618649220810e-01
1.857114228456913906e+03 1.086575207042054458e+00 -2.817677779495716406e-01
1.861322645290581249e+03 1.082630828045940685e+00 -2.853912325138746042e-01
1.865531062124248592e+03 1.078692665246668181e+00 -2.890553752472184157e-01
1.869739478957915935e+03 1.074761353555481413e+00 -2.927604453075545177e-01
1.873947895791583278e+03 1.070837542263097797e+00 -2.965066706361379478e-01
1.878156312625250621e+03 1.066921894953924754e+00 -3.002942672569602900e-01
1.882364729458917964e+03 1.063015089387539414e+00 -3.041234385620570913e-01
1.886573146292585307e+03 1.059117817345651691e+00 -3.079943745840260649e-01
1.890781563126252649e+03 1.055230784442803937e+00 -3.119072512572523825e-01
1.894989979959919992e+03 1.051354709899080753e+00 -3.158622296695173803e-01
1.899198396793587335e+03 1.047490326273171179e+00 -3.198594553058289880e-01
1.903406813627254678e+03 1.043638379154180784e+00 -3.238990572864888229e-01
1.907615230460922021e+03 1.039799626810669508e+00 -3.279811476015916938e-01
1.911823647294589364e+03 1.035974839795501978e+00 -3.321058203443347789e-01
1.916032064128256479e+03 1.032164800505208424e+00 -3.362731509456720058e-01
1.920240480961923822e+03 1.028370302692679816e+00 -3.404831954130538851e-01
1.924448897795591165e+03 1.024592150932203127e+00 -3.447359895761242243e-01
1.928657314629258508e+03 1.020831160035986951e+00 -3.490315483424401566e-01
1.932865731462925851e+03 1.017088154421531776e+00 -3.533698649664236413e-01
1.937074148296593194e+03 1.013363967429435020e+00 -3.577509103348763819e-01
1.941282565130260537e+03 1.009659440591410995e+00 -3.621746322725619693e-01
1.945490981963927879e+03 1.005975422848603529e+00 -3.666409548714213429e-01
1.949699398797595222e+03 1.002312769720496766e+00 -3.711497778471293807e-01
1.953907815631262565e+03 9.986723424250526504e-01 -3.757009759267425641e-01
1.958116232464929908e+03 9.950550069509798146e-01 -3.802943982712544968e-01
1.962324649298597251e+03 9.914616330833559976e-01 -3.849298679369098086e-01
1.966533066132264594e+03 9.878930933841785222e-01 -3.896071813790954463e-01
1.970741482965931937e+03 9.843502621297044453e-01 -3.943261080026536081e-01
1.974949899799599280e+03 9.808340142068385781e-01 -3.990863897623331269e-01
1.979158316633266622e+03 9.773452239711213352e-01 -4.038877408170685746e-01
1.983366733466933965e+03 9.738847640692565033e-01 -4.087298472415917261e-01
1.987575150300601308e+03 9.704535042294232250e-01 -4.136123667987676167e-01
1.991783567134268651e+03 9.670523100229790892e-01 -4.185349287758091119e-01
1.995991983967935994e+03 9.636820416014608703e-01 -4.234971338873260716e-01
2.000200400801603337e+03 9.603435524131158640e-01 -4.284985542478694232e-01
2.004408817635270680e+03 9.570376879034618867e-01 -4.335387334163562367e-01
2.008617234468938022e+03 9.537652842046664414e-01 -4.386171865143993487e-01
2.012825651302605365e+03 9.505271668187406098e-01 -4.437334004202331261e-01
2.017034068136272708e+03 9.473241492997751534e-01 -4.488868340395034684e-01
2.021242484969940051e+03 9.441570319406068501e-01 -4.540769186537912394e-01
2.025450901803607394e+03 9.410266004694233244e-01 -4.593030583473030060e-01
2.029659318637274737e+03 9.379336247619353140e-01 -4.645646305116772901e-01
2.033867735470942080e+03 9.348788575747634111e-01 -4.698609864284210014e-01
2.038076152304609195e+03 9.318630333057137394e-01 -4.751914519279752946e-01
2.042284569138276538e+03 9.288868667865491924e-01 -4.805553281239563490e-01
2.046492985971943881e+03 9.259510521138001327e-01 -4.859518922206023661e-01
2.050701402805610996e+03 9.230562615229922496e-01 -4.913803983910061679e-01
2.054909819639278794e+03 9.202031443114966347e-01 -4.968400787232350457e-01
2.059118236472945682e+03 9.173923258149766502e-01 -5.023301442309882070e-01
2.063326653306613480e+03 9.146244064421179543e-01 -5.078497859250249435e-01
2.067535070140280368e+03 9.118999607720185141e-01 -5.133981759411855306e-01
2.071743486973948166e+03 9.092195367182560606e-01 -5.189744687204682627e-01
2.075951903807615054e+03 9.065836547632473152e-01 -5.245778022362916904e-01
2.080160320641282851e+03 9.039928072661053138e-01 -5.302072992637729687e-01
2.084368737474949739e+03 9.014474578467368548e-01 -5.358620686856061521e-01
2.088577154308617537e+03 8.989480408484521456e-01 -5.415412068289332526e-01
2.092785571142284425e+03 8.964949608808721049e-01 -5.472437988274171383e-01
2.096993987975952223e+03 8.940885924444186283e-01 -5.529689200026547402e-01
2.101202404809619111e+03 8.917292796371640851e-01 -5.587156372589625608e-01
2.105410821643286909e+03 8.894173359443103832e-01 -5.644830104856257691e-01
2.109619238476953797e+03 8.871530441100775599e-01 -5.702700939606573094e-01
2.113827655310621594e+03 8.849366560912690360e-01 -5.760759377503031908e-01
2.118036072144288482e+03 8.827683930913439170e-01 -5.818995890985541042e-01
2.122244488977956280e+03 8.806484456733246757e-01 -5.877400938012111720e-01
2.126452905811623168e+03 8.785769739494971864e-01 -5.935964975591618842e-01
2.130661322645290966e+03 8.765541078453972235e-01 -5.994678473058887569e-01
2.134869739478957854e+03 8.745799474352673464e-01 -6.053531925044122186e-01
2.139078156312625651e+03 8.726545633457877260e-01 -6.112515864092675777e-01
2.143286573146292540e+03 8.707779972246209033e-01 -6.171620872894040266e-01
2.147494989979960337e+03 8.689502622700213674e-01 -6.230837596082912100e-01
2.151703406813627225e+03 8.671713438175719935e-01 -6.290156751578418470e-01
2.155911823647294568e+03 8.654411999798942157e-01 -6.349569141432273023e-01
2.160120240480961911e+03 8.637597623350742326e-01 -6.409065662159467713e-01
2.164328657314629254e+03 8.621269366594116468e-01 -6.468637314530130134e-01
2.168537074148296597e+03 8.605426037000641903e-01 -6.528275212804242056e-01
2.172745490981963940e+03 8.590066199831093430e-01 -6.587970593395369168e-01
2.176953907815631283e+03 8.575188186525678491e-01 -6.647714822952985880e-01
2.181162324649298625e+03 8.560790103359734449e-01 -6.707499405856711672e-01
2.185370741482965968e+03 8.546869840321343892e-01 -6.767315991119378094e-01
2.189579158316633311e+03 8.533425080168443033e-01 -6.827156378699041905e-01
2.193787575150300654e+03 8.520453307624110684e-01 -6.887012525223307202e-01
2.197995991983967997e+03 8.507951818670327349e-01 -6.946876549132028345e-01
2.202204408817635340e+03 8.495917729902005000e-01 -7.006740735247537488e-01
2.206412825651302683e+03 8.484347987905030974e-01 -7.066597538783474519e-01
2.210621242484970026e+03 8.473239378623909079e-01 -7.126439588806183778e-01
2.214829659318637368e+03 8.462588536686797003e-01 -7.186259691163817687e-01
2.219038076152304711e+03 8.452391954657680895e-01 -7.246050830900943041e-01
2.223246492985972054e+03 8.442645992187861603e-01 -7.305806174177000845e-01
2.227454909819639397e+03 8.433346885040933216e-01 -7.365519069709095534e-01
2.231663326653306740e+03 8.424490753967865952e-01 -7.425183049760011311e-01
2.235871743486974083e+03 8.416073613410922638e-01 -7.484791830693519055e-01
2.240080160320641426e+03 8.408091380017389538e-01 -7.544339313119522439e-01
2.244288577154308769e+03 8.400539880946268356e-01 -7.603819581652084825e-01
2.248496993987976111e+03 8.393414861953146788e-01 -7.663226904303640508e-01
2.252705410821643454e+03 8.386711995240540007e-01 -7.722555731538645052e-01
2.256913827655310797e+03 8.380426887062925045e-01 -7.781800695010113733e-01
2.261122244488978140e+03 8.374555085077548533e-01 -7.840956606001956430e-01
2.265330661322645483e+03 8.369092085433843531e-01 -7.900018453600112789e-01
2.269539078156312826e+03 8.364033339596027572e-01 -7.958981402614481171e-01
2.273747494989980169e+03 8.359374260894885111e-01 -8.017840791273788126e-01
2.277955911823647511e+03 8.355110230806325200e-01 -8.076592128714326080e-01
2.282164328657314400e+03 8.351236604955563081e-01 -8.135231092283085053e-01
2.286372745490982197e+03 8.347748718847025629e-01 -8.193753524675165822e-01
2.290581162324649085e+03 8.344641893321270709e-01 -8.252155430924132951e-01
2.294789579158316883e+03 8.341911439741114265e-01 -8.310432975263761790e-01
2.298997995991983771e+03 8.339552664910230284e-01 -8.368582477878087067e-01
2.303206412825651569e+03 8.337560875728192711e-01 -8.426600411556418591e-01
2.307414829659318457e+03 8.335931383586742127e-01 -8.484483398268536369e-01
2.311623246492986254e+03 8.334659508512617387e-01 -8.542228205674925468e-01
2.315831663326653143e+03 8.333740583062974050e-01 -8.599831743585447663e-01
2.320040080160320940e+03 8.333169955979722321e-01 -8.657291060379630476e-01
2.324248496993987828e+03 8.332942995609666781e-01 -8.714603339400063264e-01
2.328456913827655626e+03 8.333055093097577748e-01 -8.771765895330497775e-01
2.332665330661322514e+03 8.333501665359580590e-01 -8.828776170568467530e-01
2.336873747494990312e+03 8.334278157844521306e-01 -8.885631731602287031e-01
2.341082164328657200e+03 8.335380047091011102e-01 -8.942330265400747491e-01
2.345290581162324997e+03 8.336802843088056969e-01 -8.998869575823896794e-01
2.349498997995991886e+03 8.338542091447137539e-01 -9.055247580061612789e-01
2.353707414829659228e+03 8.340593375393695608e-01 -9.111462305107044246e-01
2.357915831663326571e+03 8.342952317585828892e-01 -9.167511884270391764e-01
2.362124248496993914e+03 8.345614581768133755e-01 -9.223394553738645252e-01
2.366332665330661257e+03 8.348575874268305830e-01 -9.279108649185714430e-01
2.370541082164328600e+03 8.351831945344190267e-01 -9.334652602437311097e-01
2.374749498997995943e+03 8.355378590388714555e-01 -9.390024938194080351e-01
2.378957915831663286e+03 8.359211651000021392e-01 -9.445224270816272583e-01
2.383166332665330629e+03 8.363327015923947005e-01 -9.500249301172444261e-01
2.387374749498997971e+03 8.367720621875774922e-01 -9.555098813554777637e-01
2.391583166332665314e+03 8.372388454248024248e-01 -9.609771672662608122e-01
2.395791583166332657e+03 8.377326547710810534e-01 -9.664266820655843526e-01
2.400000000000000000e+03 8.382530986711071996e-01 -9.718583274279574136e-01
