-8.000000000000000000e+00 8.000000000000000000e+00 3.430000000000000000e+02 1.112845482232778904e+00
-7.000000000000000000e+00 8.000000000000000000e+00 3.240000000000000000e+02 1.085882832237067275e+00
-6.000000000000000000e+00 8.000000000000000000e+00 3.030000000000000000e+02 1.059065684039070199e+00
-5.000000000000000000e+00 8.000000000000000000e+00 2.830000000000000000e+02 1.047819755273609044e+00
-4.000000000000000000e+00 8.000000000000000000e+00 2.650000000000000000e+02 1.043654238404396750e+00
-3.000000000000000000e+00 8.000000000000000000e+00 2.510000000000000000e+02 1.034114620535400597e+00
-2.000000000000000000e+00 8.000000000000000000e+00 2.380000000000000000e+02 1.036470133005846783e+00
-1.000000000000000000e+00 8.000000000000000000e+00 2.260000000000000000e+02 1.020650347080321652e+00
0.000000000000000000e+00 8.000000000000000000e+00 2.070000000000000000e+02 1.042851893932984275e+00
1.000000000000000000e+00 8.000000000000000000e+00 1.860000000000000000e+02 1.068526121267403095e+00
2.000000000000000000e+00 8.000000000000000000e+00 1.690000000000000000e+02 1.073563401607976919e+00
3.000000000000000000e+00 8.000000000000000000e+00 1.550000000000000000e+02 1.051877193901160634e+00
4.000000000000000000e+00 8.000000000000000000e+00 1.410000000000000000e+02 1.056230452646263585e+00
5.000000000000000000e+00 8.000000000000000000e+00 1.290000000000000000e+02 1.015225834370447000e+00
6.000000000000000000e+00 8.000000000000000000e+00 1.180000000000000000e+02 1.001965621528821959e+00
7.000000000000000000e+00 8.000000000000000000e+00 1.060000000000000000e+02 9.867947654618092201e-01
8.000000000000000000e+00 8.000000000000000000e+00 9.100000000000000000e+01 1.004793225435185233e+00
8.000000000000000000e+00 7.000000000000000000e+00 1.100000000000000000e+02 9.879723311241658257e-01
7.000000000000000000e+00 7.000000000000000000e+00 1.170000000000000000e+02 1.018348291824862084e+00
6.000000000000000000e+00 7.000000000000000000e+00 1.290000000000000000e+02 1.038724863466886639e+00
5.000000000000000000e+00 7.000000000000000000e+00 1.420000000000000000e+02 1.048630046125560877e+00
4.000000000000000000e+00 7.000000000000000000e+00 1.570000000000000000e+02 1.057367906277408842e+00
3.000000000000000000e+00 7.000000000000000000e+00 1.660000000000000000e+02 1.094852924791425153e+00
2.000000000000000000e+00 7.000000000000000000e+00 1.830000000000000000e+02 1.084118623631668665e+00
1.000000000000000000e+00 7.000000000000000000e+00 2.040000000000000000e+02 1.058902881668370544e+00
-0.000000000000000000e+00 7.000000000000000000e+00 2.220000000000000000e+02 1.033707460296352298e+00
-1.000000000000000000e+00 7.000000000000000000e+00 2.390000000000000000e+02 1.039310668337635413e+00
-2.000000000000000000e+00 7.000000000000000000e+00 2.550000000000000000e+02 1.038780896751458460e+00
-3.000000000000000000e+00 7.000000000000000000e+00 2.700000000000000000e+02 1.040554711586078707e+00
-4.000000000000000000e+00 7.000000000000000000e+00 2.920000000000000000e+02 1.034720409745834235e+00
-5.000000000000000000e+00 7.000000000000000000e+00 3.130000000000000000e+02 1.046981609255183354e+00
-6.000000000000000000e+00 7.000000000000000000e+00 3.360000000000000000e+02 1.079123855813789667e+00
-7.000000000000000000e+00 7.000000000000000000e+00 3.620000000000000000e+02 1.114712930441843497e+00
-8.000000000000000000e+00 7.000000000000000000e+00 3.840000000000000000e+02 1.144673480726928316e+00
-8.000000000000000000e+00 6.000000000000000000e+00 4.200000000000000000e+02 1.184154410157306270e+00
-7.000000000000000000e+00 6.000000000000000000e+00 4.010000000000000000e+02 1.161225772485342533e+00
-6.000000000000000000e+00 6.000000000000000000e+00 3.800000000000000000e+02 1.134609543866767378e+00
-5.000000000000000000e+00 6.000000000000000000e+00 3.510000000000000000e+02 1.097920769552728659e+00
-4.000000000000000000e+00 6.000000000000000000e+00 3.190000000000000000e+02 1.071628886973996941e+00
-3.000000000000000000e+00 6.000000000000000000e+00 2.990000000000000000e+02 1.050467726212375830e+00
-2.000000000000000000e+00 6.000000000000000000e+00 2.770000000000000000e+02 1.045706810116307839e+00
-1.000000000000000000e+00 6.000000000000000000e+00 2.600000000000000000e+02 1.048803887208868080e+00
0.000000000000000000e+00 6.000000000000000000e+00 2.380000000000000000e+02 1.046544677413623559e+00
1.000000000000000000e+00 6.000000000000000000e+00 2.200000000000000000e+02 1.046276345927928952e+00
2.000000000000000000e+00 6.000000000000000000e+00 2.020000000000000000e+02 1.063073017701595235e+00
3.000000000000000000e+00 6.000000000000000000e+00 1.820000000000000000e+02 1.101935590285595845e+00
4.000000000000000000e+00 6.000000000000000000e+00 1.700000000000000000e+02 1.089723344610458167e+00
5.000000000000000000e+00 6.000000000000000000e+00 1.560000000000000000e+02 1.081454644706078660e+00
6.000000000000000000e+00 6.000000000000000000e+00 1.440000000000000000e+02 1.050001916355462361e+00
7.000000000000000000e+00 6.000000000000000000e+00 1.290000000000000000e+02 1.048559193347986751e+00
8.000000000000000000e+00 6.000000000000000000e+00 1.190000000000000000e+02 1.049358957889479749e+00
8.000000000000000000e+00 5.000000000000000000e+00 1.300000000000000000e+02 1.072020030529529322e+00
7.000000000000000000e+00 5.000000000000000000e+00 1.420000000000000000e+02 1.064444032156402598e+00
6.000000000000000000e+00 5.000000000000000000e+00 1.580000000000000000e+02 1.082113308066325441e+00
5.000000000000000000e+00 5.000000000000000000e+00 1.700000000000000000e+02 1.083146309760787851e+00
4.000000000000000000e+00 5.000000000000000000e+00 1.860000000000000000e+02 1.085816124488899748e+00
3.000000000000000000e+00 5.000000000000000000e+00 2.050000000000000000e+02 1.076482172532485126e+00
2.000000000000000000e+00 5.000000000000000000e+00 2.220000000000000000e+02 1.071178494987065744e+00
1.000000000000000000e+00 5.000000000000000000e+00 2.400000000000000000e+02 1.059290921994522350e+00
-0.000000000000000000e+00 5.000000000000000000e+00 2.590000000000000000e+02 1.057532502358357052e+00
-1.000000000000000000e+00 5.000000000000000000e+00 2.820000000000000000e+02 1.051740195502206987e+00
-2.000000000000000000e+00 5.000000000000000000e+00 3.090000000000000000e+02 1.055918842839384864e+00
-3.000000000000000000e+00 5.000000000000000000e+00 3.360000000000000000e+02 1.084773407105505516e+00
-4.000000000000000000e+00 5.000000000000000000e+00 3.690000000000000000e+02 1.095261065896315111e+00
-5.000000000000000000e+00 5.000000000000000000e+00 3.930000000000000000e+02 1.135864212395784278e+00
-6.000000000000000000e+00 5.000000000000000000e+00 4.160000000000000000e+02 1.173013897626925761e+00
-7.000000000000000000e+00 5.000000000000000000e+00 4.370000000000000000e+02 1.192271804444978489e+00
-8.000000000000000000e+00 5.000000000000000000e+00 4.510000000000000000e+02 1.201764356336748829e+00
-8.000000000000000000e+00 4.000000000000000000e+00 4.800000000000000000e+02 1.202254585475447390e+00
-7.000000000000000000e+00 4.000000000000000000e+00 4.690000000000000000e+02 1.207478802060260703e+00
-6.000000000000000000e+00 4.000000000000000000e+00 4.510000000000000000e+02 1.201842212137462784e+00
-5.000000000000000000e+00 4.000000000000000000e+00 4.270000000000000000e+02 1.187005067371737610e+00
-4.000000000000000000e+00 4.000000000000000000e+00 3.990000000000000000e+02 1.156943108029084843e+00
-3.000000000000000000e+00 4.000000000000000000e+00 3.750000000000000000e+02 1.119636152875585378e+00
-2.000000000000000000e+00 4.000000000000000000e+00 3.430000000000000000e+02 1.098221472078308558e+00
-1.000000000000000000e+00 4.000000000000000000e+00 3.070000000000000000e+02 1.086192650047545172e+00
0.000000000000000000e+00 4.000000000000000000e+00 2.830000000000000000e+02 1.054248974391904792e+00
1.000000000000000000e+00 4.000000000000000000e+00 2.600000000000000000e+02 1.053494303685833744e+00
2.000000000000000000e+00 4.000000000000000000e+00 2.390000000000000000e+02 1.059655444511024225e+00
3.000000000000000000e+00 4.000000000000000000e+00 2.200000000000000000e+02 1.062881861531352445e+00
4.000000000000000000e+00 4.000000000000000000e+00 2.020000000000000000e+02 1.067407230462931622e+00
5.000000000000000000e+00 4.000000000000000000e+00 1.860000000000000000e+02 1.074243084309811191e+00
6.000000000000000000e+00 4.000000000000000000e+00 1.640000000000000000e+02 1.118396728904747395e+00
7.000000000000000000e+00 4.000000000000000000e+00 1.550000000000000000e+02 1.093462820965269700e+00
8.000000000000000000e+00 4.000000000000000000e+00 1.410000000000000000e+02 1.081652298170948434e+00
8.000000000000000000e+00 3.000000000000000000e+00 1.510000000000000000e+02 1.112235727128028540e+00
7.000000000000000000e+00 3.000000000000000000e+00 1.610000000000000000e+02 1.131500887817417755e+00
6.000000000000000000e+00 3.000000000000000000e+00 1.740000000000000000e+02 1.132947637297191168e+00
5.000000000000000000e+00 3.000000000000000000e+00 1.990000000000000000e+02 1.104305790063726311e+00
4.000000000000000000e+00 3.000000000000000000e+00 2.170000000000000000e+02 1.081108299148313190e+00
3.000000000000000000e+00 3.000000000000000000e+00 2.370000000000000000e+02 1.075441319451674538e+00
2.000000000000000000e+00 3.000000000000000000e+00 2.580000000000000000e+02 1.073287752256604000e+00
1.000000000000000000e+00 3.000000000000000000e+00 2.850000000000000000e+02 1.070787075659672016e+00
-0.000000000000000000e+00 3.000000000000000000e+00 3.150000000000000000e+02 1.091237371947557211e+00
-1.000000000000000000e+00 3.000000000000000000e+00 3.470000000000000000e+02 1.102989037160906793e+00
-2.000000000000000000e+00 3.000000000000000000e+00 3.810000000000000000e+02 1.138908108750330772e+00
-3.000000000000000000e+00 3.000000000000000000e+00 4.100000000000000000e+02 1.167425765772221791e+00
-4.000000000000000000e+00 3.000000000000000000e+00 4.410000000000000000e+02 1.188189430042985606e+00
-5.000000000000000000e+00 3.000000000000000000e+00 4.690000000000000000e+02 1.196811773812347823e+00
-6.000000000000000000e+00 3.000000000000000000e+00 4.880000000000000000e+02 1.201106644636440901e+00
-7.000000000000000000e+00 3.000000000000000000e+00 4.980000000000000000e+02 1.189248810731307948e+00
-8.000000000000000000e+00 3.000000000000000000e+00 4.980000000000000000e+02 1.165892289752340272e+00
-8.000000000000000000e+00 2.000000000000000000e+00 5.040000000000000000e+02 1.107524728247354595e+00
-7.000000000000000000e+00 2.000000000000000000e+00 5.100000000000000000e+02 1.132031392698949146e+00
-6.000000000000000000e+00 2.000000000000000000e+00 5.110000000000000000e+02 1.156690579489811466e+00
-5.000000000000000000e+00 2.000000000000000000e+00 4.960000000000000000e+02 1.177618387129694355e+00
-4.000000000000000000e+00 2.000000000000000000e+00 4.750000000000000000e+02 1.195003015341442598e+00
-3.000000000000000000e+00 2.000000000000000000e+00 4.450000000000000000e+02 1.186205129752764709e+00
-2.000000000000000000e+00 2.000000000000000000e+00 4.120000000000000000e+02 1.179519849521104335e+00
-1.000000000000000000e+00 2.000000000000000000e+00 3.780000000000000000e+02 1.156541067900495712e+00
0.000000000000000000e+00 2.000000000000000000e+00 3.480000000000000000e+02 1.115156683256956605e+00
1.000000000000000000e+00 2.000000000000000000e+00 3.090000000000000000e+02 1.103169338693404722e+00
2.000000000000000000e+00 2.000000000000000000e+00 2.840000000000000000e+02 1.089911051867926917e+00
3.000000000000000000e+00 2.000000000000000000e+00 2.560000000000000000e+02 1.076214137439770235e+00
4.000000000000000000e+00 2.000000000000000000e+00 2.320000000000000000e+02 1.076880306107309559e+00
5.000000000000000000e+00 2.000000000000000000e+00 2.100000000000000000e+02 1.100463069847649855e+00
6.000000000000000000e+00 2.000000000000000000e+00 1.910000000000000000e+02 1.117223284409986528e+00
7.000000000000000000e+00 2.000000000000000000e+00 1.680000000000000000e+02 1.134519406275974251e+00
8.000000000000000000e+00 2.000000000000000000e+00 1.570000000000000000e+02 1.145999947212797077e+00
8.000000000000000000e+00 1.000000000000000000e+00 1.630000000000000000e+02 1.176261737108641459e+00
7.000000000000000000e+00 1.000000000000000000e+00 1.820000000000000000e+02 1.149060119011827252e+00
6.000000000000000000e+00 1.000000000000000000e+00 2.070000000000000000e+02 1.099035700281879802e+00
5.000000000000000000e+00 1.000000000000000000e+00 2.270000000000000000e+02 1.095952909366429306e+00
4.000000000000000000e+00 1.000000000000000000e+00 2.490000000000000000e+02 1.093095074241549725e+00
3.000000000000000000e+00 1.000000000000000000e+00 2.800000000000000000e+02 1.093369241624317700e+00
2.000000000000000000e+00 1.000000000000000000e+00 3.110000000000000000e+02 1.097401861677272716e+00
1.000000000000000000e+00 1.000000000000000000e+00 3.470000000000000000e+02 1.128642464630555953e+00
-0.000000000000000000e+00 1.000000000000000000e+00 3.790000000000000000e+02 1.151395799310060752e+00
-1.000000000000000000e+00 1.000000000000000000e+00 4.080000000000000000e+02 1.198519284969824072e+00
-2.000000000000000000e+00 1.000000000000000000e+00 4.400000000000000000e+02 1.201734587009827493e+00
-3.000000000000000000e+00 1.000000000000000000e+00 4.700000000000000000e+02 1.198339760272944421e+00
-4.000000000000000000e+00 1.000000000000000000e+00 4.930000000000000000e+02 1.195350815118463750e+00
-5.000000000000000000e+00 1.000000000000000000e+00 5.060000000000000000e+02 1.153897878414118505e+00
-6.000000000000000000e+00 1.000000000000000000e+00 5.050000000000000000e+02 1.121745379203227699e+00
-7.000000000000000000e+00 1.000000000000000000e+00 5.130000000000000000e+02 1.075787674639800295e+00
-8.000000000000000000e+00 1.000000000000000000e+00 5.170000000000000000e+02 1.037390169152367037e+00
-8.000000000000000000e+00 -0.000000000000000000e+00 5.320000000000000000e+02 9.547865820774193990e-01
-7.000000000000000000e+00 -0.000000000000000000e+00 5.110000000000000000e+02 1.006412485758197306e+00
-6.000000000000000000e+00 -0.000000000000000000e+00 4.950000000000000000e+02 1.055585296454908617e+00
-5.000000000000000000e+00 -0.000000000000000000e+00 4.930000000000000000e+02 1.115211831744886695e+00
-4.000000000000000000e+00 -0.000000000000000000e+00 4.950000000000000000e+02 1.152379071408369926e+00
-3.000000000000000000e+00 -0.000000000000000000e+00 4.870000000000000000e+02 1.170183934719598140e+00
-2.000000000000000000e+00 -0.000000000000000000e+00 4.650000000000000000e+02 1.188817911018278384e+00
-1.000000000000000000e+00 -0.000000000000000000e+00 4.410000000000000000e+02 1.182803564868389445e+00
0.000000000000000000e+00 -0.000000000000000000e+00 4.060000000000000000e+02 1.181831254329649195e+00
1.000000000000000000e+00 -0.000000000000000000e+00 3.730000000000000000e+02 1.158370358715176351e+00
2.000000000000000000e+00 -0.000000000000000000e+00 3.410000000000000000e+02 1.138915322968114596e+00
3.000000000000000000e+00 -0.000000000000000000e+00 3.040000000000000000e+02 1.123363274000522383e+00
4.000000000000000000e+00 -0.000000000000000000e+00 2.780000000000000000e+02 1.100711225158121698e+00
5.000000000000000000e+00 -0.000000000000000000e+00 2.460000000000000000e+02 1.112819285312145245e+00
6.000000000000000000e+00 -0.000000000000000000e+00 2.260000000000000000e+02 1.133283310185763781e+00
7.000000000000000000e+00 -0.000000000000000000e+00 2.030000000000000000e+02 1.181860989756411406e+00
8.000000000000000000e+00 -0.000000000000000000e+00 1.800000000000000000e+02 1.231866569168636794e+00
8.000000000000000000e+00 -1.000000000000000000e+00 1.970000000000000000e+02 1.211739595941245806e+00
7.000000000000000000e+00 -1.000000000000000000e+00 2.220000000000000000e+02 1.180489552945666487e+00
6.000000000000000000e+00 -1.000000000000000000e+00 2.430000000000000000e+02 1.122650178170000013e+00
5.000000000000000000e+00 -1.000000000000000000e+00 2.700000000000000000e+02 1.113405974516532115e+00
4.000000000000000000e+00 -1.000000000000000000e+00 3.090000000000000000e+02 1.109217820382714992e+00
3.000000000000000000e+00 -1.000000000000000000e+00 3.430000000000000000e+02 1.123925299803803179e+00
2.000000000000000000e+00 -1.000000000000000000e+00 3.760000000000000000e+02 1.137559726445173780e+00
1.000000000000000000e+00 -1.000000000000000000e+00 4.040000000000000000e+02 1.168076914356383833e+00
-0.000000000000000000e+00 -1.000000000000000000e+00 4.330000000000000000e+02 1.182954773348718902e+00
-1.000000000000000000e+00 -1.000000000000000000e+00 4.600000000000000000e+02 1.179768567413667757e+00
-2.000000000000000000e+00 -1.000000000000000000e+00 4.790000000000000000e+02 1.162318738313932176e+00
-3.000000000000000000e+00 -1.000000000000000000e+00 4.870000000000000000e+02 1.143080346553983606e+00
-4.000000000000000000e+00 -1.000000000000000000e+00 4.960000000000000000e+02 1.093423703856874152e+00
-5.000000000000000000e+00 -1.000000000000000000e+00 5.070000000000000000e+02 1.042513020180388272e+00
-6.000000000000000000e+00 -1.000000000000000000e+00 5.220000000000000000e+02 9.768659948464948339e-01
-7.000000000000000000e+00 -1.000000000000000000e+00 5.350000000000000000e+02 9.411969846428365205e-01
-8.000000000000000000e+00 -1.000000000000000000e+00 5.460000000000000000e+02 9.141404906439669631e-01
-8.000000000000000000e+00 -2.000000000000000000e+00 5.580000000000000000e+02 8.887974216490875934e-01
-7.000000000000000000e+00 -2.000000000000000000e+00 5.390000000000000000e+02 9.240362689071195401e-01
-6.000000000000000000e+00 -2.000000000000000000e+00 5.210000000000000000e+02 9.612435857104938419e-01
-5.000000000000000000e+00 -2.000000000000000000e+00 5.050000000000000000e+02 9.930754772564305277e-01
-4.000000000000000000e+00 -2.000000000000000000e+00 4.860000000000000000e+02 1.040237312848166784e+00
-3.000000000000000000e+00 -2.000000000000000000e+00 4.740000000000000000e+02 1.088644836298019891e+00
-2.000000000000000000e+00 -2.000000000000000000e+00 4.730000000000000000e+02 1.124293902446237503e+00
-1.000000000000000000e+00 -2.000000000000000000e+00 4.600000000000000000e+02 1.159655367060094200e+00
0.000000000000000000e+00 -2.000000000000000000e+00 4.410000000000000000e+02 1.180010328957353805e+00
1.000000000000000000e+00 -2.000000000000000000e+00 4.130000000000000000e+02 1.182450904823989735e+00
2.000000000000000000e+00 -2.000000000000000000e+00 3.810000000000000000e+02 1.182351159149671371e+00
3.000000000000000000e+00 -2.000000000000000000e+00 3.440000000000000000e+02 1.160085003281611904e+00
4.000000000000000000e+00 -2.000000000000000000e+00 3.070000000000000000e+02 1.157228984323684262e+00
5.000000000000000000e+00 -2.000000000000000000e+00 2.850000000000000000e+02 1.112071761118020419e+00
6.000000000000000000e+00 -2.000000000000000000e+00 2.560000000000000000e+02 1.104093288112574900e+00
7.000000000000000000e+00 -2.000000000000000000e+00 2.300000000000000000e+02 1.088058036019599717e+00
8.000000000000000000e+00 -2.000000000000000000e+00 2.080000000000000000e+02 1.088239483570757837e+00
8.000000000000000000e+00 -3.000000000000000000e+00 2.210000000000000000e+02 1.094532117400570659e+00
7.000000000000000000e+00 -3.000000000000000000e+00 2.440000000000000000e+02 1.105050998913402527e+00
6.000000000000000000e+00 -3.000000000000000000e+00 2.710000000000000000e+02 1.110433286919860318e+00
5.000000000000000000e+00 -3.000000000000000000e+00 3.020000000000000000e+02 1.120303015819688941e+00
4.000000000000000000e+00 -3.000000000000000000e+00 3.370000000000000000e+02 1.145563380936140963e+00
3.000000000000000000e+00 -3.000000000000000000e+00 3.670000000000000000e+02 1.169671141419859062e+00
2.000000000000000000e+00 -3.000000000000000000e+00 3.930000000000000000e+02 1.188702794285112496e+00
1.000000000000000000e+00 -3.000000000000000000e+00 4.170000000000000000e+02 1.190579777555516472e+00
-0.000000000000000000e+00 -3.000000000000000000e+00 4.400000000000000000e+02 1.161716244761916705e+00
-1.000000000000000000e+00 -3.000000000000000000e+00 4.530000000000000000e+02 1.123116854901594852e+00
-2.000000000000000000e+00 -3.000000000000000000e+00 4.620000000000000000e+02 1.083968483895663359e+00
-3.000000000000000000e+00 -3.000000000000000000e+00 4.790000000000000000e+02 1.029359030331599811e+00
-4.000000000000000000e+00 -3.000000000000000000e+00 5.000000000000000000e+02 9.744037323237818571e-01
-5.000000000000000000e+00 -3.000000000000000000e+00 5.190000000000000000e+02 9.443923075174374127e-01
-6.000000000000000000e+00 -3.000000000000000000e+00 5.350000000000000000e+02 9.028029403612503057e-01
-7.000000000000000000e+00 -3.000000000000000000e+00 5.480000000000000000e+02 8.774966258092677940e-01
-8.000000000000000000e+00 -3.000000000000000000e+00 5.630000000000000000e+02 8.107445158713707523e-01
-8.000000000000000000e+00 -4.000000000000000000e+00 5.840000000000000000e+02 7.267109162576942394e-01
-7.000000000000000000e+00 -4.000000000000000000e+00 5.610000000000000000e+02 8.009553884705147286e-01
-6.000000000000000000e+00 -4.000000000000000000e+00 5.290000000000000000e+02 8.827163994029165739e-01
-5.000000000000000000e+00 -4.000000000000000000e+00 5.110000000000000000e+02 9.485701921790241631e-01
-4.000000000000000000e+00 -4.000000000000000000e+00 4.920000000000000000e+02 9.637391225973529485e-01
-3.000000000000000000e+00 -4.000000000000000000e+00 4.700000000000000000e+02 1.015044946956213945e+00
-2.000000000000000000e+00 -4.000000000000000000e+00 4.460000000000000000e+02 1.064740735866159582e+00
-1.000000000000000000e+00 -4.000000000000000000e+00 4.350000000000000000e+02 1.105469890717273751e+00
0.000000000000000000e+00 -4.000000000000000000e+00 4.200000000000000000e+02 1.151604404308529617e+00
1.000000000000000000e+00 -4.000000000000000000e+00 4.110000000000000000e+02 1.166835446926002273e+00
2.000000000000000000e+00 -4.000000000000000000e+00 3.870000000000000000e+02 1.190222686028413523e+00
3.000000000000000000e+00 -4.000000000000000000e+00 3.660000000000000000e+02 1.188931565084282216e+00
4.000000000000000000e+00 -4.000000000000000000e+00 3.390000000000000000e+02 1.175527487554989925e+00
5.000000000000000000e+00 -4.000000000000000000e+00 3.050000000000000000e+02 1.158940451309241615e+00
6.000000000000000000e+00 -4.000000000000000000e+00 2.810000000000000000e+02 1.131624624083358732e+00
7.000000000000000000e+00 -4.000000000000000000e+00 2.550000000000000000e+02 1.109009094133015294e+00
8.000000000000000000e+00 -4.000000000000000000e+00 2.320000000000000000e+02 1.095859446232795076e+00
8.000000000000000000e+00 -5.000000000000000000e+00 2.400000000000000000e+02 1.104156897064113130e+00
7.000000000000000000e+00 -5.000000000000000000e+00 2.680000000000000000e+02 1.113068347540880021e+00
6.000000000000000000e+00 -5.000000000000000000e+00 2.980000000000000000e+02 1.118703163738913098e+00
5.000000000000000000e+00 -5.000000000000000000e+00 3.180000000000000000e+02 1.169598457271828096e+00
4.000000000000000000e+00 -5.000000000000000000e+00 3.480000000000000000e+02 1.167181746821015942e+00
3.000000000000000000e+00 -5.000000000000000000e+00 3.740000000000000000e+02 1.173065624326878886e+00
2.000000000000000000e+00 -5.000000000000000000e+00 3.940000000000000000e+02 1.151978510438839365e+00
1.000000000000000000e+00 -5.000000000000000000e+00 4.030000000000000000e+02 1.136297875090880094e+00
-0.000000000000000000e+00 -5.000000000000000000e+00 4.190000000000000000e+02 1.099009802455250151e+00
-1.000000000000000000e+00 -5.000000000000000000e+00 4.370000000000000000e+02 1.049432303844030745e+00
-2.000000000000000000e+00 -5.000000000000000000e+00 4.670000000000000000e+02 9.927065502369771810e-01
-3.000000000000000000e+00 -5.000000000000000000e+00 4.900000000000000000e+02 9.427316089999616677e-01
-4.000000000000000000e+00 -5.000000000000000000e+00 5.160000000000000000e+02 9.110568073682376866e-01
-5.000000000000000000e+00 -5.000000000000000000e+00 5.410000000000000000e+02 8.490781915566514293e-01
-6.000000000000000000e+00 -5.000000000000000000e+00 5.620000000000000000e+02 7.802308485847363473e-01
-7.000000000000000000e+00 -5.000000000000000000e+00 5.740000000000000000e+02 7.464847470485018732e-01
-8.000000000000000000e+00 -5.000000000000000000e+00 5.900000000000000000e+02 6.497296591779413433e-01
-8.000000000000000000e+00 -6.000000000000000000e+00 6.280000000000000000e+02 5.437708265461433932e-01
-7.000000000000000000e+00 -6.000000000000000000e+00 6.060000000000000000e+02 6.189381774937217084e-01
-6.000000000000000000e+00 -6.000000000000000000e+00 5.710000000000000000e+02 6.814619594750846998e-01
-5.000000000000000000e+00 -6.000000000000000000e+00 5.390000000000000000e+02 7.658547487697940914e-01
-4.000000000000000000e+00 -6.000000000000000000e+00 5.210000000000000000e+02 8.998067640926462607e-01
-3.000000000000000000e+00 -6.000000000000000000e+00 4.840000000000000000e+02 9.448588222464816555e-01
-2.000000000000000000e+00 -6.000000000000000000e+00 4.640000000000000000e+02 9.974922706518583038e-01
-1.000000000000000000e+00 -6.000000000000000000e+00 4.310000000000000000e+02 1.035695447884160902e+00
0.000000000000000000e+00 -6.000000000000000000e+00 4.110000000000000000e+02 1.068115966666817851e+00
1.000000000000000000e+00 -6.000000000000000000e+00 3.910000000000000000e+02 1.107765203725354031e+00
2.000000000000000000e+00 -6.000000000000000000e+00 3.820000000000000000e+02 1.140013751058103875e+00
3.000000000000000000e+00 -6.000000000000000000e+00 3.630000000000000000e+02 1.159781727249245886e+00
4.000000000000000000e+00 -6.000000000000000000e+00 3.470000000000000000e+02 1.148781361376198795e+00
5.000000000000000000e+00 -6.000000000000000000e+00 3.200000000000000000e+02 1.153610834205295532e+00
6.000000000000000000e+00 -6.000000000000000000e+00 2.940000000000000000e+02 1.149739579136675793e+00
7.000000000000000000e+00 -6.000000000000000000e+00 2.690000000000000000e+02 1.146511113529742332e+00
8.000000000000000000e+00 -6.000000000000000000e+00 2.430000000000000000e+02 1.109057335510187592e+00
8.000000000000000000e+00 -7.000000000000000000e+00 2.500000000000000000e+02 1.106463271966623418e+00
7.000000000000000000e+00 -7.000000000000000000e+00 2.760000000000000000e+02 1.127302369180425812e+00
6.000000000000000000e+00 -7.000000000000000000e+00 3.020000000000000000e+02 1.131185738969924248e+00
5.000000000000000000e+00 -7.000000000000000000e+00 3.240000000000000000e+02 1.140419832277936862e+00
4.000000000000000000e+00 -7.000000000000000000e+00 3.470000000000000000e+02 1.134649741059649886e+00
3.000000000000000000e+00 -7.000000000000000000e+00 3.590000000000000000e+02 1.124279939384990490e+00
2.000000000000000000e+00 -7.000000000000000000e+00 3.760000000000000000e+02 1.101996986660539246e+00
1.000000000000000000e+00 -7.000000000000000000e+00 3.960000000000000000e+02 1.063759525538938711e+00
-0.000000000000000000e+00 -7.000000000000000000e+00 4.150000000000000000e+02 1.020958456661502645e+00
-1.000000000000000000e+00 -7.000000000000000000e+00 4.460000000000000000e+02 9.807571557022123354e-01
-2.000000000000000000e+00 -7.000000000000000000e+00 4.720000000000000000e+02 9.389728462599489234e-01
-3.000000000000000000e+00 -7.000000000000000000e+00 4.990000000000000000e+02 8.984363777066495249e-01
-4.000000000000000000e+00 -7.000000000000000000e+00 5.270000000000000000e+02 8.599446582631176117e-01
-5.000000000000000000e+00 -7.000000000000000000e+00 5.480000000000000000e+02 7.585198561457534572e-01
-6.000000000000000000e+00 -7.000000000000000000e+00 5.770000000000000000e+02 6.804518749363090979e-01
-7.000000000000000000e+00 -7.000000000000000000e+00 6.060000000000000000e+02 5.832553591780405000e-01
-8.000000000000000000e+00 -7.000000000000000000e+00 6.270000000000000000e+02 5.605052694322962825e-01
-8.000000000000000000e+00 -8.000000000000000000e+00 6.390000000000000000e+02 5.449098560932138513e-01
-7.000000000000000000e+00 -8.000000000000000000e+00 6.270000000000000000e+02 5.406933813502028396e-01
-6.000000000000000000e+00 -8.000000000000000000e+00 5.850000000000000000e+02 6.126550162585059356e-01
-5.000000000000000000e+00 -8.000000000000000000e+00 5.560000000000000000e+02 6.696498829232584438e-01
-4.000000000000000000e+00 -8.000000000000000000e+00 5.220000000000000000e+02 7.507464411238101709e-01
-3.000000000000000000e+00 -8.000000000000000000e+00 4.870000000000000000e+02 8.780817557067482904e-01
-2.000000000000000000e+00 -8.000000000000000000e+00 4.420000000000000000e+02 9.491691995059938769e-01
-1.000000000000000000e+00 -8.000000000000000000e+00 4.180000000000000000e+02 9.873580892396323083e-01
0.000000000000000000e+00 -8.000000000000000000e+00 3.890000000000000000e+02 1.025570011354131283e+00
1.000000000000000000e+00 -8.000000000000000000e+00 3.700000000000000000e+02 1.063788407452964879e+00
2.000000000000000000e+00 -8.000000000000000000e+00 3.590000000000000000e+02 1.091993996661365873e+00
3.000000000000000000e+00 -8.000000000000000000e+00 3.480000000000000000e+02 1.103150824538903230e+00
4.000000000000000000e+00 -8.000000000000000000e+00 3.270000000000000000e+02 1.122842979105402428e+00
5.000000000000000000e+00 -8.000000000000000000e+00 3.060000000000000000e+02 1.142428256001863041e+00
6.000000000000000000e+00 -8.000000000000000000e+00 2.880000000000000000e+02 1.131162906661208778e+00
7.000000000000000000e+00 -8.000000000000000000e+00 2.710000000000000000e+02 1.111924270902049372e+00
8.000000000000000000e+00 -8.000000000000000000e+00 2.500000000000000000e+02 1.089998189672429119e+00
